283 26
232 28
236 30
298 32
251 35
258 38
268 39
324 40
280 41
340 43
199 44
386 45
293 46
227 47
239 47
213 48
351 48
306 49
245 52
257 53
365 53
402 53
145 55
264 56
275 56
408 56
327 58
412 58
426 58
231 59
171 60
282 60
288 61
378 61
190 62
434 62
295 63
342 63
242 65
205 66
249 66
309 67
356 67
256 68
392 68
450 68
118 70
363 70
227 71
135 72
156 72
266 72
426 72
146 73
400 73
328 75
179 76
464 76
375 77
193 78
187 79
198 79
283 80
382 80
437 80
343 81
222 83
304 83
385 83
245 84
390 84
418 84
370 86
283 87
396 87
399 87
118 88
136 88
141 88
321 88
358 88
373 88
175 89
291 89
295 89
303 89
367 89
376 89
384 89
154 90
265 90
288 90
190 91
326 91
460 91
431 92
336 93
213 94
276 94
306 94
318 95
479 95
291 96
307 96
389 96
409 96
236 97
376 97
250 98
366 98
390 98
379 99
107 100
316 100
118 101
396 101
133 102
149 102
284 102
356 102
390 102
304 103
448 103
180 104
284 104
379 104
428 104
197 106
207 107
220 107
382 107
401 107
241 109
461 109
336 110
69 111
79 111
264 111
362 111
297 112
318 112
60 113
86 113
106 113
415 114
121 115
145 115
153 116
283 116
290 116
294 116
352 116
170 117
307 117
392 117
395 117
442 117
295 118
303 118
382 118
300 119
309 119
393 119
423 119
478 119
197 120
324 120
182 122
216 122
163 123
368 123
430 123
187 124
190 124
199 124
253 124
349 124
359 124
451 124
84 125
170 125
267 125
324 125
186 126
231 126
247 126
342 126
378 126
457 126
74 127
98 127
242 127
254 127
347 127
51 128
170 128
192 128
321 128
408 128
114 129
133 129
265 129
462 129
251 130
195 131
271 131
289 131
348 131
303 133
323 133
393 133
173 134
273 134
475 134
269 135
310 135
316 135
164 136
168 136
253 136
347 136
174 137
212 137
279 137
354 137
430 137
176 138
331 138
200 139
369 139
404 139
51 140
86 140
105 140
166 140
185 140
228 140
349 140
357 140
241 141
341 141
345 141
130 142
151 142
380 142
445 142
252 143
357 143
460 143
200 145
274 145
189 146
417 146
185 147
193 147
271 147
285 148
163 149
180 149
293 149
358 149
197 150
259 150
268 150
304 150
321 150
347 150
399 150
266 151
272 151
310 151
190 153
174 154
280 154
351 154
429 154
37 155
73 155
162 155
252 155
266 155
340 155
344 155
375 155
122 156
165 156
186 156
214 156
337 156
466 156
44 157
51 157
88 157
109 157
133 157
224 157
412 157
161 158
348 158
324 159
333 159
353 160
356 160
441 160
58 161
202 161
385 161
395 161
44 162
54 162
77 162
69 163
251 163
280 163
256 164
278 165
304 165
333 165
360 165
451 165
75 166
256 166
268 166
309 166
352 166
364 166
221 167
405 167
65 168
144 169
239 169
320 169
334 169
90 170
194 170
327 170
81 171
100 171
117 171
176 171
235 171
269 171
327 171
223 172
231 172
242 172
248 172
376 172
411 172
417 172
46 173
61 173
339 173
15 174
262 174
385 174
24 175
203 175
43 176
208 176
467 176
244 177
259 177
279 177
436 177
294 178
51 179
232 179
396 179
54 180
261 180
342 180
445 180
329 181
81 182
100 182
278 182
309 182
367 182
49 183
129 183
223 183
120 184
159 184
317 184
142 185
173 185
224 185
226 185
231 185
408 185
196 186
258 186
350 187
249 188
266 188
41 189
245 189
279 189
225 190
384 190
31 191
38 191
43 191
211 191
214 191
246 191
422 191
464 191
254 192
272 192
10 193
88 193
50 194
70 194
349 194
59 195
73 195
209 195
217 195
254 195
270 195
288 195
332 195
359 195
434 195
204 196
303 196
330 196
237 197
242 197
366 197
401 197
77 198
177 198
340 198
479 198
75 199
332 199
144 200
156 200
185 200
195 200
314 200
340 200
348 200
360 200
127 201
234 201
445 201
110 202
209 203
375 203
450 203
232 204
327 204
385 204
250 205
342 205
78 206
415 206
52 207
64 207
224 207
263 207
352 207
457 207
41 208
277 209
16 210
26 210
362 210
424 211
222 212
286 212
299 212
240 213
308 213
468 213
157 214
188 214
145 215
166 215
215 215
218 215
129 216
176 216
205 216
237 216
384 216
437 216
112 217
210 217
230 218
344 218
479 218
100 219
120 219
254 219
329 219
351 219
210 220
395 220
201 221
240 221
453 221
84 222
37 224
407 224
210 225
235 225
365 225
51 226
70 226
343 226
18 227
45 227
176 227
192 227
224 227
301 227
245 228
277 228
6 229
257 229
267 229
288 229
308 229
316 229
421 229
165 230
214 230
472 230
144 231
151 231
134 232
327 232
233 233
389 233
235 234
120 235
400 236
439 236
99 237
348 237
43 238
449 238
88 239
202 239
457 239
293 240
68 241
196 241
204 241
260 241
368 241
419 241
170 242
185 242
221 242
420 242
435 242
238 243
309 243
351 243
440 243
160 244
277 244
412 244
432 244
6 245
381 245
466 245
143 246
246 246
249 246
265 247
423 247
47 248
339 248
426 248
321 249
345 249
424 249
78 250
128 250
244 250
284 250
398 250
268 251
350 251
476 251
249 252
258 252
334 252
56 253
118 253
241 253
305 253
352 253
428 253
41 254
342 254
445 254
74 255
219 255
270 255
363 255
410 255
190 256
198 256
230 256
429 256
237 257
375 257
28 258
160 258
174 258
69 259
83 259
274 259
279 259
283 259
402 259
461 259
46 260
254 260
329 260
354 260
429 260
432 260
16 261
278 261
293 261
387 261
44 262
60 262
75 262
246 262
306 262
401 262
419 262
276 263
357 263
394 263
79 264
268 264
408 264
416 264
67 265
139 265
266 266
415 266
428 266
43 267
278 267
361 267
403 267
72 268
78 268
130 268
270 268
479 268
189 269
206 269
218 269
339 269
404 269
433 269
447 269
50 270
121 270
162 270
229 270
411 270
40 271
77 271
177 271
238 271
248 271
263 271
329 271
375 271
49 272
412 272
455 272
57 273
111 273
294 273
409 273
89 274
97 274
345 274
359 274
431 274
31 275
56 275
267 275
413 275
439 275
460 275
22 276
263 276
265 276
311 276
76 277
245 277
365 277
407 277
416 277
68 278
421 278
468 279
404 280
167 281
230 281
280 281
439 281
194 282
293 282
376 282
43 283
152 283
289 283
318 283
343 283
479 283
56 284
71 284
140 284
218 284
298 284
310 284
325 284
345 284
427 284
439 284
259 285
331 285
357 285
89 286
275 286
302 286
410 286
431 286
50 287
202 287
251 287
270 287
295 287
319 287
327 287
392 287
70 288
341 288
35 289
56 289
334 289
451 289
76 290
256 290
298 290
302 290
26 291
116 291
207 291
213 291
244 291
435 291
19 292
57 292
209 292
227 292
325 292
46 293
198 293
353 293
414 293
462 293
52 294
106 294
245 294
429 294
9 295
41 295
76 295
181 295
253 295
287 295
348 295
354 295
379 295
46 296
166 296
231 296
273 296
420 296
53 297
216 297
302 297
311 297
407 297
322 298
446 298
278 299
291 299
315 299
342 299
359 299
415 299
86 300
146 300
228 300
234 300
255 300
257 300
330 300
244 301
282 301
335 301
392 301
408 301
22 302
135 302
225 302
256 302
349 302
425 302
436 302
455 302
202 303
284 303
418 304
48 305
58 305
205 305
368 305
407 305
410 305
126 306
217 306
332 306
189 307
257 307
275 307
289 307
326 307
411 307
9 308
182 308
202 308
337 308
348 308
378 308
414 308
471 308
244 309
320 309
323 309
330 309
358 309
168 310
216 311
230 311
308 311
57 312
239 312
312 312
360 312
409 312
446 312
255 313
287 313
303 313
336 313
426 313
64 314
153 314
211 315
259 315
394 315
29 316
88 316
143 316
248 316
328 316
359 316
364 316
414 316
425 316
24 317
302 317
332 317
458 317
238 318
264 318
289 318
403 318
427 318
421 319
468 319
14 320
126 320
191 320
224 320
268 320
54 321
245 321
326 321
369 321
407 321
125 322
137 322
374 322
63 323
213 323
334 323
363 323
117 324
157 324
191 324
253 324
417 324
128 325
139 325
151 325
206 325
383 325
389 325
141 326
180 326
284 326
352 326
458 326
102 327
160 327
174 327
42 328
193 328
242 328
298 328
141 329
147 329
152 329
179 329
198 329
230 329
253 329
257 329
121 330
154 330
133 331
317 331
405 331
85 332
222 332
251 332
272 332
445 332
166 333
248 333
329 333
382 333
398 333
434 333
30 334
133 334
125 335
147 335
380 335
73 336
259 336
200 337
244 337
383 337
413 337
475 337
66 338
115 338
241 338
349 338
452 338
149 339
155 339
281 339
293 339
57 340
179 340
201 340
257 340
266 340
373 340
422 340
172 341
216 341
241 341
276 341
307 341
99 342
154 342
247 342
253 342
138 343
141 343
197 343
128 344
249 344
463 344
44 345
91 345
368 345
391 345
147 346
166 346
176 346
272 346
382 346
410 346
137 347
142 347
178 347
196 347
342 347
375 347
379 347
140 348
248 348
34 349
79 349
189 349
225 349
254 349
161 350
215 350
299 350
130 351
155 351
286 351
389 351
419 351
72 352
201 352
263 352
357 352
382 352
447 352
24 353
389 353
110 354
311 354
365 354
424 354
479 354
133 355
171 355
178 355
185 355
322 355
385 355
17 356
62 357
94 357
151 357
172 357
333 357
122 358
382 358
251 359
343 359
51 360
233 360
271 360
378 360
413 360
41 361
53 361
71 361
224 361
247 361
368 361
144 362
162 362
189 362
270 362
438 362
458 362
58 363
130 363
359 363
362 363
386 363
45 364
54 364
113 364
305 364
173 365
368 365
378 365
391 365
127 366
184 366
207 366
283 366
403 366
192 367
198 367
262 367
102 368
267 368
426 368
445 368
29 369
95 369
168 369
171 369
190 369
247 369
327 369
149 370
259 370
292 370
364 370
390 370
51 371
132 371
158 371
186 371
267 371
149 372
234 372
62 373
142 373
223 373
377 373
75 374
132 374
257 374
347 374
152 375
255 375
306 375
372 375
436 375
56 376
59 376
61 376
420 376
64 377
130 377
133 377
358 377
42 378
287 378
314 378
379 378
248 379
463 379
41 380
51 380
74 380
121 380
129 381
150 381
381 381
36 382
330 382
386 382
405 382
57 383
166 383
363 384
375 384
76 385
96 385
126 385
172 385
270 385
381 385
41 386
144 386
178 386
220 386
249 386
344 386
362 386
386 386
50 387
174 387
384 387
453 387
57 388
133 388
308 388
185 389
194 389
244 389
300 389
42 390
44 390
177 390
205 390
359 390
53 391
79 391
377 391
392 391
262 392
324 392
415 392
432 392
114 393
251 393
269 393
286 393
368 393
382 393
461 393
53 394
78 394
276 394
277 394
370 394
167 395
197 395
260 395
265 395
329 395
65 396
154 396
188 396
231 396
297 396
318 396
341 396
364 396
441 396
422 397
467 397
73 398
105 398
217 398
383 398
135 399
176 399
396 399
410 399
76 400
141 400
183 400
268 400
384 400
392 400
240 401
352 401
63 402
127 402
209 402
211 402
289 402
206 403
232 403
291 403
452 403
478 403
155 404
255 404
362 404
94 405
120 405
283 405
295 405
317 405
272 406
458 406
261 407
266 407
436 407
116 408
165 409
299 409
335 409
422 409
194 410
196 410
232 410
238 410
295 410
375 410
400 410
187 411
224 411
240 411
283 411
138 412
345 412
468 412
235 413
251 413
183 414
247 414
407 414
450 414
294 415
201 416
266 416
475 416
68 417
99 417
223 417
359 417
123 418
179 418
235 418
289 418
316 418
415 418
150 419
203 419
220 419
256 419
287 419
301 419
396 419
94 420
284 420
459 420
114 421
181 421
371 421
268 422
270 422
203 423
283 423
442 423
247 424
266 424
310 424
179 425
258 425
157 426
191 426
279 426
384 426
407 426
134 427
162 427
333 427
430 427
472 427
207 428
229 428
265 428
288 428
303 428
238 429
297 429
347 429
74 430
102 430
213 430
241 430
249 430
252 430
274 430
454 430
41 431
259 431
270 431
190 432
219 432
395 432
213 433
239 433
164 434
180 434
225 434
355 434
141 435
202 435
236 435
258 435
423 435
189 436
89 437
183 437
194 437
226 437
234 437
266 437
279 437
294 437
309 437
446 437
159 438
222 438
134 439
199 439
202 439
205 439
369 439
111 440
167 440
306 440
411 440
471 440
57 441
207 441
250 441
261 441
280 441
322 441
63 442
71 442
204 442
222 442
237 442
239 442
216 443
231 443
288 443
320 443
335 443
379 443
395 443
435 443
230 444
458 444
105 445
174 445
226 445
292 445
209 446
295 446
58 447
284 447
311 447
42 448
98 448
221 448
315 448
355 448
42 449
65 449
161 449
240 449
310 449
79 450
236 450
284 450
207 451
154 452
188 452
265 452
390 452
313 453
409 453
76 454
245 454
371 454
430 454
471 454
114 455
458 455
56 456
59 456
147 456
299 456
326 456
223 457
317 457
139 458
173 458
306 458
335 458
49 459
287 460
289 460
401 460
41 461
207 461
348 461
422 461
23 462
130 462
310 462
109 463
48 464
80 464
163 464
200 464
212 464
263 464
278 464
360 464
449 464
469 464
101 465
253 465
311 465
45 466
61 466
63 466
203 466
293 466
66 467
453 467
50 468
216 468
224 468
367 468
151 469
184 469
247 469
284 469
299 469
65 470
69 470
215 470
318 470
333 470
438 470
80 471
231 471
282 471
285 471
82 472
114 472
145 472
203 472
219 472
172 473
233 473
308 473
346 473
378 474
402 474
421 474
43 475
64 475
198 475
228 475
277 475
291 475
76 476
235 476
355 476
132 477
258 477
301 477
228 478
290 478
160 479
450 479
68 480
362 480
190 481
248 481
233 482
278 482
45 483
328 483
391 483
433 483
71 484
410 484
114 485
284 486
319 486
460 486
170 487
261 487
341 487
189 488
212 488
170 489
165 490
167 490
248 490
375 490
397 490
421 490
143 491
306 491
312 491
351 491
445 491
467 491
231 492
286 494
291 494
304 494
382 494
98 496
133 496
299 496
406 496
263 497
365 497
453 497
174 498
215 498
70 499
152 499
246 499
317 499
333 499
430 499
46 500
127 500
162 500
174 501
19 502
198 502
319 502
341 502
236 503
415 503
459 503
285 504
349 504
375 504
392 504
204 505
300 505
302 505
317 505
440 505
171 506
177 506
181 506
224 506
283 506
313 506
82 507
106 507
273 507
302 507
185 508
214 508
319 508
467 508
136 509
296 509
99 510
187 510
301 510
307 510
361 510
418 510
245 511
258 511
286 511
327 511
427 512
74 513
155 513
448 513
124 514
175 514
177 514
189 514
284 514
384 514
94 515
197 515
233 515
376 515
402 516
144 518
167 518
223 518
292 518
190 519
342 519
410 519
65 520
88 520
258 520
477 520
113 521
209 521
276 521
459 521
136 522
227 522
339 522
130 523
157 523
241 523
107 524
185 524
286 524
298 524
326 524
415 524
205 525
207 525
339 525
141 526
156 526
222 526
261 526
311 526
318 526
395 526
207 527
214 527
274 528
279 528
323 528
351 528
366 528
468 528
53 529
160 529
198 529
221 529
266 529
331 529
424 529
447 529
268 531
96 532
222 532
375 532
402 532
186 533
327 533
353 533
246 534
252 534
321 534
89 536
145 536
326 536
333 536
381 536
455 536
147 537
358 537
434 537
258 538
266 538
133 539
299 539
138 540
179 540
206 540
237 540
274 540
277 540
285 540
308 540
407 540
105 541
228 541
81 542
254 542
316 542
385 542
251 543
331 543
444 543
236 544
262 544
274 544
121 545
209 545
251 545
326 545
464 545
123 546
194 546
245 546
142 547
207 547
356 547
96 548
116 548
149 548
166 548
220 548
427 548
273 549
45 550
209 551
231 551
238 551
266 551
342 551
294 552
315 552
333 553
356 553
396 553
110 554
158 554
178 554
201 554
249 554
287 554
372 554
89 555
239 555
241 555
337 555
352 555
214 556
323 556
347 556
437 556
475 556
342 557
196 558
215 558
242 558
267 558
349 558
81 559
152 559
270 559
344 559
134 560
250 560
421 560
103 561
285 561
297 561
318 561
380 561
402 561
57 562
283 562
300 562
146 563
240 563
245 563
461 563
124 564
217 564
288 564
220 565
327 565
161 566
183 566
208 566
210 566
218 566
407 566
446 566
230 567
334 567
363 567
386 567
427 567
222 568
232 568
274 568
286 568
304 568
118 569
203 569
93 570
194 570
68 571
220 571
263 571
174 572
232 572
345 572
412 572
133 573
211 573
249 573
109 574
153 574
204 574
370 574
393 574
453 574
473 574
318 575
84 576
63 577
167 577
299 577
437 577
242 578
355 578
304 579
311 579
424 579
148 580
281 580
376 580
397 580
303 581
325 581
415 582
479 582
236 583
211 584
284 584
336 584
462 584
175 585
362 585
193 586
251 587
314 587
74 588
117 588
217 588
343 588
382 588
291 589
449 589
93 590
134 590
225 590
206 591
217 591
349 591
70 592
212 592
262 592
432 592
224 593
317 593
109 594
184 595
209 595
229 595
277 595
284 595
308 595
149 596
243 596
295 596
301 596
311 596
368 596
407 596
83 598
195 598
455 598
475 598
125 599
214 599
392 599
203 600
373 600
425 601
103 602
176 602
206 602
346 602
457 602
339 603
157 605
237 605
439 605
266 606
280 606
189 607
334 607
51 608
235 608
249 608
312 608
217 609
89 610
139 610
169 610
398 610
70 611
262 612
381 612
152 613
281 613
432 613
46 615
132 616
325 616
465 616
185 617
245 617
353 617
364 617
176 618
277 618
304 619
214 620
334 620
228 621
401 621
449 621
417 622
470 622
258 623
74 624
310 624
185 625
290 625
375 625
320 627
436 627
475 627
143 628
198 628
210 629
158 630
256 630
275 630
364 630
395 630
171 631
294 631
196 633
338 633
353 633
63 634
85 634
242 634
179 635
230 636
260 637
389 637
196 638
278 638
