205 1
466 1
474 2
134 3
275 3
415 4
159 5
232 5
405 5
191 6
340 6
349 7
367 7
434 7
120 8
264 8
379 8
395 8
450 9
325 10
216 11
109 12
179 12
248 12
309 12
292 14
140 15
412 17
472 18
273 20
335 21
222 22
342 22
350 22
370 22
384 22
429 22
189 23
313 24
394 24
451 24
119 25
153 25
214 25
253 25
181 27
306 27
292 28
468 28
143 29
238 29
408 29
202 30
275 32
427 32
478 32
133 34
228 34
318 34
333 34
350 34
368 35
440 36
96 37
156 37
261 37
383 37
217 38
396 38
186 40
288 40
120 41
242 41
233 42
146 43
173 43
204 43
411 43
463 43
141 45
268 45
334 45
222 46
326 46
424 46
222 47
368 47
139 48
351 48
371 48
439 49
134 50
189 50
314 50
323 50
325 50
379 50
380 50
302 51
303 51
393 51
294 52
449 52
240 53
405 53
124 54
209 54
284 54
459 54
150 55
233 55
275 55
94 56
173 56
409 56
203 57
474 57
176 58
260 58
420 58
423 58
88 59
112 59
222 59
422 59
171 60
340 60
355 60
168 61
249 61
327 61
139 62
194 62
320 62
366 62
443 62
106 63
290 63
326 63
435 63
188 64
306 64
381 64
374 65
203 67
234 67
398 67
459 67
269 68
125 69
154 69
200 69
418 69
85 71
417 71
180 72
256 72
325 72
475 72
179 73
216 73
342 73
343 73
110 74
310 74
346 74
146 75
245 75
308 75
359 75
437 75
438 75
172 76
378 76
287 77
369 77
395 77
136 78
453 78
228 79
164 80
166 80
199 80
275 80
408 80
414 80
101 82
417 82
470 82
338 83
259 84
64 85
98 85
436 85
214 86
325 86
359 86
381 86
392 86
438 86
92 87
121 87
246 87
290 87
309 87
182 88
214 88
405 89
89 90
242 90
406 90
276 91
181 92
91 93
168 93
141 94
228 94
347 94
423 94
109 95
456 95
81 96
161 96
199 96
256 96
335 96
360 96
367 96
440 96
319 98
470 98
199 99
220 99
298 99
75 100
134 100
157 100
161 100
391 100
405 100
190 102
236 102
414 102
215 103
232 103
276 103
278 104
128 105
121 106
208 106
268 106
353 106
446 106
64 107
309 107
93 108
149 108
174 108
255 108
337 108
219 109
386 109
458 109
221 110
323 110
387 110
399 110
87 111
137 111
247 111
54 112
292 112
404 112
467 112
215 113
88 114
115 114
163 114
236 114
276 114
416 114
195 115
230 115
431 117
104 118
157 118
344 118
359 118
257 119
82 120
184 120
252 120
451 120
313 121
374 121
394 122
212 123
240 123
286 123
293 123
297 123
386 123
120 124
145 125
328 125
469 125
337 126
410 126
58 127
272 127
277 127
332 127
202 128
419 128
94 129
138 129
438 129
260 130
353 130
112 132
161 132
70 133
136 133
193 133
221 133
245 133
458 133
311 135
388 135
109 136
312 136
396 136
185 137
308 137
322 137
209 138
235 138
275 138
290 138
325 138
335 138
399 138
433 138
152 139
334 139
442 139
103 140
181 140
103 141
176 141
346 141
353 141
408 141
146 142
257 142
462 142
40 143
61 143
198 143
415 143
474 143
120 144
257 144
358 144
372 144
377 144
75 145
168 146
425 146
163 147
387 147
140 148
93 149
138 149
213 149
246 149
384 149
185 150
193 150
283 150
331 150
329 151
395 151
439 151
89 152
271 152
279 152
296 152
314 152
454 152
231 153
404 153
183 154
112 155
132 155
155 155
273 155
341 155
344 155
43 156
86 156
359 156
107 157
129 157
203 157
256 157
64 158
419 158
174 159
258 159
468 159
219 160
374 160
80 161
190 163
388 163
431 163
211 164
241 164
244 164
282 164
298 164
310 164
321 164
381 164
440 164
139 165
163 165
384 165
436 165
46 166
75 166
272 166
326 166
333 166
403 166
438 166
231 167
338 167
448 168
94 169
349 169
355 169
118 170
186 170
112 171
363 171
254 172
417 172
64 173
150 173
180 173
222 173
282 173
373 173
460 173
295 174
371 174
380 174
376 175
163 176
197 176
251 176
312 176
392 176
429 176
144 177
266 177
321 177
473 177
213 178
248 178
86 179
329 179
340 179
190 180
234 180
240 180
439 180
404 181
103 182
172 182
173 182
349 182
57 183
119 183
444 183
294 184
353 184
368 184
74 185
169 185
230 185
367 185
453 185
38 186
187 186
203 186
279 187
280 187
198 188
263 188
309 188
382 188
419 188
49 189
132 189
259 189
321 189
148 190
220 190
253 190
254 190
263 190
114 191
165 191
335 191
333 192
429 192
467 192
88 193
216 193
391 193
433 193
23 194
146 194
242 194
348 194
395 194
399 194
90 195
175 195
247 195
234 196
299 196
356 196
209 197
292 197
476 197
189 198
207 198
279 198
415 198
441 198
141 199
268 199
313 199
368 199
408 199
62 200
88 200
123 200
230 200
272 200
421 200
384 201
385 201
154 202
260 202
324 202
453 202
79 203
258 203
37 204
104 204
138 204
223 204
261 204
14 205
197 205
337 205
395 205
423 205
430 205
249 206
399 206
423 206
427 206
79 207
214 207
247 207
394 207
214 208
348 208
433 208
466 208
213 209
399 209
374 210
410 210
177 211
239 211
360 211
52 212
97 212
113 212
293 212
307 212
439 212
53 213
146 213
163 213
232 213
271 213
323 213
367 213
384 213
439 213
76 214
283 214
412 214
475 214
130 215
209 215
334 215
131 216
188 216
231 216
262 216
24 217
369 217
44 218
91 218
204 218
223 218
339 218
371 218
393 218
69 219
334 219
421 219
450 219
109 220
224 220
251 221
396 221
199 222
348 222
401 222
428 222
139 223
350 223
378 223
15 224
311 224
312 224
41 225
61 225
154 225
218 225
245 225
291 225
302 225
404 225
471 225
155 226
319 226
62 227
167 227
233 227
238 227
278 227
307 227
359 227
407 227
458 227
80 228
239 228
137 229
180 229
270 229
388 229
439 229
331 230
414 230
479 230
99 231
151 231
260 231
417 231
34 232
116 232
136 232
193 232
445 232
212 233
231 233
253 234
468 234
132 235
147 235
345 235
52 236
293 236
282 237
376 237
26 238
71 238
288 238
351 238
378 238
248 239
302 239
307 239
401 239
426 239
159 240
173 240
330 240
187 241
222 241
358 241
408 241
455 241
90 242
202 242
310 242
382 242
71 243
311 243
222 244
273 244
109 245
264 245
340 245
415 245
235 246
436 246
124 247
140 247
254 247
364 247
43 248
124 248
321 248
391 248
87 249
172 249
216 249
220 250
254 250
285 250
290 250
464 250
59 251
292 251
419 251
444 251
9 252
152 252
196 252
373 252
153 253
405 253
100 254
198 254
425 254
195 255
212 255
229 255
249 255
285 255
310 255
476 255
299 256
351 256
215 257
395 257
452 257
163 258
271 258
335 258
133 259
246 259
416 259
432 259
30 260
77 260
267 260
299 260
148 261
190 261
314 261
333 261
382 261
240 262
462 262
52 263
132 263
207 263
358 263
95 264
113 264
162 264
174 264
257 264
361 264
23 265
130 265
208 265
224 265
322 265
71 266
145 266
286 266
340 266
253 267
299 267
402 267
440 267
471 267
18 268
128 268
189 268
88 269
278 269
319 269
423 269
285 270
288 270
388 270
142 271
241 272
249 272
144 273
187 273
280 273
478 273
64 274
157 274
205 274
271 274
411 274
459 274
39 275
85 275
304 275
373 275
6 276
172 276
202 276
235 276
323 276
158 277
222 277
318 277
321 277
340 277
465 277
258 278
262 278
338 278
431 278
289 279
338 279
390 279
30 280
123 280
169 280
204 280
323 280
354 280
405 280
104 281
233 281
255 281
304 281
307 281
343 281
420 281
139 282
175 282
219 282
253 282
323 282
450 282
54 283
122 283
186 283
230 283
281 283
340 283
418 283
436 283
287 284
289 284
303 284
54 285
154 285
360 285
377 285
470 285
27 286
282 286
304 287
54 288
202 288
231 288
321 288
99 289
341 289
46 290
188 290
298 290
323 290
394 290
75 291
132 291
430 291
458 291
478 291
172 292
271 292
395 292
117 293
172 293
255 293
261 293
268 293
381 293
413 293
428 293
94 294
229 294
287 294
397 294
21 295
46 295
262 295
282 295
361 295
46 296
307 296
343 296
445 296
255 298
284 298
318 298
381 298
212 299
251 299
302 299
91 300
144 300
159 300
212 300
188 301
190 301
316 301
400 301
432 301
433 301
128 302
171 302
223 303
230 303
274 303
280 303
387 303
467 303
35 304
63 304
238 304
57 305
108 305
173 305
365 305
328 306
341 306
345 306
376 306
157 307
266 307
327 307
423 307
472 307
270 308
273 308
347 308
361 309
455 309
81 310
340 310
343 310
58 311
271 311
297 311
438 311
122 312
315 312
25 314
140 314
193 314
204 314
53 315
198 315
226 315
254 315
261 315
283 315
407 315
74 316
216 316
55 317
157 317
252 317
325 317
406 317
294 318
391 318
461 318
73 319
200 319
280 319
281 319
309 319
326 319
379 319
423 319
479 319
16 320
46 320
47 320
73 320
176 320
211 320
238 320
341 320
362 320
224 321
446 321
97 322
135 322
157 322
161 322
355 322
430 322
77 323
395 323
410 324
463 324
406 325
432 325
268 326
321 326
337 326
60 327
355 327
36 328
113 328
358 328
378 328
397 328
431 328
186 329
258 330
338 330
377 330
395 330
4 331
132 331
299 331
360 331
409 331
431 331
156 332
188 332
282 332
353 332
92 333
199 333
243 333
147 334
231 334
236 334
359 334
216 335
393 335
472 335
208 336
214 336
223 336
311 336
394 336
450 336
70 337
270 337
24 338
291 338
377 338
422 338
143 339
145 339
348 339
48 340
90 340
109 340
359 340
124 341
125 341
176 341
308 341
349 341
372 341
407 341
170 342
253 342
290 342
323 342
380 342
436 342
462 342
67 343
284 343
87 344
332 344
409 344
478 344
183 346
198 346
285 346
346 346
452 346
15 347
126 347
170 347
230 347
300 347
373 347
422 347
39 348
191 348
224 348
467 348
197 349
58 350
213 350
390 350
409 350
315 351
257 352
372 352
99 353
308 353
328 353
354 353
338 354
439 354
75 355
142 355
245 355
453 355
30 356
118 356
369 356
406 356
51 357
151 357
240 357
274 357
403 357
387 358
421 358
162 359
366 359
69 360
91 360
188 360
300 360
91 361
108 361
140 361
151 361
155 361
174 361
408 361
148 362
226 362
186 363
198 363
349 363
407 363
473 363
46 364
261 364
437 364
439 364
20 365
82 365
107 365
111 365
211 365
41 366
212 366
316 366
63 367
255 367
331 367
420 367
126 368
343 368
459 368
359 369
360 370
426 370
10 371
287 371
311 371
33 372
55 372
247 372
97 373
245 373
330 373
168 374
324 374
378 374
119 375
144 375
305 375
358 375
91 376
237 376
276 376
154 377
175 377
212 377
270 377
347 377
422 377
25 378
59 378
116 378
201 378
220 378
233 378
135 379
163 379
213 379
230 379
468 379
162 380
265 380
297 380
320 380
57 381
117 381
188 381
202 381
255 381
399 381
47 382
53 382
117 382
170 382
184 382
12 383
258 383
354 383
73 384
80 384
291 384
339 384
370 384
256 385
338 385
437 385
247 386
254 386
313 386
430 386
104 387
107 387
416 387
455 387
37 388
395 388
309 389
367 389
31 390
152 390
280 390
435 390
229 391
230 391
302 391
61 392
96 392
153 392
216 392
242 392
429 392
475 392
26 393
126 393
190 393
206 393
326 393
347 393
364 393
55 394
142 394
299 394
387 394
426 394
110 395
113 395
117 395
164 395
217 395
222 395
268 395
451 395
88 396
129 396
176 396
190 396
200 396
293 396
173 397
203 397
341 397
79 398
81 398
408 398
463 398
288 399
361 399
259 400
285 400
292 400
318 400
426 400
52 401
255 401
355 401
338 402
315 403
67 404
352 404
377 405
445 405
463 405
39 406
307 406
163 407
243 407
399 407
136 408
233 408
331 408
419 408
119 409
126 409
212 409
272 409
23 410
99 410
111 410
123 410
173 410
460 410
474 410
33 411
97 411
150 411
170 411
218 411
369 411
106 412
165 412
206 412
416 412
438 412
109 413
186 413
262 413
293 413
149 414
178 414
193 414
199 414
429 414
87 415
89 415
318 415
344 415
363 415
470 415
166 416
284 416
435 416
66 417
79 417
342 417
457 417
429 418
307 420
359 420
410 420
62 421
238 421
384 421
58 422
248 422
448 422
305 423
53 424
244 424
272 424
405 424
40 425
98 425
109 425
117 425
230 425
44 426
125 426
87 427
132 427
143 427
168 427
181 427
210 427
296 427
473 427
32 428
82 428
128 428
154 428
189 428
198 428
296 428
326 428
156 429
167 429
322 429
398 429
461 429
21 430
373 430
147 431
286 431
346 432
258 433
65 434
345 434
391 434
448 435
246 436
178 437
388 437
411 437
63 438
175 438
234 438
337 438
37 439
47 439
190 439
409 439
475 439
109 440
130 440
196 440
273 440
221 441
304 441
434 441
82 442
92 442
192 442
197 442
210 442
357 442
27 443
99 443
120 443
378 443
96 444
131 444
220 444
258 444
374 444
459 444
132 445
141 445
154 445
326 445
371 445
139 446
149 446
157 446
162 446
165 446
293 446
320 446
349 446
253 447
422 447
167 448
241 448
395 449
177 450
288 450
314 450
369 450
392 450
445 450
187 451
339 451
344 451
39 452
60 452
280 452
75 453
188 453
314 453
438 453
20 454
88 454
184 454
407 454
106 455
117 455
333 455
383 455
388 455
54 456
93 456
113 456
114 456
202 456
265 456
385 456
389 456
29 457
124 457
215 457
359 457
427 457
92 458
224 458
254 458
378 458
87 459
155 459
242 459
299 459
471 459
148 460
325 460
347 460
141 461
162 461
378 461
125 462
173 462
296 462
453 462
161 463
346 463
170 464
291 464
347 464
412 464
446 465
308 466
43 467
186 467
341 467
438 467
60 468
309 468
35 469
74 469
208 469
257 469
263 469
267 469
337 469
394 469
21 470
191 470
336 470
357 470
89 471
100 471
103 471
220 471
261 471
215 472
232 472
250 472
327 472
425 472
120 474
379 474
122 475
133 475
142 475
156 475
321 475
474 475
131 476
141 476
418 476
458 476
153 477
160 477
147 478
368 478
149 479
158 479
295 479
297 479
308 479
311 479
445 479
403 480
434 480
292 481
358 481
412 481
161 482
170 482
177 482
343 482
45 483
180 483
187 483
63 484
194 484
260 484
70 485
96 485
204 485
210 485
269 485
333 485
34 486
39 486
76 486
233 486
80 487
212 487
86 488
253 488
385 488
479 488
139 489
237 489
100 490
112 490
379 490
462 490
227 491
236 491
313 491
453 491
122 492
365 492
429 492
135 493
154 493
168 493
437 493
311 494
416 494
301 495
356 495
282 496
426 496
178 497
254 497
273 497
293 497
405 497
193 498
199 498
204 498
300 498
398 498
36 500
199 500
210 500
388 500
479 500
52 501
206 501
346 501
381 502
66 503
79 503
94 503
106 503
115 503
470 503
335 504
222 505
323 505
369 505
452 505
125 506
222 506
316 506
363 506
426 506
438 506
129 507
310 507
438 507
233 508
238 508
248 508
139 509
250 509
298 509
152 510
167 510
239 510
244 510
263 510
277 510
287 510
408 510
173 511
193 513
181 514
203 514
392 514
468 514
181 515
383 515
219 516
61 518
360 518
374 518
42 519
342 519
79 520
96 520
107 520
305 521
329 521
129 522
285 522
298 522
313 522
116 523
447 523
459 523
121 524
144 524
161 524
269 524
409 524
435 524
152 525
154 525
194 525
250 525
396 525
477 525
136 526
178 526
219 526
237 526
392 526
190 527
251 527
261 527
269 527
430 527
178 528
190 528
200 528
211 528
184 529
387 529
313 533
291 534
328 534
366 534
69 536
75 536
301 536
349 536
56 537
118 537
89 538
100 538
143 538
383 538
412 538
149 539
230 539
238 539
403 539
441 539
454 539
467 539
141 540
156 540
392 540
409 540
425 540
172 541
188 541
204 541
218 541
246 541
249 541
380 541
139 542
259 542
257 543
283 544
268 545
300 547
303 547
305 547
317 548
327 549
60 550
116 551
345 551
89 552
374 552
377 552
73 553
104 553
400 553
125 554
152 554
365 554
380 554
465 554
128 555
148 555
189 555
376 555
379 555
415 555
447 555
170 556
198 556
205 556
219 556
225 556
264 556
431 556
457 556
172 557
180 557
238 557
187 558
262 558
199 559
278 560
298 562
310 563
338 563
317 564
346 564
316 565
318 565
376 566
74 567
88 567
100 567
126 567
357 567
346 568
389 568
407 568
147 569
133 570
169 570
187 570
442 570
179 571
423 571
226 572
239 572
251 572
172 573
186 573
194 573
204 573
215 573
261 573
264 573
252 574
286 574
467 574
264 575
291 575
206 576
285 576
286 576
288 579
295 579
317 580
341 580
303 581
320 581
90 582
99 582
362 582
391 582
466 582
107 583
121 583
134 583
165 583
331 583
332 583
383 583
149 584
161 584
232 584
334 584
114 585
242 585
247 585
257 585
175 586
188 586
400 586
434 586
457 586
129 587
141 587
155 587
252 587
416 587
161 588
277 588
168 589
174 589
204 589
196 590
291 591
193 592
213 592
297 596
228 597
245 597
299 597
303 598
353 598
247 599
317 599
333 599
271 600
280 600
315 600
259 601
350 601
376 601
388 601
424 601
124 602
141 602
148 602
364 602
403 603
190 607
202 609
215 611
303 612
237 613
255 614
277 614
290 614
312 614
321 614
334 615
179 621
194 623
219 627
312 627
261 629
282 630
305 630
