322 2
209 5
256 5
307 5
122 7
163 7
239 8
471 8
282 9
456 10
387 11
109 12
402 12
418 12
227 13
350 13
368 13
432 13
271 14
334 14
442 14
145 15
190 15
323 16
91 18
454 18
259 19
308 19
215 20
295 21
128 22
469 22
172 23
238 24
282 25
374 26
401 26
119 28
197 28
265 28
387 28
419 28
155 29
352 30
183 31
223 31
329 31
344 31
439 31
311 33
454 33
320 34
248 35
98 36
137 36
461 36
476 36
294 37
387 37
165 39
201 39
405 39
270 40
374 40
420 40
120 43
352 44
338 46
448 46
143 47
325 47
252 49
107 50
471 52
124 57
340 57
88 59
149 61
448 61
225 63
462 64
73 66
106 66
346 66
136 67
477 67
169 68
248 70
325 70
229 72
204 73
281 73
153 74
121 76
453 76
355 77
88 78
342 79
78 83
473 83
203 84
293 84
103 85
402 87
438 87
257 89
455 89
67 90
87 91
316 91
246 92
115 94
237 95
274 97
472 97
344 99
444 100
214 101
240 104
94 105
456 106
349 109
473 111
452 112
76 114
358 114
368 114
382 117
99 118
464 118
300 119
252 122
246 124
415 124
60 125
338 125
477 126
268 127
327 127
74 129
441 129
129 130
214 130
406 131
339 132
455 132
144 135
278 135
192 136
248 137
465 137
213 138
60 139
260 143
451 144
368 145
74 146
245 147
360 148
276 149
466 150
63 152
333 152
262 153
346 154
443 154
156 156
452 156
249 158
365 158
277 159
376 159
239 160
213 161
331 163
433 164
469 164
99 165
360 166
63 167
120 167
137 169
423 170
448 170
86 171
405 174
436 174
462 174
190 175
52 176
99 177
423 177
391 179
72 180
110 182
159 183
347 183
450 183
81 188
99 188
304 188
293 190
466 190
103 193
404 193
69 194
443 194
279 195
453 196
477 196
36 197
156 200
348 200
84 201
101 201
388 201
294 202
249 203
399 203
464 203
326 205
369 205
450 205
364 206
220 207
378 208
315 210
108 211
386 211
233 212
90 213
301 213
397 213
466 214
444 215
247 216
258 216
288 216
361 216
183 217
452 218
374 219
40 220
318 221
98 222
463 222
237 223
301 223
385 223
449 224
174 225
255 225
286 225
226 226
51 227
436 228
31 229
108 229
206 229
368 229
306 230
378 231
299 233
387 233
459 233
339 235
445 235
290 236
397 236
116 237
312 237
242 238
283 238
452 239
470 239
93 240
217 241
251 243
330 244
464 244
270 245
200 246
83 248
30 249
106 249
255 249
451 250
409 251
7 252
52 252
272 252
20 258
113 258
91 259
408 259
466 259
316 260
391 260
193 261
445 262
450 263
231 267
348 267
477 267
374 270
170 271
188 271
207 271
334 272
399 272
461 272
83 274
105 274
23 275
43 276
351 276
442 276
132 278
120 279
198 280
340 280
458 281
470 281
361 282
35 283
75 283
217 283
282 283
53 284
212 285
230 288
444 290
467 291
24 292
151 293
244 293
67 294
450 295
202 297
344 297
414 298
238 300
309 300
477 302
13 303
407 303
423 303
465 303
36 304
443 304
191 307
334 307
231 309
379 310
26 311
455 311
53 312
249 312
473 312
208 313
443 314
73 315
20 316
222 318
333 318
464 318
430 321
86 322
259 322
412 322
449 322
105 323
284 323
13 324
182 324
116 325
198 326
340 326
435 326
468 328
317 329
454 329
229 330
279 330
419 330
35 331
161 331
351 331
401 332
189 333
325 334
441 335
478 337
254 338
335 338
393 338
460 338
187 339
273 339
91 340
29 341
298 341
357 341
410 342
424 342
446 342
108 343
196 343
253 345
170 346
467 346
291 347
396 347
429 347
272 348
339 350
453 351
432 352
99 353
314 353
344 353
415 353
180 354
192 354
252 354
290 354
323 354
403 355
444 355
471 355
269 356
329 356
43 357
308 357
392 358
118 359
289 359
458 359
417 361
16 362
222 362
475 362
33 364
306 365
454 368
464 368
30 371
346 372
445 373
7 375
127 375
255 376
468 376
474 379
448 381
458 381
343 382
385 382
22 384
158 384
123 385
366 385
302 386
347 386
477 389
462 391
455 392
34 397
327 397
222 399
457 401
469 402
7 403
189 404
30 405
172 405
351 408
475 410
461 412
211 413
2 414
193 414
156 419
348 419
323 420
450 420
478 420
175 421
17 422
437 422
38 423
466 424
455 426
193 427
428 427
388 429
35 432
164 432
442 432
221 433
78 435
244 435
475 437
457 438
12 442
255 443
310 444
121 445
156 445
476 445
266 446
280 446
35 447
447 447
292 448
377 448
79 449
243 450
56 451
462 451
8 452
418 452
83 455
314 456
142 457
157 457
36 458
451 459
12 461
125 461
283 461
104 462
160 462
264 462
296 462
397 463
149 465
38 467
470 467
10 468
454 470
269 471
313 471
133 472
302 472
284 473
247 475
460 476
329 477
367 477
318 481
449 483
237 485
465 485
173 486
158 487
207 488
33 490
215 491
472 492
67 493
453 493
221 495
77 496
47 498
463 499
233 500
201 501
447 502
56 503
25 504
209 504
342 505
288 506
467 506
222 512
52 513
442 513
455 513
475 517
291 520
344 520
325 523
97 524
106 524
212 524
465 524
361 525
454 525
78 529
471 529
311 530
349 530
447 530
225 531
262 531
112 532
402 533
90 534
339 535
239 536
286 536
57 537
202 537
383 537
171 538
324 538
416 539
358 540
213 541
99 542
442 542
461 542
350 544
341 545
72 546
111 547
332 549
450 549
401 551
416 551
83 552
121 554
92 555
155 555
207 555
357 556
228 557
59 558
315 559
343 559
287 561
107 563
329 563
464 563
261 564
75 565
447 565
472 565
271 566
302 572
341 572
359 572
462 573
101 575
443 575
418 579
271 581
78 582
346 584
357 585
455 585
421 586
468 588
97 589
441 589
110 591
323 596
403 596
341 597
358 597
387 597
369 600
99 601
152 601
446 601
465 601
427 602
210 604
237 604
287 605
167 606
271 606
366 608
124 609
185 609
380 609
315 611
332 613
409 614
423 614
457 614
297 615
96 616
154 616
251 616
226 617
265 617
273 617
447 617
470 617
169 619
191 623
364 624
121 625
349 625
377 625
144 626
201 626
317 626
333 626
213 628
399 628
448 628
156 629
413 629
427 629
237 630
246 630
256 630
391 633
168 634
281 634
290 634
178 636
304 637
