400 1
417 1
183 2
428 2
286 3
408 3
459 3
115 4
387 4
365 5
109 6
180 6
242 6
354 6
474 6
264 8
326 8
136 9
172 9
206 9
341 9
102 10
231 10
166 11
194 13
310 13
436 13
443 13
402 14
451 14
289 15
386 15
418 15
150 16
274 16
375 16
95 17
117 18
246 18
361 18
466 18
188 19
345 20
138 22
212 22
436 22
257 23
476 23
328 24
446 24
286 25
317 25
173 26
221 26
157 27
380 27
276 28
392 28
403 29
413 29
101 30
367 30
423 30
228 31
347 31
126 32
187 33
238 33
293 33
465 33
264 34
436 34
476 34
92 35
143 35
206 35
336 35
117 36
323 38
256 39
279 39
215 40
386 40
404 40
106 44
195 45
445 45
164 49
285 49
455 49
467 50
477 50
94 52
402 53
82 59
105 59
443 60
459 61
266 64
370 64
479 64
74 66
413 66
117 67
198 67
222 69
68 70
145 71
63 72
89 72
456 74
466 74
473 75
103 78
350 78
238 79
77 82
258 83
342 83
414 83
214 84
326 86
474 86
450 88
354 92
343 94
468 94
80 98
329 99
448 100
476 100
51 101
407 103
461 105
67 107
356 108
338 110
472 112
323 113
451 115
54 116
227 118
73 119
466 120
46 123
171 123
341 123
368 123
445 123
219 124
120 125
40 126
86 126
186 126
411 127
102 128
211 129
461 129
423 130
75 131
234 131
58 134
114 134
442 135
478 136
51 137
290 137
200 138
452 138
93 139
161 139
350 139
178 140
222 140
459 140
66 141
104 142
423 142
242 143
44 144
116 144
191 144
406 144
170 146
304 146
434 146
475 146
61 148
209 148
414 148
236 149
451 149
81 150
36 153
58 154
167 154
383 154
462 154
91 155
429 155
77 157
103 157
229 157
437 157
468 157
56 158
402 158
179 159
326 159
72 160
221 160
27 161
314 162
477 162
445 164
20 167
305 167
453 167
294 168
463 169
384 170
433 171
170 172
287 173
472 174
37 176
450 177
478 178
163 179
420 179
247 181
31 182
310 182
459 184
430 185
25 186
294 188
255 190
283 191
470 191
328 192
171 193
16 194
443 194
477 196
310 197
428 199
456 199
37 200
265 202
467 205
87 208
106 208
254 208
443 209
25 210
158 210
328 210
475 211
277 212
453 214
244 215
101 216
267 219
460 220
171 221
294 223
36 224
326 224
11 225
113 225
152 225
259 226
444 226
470 226
79 229
55 230
448 230
32 232
93 232
274 233
474 234
75 235
27 236
262 237
92 238
457 238
250 239
107 240
316 241
287 242
440 242
463 242
20 243
123 243
417 244
145 246
424 248
243 249
450 249
468 249
7 250
403 250
72 252
134 253
259 254
27 255
160 255
308 255
412 255
240 256
478 256
301 257
317 257
435 257
147 258
460 260
287 261
441 262
222 263
261 263
15 264
463 264
148 266
422 266
40 267
447 267
310 269
132 270
160 270
252 270
470 270
3 272
224 273
31 274
145 274
408 275
453 275
128 277
435 278
223 279
288 279
294 279
28 281
114 281
315 281
85 283
19 284
329 285
371 285
462 285
189 286
264 287
446 290
310 291
467 291
250 292
7 293
15 293
239 295
284 296
318 296
452 296
474 296
408 297
31 299
272 301
308 304
19 305
262 305
461 305
357 306
442 307
255 308
298 309
76 311
247 311
286 311
107 312
9 313
450 315
65 316
90 316
471 317
218 318
32 320
189 320
276 320
300 320
407 322
337 323
478 323
457 324
23 325
316 325
414 326
297 327
8 331
60 331
291 331
228 332
309 332
358 333
416 334
336 335
286 337
32 338
50 338
166 338
465 338
405 341
447 341
305 344
368 344
426 344
453 345
474 345
356 346
251 347
10 348
128 348
237 349
30 350
178 350
458 350
321 351
415 351
435 351
298 353
285 355
317 355
346 355
356 356
385 356
468 359
420 362
448 362
12 363
134 364
258 364
33 367
475 367
353 368
458 370
379 372
10 377
280 378
131 379
37 380
28 384
259 384
455 384
466 384
201 388
337 389
442 389
477 389
20 396
327 396
56 398
446 399
241 400
455 400
35 402
468 402
68 405
118 407
229 407
79 409
19 412
89 416
460 419
470 419
478 419
450 420
43 421
55 428
28 432
453 436
176 437
434 437
444 440
79 441
110 442
335 442
378 442
47 443
61 446
326 446
362 449
92 450
251 450
475 452
25 453
354 453
74 455
106 455
395 455
458 455
372 456
41 458
448 458
443 459
435 460
332 461
383 462
62 463
479 466
172 467
322 467
351 467
69 468
466 470
78 471
454 471
338 474
386 474
34 475
445 476
93 477
324 478
370 478
50 480
357 480
474 481
64 482
208 483
232 483
220 484
153 486
463 486
344 487
333 489
450 489
33 490
479 491
133 494
324 494
206 495
48 497
228 497
59 498
145 499
462 501
166 502
70 503
179 504
78 506
123 506
339 506
443 506
210 507
329 507
34 508
132 509
223 509
43 511
144 511
236 511
159 512
53 513
469 513
169 515
345 516
456 516
68 517
203 520
221 520
116 521
148 521
336 521
278 523
93 525
471 525
163 526
48 527
136 528
179 528
454 528
63 530
107 531
254 531
199 532
76 534
354 534
87 536
122 538
167 538
478 538
459 540
186 543
442 544
56 545
108 545
195 545
354 547
71 549
118 549
169 552
465 552
443 555
186 556
241 556
111 560
388 561
64 563
126 563
470 564
83 566
376 566
252 567
142 568
267 568
287 568
308 568
454 568
94 570
156 570
443 570
108 571
220 576
121 578
130 578
369 578
477 578
79 579
461 580
141 581
291 582
311 582
445 582
268 584
249 585
111 586
373 586
282 589
384 589
121 591
467 593
475 593
139 594
299 595
158 596
314 596
193 597
254 599
368 599
243 600
389 601
105 602
261 602
403 602
285 603
419 604
437 604
114 606
302 609
470 609
326 610
457 610
180 611
131 612
149 613
196 613
278 613
210 614
337 614
390 614
369 615
227 618
240 618
159 619
166 620
254 620
406 620
425 620
300 623
441 623
284 624
177 625
309 625
186 626
336 626
191 628
379 629
200 630
207 633
219 633
360 635
370 637
226 638
