357 1
435 1
260 2
339 2
453 2
211 3
37 4
112 5
171 5
4 6
138 6
470 6
200 7
85 8
243 8
308 8
54 10
289 11
158 12
184 13
230 13
274 13
373 13
386 13
128 14
357 14
21 15
74 15
99 15
412 15
426 15
342 16
146 17
214 18
327 18
448 18
171 19
256 19
466 19
117 20
313 20
63 22
298 22
37 23
244 23
199 25
235 25
104 26
162 26
282 26
368 26
404 27
9 28
127 28
187 28
351 28
422 28
77 29
336 29
435 29
319 30
51 31
223 31
449 31
270 32
307 32
459 32
170 34
112 35
211 35
257 35
475 35
141 36
291 36
23 37
85 37
380 37
389 37
240 38
400 38
415 39
200 40
369 40
59 41
203 41
236 41
241 41
424 41
101 42
157 42
269 42
341 42
230 43
266 43
354 43
38 44
310 44
442 44
455 44
120 45
126 45
151 45
222 45
170 46
254 46
71 47
191 47
218 47
223 47
254 47
293 47
330 47
145 48
250 48
93 49
163 49
241 49
50 50
142 50
415 50
269 51
319 51
361 51
370 51
376 51
280 52
322 52
436 52
24 53
214 54
236 54
447 54
106 55
154 55
157 55
154 56
178 56
263 56
336 56
81 57
204 57
304 57
460 57
150 58
258 58
127 59
337 59
36 60
205 60
289 60
467 60
243 61
412 61
52 62
380 62
384 62
387 62
400 62
403 62
143 63
167 63
366 63
424 63
120 64
122 64
193 64
231 64
272 64
371 64
67 65
236 65
93 66
262 66
271 66
351 66
353 66
436 66
183 68
331 68
132 69
326 69
328 69
7 70
226 70
318 70
453 70
156 71
333 71
344 71
60 72
81 72
128 72
177 72
221 72
328 72
468 72
126 73
209 73
374 73
22 74
249 74
395 74
101 75
238 75
242 75
300 75
408 75
38 76
126 76
276 76
420 76
436 77
144 78
198 79
230 79
451 79
165 80
356 80
13 81
142 81
269 81
72 82
137 82
140 82
189 82
367 82
41 83
42 83
112 83
135 83
257 83
337 83
352 83
368 83
135 84
140 84
224 84
326 84
465 84
160 85
386 85
399 85
132 86
407 86
177 87
421 87
404 88
424 88
50 89
86 89
208 89
148 90
421 90
290 91
443 91
45 92
48 93
61 93
101 93
236 93
274 93
77 94
80 94
144 94
435 94
339 95
369 95
452 95
24 96
47 96
165 96
352 96
361 96
123 97
388 97
467 97
160 98
191 98
224 98
319 98
378 98
400 98
328 99
41 100
257 100
303 100
90 101
136 101
410 101
37 102
160 102
180 102
426 102
72 103
134 103
208 104
241 104
439 104
13 105
52 105
67 105
109 105
28 107
275 107
127 108
149 108
171 108
442 108
367 109
46 110
189 110
334 110
347 110
373 110
383 110
407 110
64 111
322 111
359 111
461 111
366 112
370 112
372 112
408 112
45 113
142 113
226 113
421 113
125 114
157 114
427 115
468 115
59 116
255 116
3 117
95 117
116 117
156 117
157 117
435 117
41 118
57 118
177 118
439 118
293 119
18 120
139 120
389 120
439 120
193 121
41 122
283 122
397 122
447 122
135 123
171 123
213 123
407 123
167 124
187 124
243 124
346 124
371 124
108 125
369 125
376 125
380 125
422 125
271 126
319 126
333 126
358 126
462 126
61 127
85 127
362 127
469 127
234 128
143 129
146 129
206 129
371 129
375 129
384 129
162 130
305 130
34 131
160 131
438 131
476 131
182 132
409 132
102 133
227 133
259 133
121 134
179 134
298 134
8 135
54 135
78 135
197 135
454 135
421 136
195 137
197 137
343 138
392 138
135 139
248 139
316 139
355 139
363 139
390 139
116 140
138 140
176 140
194 140
329 140
28 141
93 141
153 141
215 141
241 141
279 141
366 141
467 141
188 142
402 142
432 142
373 143
131 144
172 144
149 145
270 145
384 145
411 145
444 145
477 145
44 146
66 146
167 146
185 146
452 147
109 148
163 148
204 148
234 148
127 150
390 150
87 151
259 151
341 151
178 152
308 152
317 152
331 152
429 152
464 152
16 153
143 153
156 153
224 153
298 153
355 153
362 153
123 154
127 154
160 154
438 154
142 155
179 155
368 155
404 155
140 157
196 157
199 157
290 157
36 158
278 158
420 158
473 158
101 159
120 159
134 159
153 159
248 159
371 159
380 159
78 160
149 160
155 160
192 160
451 160
172 161
247 161
75 162
268 162
79 163
246 163
262 163
77 164
241 164
331 164
337 164
6 165
215 166
258 166
305 166
320 166
336 166
352 166
392 166
54 167
188 167
263 167
345 167
348 167
439 167
465 167
77 168
130 168
335 168
413 168
28 169
295 169
49 170
93 170
363 170
420 170
356 171
46 172
280 172
210 173
237 173
111 174
454 174
45 175
139 175
159 175
377 175
405 175
48 176
269 176
66 177
69 177
179 177
431 177
44 178
267 178
333 178
204 179
261 179
318 179
346 179
17 180
46 180
66 180
259 180
386 180
446 180
231 181
261 181
263 181
66 182
265 182
84 183
263 183
470 183
41 184
42 184
175 184
268 184
415 184
65 185
130 185
266 185
395 185
451 185
105 186
151 186
258 186
304 186
64 187
255 187
478 187
225 188
249 188
253 188
363 188
289 189
329 189
255 190
422 190
12 191
198 191
340 191
442 191
280 192
401 192
120 193
252 193
379 193
33 194
60 194
169 194
254 194
465 195
98 196
146 196
186 196
54 197
221 198
350 198
358 198
432 199
245 200
253 200
276 200
353 200
76 201
453 201
323 202
396 202
436 202
366 203
438 203
114 204
197 204
217 204
313 204
335 204
386 204
474 204
162 205
179 205
5 206
245 206
71 207
145 207
127 208
344 208
93 209
406 209
479 209
50 210
442 210
462 210
268 212
354 212
371 214
23 215
242 215
122 216
159 216
194 216
215 216
88 217
140 218
409 218
466 218
327 219
392 219
66 220
105 220
174 220
265 220
289 220
411 220
430 220
359 221
341 222
413 222
415 222
39 223
310 223
415 223
120 224
156 224
418 224
431 224
436 224
451 224
470 224
379 226
417 226
432 226
67 227
135 227
195 227
16 228
241 228
398 228
341 230
475 231
265 232
420 232
297 233
416 233
80 234
100 234
153 234
171 234
324 234
359 234
422 234
438 234
461 234
31 235
402 235
49 236
193 237
381 237
399 237
442 237
9 238
116 238
422 238
440 238
233 240
60 241
95 241
195 241
247 242
134 243
214 243
344 243
363 243
403 243
168 244
380 244
118 245
465 245
4 246
95 246
99 246
279 246
325 246
446 246
73 247
151 247
193 247
75 248
288 248
303 248
93 249
116 249
246 249
58 250
313 250
360 250
426 250
40 251
113 251
114 251
22 252
93 252
189 252
192 252
71 253
338 253
469 253
93 254
131 255
169 255
174 255
408 255
97 256
260 256
381 256
113 257
450 257
54 258
168 258
53 259
271 259
416 259
149 260
195 260
235 260
114 261
329 261
354 261
432 261
36 262
55 262
472 262
172 263
131 264
193 264
197 264
435 264
94 265
113 265
199 265
281 265
312 265
324 265
63 266
110 266
217 266
78 267
93 267
173 267
374 267
400 267
419 267
454 267
14 268
169 268
243 268
294 268
50 269
303 269
170 270
149 271
60 272
64 272
436 272
475 272
59 273
199 273
93 274
108 274
396 274
30 275
91 275
113 275
199 275
226 275
256 275
340 275
47 276
128 276
191 276
368 276
112 277
459 277
46 278
169 278
477 278
44 279
61 279
174 280
263 280
132 281
152 281
171 281
203 281
334 281
43 282
9 283
93 283
279 283
74 284
126 284
130 284
149 284
173 284
198 284
231 284
440 284
338 285
396 285
94 286
151 286
172 286
232 286
317 286
333 286
92 287
238 287
325 287
151 288
310 288
329 288
349 288
145 289
161 289
55 290
177 290
239 290
90 291
145 291
177 291
351 291
22 292
413 292
440 292
244 293
459 293
478 293
127 294
131 294
211 294
277 294
294 294
353 294
372 294
4 295
90 295
162 295
164 295
71 297
345 298
127 299
193 299
217 299
145 300
162 300
258 300
344 300
36 301
111 301
165 301
225 301
396 301
425 301
180 302
344 302
442 302
51 303
221 303
411 303
91 304
163 304
220 304
226 304
231 304
150 305
325 305
328 305
227 306
306 306
331 306
461 306
18 307
130 307
163 307
206 307
230 307
107 308
134 308
87 309
151 310
183 310
293 310
321 310
380 310
437 310
225 311
276 311
185 312
262 312
318 312
353 312
356 312
393 312
147 313
208 313
331 313
333 313
184 314
202 314
353 314
69 315
374 315
407 315
478 315
135 316
304 316
458 316
107 317
238 317
30 318
48 318
104 318
133 318
345 318
421 318
135 319
211 319
214 319
243 319
103 320
169 320
185 320
438 320
47 321
68 321
153 321
367 321
120 322
362 322
367 323
83 324
370 324
478 324
44 325
64 325
187 325
214 325
338 325
364 325
402 325
84 326
197 326
384 326
387 326
454 326
27 327
68 327
122 327
134 327
153 327
169 327
193 327
279 328
436 328
102 329
134 329
194 329
228 329
312 329
413 329
470 329
10 330
120 330
198 330
219 330
234 330
378 330
223 331
266 331
302 331
64 332
102 332
134 332
136 332
235 332
393 332
195 333
258 333
291 333
43 334
174 334
273 334
356 334
450 334
84 335
177 335
262 335
324 335
377 335
53 336
106 336
141 336
242 336
260 336
278 336
67 337
84 337
87 337
89 337
180 337
69 338
159 338
174 338
370 338
200 339
38 340
175 340
347 340
373 340
405 340
49 341
120 341
367 341
104 342
185 342
181 343
187 343
88 344
388 344
478 344
105 345
160 345
177 345
426 345
51 346
64 346
124 346
183 346
218 346
313 346
365 346
110 347
141 347
181 347
232 347
259 347
461 347
6 348
184 348
192 348
218 348
241 348
251 348
257 348
50 349
65 349
107 349
237 349
269 349
336 349
360 349
382 349
444 349
142 350
241 350
246 350
274 350
20 351
111 351
231 351
253 351
301 351
394 351
92 352
189 352
287 352
50 353
143 353
254 353
331 353
422 353
47 354
105 354
203 354
263 354
280 354
375 354
127 355
246 355
165 356
250 356
255 356
260 356
408 356
106 357
112 357
277 357
167 358
195 358
351 358
438 358
454 358
471 358
215 359
32 360
94 360
109 360
207 360
212 360
418 360
111 362
219 362
433 362
221 363
315 363
416 363
222 364
233 364
366 364
382 364
468 365
224 366
227 366
235 366
416 366
62 367
151 367
93 368
132 368
229 368
279 368
297 368
336 368
445 368
184 369
245 369
259 369
28 370
248 370
279 370
273 371
410 371
79 372
281 372
355 372
391 372
8 373
113 373
424 373
269 374
428 374
373 375
407 375
158 376
262 376
44 377
181 378
206 378
207 378
326 378
139 379
217 379
462 379
449 381
222 382
403 382
25 383
96 383
229 383
234 383
314 383
379 383
167 385
238 385
234 386
298 386
359 386
62 387
79 387
256 387
415 387
338 388
121 389
477 389
2 390
197 390
250 390
273 390
248 391
256 391
412 391
392 392
438 392
203 393
263 393
412 393
124 394
153 394
210 394
350 394
456 394
21 395
101 395
422 395
225 397
327 397
365 397
42 398
128 398
183 398
233 399
298 399
83 400
450 400
82 401
128 401
382 401
430 401
162 402
275 402
277 402
289 402
195 403
198 403
469 403
85 404
87 404
143 404
170 404
113 405
138 405
315 405
338 405
343 405
87 406
195 406
206 406
357 406
395 406
200 407
209 407
426 407
428 407
14 408
64 408
148 408
152 408
211 408
41 409
86 409
115 409
171 409
201 409
221 409
91 410
154 410
214 410
249 410
334 410
407 410
443 410
216 411
223 411
460 411
85 412
112 412
238 412
249 412
330 412
411 412
87 413
219 413
244 413
366 413
91 414
110 414
161 414
440 414
83 415
159 415
180 415
291 415
347 415
404 415
421 415
436 415
85 416
88 416
383 416
421 416
131 417
118 418
280 418
85 419
87 419
316 419
340 419
398 419
438 419
34 420
114 420
5 421
135 421
197 421
206 421
261 421
452 421
137 422
142 422
147 422
204 422
266 422
356 422
374 422
436 422
214 423
246 423
359 423
235 424
244 424
250 424
268 424
307 424
331 424
338 424
471 424
155 425
260 425
412 425
103 426
151 426
209 426
213 426
70 427
211 427
224 427
230 427
246 427
249 427
174 429
292 429
103 430
159 430
329 430
386 430
52 431
177 431
322 431
365 431
103 432
285 432
427 432
444 432
29 433
113 433
360 433
189 434
191 434
113 435
406 435
425 435
118 436
144 436
259 436
268 436
277 436
462 436
120 437
136 437
148 437
185 437
267 438
272 438
418 438
440 438
129 439
199 439
218 439
261 439
350 439
150 440
153 440
376 440
415 440
49 441
238 441
438 441
153 442
215 442
225 442
396 442
452 442
371 443
297 444
94 445
367 445
286 446
410 446
465 446
17 447
321 447
406 447
180 448
367 448
112 449
319 449
338 450
267 451
390 451
424 451
478 451
304 452
306 452
75 453
264 453
361 453
425 453
133 454
246 454
250 454
252 454
404 454
60 455
264 455
402 455
153 456
294 456
416 456
35 457
205 457
238 457
298 457
3 458
224 458
326 458
382 458
170 459
351 459
184 460
398 460
95 461
453 461
288 462
317 462
370 462
431 463
468 463
344 464
411 464
119 465
271 466
311 466
260 467
262 467
305 467
132 468
389 468
19 469
266 469
298 469
257 470
264 470
332 470
421 470
386 471
400 471
238 472
248 472
253 472
292 472
13 473
154 473
379 473
440 473
63 474
219 474
359 474
437 474
459 474
78 475
200 475
45 476
170 476
434 476
439 476
184 477
433 478
274 479
94 480
106 480
429 480
435 480
99 481
129 481
341 481
428 481
37 482
266 482
376 482
27 483
102 483
140 483
375 483
450 483
120 484
133 484
136 485
159 486
255 486
299 486
419 486
150 487
156 487
367 487
369 487
237 488
65 489
209 489
398 489
471 489
323 490
14 491
70 491
359 493
362 493
433 493
461 493
45 494
53 494
82 494
278 494
90 495
343 495
384 495
389 495
64 497
75 497
116 497
197 497
44 498
185 498
239 498
303 498
378 498
55 499
102 499
139 499
143 499
260 499
31 500
107 500
130 500
133 500
168 500
229 500
477 500
113 501
211 501
423 501
447 501
132 502
330 504
371 504
374 505
395 505
286 507
412 507
467 507
369 509
359 510
431 510
316 511
393 511
261 513
458 513
135 514
137 514
234 514
243 514
250 514
349 514
398 514
37 515
62 515
304 515
56 516
78 516
84 516
96 516
119 516
144 516
146 516
14 517
64 517
67 517
115 517
167 517
51 518
57 518
104 518
119 518
126 518
146 518
157 518
192 518
213 518
338 518
417 518
109 519
136 519
149 519
369 520
384 520
191 521
282 522
328 522
335 522
272 523
370 523
467 523
439 524
332 525
273 527
402 527
268 528
313 529
426 529
117 530
356 530
127 531
176 531
179 531
457 531
165 532
168 532
240 532
143 533
180 533
241 533
299 533
41 534
171 534
227 534
13 535
25 535
83 535
158 535
188 535
191 535
220 535
62 536
78 536
177 536
290 536
341 536
446 536
199 537
279 537
380 538
472 538
325 540
407 540
264 541
276 541
281 541
100 542
369 542
358 545
429 545
106 546
114 546
252 546
316 546
243 547
351 547
358 547
130 548
250 548
303 548
348 549
355 549
413 549
455 549
21 550
153 550
166 551
223 551
387 551
45 552
54 552
292 552
342 552
63 553
195 553
210 553
348 553
343 554
84 555
334 555
373 555
90 556
268 556
272 556
432 556
328 557
88 558
400 558
334 559
251 560
329 560
223 563
348 563
414 563
479 563
122 564
305 564
405 564
470 564
389 565
98 566
147 566
450 566
47 567
287 568
66 569
168 569
204 569
188 570
374 570
270 571
364 572
258 573
431 573
221 574
247 574
352 574
335 576
324 577
416 579
307 581
72 582
95 584
115 585
290 585
398 585
126 587
382 587
135 588
156 588
174 588
145 589
190 590
359 591
241 592
251 592
264 592
227 593
340 593
207 594
296 596
310 596
324 596
