200 80
157 82
265 82
246 86
136 88
183 88
226 90
159 94
119 97
288 97
262 98
197 102
313 103
137 104
233 104
180 106
95 107
219 107
295 108
121 111
272 111
361 111
248 112
343 112
157 113
329 114
227 117
105 119
142 120
188 122
300 122
307 122
332 122
268 123
313 123
206 124
91 126
346 126
361 126
127 127
241 127
375 129
171 130
45 131
153 134
310 134
108 135
225 135
295 135
343 135
271 136
286 136
281 137
297 137
314 137
357 137
284 138
294 138
202 139
253 139
323 139
34 140
68 140
370 140
188 141
136 142
380 143
395 145
172 146
56 147
228 148
299 148
408 148
87 149
294 149
304 149
307 149
321 149
263 150
284 150
287 150
339 150
359 150
125 151
312 151
422 151
302 152
240 154
81 156
156 156
45 157
110 158
207 158
272 160
318 160
72 161
111 161
357 161
146 162
151 162
194 162
331 162
96 163
228 163
351 163
378 163
104 164
245 164
307 164
94 165
99 165
150 165
185 165
400 165
96 166
104 166
240 166
246 166
294 166
35 167
134 167
96 168
124 169
420 169
62 170
124 171
174 171
275 171
221 172
252 174
111 175
113 175
332 175
348 175
26 176
254 176
350 176
141 177
161 177
199 177
303 177
313 177
326 177
327 177
374 177
245 178
396 178
56 179
291 180
132 181
160 181
229 181
106 182
272 182
417 182
101 183
129 183
158 183
13 184
186 184
126 185
279 185
95 186
267 187
46 188
93 188
177 188
322 188
434 188
97 189
215 189
335 189
341 189
349 189
89 190
87 191
253 191
358 191
141 192
146 192
308 192
370 192
379 192
86 193
289 193
449 193
143 194
235 194
198 195
278 195
398 195
81 196
37 197
134 197
162 197
269 197
159 198
410 198
268 199
278 199
69 200
134 200
189 200
322 200
353 200
358 200
346 201
347 201
426 201
63 202
72 202
127 202
221 202
190 203
215 203
217 203
67 204
248 204
65 205
96 205
210 205
218 205
311 205
364 205
61 206
151 206
184 206
307 206
319 207
437 207
201 208
379 208
298 209
400 209
446 209
281 210
87 211
115 211
201 211
231 211
240 211
310 211
328 211
404 211
406 211
238 212
296 212
336 212
47 213
274 213
410 213
198 214
224 214
344 214
412 214
424 214
13 215
341 215
356 215
419 215
358 216
52 217
363 217
431 217
259 218
422 218
79 219
180 219
182 219
221 219
42 220
217 220
376 220
41 221
205 221
434 221
470 221
151 222
240 222
243 222
301 222
306 222
70 223
171 223
322 223
123 224
238 224
291 224
304 224
70 225
297 225
299 225
397 225
198 226
240 226
287 226
289 226
330 226
353 226
62 227
68 227
72 227
165 228
273 228
404 228
91 229
451 229
117 230
138 230
162 230
164 230
223 230
70 231
256 231
155 233
369 233
434 233
27 234
385 234
312 235
314 235
473 235
50 236
60 236
175 236
236 236
439 236
109 237
329 237
338 237
297 238
405 238
58 239
84 239
235 239
238 239
398 239
401 239
408 239
170 240
171 240
450 240
127 241
146 241
411 241
46 242
55 242
79 242
224 242
268 242
51 243
219 243
419 243
125 244
270 244
373 244
103 245
375 245
251 246
180 248
375 248
232 249
234 249
240 249
390 249
434 249
468 249
315 250
330 250
303 251
339 251
64 252
71 252
153 252
173 252
273 252
291 252
436 252
442 252
68 253
228 253
63 254
275 254
348 254
69 255
107 255
124 255
150 255
360 255
407 255
411 255
36 256
252 256
260 256
66 257
208 257
413 257
361 258
415 258
59 259
378 259
382 259
236 260
368 260
134 261
157 261
162 261
429 261
123 262
420 262
466 262
80 263
96 263
427 263
54 264
74 264
278 264
296 264
306 264
192 265
225 265
271 265
282 265
395 265
432 265
477 265
325 266
440 266
257 267
340 267
141 268
216 268
403 268
407 268
409 268
68 269
73 269
110 269
255 269
355 269
212 270
240 270
250 270
363 270
443 270
45 271
62 272
133 272
200 272
249 272
409 272
43 273
65 273
139 273
202 273
229 273
36 274
41 274
84 274
136 274
155 274
232 274
379 274
385 274
172 275
228 275
377 275
80 277
102 277
218 277
225 277
287 277
304 277
396 277
465 277
11 278
124 278
215 278
270 278
277 278
313 278
182 279
144 280
257 280
280 280
327 280
395 280
121 281
180 281
330 281
399 281
4 282
141 282
357 282
405 282
76 283
198 283
237 283
341 283
351 284
414 284
474 284
156 285
198 285
25 286
87 286
418 286
133 287
173 287
210 289
267 289
283 289
299 289
421 289
252 291
383 291
422 291
43 292
317 292
17 293
146 293
328 293
126 294
181 294
244 294
324 294
353 294
355 294
428 294
435 294
465 294
94 295
109 295
165 295
205 295
330 295
346 295
349 295
391 295
60 296
179 296
356 296
359 296
402 296
430 296
436 296
367 297
161 298
197 298
200 298
220 298
408 298
410 298
439 298
412 299
73 300
174 300
194 300
198 300
267 300
278 300
405 300
407 300
473 300
136 301
256 301
287 301
309 301
439 301
295 302
374 302
86 303
152 303
325 303
421 303
452 303
51 304
189 304
209 304
372 304
30 305
101 305
341 305
235 306
330 306
383 307
427 307
341 308
353 308
394 308
126 309
166 309
162 310
177 310
180 310
347 310
352 310
44 311
225 311
110 312
159 312
395 312
464 312
80 313
140 313
197 313
276 313
300 313
439 313
216 314
287 314
432 314
16 315
37 315
192 316
320 316
321 316
330 316
362 316
90 317
190 317
245 317
57 319
187 319
190 319
238 319
340 319
369 319
118 320
151 320
374 320
407 320
151 321
168 321
190 321
58 322
349 322
8 323
131 323
147 323
229 323
382 323
292 324
297 324
49 325
99 325
345 325
477 325
53 326
421 326
216 327
350 327
353 327
360 327
451 327
128 328
158 328
267 328
45 329
111 329
196 329
219 329
257 329
324 329
394 329
46 330
246 330
278 330
430 330
22 331
80 331
125 331
191 331
458 331
67 332
138 332
329 332
365 332
238 333
286 333
76 334
125 334
230 334
232 334
240 334
290 334
190 335
236 335
285 335
343 335
91 336
223 336
335 336
406 336
225 337
134 338
201 338
377 338
439 338
103 339
311 339
343 339
465 339
215 340
352 340
57 341
148 341
163 341
179 341
182 341
311 341
37 342
54 342
130 342
257 342
318 343
385 343
417 343
112 344
163 344
194 344
196 344
248 344
269 344
326 344
70 345
84 345
281 345
354 345
357 345
443 345
55 346
162 346
328 346
50 347
71 347
206 347
230 347
127 348
235 348
291 348
227 349
229 349
295 349
95 350
158 350
396 350
426 350
28 351
81 351
124 351
138 351
155 351
174 351
189 351
343 351
369 351
79 352
194 352
50 353
152 353
350 353
138 354
173 354
313 354
2 355
49 355
122 355
458 355
107 356
137 356
150 356
166 356
189 356
194 356
348 356
352 356
123 358
136 358
209 358
319 358
334 358
407 358
41 359
148 359
209 359
381 359
433 359
150 360
163 360
182 360
251 360
261 360
296 360
297 360
321 360
332 360
464 360
89 361
132 361
184 361
240 361
208 362
274 362
102 363
164 363
232 363
336 363
413 363
18 364
132 364
203 364
363 364
103 365
343 365
390 365
470 365
55 366
71 366
199 366
305 366
323 366
101 367
129 367
345 367
447 367
326 368
363 368
366 368
392 368
84 369
178 369
223 369
286 369
397 369
102 370
128 370
345 370
348 370
421 370
31 371
212 371
395 371
111 372
159 372
214 372
399 372
475 372
155 373
316 373
337 373
109 374
158 374
215 374
82 375
114 375
173 375
193 375
213 375
244 375
294 375
353 375
356 375
209 376
257 376
8 377
46 377
95 377
99 377
264 377
156 378
212 378
338 378
355 378
406 378
456 378
123 379
206 379
236 379
107 380
204 380
276 380
64 381
109 381
207 381
238 381
365 381
383 381
432 381
154 382
233 382
94 383
223 383
205 384
348 384
23 385
95 385
134 385
166 385
224 385
366 385
123 386
365 386
77 387
108 387
198 387
347 387
368 387
386 387
439 387
42 388
93 388
218 388
288 388
364 388
415 388
222 389
352 389
134 390
20 391
180 391
214 391
251 391
265 391
369 391
392 391
59 392
218 392
469 392
102 393
161 393
193 393
119 394
148 394
418 394
441 394
130 395
207 395
212 395
237 395
238 395
320 395
371 395
205 396
276 396
86 397
234 397
294 397
340 397
373 397
133 398
208 398
236 398
321 398
326 398
103 399
13 400
72 400
87 400
206 400
342 400
372 400
461 400
114 401
176 401
222 401
277 401
228 402
297 402
388 402
204 403
375 403
446 404
33 405
204 405
312 405
316 405
330 405
361 405
99 406
139 407
244 407
247 407
254 407
262 407
299 407
316 407
49 408
83 408
262 408
266 408
247 409
250 409
257 409
349 409
69 410
253 410
428 410
140 411
220 411
395 411
412 411
468 411
47 412
271 412
297 412
302 412
45 413
196 413
269 413
124 414
155 414
237 414
5 415
156 415
171 415
213 415
280 415
298 415
46 416
24 417
64 417
337 417
400 417
435 417
78 418
125 418
153 418
321 418
367 418
94 419
110 419
209 419
233 419
189 420
319 420
354 420
63 421
81 421
230 421
457 421
478 421
208 422
226 422
260 422
387 422
62 423
125 423
135 423
137 423
225 423
246 423
46 424
154 424
211 424
241 424
123 425
150 425
206 425
308 425
422 425
169 426
293 426
310 426
107 427
151 427
224 427
326 427
341 427
204 428
358 428
391 428
19 429
41 429
42 429
75 429
261 429
461 429
44 430
92 430
374 430
408 430
74 431
134 431
205 431
280 431
121 432
73 433
133 433
201 433
293 433
313 433
148 434
203 434
234 434
342 434
447 434
164 435
469 435
75 436
360 436
103 437
150 437
329 437
430 437
89 438
185 438
221 438
238 438
299 438
379 438
121 439
281 439
413 439
118 440
131 440
151 440
11 441
35 441
118 441
166 441
313 441
398 441
132 442
475 442
135 443
330 443
382 443
88 444
351 444
367 444
416 444
119 445
216 445
220 445
456 445
103 446
131 446
151 446
419 446
54 447
282 447
434 447
369 448
419 448
437 448
231 449
371 449
385 449
386 449
401 449
439 449
104 450
216 450
220 450
265 450
297 450
34 451
100 451
388 451
20 452
71 452
184 452
245 452
418 452
314 453
420 453
424 453
88 454
201 454
216 454
344 454
369 454
438 454
463 454
332 455
424 455
50 456
167 456
278 456
354 456
372 456
233 457
442 457
422 458
83 459
86 459
117 459
373 459
428 459
376 460
422 460
220 461
314 461
372 461
85 462
116 462
257 462
295 462
361 462
377 462
392 462
425 462
202 463
133 464
207 465
337 465
373 465
28 466
129 466
132 466
349 466
359 466
97 467
164 467
432 467
449 467
47 468
84 468
221 468
271 469
289 469
379 469
397 469
65 470
253 470
376 470
146 471
208 471
233 471
313 471
326 471
129 472
459 472
476 472
189 473
430 473
207 474
113 475
302 475
418 475
245 476
378 476
380 476
25 477
6 478
133 478
166 478
233 478
381 478
400 478
58 479
215 479
338 479
352 479
416 479
436 479
449 479
43 480
84 480
264 480
284 480
324 480
130 481
190 481
215 481
234 481
311 481
366 481
302 482
369 482
215 483
178 484
197 484
400 484
283 485
420 485
386 486
26 487
79 487
296 487
436 487
468 487
149 489
352 489
451 489
40 490
226 490
257 490
297 490
114 491
98 492
293 492
311 492
336 492
384 492
25 494
53 494
133 494
402 494
66 495
278 495
472 495
185 496
247 496
239 497
369 497
81 498
323 498
236 499
421 499
118 500
151 500
10 501
136 501
370 501
441 501
289 502
294 502
385 502
66 503
236 503
239 503
292 503
338 503
25 504
171 504
190 504
270 504
387 504
99 505
459 506
80 507
353 507
121 508
156 508
306 508
308 508
287 510
478 510
36 511
222 511
260 511
425 511
52 512
136 513
202 514
211 514
216 514
338 514
239 515
370 515
97 516
111 516
302 516
409 516
221 517
231 517
388 517
22 518
65 518
123 518
374 518
393 518
4 519
239 519
466 519
35 520
142 520
225 520
316 520
394 520
446 520
302 521
337 521
356 521
79 522
187 522
330 522
164 523
125 524
99 525
275 525
64 526
18 527
49 527
428 527
311 528
393 528
410 528
428 529
147 530
328 530
353 530
373 530
114 531
293 531
333 531
409 531
413 531
198 532
449 532
34 533
173 533
2 534
242 534
326 534
431 534
471 534
223 535
415 535
82 536
211 536
99 537
134 537
155 537
260 537
351 537
414 537
64 538
344 538
415 539
15 540
183 540
329 541
342 541
438 541
454 541
49 542
289 542
303 542
394 542
436 542
32 543
345 543
434 543
256 544
323 544
415 544
420 544
120 545
162 545
227 545
140 546
326 546
437 546
347 547
192 548
248 549
343 549
276 550
14 551
104 551
86 552
347 552
66 553
126 553
205 553
362 553
148 554
294 554
391 554
50 555
173 555
314 555
339 555
32 556
337 556
442 556
460 556
232 557
344 557
372 558
220 559
266 559
338 559
257 560
13 561
156 561
269 561
112 562
134 562
246 563
255 563
290 563
191 564
331 565
52 566
329 566
335 566
355 566
427 566
88 567
164 567
243 567
256 567
308 567
409 567
103 568
279 568
366 568
142 569
351 569
448 569
212 570
332 570
34 571
230 571
278 572
72 573
122 574
172 575
14 576
323 576
152 577
430 577
111 578
261 578
271 578
328 578
56 579
191 579
256 579
271 579
296 579
411 579
272 580
383 580
456 580
36 581
97 582
206 582
241 582
80 583
359 583
59 584
233 584
15 585
162 585
260 585
345 585
348 585
357 585
119 586
220 586
243 586
317 586
343 586
354 586
247 587
378 587
137 588
250 589
285 589
61 590
333 590
346 590
349 590
355 590
171 591
101 592
403 592
182 593
349 593
124 594
310 594
344 594
17 595
85 595
40 596
149 596
197 596
447 596
341 597
264 598
107 599
260 599
299 599
68 600
223 600
367 600
20 602
416 602
398 604
451 604
248 605
336 605
45 606
138 606
315 606
162 607
190 607
96 608
118 609
393 610
26 611
77 611
210 611
237 611
282 611
172 612
218 612
328 612
436 612
385 613
354 614
129 615
153 616
299 616
56 617
185 618
269 618
107 619
415 619
5 621
60 621
201 621
345 621
378 621
441 621
219 622
34 623
90 624
251 624
286 624
315 624
138 625
234 625
170 626
334 627
367 627
12 629
69 629
405 629
149 630
186 630
427 630
44 631
121 631
301 631
99 632
273 632
357 633
396 633
219 634
22 637
80 637
260 637
318 637
159 638
389 638
246 639
