414 1
163 3
212 5
296 6
318 6
344 6
430 6
204 7
329 7
270 8
286 8
360 8
189 9
378 9
144 10
252 10
136 14
398 14
229 15
168 16
131 17
310 17
461 17
215 18
300 18
316 18
333 18
204 19
421 19
283 20
355 20
265 22
477 22
154 23
194 23
375 23
433 24
246 25
439 26
111 27
180 27
233 28
303 28
393 28
318 29
224 30
292 30
332 30
456 30
172 31
409 31
136 33
345 33
209 34
479 34
161 35
421 35
198 36
273 36
357 36
266 38
281 38
300 38
190 39
291 39
372 39
437 39
253 40
290 41
325 41
372 41
150 42
241 42
115 43
382 43
387 43
447 43
384 44
390 44
227 45
143 46
174 46
346 46
401 46
102 48
398 48
211 49
466 49
411 50
417 50
272 52
280 52
282 52
301 52
307 52
320 52
196 53
260 53
266 53
364 53
427 53
374 54
89 55
303 55
325 55
154 56
379 56
382 56
391 56
245 57
319 57
387 57
119 58
186 58
233 58
342 58
443 58
393 60
175 61
143 62
220 62
106 63
139 64
394 64
460 64
397 65
207 66
417 66
311 67
318 68
131 69
162 69
331 69
343 69
271 70
361 70
370 70
475 70
254 71
290 71
96 72
193 72
244 72
366 73
388 73
434 73
126 74
386 74
441 74
232 75
393 75
151 76
184 76
226 76
178 78
389 78
452 79
113 80
215 80
169 81
231 81
344 81
412 81
80 82
138 82
206 82
210 82
311 82
170 83
288 83
462 83
178 84
277 84
297 84
353 84
168 85
201 85
213 85
264 85
104 86
209 86
256 86
426 86
369 87
246 88
431 88
474 88
127 90
194 90
233 90
387 90
439 90
186 92
330 92
150 93
182 93
190 93
193 93
195 93
238 93
343 93
347 93
188 94
334 94
340 94
352 94
233 95
406 95
288 96
349 96
352 96
450 96
117 97
215 97
225 97
182 98
265 98
278 98
297 98
349 98
352 98
211 99
310 99
355 99
358 99
362 99
460 99
87 100
213 100
258 100
139 101
179 101
317 101
165 102
170 102
202 102
249 102
376 102
425 103
167 104
77 105
106 105
193 106
383 106
163 107
190 107
201 107
238 107
438 107
474 107
130 108
157 108
193 108
236 108
395 108
225 109
333 109
345 109
218 110
231 110
354 110
356 110
448 110
98 111
126 111
189 111
191 111
220 111
405 111
267 112
180 113
355 113
454 113
216 114
220 114
259 114
290 114
182 115
252 115
304 115
316 115
418 115
62 116
203 116
207 116
366 116
178 117
201 117
321 117
463 117
144 118
336 119
174 120
206 120
237 120
329 120
431 120
115 121
168 121
109 122
223 122
231 122
388 122
431 122
268 123
349 123
438 123
274 124
399 124
50 125
102 125
258 125
396 125
444 125
188 126
365 126
402 126
132 127
162 127
400 127
410 127
479 127
214 128
300 128
285 129
313 129
72 130
248 130
381 130
410 130
99 131
417 131
455 131
103 132
179 132
277 132
294 132
328 132
381 132
384 132
93 133
388 133
423 133
98 134
150 134
231 134
381 134
430 134
118 135
264 135
341 135
389 135
392 135
95 136
170 137
196 137
395 137
91 138
116 138
220 138
357 138
253 139
468 139
115 140
247 140
367 140
365 141
400 141
405 141
82 142
307 142
370 142
55 143
118 143
141 143
241 143
317 143
410 143
435 143
108 144
114 144
282 144
289 144
370 144
413 144
476 144
273 145
284 145
305 145
312 145
378 145
445 145
112 146
208 146
315 146
328 146
380 146
80 147
108 147
158 147
181 147
263 147
377 147
411 147
416 147
420 147
228 148
336 148
342 148
389 148
391 148
104 149
385 149
387 149
393 149
107 150
130 150
389 150
101 151
43 152
71 152
222 152
251 152
354 152
390 152
395 152
455 152
198 153
245 154
293 154
300 154
427 154
93 155
99 155
289 155
402 155
121 156
276 156
308 156
365 156
371 156
213 157
291 157
313 157
320 157
406 157
467 157
99 158
297 158
326 158
34 159
93 159
165 159
186 159
322 159
364 159
374 159
378 159
405 159
63 160
236 160
255 160
403 160
439 160
334 161
382 161
89 162
413 162
344 163
476 163
158 164
203 164
226 164
422 164
110 165
342 165
286 166
351 166
354 166
80 167
156 167
345 167
349 167
358 167
385 167
396 167
130 168
133 168
136 168
275 168
300 168
309 168
452 168
152 169
218 169
262 169
281 169
289 169
304 169
427 169
154 170
172 170
253 170
321 170
353 170
360 170
423 170
428 170
125 171
127 171
244 171
313 171
47 172
77 172
192 172
122 173
144 173
238 173
430 173
146 174
327 174
331 175
399 175
406 175
430 175
123 176
463 176
374 177
404 177
438 177
119 178
121 178
124 178
203 178
217 178
233 178
334 178
339 178
67 180
93 180
142 180
265 180
273 180
291 180
293 180
342 180
419 180
226 181
260 181
296 181
307 181
416 181
440 181
299 182
354 182
422 182
138 183
177 183
254 183
358 183
383 183
159 184
196 184
209 184
317 184
422 184
473 184
243 185
390 185
35 186
449 186
60 187
323 187
358 187
361 187
392 187
477 187
329 188
107 189
133 189
366 189
426 189
429 189
81 190
148 190
190 190
237 190
361 190
431 190
401 191
165 192
217 192
370 192
373 192
405 192
270 193
281 194
289 194
295 195
410 195
415 195
439 195
460 195
209 196
252 196
348 196
406 196
141 197
284 197
299 197
314 197
365 197
225 198
304 198
344 198
346 198
440 198
140 199
242 199
386 199
413 199
415 199
437 199
124 200
138 200
317 200
383 200
439 200
466 200
157 201
319 201
93 202
446 202
43 203
70 203
119 203
198 203
326 203
360 203
471 203
331 204
333 204
197 205
200 205
217 205
391 205
265 206
297 206
362 206
424 206
113 207
164 207
255 207
273 207
288 207
134 208
166 208
196 208
250 208
286 208
342 208
241 209
303 209
335 209
338 209
428 209
454 209
94 210
148 210
191 210
399 210
163 211
233 211
336 211
192 212
211 212
309 212
314 212
372 212
59 213
190 213
106 214
320 214
82 215
171 215
286 215
349 215
459 215
353 216
328 217
416 217
219 218
353 218
380 218
440 218
27 219
266 219
141 220
185 220
261 220
302 220
326 220
243 221
270 221
276 221
355 221
405 221
465 221
100 222
153 222
186 222
251 222
330 222
331 222
424 222
359 223
283 224
309 224
74 225
365 225
389 225
448 225
48 226
117 226
235 226
315 226
20 227
197 227
290 227
342 227
177 228
209 228
287 228
294 228
339 228
430 228
319 229
130 230
414 230
93 231
341 231
113 232
190 232
192 232
300 232
339 232
267 233
398 233
222 234
455 234
474 234
244 235
307 235
325 235
360 235
379 235
142 236
156 236
279 236
303 236
329 236
88 237
203 237
36 238
65 238
186 238
310 238
173 239
200 239
350 239
426 239
185 240
62 241
330 241
85 242
448 242
58 243
291 243
80 244
215 244
248 244
371 244
409 244
29 245
272 245
106 246
239 246
319 246
54 247
83 247
357 247
409 247
463 247
79 248
279 248
340 248
391 248
77 249
135 249
147 249
181 249
231 249
433 249
49 250
52 250
119 250
193 250
303 250
98 251
25 252
53 252
285 252
393 252
395 252
46 253
50 253
207 253
443 253
156 254
376 254
253 255
261 255
394 255
417 255
80 256
96 256
114 256
223 256
365 256
22 257
292 257
344 257
394 257
397 257
449 257
74 258
117 258
312 258
378 258
381 258
44 259
166 259
268 259
330 259
362 259
69 260
91 260
113 260
177 260
190 261
381 261
386 261
429 261
473 261
42 262
66 262
128 262
347 262
368 262
403 262
295 263
382 263
138 264
243 264
201 265
278 266
334 266
369 266
459 266
234 267
425 267
250 268
318 268
404 268
60 269
83 269
302 269
353 269
368 269
406 269
478 269
89 270
197 270
427 270
444 270
32 271
259 271
373 271
412 271
84 272
124 272
149 272
225 272
283 272
407 272
54 273
82 273
264 273
321 273
371 273
463 273
376 274
434 274
184 275
340 275
373 275
171 276
221 276
268 276
307 276
435 276
55 277
83 277
145 277
362 277
378 277
53 278
59 278
80 278
324 278
288 279
394 279
413 279
78 280
361 280
377 280
415 280
465 280
132 281
96 282
216 282
242 282
120 283
273 283
378 283
401 283
250 284
346 284
400 284
106 285
192 285
235 285
292 285
398 285
441 285
22 286
94 286
117 286
157 286
180 286
205 286
312 286
382 286
425 286
469 286
71 287
89 287
91 288
211 288
455 288
89 289
329 289
366 289
128 290
424 290
115 291
280 291
339 291
366 291
43 292
90 292
167 292
297 292
380 292
382 292
408 292
266 293
315 293
425 293
87 294
140 294
154 294
256 294
352 294
476 294
64 295
228 295
368 295
384 295
392 295
431 295
58 296
204 296
342 296
240 299
284 299
39 300
192 300
333 300
371 300
433 300
463 300
164 301
431 301
448 301
138 302
318 302
370 302
400 302
101 303
346 303
125 304
150 304
205 304
223 304
272 304
359 304
98 305
374 305
399 305
402 306
417 306
57 307
188 307
97 308
384 308
78 309
247 309
373 309
110 310
174 310
299 310
162 311
233 311
261 311
321 311
375 311
135 312
350 312
387 312
436 312
288 313
453 313
473 313
310 314
376 315
423 315
26 316
123 316
216 316
386 316
147 317
323 317
364 317
71 318
244 318
273 318
405 318
421 318
257 319
337 319
91 320
93 320
389 320
162 321
340 321
407 321
423 321
440 321
20 323
227 323
48 324
105 324
175 325
201 325
243 325
352 325
393 325
477 325
258 326
365 326
380 326
107 327
301 327
352 327
162 328
288 328
463 328
108 329
238 329
274 329
315 329
178 330
392 330
409 330
85 331
120 331
327 331
221 332
329 332
394 332
427 332
83 333
191 333
207 333
257 333
326 333
369 333
382 333
64 334
81 334
94 334
39 335
290 335
314 335
449 335
119 336
190 336
81 337
117 337
175 337
236 337
253 337
291 337
301 337
356 337
412 337
194 338
344 338
396 338
118 339
303 339
329 339
357 339
369 339
383 339
104 340
102 341
161 341
180 341
289 341
433 341
373 342
396 342
162 343
179 343
290 343
347 343
471 343
117 344
179 344
229 344
372 344
397 344
91 345
290 345
317 345
328 345
161 346
288 346
455 346
220 347
304 347
144 348
251 348
316 348
376 348
46 349
118 349
159 349
274 349
326 349
399 349
416 349
129 350
329 350
387 350
192 351
213 351
27 352
61 352
115 352
194 352
317 352
436 352
168 353
365 353
101 354
287 354
363 354
115 355
143 355
159 355
195 355
198 355
263 355
328 355
340 355
377 355
462 355
350 356
171 357
318 357
353 357
440 357
479 357
24 358
363 358
378 358
403 358
102 359
115 359
327 359
365 359
391 359
75 360
241 360
303 360
316 360
376 360
116 361
261 361
272 361
275 361
340 361
130 362
158 362
204 362
215 362
224 362
259 362
391 362
445 362
39 363
103 363
211 363
366 363
419 363
113 364
231 364
273 364
103 365
116 365
104 366
143 366
253 366
380 366
406 366
55 367
159 367
259 367
74 368
101 368
287 369
434 369
176 370
103 371
339 371
468 371
37 372
163 372
253 372
316 372
370 372
451 372
129 373
188 373
255 373
436 373
407 374
129 375
361 375
397 375
54 376
100 376
117 376
146 376
394 376
88 377
143 377
211 377
223 377
245 377
303 377
422 377
437 377
129 378
130 378
374 378
247 379
362 379
168 380
198 380
383 380
395 380
69 381
86 381
144 381
350 381
280 382
284 382
326 382
425 382
32 383
101 383
103 383
133 383
147 383
262 383
263 383
442 383
475 383
101 385
129 385
265 386
299 386
387 386
49 387
88 387
102 387
114 387
146 387
365 387
375 387
85 388
385 388
397 388
232 389
243 389
399 389
428 389
86 390
262 390
114 391
132 391
145 391
176 391
314 391
364 391
375 391
447 391
460 391
187 392
277 392
376 392
84 393
147 393
414 393
194 394
432 394
114 395
130 395
216 395
102 396
148 396
252 396
338 396
207 397
255 397
297 397
464 398
116 399
134 399
245 400
251 400
273 400
325 400
65 401
169 401
197 401
199 401
243 401
276 401
351 401
364 401
401 401
166 402
267 402
403 402
438 402
246 403
249 403
389 403
419 403
421 403
240 404
276 404
377 404
136 405
171 405
175 406
241 406
270 406
277 406
323 406
405 406
420 406
182 407
231 407
310 407
175 408
225 408
273 408
362 408
418 408
156 409
184 409
293 409
366 409
405 409
438 409
35 410
65 410
260 410
262 410
420 410
426 410
469 410
173 411
176 411
216 412
393 412
161 413
251 413
403 413
446 413
107 414
182 414
199 414
376 414
378 414
184 415
309 415
366 415
391 415
247 416
252 416
335 416
87 417
188 417
193 417
265 417
280 417
185 418
284 418
376 418
406 418
279 419
321 419
409 419
47 420
164 420
197 420
199 420
250 420
405 420
430 420
144 421
348 421
277 422
382 422
128 423
172 423
240 423
376 423
408 423
175 424
279 424
478 424
75 425
173 425
231 425
306 425
181 426
217 426
301 426
376 426
459 426
209 427
225 427
261 427
330 427
382 427
392 427
151 428
279 428
295 428
373 428
432 429
182 430
184 430
188 430
278 430
344 430
178 431
409 431
191 432
254 432
188 433
446 433
191 434
254 434
271 434
372 434
394 434
326 435
197 436
313 436
373 436
382 436
118 437
137 437
202 437
245 437
196 438
286 438
435 438
41 439
58 439
77 439
214 439
244 439
171 440
222 440
469 440
170 441
205 441
232 441
100 442
228 442
321 442
371 442
217 443
394 443
259 444
296 444
439 444
454 444
148 445
351 446
128 447
383 447
394 447
419 447
421 447
184 448
275 448
332 448
154 449
253 449
444 449
478 449
193 450
397 450
245 451
294 451
131 452
365 452
207 453
220 453
230 453
233 453
363 453
367 453
164 454
202 454
306 454
213 455
235 455
270 456
395 456
424 456
430 456
453 456
78 457
264 457
380 457
411 457
204 458
287 458
61 459
90 459
217 459
408 459
176 460
342 460
393 460
429 461
394 462
462 462
187 463
359 463
391 463
418 463
431 463
435 463
436 464
97 465
252 465
319 465
71 466
123 466
414 466
155 467
241 467
276 467
296 467
198 468
214 468
227 468
335 468
478 468
210 469
314 469
417 469
217 470
219 470
240 470
446 470
135 471
165 471
230 471
371 471
386 471
426 471
214 472
423 472
82 473
267 473
397 473
423 473
311 474
370 474
456 474
109 475
382 475
175 476
398 476
402 476
404 476
146 477
348 477
398 477
432 477
183 478
327 478
380 478
392 478
393 478
89 479
287 479
195 480
201 481
250 481
345 481
440 481
158 482
211 482
243 482
322 482
66 483
195 483
237 483
325 483
472 483
202 484
322 484
97 485
300 485
358 485
162 486
128 487
376 487
449 487
342 488
357 488
168 489
172 489
293 489
318 489
411 490
422 490
135 491
185 491
404 491
110 492
182 492
333 492
82 493
276 493
430 493
459 493
145 494
188 494
214 494
217 494
336 494
350 494
116 495
195 495
230 495
244 495
309 495
435 495
472 496
154 497
240 497
346 497
90 498
162 498
222 498
234 498
238 498
330 498
164 500
323 500
262 501
300 501
366 501
126 502
162 502
382 502
180 503
321 503
343 503
445 503
182 504
340 504
455 504
174 505
280 505
194 506
197 506
315 506
436 506
249 507
357 507
423 507
201 508
208 508
238 508
196 509
413 509
149 510
273 510
214 511
216 511
232 511
234 511
403 511
157 512
225 513
331 514
393 514
301 515
346 515
348 515
130 516
165 516
385 516
171 517
182 517
187 517
347 517
191 518
178 519
339 519
372 519
182 520
345 520
193 521
204 521
436 521
443 521
276 522
419 522
427 522
457 522
145 523
284 523
302 523
367 523
218 524
258 524
265 524
153 525
232 525
246 525
333 525
357 526
163 528
325 529
172 531
400 532
414 533
342 534
380 534
191 535
263 535
271 535
285 535
207 536
311 536
300 537
363 537
356 538
222 540
235 540
349 540
174 543
252 543
264 547
420 547
396 548
286 549
215 550
340 551
381 551
350 553
357 553
176 554
230 554
309 554
255 556
197 559
209 561
294 564
331 564
234 566
311 567
187 568
197 569
257 572
278 573
213 574
