145 2
399 2
258 3
300 3
436 4
166 6
214 6
379 6
343 7
277 9
412 9
186 10
231 10
351 10
455 10
286 12
323 12
243 13
394 13
200 15
135 16
368 16
425 16
149 17
165 17
260 18
212 19
182 20
304 20
343 21
384 22
441 22
228 23
271 23
315 24
411 24
245 26
108 27
129 27
288 27
361 27
396 28
473 28
144 29
261 31
375 31
162 32
179 32
199 32
335 32
423 32
216 34
460 35
352 36
236 38
427 38
284 39
390 39
106 41
125 41
144 41
358 41
438 41
464 41
252 43
296 43
261 44
320 44
218 45
258 46
406 46
263 47
266 48
376 48
280 49
157 50
172 50
109 52
128 52
140 52
184 52
336 52
249 53
358 53
360 53
454 53
293 54
335 54
201 55
252 55
256 55
300 55
205 56
398 57
228 58
257 58
347 58
429 58
318 59
228 61
269 61
163 62
234 62
279 62
321 62
134 63
285 64
372 64
178 65
328 65
471 65
99 66
112 66
333 66
200 67
206 67
342 68
416 68
258 69
260 69
301 69
337 69
206 70
210 70
214 70
229 70
448 70
232 71
235 71
351 71
240 72
269 73
352 74
359 74
249 75
318 75
391 75
270 76
132 77
145 77
157 77
180 77
115 78
170 78
324 78
101 79
205 79
274 79
280 79
195 80
433 80
332 81
221 82
368 82
372 82
375 82
293 83
236 84
440 84
467 85
350 86
377 86
144 89
155 89
178 89
192 89
306 89
381 89
389 89
421 89
133 90
182 90
413 90
417 90
450 90
109 91
119 91
425 91
178 92
211 92
364 92
96 93
277 93
397 93
418 93
366 94
233 95
427 95
394 96
400 96
290 97
320 97
431 97
428 98
195 100
347 100
404 100
409 100
438 100
168 101
382 101
177 102
303 102
403 102
405 102
440 102
110 103
128 103
146 103
158 103
171 103
334 103
377 103
413 103
434 103
220 104
261 105
362 105
94 106
258 106
411 106
444 107
270 108
276 109
316 109
471 109
272 110
363 110
199 111
276 111
347 111
418 112
397 113
426 113
219 114
238 114
290 114
401 114
397 115
424 115
123 117
135 117
148 117
157 117
372 117
377 117
104 118
169 118
257 118
401 118
165 119
248 119
302 119
332 119
378 119
459 119
94 120
252 120
263 120
438 120
196 121
263 121
356 121
333 122
383 122
78 124
214 124
413 124
360 125
347 126
445 126
465 127
228 128
284 128
319 128
324 129
370 129
147 130
160 130
174 130
346 130
127 131
240 131
294 132
325 132
190 133
355 133
396 133
253 134
91 135
202 135
360 135
478 135
427 136
221 138
72 139
268 139
308 140
407 140
234 141
343 141
385 141
459 141
141 142
347 142
162 144
197 144
282 144
345 144
180 145
354 145
442 145
124 146
113 147
212 147
318 147
362 147
469 147
100 148
360 148
420 148
76 149
373 150
89 151
232 151
298 151
398 152
62 153
255 153
134 155
151 155
272 155
329 155
161 156
178 156
264 156
351 156
454 156
194 157
304 157
330 157
332 157
353 157
205 158
337 158
351 158
355 158
114 159
357 159
384 159
431 159
216 160
285 160
334 160
407 160
228 162
315 162
339 162
94 163
228 163
237 163
466 163
439 164
68 166
82 166
84 166
241 166
367 166
419 167
166 168
185 168
396 168
447 168
138 169
174 169
188 169
158 170
184 170
258 170
209 171
271 172
303 172
331 172
355 172
67 174
108 174
102 175
406 176
477 176
95 177
280 177
238 178
312 178
434 179
85 180
136 180
154 180
247 180
388 180
169 181
456 181
345 182
183 183
259 183
368 183
297 184
205 185
70 186
215 186
328 186
419 186
110 187
114 187
106 188
121 188
275 188
114 189
235 189
238 189
154 190
469 190
167 191
238 191
99 192
108 192
136 192
172 192
188 192
399 192
450 192
50 193
180 193
381 193
92 194
98 194
427 194
175 195
257 195
89 196
91 196
210 196
293 196
340 196
83 197
214 197
218 197
318 197
203 198
123 199
216 199
214 200
228 200
344 201
461 201
106 202
230 202
235 202
416 202
67 203
109 204
232 204
305 204
238 205
243 205
349 205
394 205
146 206
193 206
285 206
376 206
444 206
92 207
177 207
51 209
131 209
252 209
327 209
329 209
199 210
471 210
354 211
114 212
119 212
263 212
332 212
359 212
85 213
102 213
405 214
82 215
336 215
358 215
218 216
231 216
38 217
74 217
98 217
385 217
434 217
369 218
242 219
277 219
311 219
457 219
161 220
181 221
344 221
65 222
350 222
416 222
151 223
195 223
292 223
104 224
118 224
130 224
138 224
49 226
93 226
213 226
353 226
398 226
216 227
262 227
350 227
356 227
91 228
97 228
102 228
327 228
352 228
442 228
303 229
331 229
354 229
359 229
424 229
94 230
334 230
356 231
382 231
237 232
334 232
470 232
77 233
277 233
339 233
360 234
447 234
366 235
112 236
152 236
168 237
182 237
252 237
64 238
97 238
141 238
196 238
211 238
343 238
392 238
95 239
58 240
128 240
219 240
225 240
323 240
433 240
295 241
375 241
415 242
88 243
94 243
266 243
397 243
119 244
233 244
329 244
46 245
353 245
77 246
109 246
277 246
306 246
462 247
81 248
195 248
377 248
176 249
210 249
401 249
421 249
164 250
285 250
68 251
361 251
444 251
102 252
104 252
150 252
364 252
27 253
224 254
267 254
409 254
97 255
340 255
364 255
392 255
57 256
133 256
298 257
47 258
116 258
200 258
321 258
395 258
472 258
119 259
175 260
186 260
238 260
108 261
162 261
215 261
374 261
394 261
398 261
74 263
351 263
100 264
332 264
35 265
252 265
395 265
101 266
143 266
315 266
453 266
63 267
260 268
404 269
437 269
94 270
96 270
381 270
126 271
379 271
54 272
84 272
166 272
181 272
199 272
215 272
270 272
342 272
383 272
298 273
85 274
147 274
367 274
442 274
17 275
82 275
113 275
119 275
467 275
115 276
230 276
244 276
280 277
328 277
386 277
407 277
42 278
67 280
387 280
450 281
94 283
193 283
331 283
335 283
393 283
201 284
217 284
287 284
337 284
375 284
413 284
144 285
173 285
358 285
28 286
167 286
179 286
416 288
168 289
234 289
301 289
343 289
80 290
161 290
478 290
48 291
382 291
80 292
296 292
416 292
418 292
457 292
107 293
421 293
435 293
20 294
148 294
245 294
74 295
305 295
328 295
329 295
200 296
45 297
440 297
144 298
198 298
214 298
349 298
38 299
188 299
312 299
355 299
199 300
281 300
372 300
62 301
67 301
187 301
311 301
390 301
132 302
176 302
229 302
409 302
467 302
86 304
173 304
262 304
289 305
341 305
358 305
121 306
292 306
409 306
14 307
60 307
123 307
430 307
55 308
74 308
98 308
242 308
336 308
472 308
53 309
295 309
395 309
451 309
72 310
362 310
412 310
48 311
198 311
344 311
112 312
194 312
199 312
299 312
340 312
44 313
67 313
72 313
214 313
382 313
345 314
418 314
47 315
65 315
67 315
139 315
348 315
41 316
43 316
87 316
172 316
183 316
252 316
422 316
167 317
222 317
400 317
418 317
435 317
478 317
43 318
129 318
132 318
134 318
351 318
366 318
422 318
458 318
40 319
302 319
306 319
322 319
326 319
406 319
18 320
65 320
101 320
129 320
165 320
287 320
352 320
424 320
228 321
403 321
232 323
374 323
59 324
239 325
409 325
79 326
144 326
186 326
195 326
242 326
424 326
115 327
206 327
204 328
269 328
408 328
177 329
332 329
426 329
430 329
91 330
173 330
208 330
354 330
395 330
466 330
54 331
167 331
178 331
293 331
314 331
448 331
33 332
213 332
411 332
250 333
414 333
106 334
151 334
126 336
430 336
436 337
25 338
47 338
297 338
65 339
195 339
232 339
366 339
435 339
198 340
258 340
322 340
437 340
454 340
141 341
192 341
201 341
209 341
232 341
345 341
384 341
417 341
80 342
158 342
191 343
194 343
215 343
235 343
96 344
279 344
478 344
211 345
19 346
58 346
115 346
402 346
133 349
404 349
407 349
438 349
73 350
170 350
172 350
221 350
461 350
36 351
245 351
362 351
406 351
225 352
265 352
316 352
393 352
425 352
229 353
332 353
410 354
51 355
145 355
163 355
299 355
463 355
285 356
349 356
407 356
428 356
88 358
229 358
8 359
215 359
425 359
447 359
65 360
250 360
412 360
285 361
30 362
158 362
214 362
382 362
398 362
172 363
285 363
351 363
124 364
142 364
287 364
413 364
320 365
430 365
472 365
5 366
82 366
234 366
285 366
271 367
174 368
284 368
457 368
42 369
169 369
202 369
368 369
218 370
287 370
302 370
154 371
171 371
59 372
304 372
189 373
22 374
121 374
138 374
291 374
418 374
450 374
479 374
191 375
255 375
390 375
402 375
435 375
290 377
72 378
192 379
236 379
290 380
356 380
177 381
220 381
322 381
189 383
273 383
340 383
307 384
422 384
162 385
164 385
16 386
36 386
387 386
53 387
206 387
307 387
375 387
406 387
439 387
82 388
136 388
149 388
239 388
289 388
118 389
256 389
294 389
308 389
324 389
197 390
66 392
199 392
224 392
288 392
12 393
166 393
196 393
394 394
473 394
101 395
307 395
184 396
428 396
272 397
291 397
456 397
168 398
80 399
342 399
360 399
446 399
136 400
187 400
209 400
410 400
101 401
117 401
218 401
47 402
82 402
118 402
254 402
326 402
479 402
30 403
120 403
376 403
10 404
116 404
211 404
213 404
152 405
169 405
192 405
310 405
362 405
77 406
101 406
135 406
190 406
194 406
396 406
97 407
274 407
465 407
62 408
82 408
175 408
191 408
431 408
342 410
96 411
118 411
191 411
50 412
196 412
200 412
289 412
14 413
96 413
120 413
234 413
98 414
179 414
116 415
119 415
310 415
398 415
414 415
76 416
82 416
102 416
178 416
252 416
343 416
360 416
437 416
214 417
226 417
453 417
98 418
472 418
33 419
116 419
159 419
221 419
163 420
272 420
378 421
327 422
344 422
53 423
76 423
102 423
120 423
416 423
141 424
182 424
299 424
313 424
14 425
119 425
185 425
399 425
161 426
432 426
185 427
98 428
161 428
166 428
236 428
343 428
163 429
190 429
202 429
266 429
197 430
235 430
444 430
200 431
211 431
237 431
279 431
76 432
166 432
227 432
247 432
380 432
102 433
313 433
344 433
366 433
478 433
119 434
146 434
201 434
207 434
211 434
422 434
464 434
209 436
35 437
95 437
98 437
120 437
174 437
295 437
324 437
435 437
55 438
103 439
179 440
352 440
381 440
398 440
15 441
78 441
124 441
153 441
290 441
340 441
182 442
351 442
323 444
411 444
267 445
325 445
365 445
309 446
454 446
37 447
286 447
248 448
319 448
337 448
234 449
286 449
307 449
383 449
159 450
190 450
203 450
239 450
335 450
471 450
134 451
212 451
282 451
103 452
225 452
58 453
236 453
78 454
202 454
232 454
302 454
257 455
16 456
333 456
366 456
38 457
207 457
321 457
210 458
400 458
478 458
297 459
301 459
319 459
352 459
416 459
120 460
139 460
169 460
333 460
274 461
333 461
335 461
350 462
369 462
440 462
459 462
108 463
348 463
292 464
347 465
60 466
248 466
145 467
383 467
182 468
80 469
239 469
422 469
43 470
94 470
125 470
265 470
348 470
201 471
205 471
218 471
229 471
236 471
331 471
366 471
193 472
240 472
287 472
295 472
345 472
466 472
205 473
220 473
224 473
235 473
289 473
405 473
210 474
291 474
314 474
327 474
288 475
308 475
153 476
201 476
290 476
64 477
131 477
306 477
311 477
392 478
454 478
101 479
309 479
342 479
307 480
116 481
133 481
305 481
441 481
156 482
286 482
132 483
161 483
377 484
417 484
427 484
478 484
46 485
86 485
136 485
199 485
180 486
239 486
244 486
429 486
26 487
105 487
161 487
164 487
175 487
250 487
139 488
181 488
216 488
241 488
277 488
361 488
406 488
67 489
391 489
461 489
108 490
171 490
322 490
141 491
146 491
231 491
299 491
404 491
124 492
174 492
406 492
91 493
188 493
268 493
300 493
141 494
149 494
194 494
266 494
337 495
405 495
141 496
430 496
152 497
188 497
262 497
102 498
354 498
405 498
468 498
71 499
416 499
448 499
163 500
196 500
210 500
100 501
119 501
128 501
165 501
202 501
370 501
34 502
158 502
195 502
259 502
289 502
431 502
434 502
168 503
254 503
316 503
88 504
129 504
248 504
420 504
164 505
224 505
259 505
418 505
435 505
107 507
131 507
367 507
171 508
252 508
283 508
287 508
310 508
404 508
110 509
128 509
131 509
148 509
241 509
332 509
421 509
280 510
58 511
176 511
275 511
283 511
348 511
388 511
112 512
306 512
406 512
39 513
193 513
242 513
275 513
282 513
434 513
439 513
183 514
454 514
100 515
115 515
281 515
435 515
437 515
79 516
195 516
197 516
209 516
276 516
83 517
268 517
298 517
439 517
136 518
223 518
262 518
303 518
419 518
102 519
118 519
320 519
340 519
104 520
302 520
421 520
121 521
140 521
163 521
259 521
421 521
172 522
318 522
64 523
167 523
262 523
356 523
460 523
103 524
253 524
371 524
47 526
85 526
254 526
245 527
156 528
279 528
385 528
389 528
194 529
242 529
334 529
130 530
132 530
187 530
190 530
247 530
371 530
161 531
310 531
155 532
193 532
228 532
405 532
468 532
73 533
138 533
278 533
389 533
442 533
135 534
267 534
271 534
166 535
169 535
213 535
274 535
141 536
348 536
369 536
400 536
55 537
143 537
174 537
260 537
423 537
121 538
175 538
384 538
98 539
118 539
257 539
305 539
146 540
264 540
380 540
248 541
363 541
448 541
127 542
145 542
259 542
366 542
427 542
129 543
189 543
282 543
124 544
127 544
151 544
320 544
398 544
182 545
189 545
161 546
234 546
341 546
273 547
197 548
134 549
214 549
381 549
108 550
271 550
263 551
374 551
395 551
261 552
90 553
142 553
177 553
286 554
314 554
411 554
458 554
72 555
118 555
122 555
331 555
377 555
396 555
427 555
148 556
189 556
255 556
193 557
244 557
352 557
373 557
154 558
188 558
249 558
444 558
152 559
412 559
132 560
160 560
228 560
100 561
203 561
217 561
308 561
159 562
57 563
132 563
167 564
296 564
320 564
346 564
445 564
272 565
389 565
81 566
263 566
366 566
294 568
312 569
337 569
64 570
289 570
294 570
358 570
185 571
254 571
111 572
146 572
287 572
289 572
406 572
89 573
199 574
220 574
380 574
279 575
282 575
303 576
335 576
352 576
72 577
359 577
433 577
272 578
306 578
331 578
349 578
357 578
419 578
272 580
98 581
373 581
187 582
349 582
353 582
255 583
151 584
258 584
289 584
247 585
109 586
204 586
226 586
347 586
85 588
174 588
220 588
237 588
401 588
282 589
276 590
360 591
145 592
268 592
267 593
336 593
363 593
96 594
296 594
331 594
354 594
254 596
420 596
137 598
244 598
355 598
379 598
283 599
406 599
352 600
271 601
370 603
159 604
264 604
398 605
145 608
248 608
214 609
385 610
276 612
349 612
163 614
373 614
316 617
258 618
180 619
358 619
234 620
383 621
278 624
333 626
307 630
354 632
330 638
