335 1
364 2
159 3
180 3
262 3
324 3
479 3
307 5
221 6
145 7
174 8
296 8
410 10
139 11
246 12
277 12
235 14
367 14
385 14
428 14
200 15
269 15
440 15
336 16
354 16
378 16
394 17
408 17
453 18
329 19
319 20
467 20
250 21
478 21
186 22
306 23
296 24
147 25
236 26
178 28
224 28
278 28
141 29
267 29
348 29
366 29
388 30
334 31
380 31
419 31
130 33
340 33
361 33
395 33
410 33
436 33
168 34
252 34
205 35
319 35
451 36
304 38
468 38
119 39
155 39
293 40
188 41
300 41
240 42
279 42
287 42
147 44
280 44
220 45
286 46
276 47
354 47
365 47
135 48
174 48
225 48
260 48
262 48
332 48
345 48
422 48
212 49
215 49
380 49
394 49
417 49
427 49
454 51
251 52
263 52
315 52
401 52
122 53
248 53
256 53
316 53
307 54
467 54
238 55
204 56
195 57
234 57
282 57
304 57
154 58
301 58
113 59
184 60
229 60
227 61
105 62
219 62
282 62
432 62
218 63
353 63
418 63
435 63
133 65
254 65
260 65
363 65
379 65
212 66
264 66
342 66
452 66
318 67
325 67
391 67
168 68
320 68
206 69
214 69
300 69
307 69
209 70
206 71
288 71
296 71
314 71
318 71
159 72
202 72
124 73
197 73
304 73
473 73
228 74
230 74
422 75
147 76
222 76
228 76
290 76
108 77
275 77
280 77
419 77
260 78
265 78
421 78
222 79
258 79
435 79
266 80
347 80
358 80
177 81
364 81
382 81
167 82
171 82
179 82
258 82
329 82
395 82
134 83
322 83
453 83
167 84
308 84
170 85
242 85
243 85
404 86
470 86
202 87
292 87
233 88
276 88
278 88
187 89
190 89
479 89
415 90
154 91
276 91
112 92
182 92
259 92
250 93
332 93
346 93
433 94
183 95
260 95
354 95
362 95
136 96
171 96
174 96
254 96
379 96
444 96
205 97
303 97
127 98
173 98
372 98
101 99
165 99
238 99
197 100
392 100
276 101
285 101
405 101
464 102
260 103
274 103
116 104
198 104
184 105
256 105
263 105
478 105
152 106
220 106
418 106
346 107
105 109
97 110
309 110
316 110
336 110
430 110
138 111
240 111
245 111
329 111
362 111
173 112
378 112
444 112
275 113
291 113
174 114
203 114
167 115
170 115
388 115
452 115
123 116
260 116
276 116
167 117
173 117
200 117
220 117
400 117
467 118
164 119
200 119
462 119
473 119
158 120
196 120
250 120
152 121
399 121
407 121
75 122
190 122
152 123
193 123
409 123
430 123
108 124
305 124
350 124
366 124
182 125
185 125
188 125
320 125
332 125
369 125
428 125
232 126
363 126
446 126
102 127
284 127
293 127
438 128
224 129
270 129
384 129
387 129
132 130
171 130
377 130
389 130
132 131
259 131
460 131
214 132
378 132
242 133
406 133
401 134
397 135
91 136
163 136
419 136
425 136
119 137
200 137
335 137
474 137
84 138
149 138
155 138
298 138
186 139
197 139
237 139
318 139
350 139
436 139
157 140
191 140
287 140
366 140
369 140
121 141
149 141
182 141
230 141
356 141
438 141
440 141
152 142
191 142
270 142
375 142
112 143
145 143
146 143
380 143
171 144
185 144
392 144
73 145
146 145
181 145
259 145
372 145
376 145
388 145
398 145
400 145
440 145
454 145
136 146
176 146
382 146
172 147
470 147
130 148
170 148
177 148
395 148
104 149
162 149
166 149
213 149
241 149
408 149
414 149
130 150
160 150
343 150
417 150
419 150
316 151
427 151
62 152
132 152
162 152
201 152
299 152
157 153
160 153
191 153
286 153
291 153
97 154
150 155
153 155
156 155
194 155
200 155
332 155
361 155
266 156
275 156
383 156
437 156
182 157
144 158
184 158
220 158
379 158
140 159
180 159
391 159
396 159
91 160
406 160
113 161
241 162
350 163
423 163
65 164
297 164
302 164
305 164
452 164
169 165
286 165
326 165
345 165
350 165
358 165
368 165
465 165
294 166
301 166
315 166
328 166
438 166
129 167
284 167
371 167
206 168
289 168
366 168
162 169
263 169
274 169
371 169
101 170
75 171
154 171
193 171
378 171
390 171
403 171
245 172
387 172
400 173
415 173
238 174
311 175
440 176
221 177
304 177
321 177
329 177
144 178
279 178
290 178
302 178
46 179
170 179
312 179
328 179
338 179
69 180
114 180
324 180
453 180
282 181
329 181
88 182
261 182
461 182
210 183
80 184
245 184
401 184
478 185
159 186
396 186
399 186
411 187
126 188
303 189
340 189
344 189
99 190
295 190
300 190
355 190
426 190
183 191
225 191
286 191
342 191
445 191
47 192
287 192
289 192
296 192
315 192
345 192
359 192
435 192
282 193
298 193
303 193
326 193
350 193
372 193
272 194
295 194
306 194
322 194
145 195
261 195
365 195
370 195
461 195
68 196
174 196
213 196
255 196
333 197
380 197
114 198
247 198
395 198
328 199
55 200
336 200
403 200
473 200
138 201
163 201
169 201
197 201
203 201
236 201
130 202
134 202
412 202
430 202
158 203
348 203
50 204
79 204
153 204
162 204
193 204
364 205
161 206
450 206
125 207
156 207
308 207
287 208
274 209
381 209
97 210
127 210
215 210
320 210
329 210
67 211
144 211
424 211
180 212
183 212
121 213
434 213
136 214
339 214
464 214
117 215
164 215
170 215
453 215
162 216
204 216
400 216
169 217
199 217
230 217
406 217
171 218
350 218
88 219
158 219
200 219
364 219
154 220
171 220
309 220
151 221
189 221
278 221
279 221
415 221
473 221
126 222
379 222
168 224
186 224
218 224
290 224
314 224
51 225
77 225
104 225
249 225
324 225
34 226
182 226
185 226
208 226
263 226
436 226
445 226
127 227
257 227
430 227
395 228
119 229
183 229
246 229
142 230
350 230
236 231
244 231
247 231
456 232
196 233
199 233
153 234
409 234
115 235
133 235
270 235
276 235
91 236
136 236
154 236
275 236
280 236
365 236
471 236
133 237
228 237
265 237
266 237
291 237
19 238
60 238
218 238
302 238
378 238
422 238
311 239
36 240
128 240
133 240
192 240
130 241
324 241
387 241
393 241
209 242
340 242
437 242
127 243
148 243
184 243
387 243
77 244
125 244
393 244
120 246
354 246
239 247
245 247
274 247
407 247
450 247
266 248
277 248
287 248
369 248
50 249
123 249
137 249
197 249
233 249
261 249
263 249
365 249
100 250
192 250
259 250
375 250
463 250
139 251
268 251
373 251
419 251
134 252
312 252
114 253
116 253
170 253
223 253
303 253
382 253
471 253
20 254
74 254
153 254
330 254
479 254
93 255
320 255
385 255
391 255
43 256
148 256
432 257
66 258
114 258
285 258
342 258
183 259
210 259
270 259
443 259
146 260
242 260
275 260
396 260
357 261
399 261
39 262
408 262
145 263
199 263
251 263
366 263
139 264
142 264
57 265
230 265
238 265
371 265
455 265
325 266
376 266
156 267
190 267
379 267
418 267
30 268
77 268
140 268
385 268
392 268
220 269
337 269
381 269
463 269
52 270
103 270
170 270
385 270
345 271
398 271
135 272
214 272
264 272
393 272
95 273
114 273
118 273
262 273
291 273
361 273
430 273
475 273
48 274
99 274
282 274
358 274
364 274
93 275
249 275
256 275
263 275
114 276
147 276
303 276
441 276
249 277
372 277
18 278
93 278
314 278
377 278
147 279
181 279
238 279
108 280
112 280
129 280
160 280
411 280
45 281
69 281
327 281
67 282
200 282
229 282
452 282
388 283
85 284
143 284
274 284
38 285
364 285
426 285
123 286
220 286
102 287
138 287
155 287
190 287
255 287
283 287
422 287
427 287
296 288
350 288
461 288
6 289
60 289
80 289
270 289
272 289
170 290
213 290
244 290
260 290
312 290
373 290
121 291
437 291
135 292
247 292
319 292
474 292
239 293
404 293
78 294
118 294
359 294
411 294
94 295
324 295
437 295
23 296
69 296
329 296
136 297
232 297
113 298
182 298
227 298
339 298
367 298
72 299
269 299
459 299
145 300
392 300
44 301
127 301
162 301
200 301
263 301
274 301
290 301
308 301
62 302
146 302
267 302
299 302
427 302
447 302
17 303
219 303
253 303
347 303
467 303
159 304
177 304
248 304
259 304
403 304
12 305
64 305
126 305
473 305
128 306
320 306
377 306
435 306
41 307
86 307
144 307
105 308
124 308
128 308
159 308
190 308
456 308
57 309
61 309
79 309
123 309
140 309
142 309
282 310
406 310
234 311
269 311
275 311
335 311
408 311
30 312
61 312
209 312
138 313
274 313
365 313
278 314
290 314
416 314
56 315
74 315
121 315
136 315
155 315
265 315
390 315
444 315
52 316
184 316
250 316
256 316
319 316
370 316
117 317
346 317
21 318
53 318
55 318
203 318
221 318
468 318
154 319
245 319
300 319
148 320
253 320
327 320
180 321
255 321
259 321
45 322
131 322
147 322
353 322
379 322
478 322
168 323
239 323
133 324
266 324
407 324
428 324
452 324
95 325
146 325
161 326
176 326
333 326
430 326
147 327
234 327
274 327
281 327
284 327
361 327
394 327
438 327
163 328
199 328
411 328
464 328
111 329
193 329
278 329
88 330
147 330
179 331
212 331
340 331
366 331
383 331
65 332
145 332
193 332
416 332
35 333
161 333
253 333
300 333
405 333
3 334
142 334
256 334
474 334
127 335
226 335
282 335
288 335
345 335
82 336
208 336
321 336
450 336
141 337
156 337
370 337
427 337
122 338
319 338
406 338
105 339
240 339
307 339
265 340
391 340
426 340
459 340
79 341
119 341
138 341
154 341
348 341
24 342
231 342
304 342
52 343
189 343
191 343
225 343
259 343
263 343
271 343
310 343
122 344
133 344
99 345
170 345
287 345
375 345
411 345
466 345
255 346
293 346
446 346
191 347
286 347
400 347
170 349
247 349
249 349
359 349
475 349
44 350
68 350
114 350
190 350
253 350
327 350
402 350
452 350
15 351
94 351
142 351
184 351
203 351
247 351
250 351
286 351
419 351
169 352
188 352
237 352
241 352
157 353
342 353
379 353
393 354
422 354
189 355
312 355
401 355
309 356
460 356
5 357
34 357
126 357
273 357
307 357
327 357
410 357
426 357
479 357
364 358
106 359
170 359
183 359
192 359
346 359
410 359
155 360
425 360
142 361
466 361
171 362
192 362
194 362
216 362
446 362
84 363
87 363
310 363
329 363
107 364
238 364
244 364
382 364
417 364
46 365
154 365
155 365
23 366
196 366
250 366
401 366
137 367
271 367
368 367
470 367
102 368
174 368
230 368
232 368
238 368
432 368
452 368
227 369
266 369
348 369
155 370
174 370
195 370
212 370
222 370
238 370
329 370
172 371
190 371
216 371
226 371
234 371
260 371
289 371
118 372
122 372
222 372
264 372
422 372
203 373
261 373
304 373
370 373
387 373
454 373
11 374
257 374
279 374
77 375
93 375
96 375
56 376
256 376
262 376
375 376
34 377
100 377
183 377
279 377
287 377
7 378
137 378
460 378
110 379
262 379
365 379
443 379
479 379
94 380
150 380
207 380
280 380
51 381
73 381
132 381
139 381
185 381
210 381
93 382
110 382
136 382
195 382
239 382
425 382
154 383
157 383
218 383
275 383
189 384
228 384
271 384
281 384
301 384
138 385
193 385
379 385
69 386
161 386
195 386
199 386
203 386
270 386
395 386
90 387
189 387
197 387
234 387
275 387
448 387
466 387
86 388
107 388
153 388
157 388
215 388
310 388
213 389
41 390
85 390
157 390
209 390
366 390
378 390
163 391
254 391
349 391
412 391
88 392
137 392
274 392
14 393
275 393
450 393
472 393
106 394
120 394
170 394
172 394
255 394
34 395
99 395
290 395
58 396
80 396
105 396
132 396
175 396
178 396
244 396
97 397
176 398
223 398
268 398
305 398
146 399
196 399
199 399
234 399
115 400
146 400
188 400
200 400
344 400
48 401
96 401
263 401
75 402
207 402
282 402
322 402
338 402
478 402
363 403
365 403
438 403
458 403
3 404
42 404
67 404
97 404
393 404
407 404
44 405
70 405
22 406
159 406
86 407
167 407
231 407
320 407
393 407
58 408
61 408
87 408
128 408
274 408
316 408
408 408
174 409
307 409
310 409
363 409
366 409
420 409
16 410
82 410
112 410
118 410
436 410
449 410
465 410
36 411
86 411
206 411
80 412
84 412
113 412
342 412
364 412
189 413
375 413
410 413
260 414
435 414
439 414
77 415
111 415
279 415
314 415
328 415
7 416
41 416
233 416
73 417
300 417
28 418
97 418
148 418
390 418
407 418
221 419
411 419
259 420
290 420
405 420
95 421
250 421
305 421
426 421
66 422
88 422
159 422
207 422
215 422
303 422
310 422
321 422
357 422
389 422
472 422
92 423
172 423
335 423
63 424
199 424
421 424
424 424
185 425
370 425
392 425
438 425
18 426
127 426
243 426
374 426
390 427
13 428
94 428
101 428
109 428
112 428
114 428
367 428
457 428
86 429
106 429
230 429
372 429
428 429
75 430
310 430
409 430
411 430
7 431
294 431
428 431
40 432
137 432
148 432
286 432
263 433
303 433
390 433
422 433
74 434
284 434
64 435
69 435
307 435
310 435
445 435
75 436
210 436
63 437
161 437
305 437
308 437
109 438
175 438
185 438
193 438
251 438
339 438
70 439
91 439
93 439
281 439
331 439
365 439
31 440
115 440
118 440
126 441
337 441
468 441
116 442
129 442
239 442
297 442
359 443
386 443
130 444
135 444
333 444
353 444
44 445
266 445
354 445
360 445
421 445
317 446
336 446
223 447
334 447
382 447
384 447
400 447
332 448
351 448
377 448
139 449
163 449
173 449
203 449
286 449
356 449
376 449
142 450
162 450
197 450
255 450
348 450
394 450
151 451
153 451
185 451
327 451
330 451
451 451
460 451
75 452
94 452
158 452
172 452
278 452
350 452
376 452
394 452
396 452
86 453
102 453
184 453
240 453
348 453
110 454
182 454
304 454
325 454
366 454
413 454
65 455
82 455
436 455
55 456
127 456
271 456
325 456
48 457
346 457
348 457
394 457
467 457
124 458
369 458
387 458
39 459
129 459
137 459
227 459
261 459
338 459
367 459
27 460
295 460
341 460
433 460
143 461
316 461
388 461
409 461
474 461
157 462
200 462
216 462
335 462
383 462
18 463
144 463
152 463
178 463
190 463
194 463
205 463
381 463
390 463
449 463
158 464
181 464
383 464
388 464
429 464
6 465
153 465
184 465
193 465
281 465
332 465
84 466
196 466
244 466
352 466
361 466
63 467
190 467
308 467
332 467
358 467
379 467
74 468
91 468
379 468
402 468
100 469
377 469
443 469
52 470
234 470
355 470
422 470
107 471
121 471
116 472
268 472
295 472
396 472
348 473
375 473
415 473
455 473
469 473
327 474
342 474
353 474
394 474
139 475
150 475
210 475
320 475
122 476
140 476
157 476
165 476
197 476
220 476
350 476
393 476
24 477
256 477
343 477
14 478
137 478
139 478
164 478
167 478
179 478
190 478
413 478
185 479
201 479
249 479
280 479
391 479
431 479
175 480
194 480
461 480
333 481
7 482
69 482
447 484
95 485
106 486
260 486
231 487
324 487
117 488
292 489
321 489
370 489
16 490
133 490
170 490
219 490
314 490
476 490
38 491
52 491
193 491
333 491
394 491
207 492
42 493
49 493
54 493
141 493
182 493
247 493
421 493
463 493
280 494
45 495
80 495
362 495
56 496
77 496
69 497
89 497
100 497
214 498
232 498
269 498
304 498
326 498
360 498
446 498
79 499
323 499
329 499
406 499
327 500
351 500
357 500
155 501
162 501
379 501
433 501
262 502
117 503
319 503
132 504
177 504
292 504
468 504
22 505
189 505
372 505
423 505
36 506
42 506
199 506
239 506
249 506
392 506
51 507
57 507
313 507
30 508
413 508
67 509
73 509
144 509
228 509
54 510
276 510
333 510
72 511
303 511
330 511
361 511
67 512
161 512
440 512
458 512
476 512
98 513
266 513
185 514
397 514
108 515
254 515
346 515
116 516
432 516
128 518
192 518
338 518
426 518
226 519
243 519
378 519
139 520
207 520
315 520
369 520
413 521
147 522
39 523
153 523
164 523
301 523
408 523
461 523
52 524
64 524
405 524
450 524
73 525
163 525
361 525
440 525
445 525
350 526
426 526
81 527
176 527
187 527
412 527
432 527
268 528
427 528
338 529
409 529
412 529
422 529
89 530
117 530
191 530
221 530
230 530
281 530
317 530
373 530
374 530
390 530
416 530
100 531
214 531
324 531
382 531
195 532
374 532
368 533
131 534
138 534
143 534
151 534
206 534
163 536
467 536
168 537
171 537
438 537
178 538
414 538
424 538
450 538
346 539
402 539
32 540
173 540
233 540
240 540
251 540
411 540
420 540
433 540
45 541
73 541
84 541
178 541
193 541
261 541
274 541
379 541
402 541
57 542
92 542
181 542
187 542
190 543
372 543
380 543
383 543
104 544
326 546
373 546
116 547
316 547
475 547
466 548
297 549
345 549
351 549
359 549
457 549
131 550
145 550
307 550
431 550
433 550
164 551
277 551
289 551
411 551
439 551
440 551
448 551
183 552
225 552
242 552
412 552
422 552
424 552
428 552
158 553
172 553
178 553
256 553
393 553
162 554
171 554
267 554
386 554
391 554
394 554
434 554
174 555
181 555
388 555
184 556
400 556
406 556
41 557
377 557
388 557
470 557
58 558
75 559
86 559
373 559
454 559
95 560
357 560
366 560
109 561
342 561
103 562
278 562
123 563
138 563
276 563
286 563
294 563
325 563
131 564
157 564
280 564
310 564
161 565
167 565
197 565
206 565
231 565
250 565
194 566
198 566
166 567
217 567
264 567
364 567
392 567
395 567
434 567
171 568
382 568
422 568
447 568
166 569
191 569
372 569
387 569
464 569
381 571
276 573
266 574
295 574
337 574
48 575
69 575
123 575
286 575
80 576
110 576
349 576
310 577
330 577
136 579
194 579
388 579
211 580
219 580
151 581
180 581
362 581
471 581
161 582
227 582
238 582
400 582
428 582
250 583
255 583
375 583
441 583
454 583
194 584
260 585
279 586
274 587
285 587
269 588
298 588
309 588
70 589
319 590
85 591
105 592
119 592
326 592
129 593
150 593
185 593
162 594
181 594
373 594
396 594
159 595
176 595
196 595
203 595
369 595
376 595
402 595
168 596
174 596
189 596
220 596
249 596
364 596
463 596
187 597
194 597
199 597
247 597
381 597
417 597
434 597
166 598
244 598
259 598
261 598
400 598
452 598
191 599
247 599
249 599
273 599
253 600
278 603
298 603
85 605
98 605
330 605
128 607
373 607
114 608
347 608
152 609
386 609
161 610
419 610
186 611
220 611
233 611
195 612
208 612
245 612
410 612
267 615
277 618
285 619
301 620
313 621
350 621
338 622
146 623
375 623
137 624
216 624
231 624
238 624
169 625
186 627
260 627
273 630
204 634
233 636
357 636
302 637
317 639
