282 2
302 2
386 4
407 4
255 5
264 5
274 5
363 5
374 5
394 6
343 7
419 7
433 8
310 10
327 10
293 14
362 15
271 16
370 16
398 16
420 16
382 17
413 17
350 18
391 18
431 18
336 19
254 20
235 21
451 22
317 23
458 23
219 25
301 25
286 27
398 27
474 27
373 29
387 29
418 29
428 29
343 30
359 30
407 30
204 31
266 31
326 31
441 31
447 33
253 34
316 35
239 36
228 38
304 38
463 38
349 39
285 40
370 40
378 40
472 40
338 41
348 41
351 41
398 41
208 42
289 42
406 42
264 43
334 43
418 43
438 44
262 45
323 45
325 45
448 45
252 46
329 46
258 47
309 48
337 48
233 49
304 49
319 49
351 49
385 49
459 49
465 49
183 50
381 50
412 50
292 51
359 51
360 51
220 52
279 52
298 52
368 52
374 52
380 52
471 52
283 53
410 53
434 53
286 54
439 55
444 55
200 56
453 56
255 58
341 58
251 59
467 59
182 60
301 60
333 60
353 60
368 60
247 61
348 61
359 61
366 61
377 61
383 61
398 61
236 62
298 62
326 62
328 62
362 62
374 62
397 62
406 62
419 62
276 63
291 63
410 63
412 63
420 63
220 64
433 64
165 65
443 69
387 70
456 70
200 71
263 71
290 71
334 71
352 72
355 72
393 72
396 72
469 72
268 73
294 73
320 73
326 73
334 73
279 74
314 74
344 74
348 74
188 75
248 75
374 75
418 75
235 76
358 76
361 76
364 76
423 77
431 77
433 77
177 79
438 79
213 81
387 81
400 82
454 82
292 84
463 84
276 85
341 85
401 85
154 86
325 86
352 86
474 86
259 87
301 87
320 87
361 87
194 88
247 88
369 88
378 89
423 89
434 89
427 90
141 92
234 92
385 92
437 92
172 93
215 93
397 94
304 96
317 96
326 96
458 96
411 97
271 98
290 98
298 98
311 98
341 98
152 99
199 99
359 99
469 99
259 100
348 100
423 100
179 102
371 102
478 103
167 104
246 104
228 105
387 105
428 105
215 107
397 107
312 108
401 108
447 108
294 109
310 109
313 109
134 110
299 110
336 110
202 111
263 111
325 111
412 111
415 111
253 112
353 112
420 112
459 112
410 113
466 113
371 114
424 114
119 115
163 115
243 117
187 118
387 118
477 118
228 119
293 120
396 120
401 120
444 120
147 121
221 121
291 121
327 121
287 122
315 122
270 123
303 123
336 123
360 123
402 123
172 124
254 124
334 124
339 124
354 124
404 124
417 125
128 126
371 126
457 126
158 127
242 127
412 127
197 128
425 128
112 129
229 129
179 131
231 131
388 131
471 131
316 132
282 133
402 133
431 133
479 133
280 134
307 134
316 134
331 134
436 134
207 135
216 135
441 135
136 136
166 136
259 136
338 136
412 136
356 137
368 137
440 137
207 138
251 138
416 138
241 139
450 139
156 140
192 140
379 140
419 140
228 142
418 142
428 142
118 143
298 143
464 143
311 144
394 144
213 145
282 145
325 145
260 146
271 146
305 146
327 146
338 146
473 146
174 147
205 147
212 147
283 147
303 147
310 147
341 147
102 148
208 148
245 148
329 148
334 148
343 148
134 149
359 149
406 149
411 151
191 152
370 152
417 152
419 152
448 152
156 153
218 154
280 155
293 155
295 155
116 156
259 156
290 156
383 156
205 157
209 157
313 157
326 157
427 157
434 157
462 157
470 157
143 158
171 158
320 158
332 158
399 158
404 158
432 158
233 159
242 159
342 159
231 160
225 161
226 161
356 161
223 162
357 162
410 162
478 162
192 163
369 163
158 164
446 164
120 165
157 165
198 165
204 165
253 165
287 165
293 165
382 165
127 166
277 166
338 166
419 166
94 167
181 167
184 167
331 167
455 167
312 168
316 168
395 169
83 170
109 170
141 170
176 170
363 170
402 170
136 171
230 171
437 171
467 171
356 172
136 173
214 173
162 174
200 174
202 174
211 174
256 174
280 174
284 174
130 175
157 175
253 175
265 175
272 175
159 176
202 176
244 176
295 176
323 176
325 176
374 176
418 176
300 177
305 177
325 177
382 177
183 178
185 178
192 178
428 178
449 178
89 179
152 179
190 179
227 179
347 179
231 180
339 180
114 181
397 181
458 181
175 183
403 183
437 183
358 184
130 185
163 185
263 185
297 185
409 185
470 185
438 186
447 186
156 187
192 187
202 187
302 187
308 187
323 187
410 187
261 188
311 188
374 188
441 188
156 189
183 189
239 189
327 189
336 189
382 189
238 190
114 191
179 191
213 192
337 193
339 193
343 193
457 193
205 194
211 194
291 194
295 194
300 194
348 194
392 194
130 195
277 195
280 195
298 195
310 195
323 195
431 195
246 196
352 196
405 196
436 196
464 197
88 198
119 198
406 198
189 199
366 199
217 200
212 201
471 201
108 202
137 202
175 202
382 202
420 202
447 202
78 203
169 203
205 203
309 203
318 203
332 203
412 203
415 203
275 204
347 204
422 204
423 204
426 204
168 205
281 205
353 205
159 206
246 206
457 206
478 206
224 207
351 207
355 207
388 207
432 207
94 208
125 208
398 208
430 208
308 209
144 210
303 210
359 210
402 210
199 211
211 211
315 211
317 211
321 211
166 212
322 212
332 212
370 212
439 212
373 213
191 214
330 214
337 214
418 214
108 215
129 215
266 215
272 215
277 215
335 215
378 215
391 215
79 216
182 216
252 216
256 216
258 216
283 216
347 216
399 216
419 216
447 216
297 217
353 217
383 217
472 217
231 218
240 218
247 218
304 218
149 219
231 219
234 219
378 219
405 219
430 219
455 219
120 220
218 220
351 220
354 220
361 220
202 221
356 221
433 221
68 223
359 223
361 223
394 223
89 224
283 224
396 224
109 225
136 225
181 225
259 225
332 225
372 225
438 225
250 226
279 226
293 226
344 226
471 226
153 227
255 227
371 227
375 227
248 228
259 228
342 228
348 228
446 228
59 229
79 229
124 229
169 229
171 229
229 229
239 229
300 229
310 229
101 230
214 230
216 230
318 230
355 230
157 231
207 231
223 231
381 231
392 231
417 232
67 234
195 234
458 234
140 235
180 235
90 236
114 236
272 236
284 236
255 237
297 237
371 237
236 238
247 238
300 238
341 238
344 238
258 239
466 239
131 240
311 240
345 240
395 240
444 240
79 241
221 241
224 241
354 241
156 242
216 242
384 242
148 243
315 243
420 243
193 244
324 244
93 245
97 245
330 245
362 245
427 245
474 245
48 246
68 246
191 246
275 246
281 246
185 247
453 247
85 248
225 248
232 248
290 248
432 248
141 249
178 249
342 249
395 249
84 250
219 250
231 250
234 250
243 250
256 250
438 250
41 251
301 251
460 251
56 252
82 252
157 252
206 252
214 252
164 253
380 253
441 253
273 254
317 254
407 254
130 255
189 255
360 256
421 256
466 256
238 257
283 257
335 257
96 258
99 258
182 258
252 258
69 259
220 259
262 259
429 259
48 260
298 260
395 260
95 261
170 261
198 261
207 261
348 261
372 261
420 261
451 261
115 262
140 262
201 262
92 263
159 263
196 263
385 263
401 263
421 263
436 263
164 264
318 264
113 265
186 265
326 265
406 265
479 265
132 266
441 266
38 267
253 267
264 267
275 267
335 267
360 267
413 267
103 268
106 268
108 268
235 268
428 268
52 269
69 269
85 269
89 269
177 269
180 270
341 270
463 270
83 271
223 271
316 271
396 271
401 271
430 271
104 272
143 272
207 272
291 272
370 272
384 272
446 272
195 273
300 274
420 274
165 275
390 275
41 276
78 276
96 276
177 276
326 276
352 276
425 276
455 276
59 277
92 277
185 277
434 277
474 277
246 278
260 278
271 278
132 279
162 279
222 279
232 279
397 279
379 280
156 281
202 281
313 281
336 281
412 281
210 282
285 282
462 282
89 283
189 283
415 283
104 284
346 284
30 285
234 285
295 285
421 285
70 286
123 286
370 286
403 286
46 287
103 287
177 287
243 287
80 288
83 288
141 288
408 288
448 288
304 289
331 289
390 289
170 290
376 290
114 291
273 291
432 291
276 292
455 292
114 293
135 293
211 293
226 293
416 293
433 293
60 294
203 294
233 294
241 294
312 294
436 294
476 294
35 295
87 295
159 295
243 295
287 295
326 295
362 295
403 295
195 296
246 297
346 297
418 297
438 297
464 297
262 298
295 298
331 298
52 299
260 299
405 299
106 300
183 300
263 300
389 300
77 301
97 301
100 301
123 301
148 302
338 302
409 302
444 302
97 303
305 303
322 303
355 303
28 304
100 304
172 304
226 304
272 304
96 305
449 305
45 306
163 306
245 306
216 307
113 308
132 308
249 308
431 308
91 309
110 309
202 309
209 309
285 309
397 309
315 310
347 310
365 310
416 310
62 311
108 311
158 311
189 311
295 311
402 311
421 311
471 311
195 312
40 313
382 313
151 314
83 315
102 315
265 315
334 315
388 315
456 315
478 315
440 316
82 317
122 317
183 317
229 317
321 317
119 318
174 318
219 318
242 318
303 318
354 318
444 318
56 319
277 319
281 319
34 320
94 320
241 320
243 320
248 320
341 320
374 320
409 320
342 321
394 321
55 322
141 322
162 322
463 322
114 323
200 323
327 323
346 323
359 323
92 324
260 324
395 324
414 324
433 324
27 325
93 325
194 325
382 325
46 326
66 326
163 326
361 326
398 326
451 326
115 327
161 327
209 327
296 327
310 327
363 327
70 328
223 328
232 328
271 328
402 328
437 328
65 329
91 329
195 329
300 329
333 329
369 329
423 329
66 330
133 330
241 330
400 330
410 330
108 331
184 331
352 331
58 332
79 332
103 332
368 332
99 333
101 333
340 333
372 333
403 333
424 333
38 334
77 334
252 334
322 334
335 334
356 334
426 334
469 334
15 335
180 335
306 335
417 335
81 336
172 336
290 336
292 336
342 336
353 336
457 336
102 337
141 337
278 337
322 337
325 337
444 337
56 338
79 338
98 338
148 338
259 338
308 338
375 338
52 339
198 339
355 339
418 339
95 340
113 340
167 340
375 340
170 341
210 341
224 341
392 341
474 341
71 342
266 342
296 342
409 342
93 343
236 343
328 343
343 343
438 343
25 344
53 344
86 344
115 344
130 344
187 344
199 344
68 345
110 345
111 345
159 345
397 345
428 345
88 346
413 346
300 347
317 347
462 347
47 348
67 348
87 348
131 348
133 348
248 348
382 348
397 348
188 349
385 349
43 350
184 350
287 350
303 350
414 350
299 351
398 351
448 351
19 352
126 352
176 352
402 352
417 352
336 353
467 353
40 354
225 354
303 354
318 354
349 354
403 354
434 354
60 355
207 355
274 355
360 355
371 355
418 355
335 356
337 356
387 356
391 356
57 357
80 357
146 357
162 357
164 357
167 357
232 357
258 357
289 357
305 357
350 357
451 357
198 358
291 358
322 358
340 358
421 358
119 359
336 359
351 359
143 360
376 360
92 361
116 361
239 361
243 361
339 361
436 361
454 361
32 362
243 362
304 362
365 362
392 362
425 362
91 363
160 363
277 363
379 363
133 364
190 364
245 364
293 364
356 364
366 364
474 364
9 365
107 366
114 366
426 366
262 367
293 367
322 367
326 367
328 367
48 368
427 368
430 368
106 369
150 369
208 370
294 370
459 370
66 371
108 371
230 371
298 371
309 371
314 371
413 371
446 371
100 372
247 372
343 372
387 372
400 372
99 373
125 373
202 373
205 373
26 374
83 374
238 374
328 374
343 374
78 375
201 375
263 375
281 375
361 375
418 375
463 375
104 376
143 376
169 376
298 376
95 377
200 377
251 377
385 377
431 377
18 378
280 378
375 378
387 378
419 378
96 379
267 379
298 379
98 380
300 380
313 380
332 380
358 380
138 381
448 381
35 382
191 382
231 382
301 382
405 382
419 382
71 383
215 383
268 383
334 383
53 384
362 384
405 384
467 384
288 385
419 385
92 386
160 386
271 386
303 386
86 387
217 387
454 387
82 388
391 388
395 388
9 389
84 389
182 389
204 389
333 389
381 389
421 389
25 390
107 390
216 390
237 390
367 390
177 391
271 391
347 391
472 391
83 392
131 392
381 392
439 392
101 393
365 393
98 394
151 394
382 394
410 394
61 395
301 395
352 395
45 396
203 396
221 396
289 396
383 396
81 397
123 397
202 397
236 397
254 397
270 397
272 397
274 397
306 397
443 397
399 398
460 398
74 399
218 399
382 399
476 399
116 400
224 400
290 401
17 402
147 402
174 402
192 402
253 402
288 402
304 402
306 402
336 402
382 402
91 403
92 403
167 403
190 403
195 403
322 403
36 404
147 404
162 404
170 404
303 404
411 404
98 405
285 405
399 405
90 406
173 406
287 406
291 406
371 406
466 406
137 407
351 407
87 408
117 408
133 408
232 408
361 408
450 408
60 409
106 409
304 409
431 409
91 410
140 410
161 410
302 410
83 411
181 411
189 411
268 411
284 411
338 411
212 412
287 413
104 414
106 414
253 414
387 414
401 414
208 415
314 415
325 415
183 416
302 416
416 416
470 416
75 417
244 417
48 418
23 419
128 419
435 419
97 420
106 420
125 420
151 420
204 420
180 421
227 421
269 421
364 421
460 421
123 422
198 422
375 422
404 422
448 422
43 423
158 423
387 423
422 423
100 424
327 424
65 425
171 425
225 426
439 426
474 426
86 427
125 427
342 427
464 427
266 428
118 429
184 429
200 429
239 429
286 429
289 429
300 429
378 429
13 430
90 430
97 430
143 430
170 430
354 430
424 430
133 431
95 432
136 432
174 432
220 432
31 433
131 433
392 433
410 433
56 434
90 434
81 435
82 435
87 435
135 435
144 435
298 435
366 435
441 435
468 435
478 435
179 436
248 436
407 436
456 436
47 437
103 437
105 437
112 437
161 437
190 437
301 437
317 437
328 437
173 438
176 438
198 438
285 438
357 438
22 439
133 439
159 439
237 439
263 439
282 439
314 439
428 439
164 440
190 440
235 441
268 442
284 442
285 442
343 442
405 442
408 442
74 443
99 443
243 443
258 443
317 443
125 444
157 444
190 444
416 444
433 444
447 444
301 446
39 447
94 447
146 447
281 447
371 447
430 447
461 447
358 448
392 448
123 449
144 450
163 450
316 450
205 451
267 451
371 451
448 451
58 452
91 452
150 452
185 452
239 452
140 453
266 453
315 453
370 453
237 454
342 454
466 454
201 455
223 455
326 455
382 455
384 455
25 456
114 456
123 456
141 456
138 457
282 457
395 457
397 457
411 457
158 458
359 458
372 458
179 459
385 459
77 460
371 460
423 460
154 461
279 461
453 461
45 462
409 462
412 462
16 463
297 463
399 463
108 464
245 464
311 464
383 464
67 465
386 465
398 465
294 466
410 466
258 467
400 467
422 467
468 467
35 468
169 468
196 468
259 468
331 468
383 468
341 469
426 469
225 470
247 470
292 470
297 470
145 471
276 471
310 471
439 471
160 472
211 472
350 472
399 472
457 472
60 473
225 473
257 473
414 473
92 474
124 474
280 474
373 474
139 475
474 475
269 476
120 477
125 477
163 477
185 477
24 478
239 478
277 478
387 478
441 478
154 479
267 479
414 479
49 480
223 480
292 480
43 481
163 481
236 481
340 481
186 482
218 482
252 482
268 482
289 482
45 483
54 483
291 483
308 483
375 483
16 484
285 484
413 484
110 485
178 485
184 485
338 485
460 485
146 486
293 486
401 486
71 487
179 488
287 488
428 488
447 488
282 489
290 489
322 489
478 489
34 490
76 490
142 490
388 490
62 491
145 491
244 491
101 492
196 492
264 492
375 492
140 493
146 493
189 493
363 493
67 494
164 494
317 494
323 494
400 494
286 495
320 495
453 495
27 496
64 496
141 496
164 496
415 496
59 497
168 497
336 497
365 497
56 498
185 498
320 498
466 498
129 499
157 499
306 499
339 499
400 499
428 499
90 500
133 500
49 501
164 501
259 501
299 501
303 502
365 502
390 502
76 503
124 503
133 503
180 503
301 503
349 503
84 504
127 504
151 504
298 504
352 504
73 505
363 505
44 506
175 506
235 506
318 506
360 506
47 507
122 507
196 507
274 507
363 507
402 507
456 507
44 508
389 508
444 508
46 509
150 509
215 509
254 509
374 509
42 510
68 510
78 511
109 511
19 512
32 512
63 512
416 512
429 512
61 513
68 513
143 513
404 513
131 514
228 514
270 514
68 515
144 515
165 515
373 515
291 516
295 516
446 516
463 516
246 518
96 519
315 519
433 519
57 520
139 520
203 520
305 520
419 520
130 521
165 521
265 521
314 521
361 521
408 521
51 522
86 522
155 522
182 522
241 522
312 522
118 523
281 523
327 523
344 523
470 523
91 524
292 524
305 524
309 524
123 525
158 525
286 525
304 526
327 526
370 526
35 527
80 527
85 527
217 527
307 527
325 527
107 528
113 528
191 528
368 528
236 529
328 529
379 529
409 529
436 529
153 530
169 530
359 530
370 530
70 531
308 531
368 531
110 532
257 532
396 532
118 533
146 533
279 533
472 533
148 534
302 534
322 534
323 534
424 534
455 534
103 535
205 535
231 535
341 535
383 535
55 536
139 536
181 536
353 536
106 537
337 537
380 537
136 538
147 538
302 538
305 538
324 538
339 538
357 538
367 538
410 538
143 539
248 539
321 539
272 540
324 540
83 541
102 541
303 541
319 541
341 541
479 541
96 542
136 542
173 542
295 542
299 542
37 543
223 543
288 543
333 543
397 543
440 543
75 544
89 544
134 544
189 544
351 544
371 544
339 545
458 545
410 546
424 546
208 547
312 547
65 548
122 548
155 548
159 548
243 548
349 548
367 548
397 548
296 549
331 549
109 550
157 550
266 550
288 550
316 550
367 550
146 551
445 551
151 552
157 552
285 552
292 552
314 552
400 552
51 553
96 553
109 553
144 553
306 553
348 553
100 554
173 554
304 554
396 554
414 554
109 555
141 555
290 555
307 555
101 556
463 557
211 558
232 558
259 558
322 558
430 558
300 559
298 561
325 561
450 561
75 562
81 562
208 562
280 562
329 562
377 562
401 562
419 562
53 563
124 563
304 563
117 564
131 564
154 564
208 564
247 564
325 564
329 564
359 564
420 564
120 565
206 565
296 565
304 565
362 565
419 565
440 565
470 565
152 566
292 566
223 567
101 568
117 568
124 568
270 568
389 568
119 569
218 569
242 569
315 569
176 570
103 571
342 571
444 571
166 572
312 572
457 572
169 573
286 573
289 573
320 573
371 573
164 575
311 575
314 575
53 576
71 576
173 576
407 576
202 577
332 577
429 577
149 578
199 578
141 579
257 579
279 579
317 579
428 579
122 580
189 580
194 580
364 580
379 580
125 581
306 581
331 581
107 582
189 582
192 582
196 582
199 582
228 582
285 582
436 582
190 583
326 583
331 583
333 583
452 583
129 584
137 584
285 584
310 584
324 584
412 584
100 585
216 585
251 585
329 585
467 585
97 586
270 586
221 587
321 587
358 587
377 587
418 587
78 588
185 588
319 588
400 588
402 588
458 588
213 589
64 590
181 590
238 590
421 590
159 591
340 591
346 591
168 592
205 593
316 593
200 594
207 594
293 594
319 594
315 595
110 596
136 596
151 596
154 596
361 596
388 596
117 597
119 597
232 597
264 597
290 597
468 597
105 598
107 598
154 598
453 598
98 599
131 599
331 599
398 599
103 600
219 600
284 600
328 600
255 601
378 601
414 602
329 603
347 604
368 604
174 605
447 605
473 605
279 606
299 606
426 606
161 609
205 609
317 609
79 610
237 610
71 611
271 611
98 612
190 612
459 612
112 613
124 613
136 613
151 613
357 613
435 613
339 614
403 614
379 615
410 615
306 616
256 617
368 618
220 619
422 619
445 619
210 620
297 620
468 620
240 621
284 622
326 622
358 622
146 623
186 623
164 624
347 626
267 627
315 627
99 628
457 628
400 629
413 630
304 631
372 631
423 631
116 632
130 632
387 632
255 633
431 633
235 634
332 634
206 635
289 635
360 635
145 636
218 636
438 636
157 637
346 637
164 638
172 638
195 638
182 639
277 639
