200 80
157 82
265 82
246 86
136 88
183 88
226 90
159 94
119 97
288 97
262 98
197 102
313 103
137 104
233 104
180 106
95 107
219 107
295 108
121 111
272 111
361 111
248 112
343 112
157 113
329 114
227 117
105 119
142 120
304 121
320 121
332 122
131 123
199 123
268 123
135 124
206 124
311 124
315 124
178 125
320 125
91 126
131 126
346 126
361 126
127 127
176 127
241 127
375 129
168 130
45 131
121 131
123 131
163 134
215 134
296 134
108 135
209 135
222 135
288 135
307 135
343 135
157 136
212 136
220 136
271 136
295 137
357 137
195 138
253 139
323 139
34 140
68 140
191 140
370 140
141 141
188 141
197 142
139 143
380 143
130 144
132 145
189 145
191 145
395 145
124 146
172 146
176 146
56 147
136 147
228 148
408 148
87 149
223 149
230 149
306 149
317 149
321 149
177 150
221 150
263 150
319 150
339 150
359 150
285 151
422 151
167 153
291 153
81 156
157 156
202 156
45 157
197 157
110 158
207 158
151 159
191 159
197 159
272 160
72 161
111 161
258 161
314 161
194 162
300 162
331 162
107 163
228 163
250 163
309 163
356 163
367 163
142 164
292 164
185 165
248 165
380 165
105 166
240 166
244 166
300 166
390 166
35 167
222 167
224 167
241 167
128 168
233 168
282 168
288 168
420 169
62 170
226 170
277 170
174 171
213 172
265 172
270 172
88 175
118 175
256 175
371 175
26 176
84 176
249 176
350 176
161 177
199 177
326 177
364 177
366 177
371 177
316 178
56 179
201 179
203 179
374 179
393 179
233 180
303 180
101 181
132 181
229 181
82 182
234 182
417 182
13 184
97 184
186 184
120 186
341 186
150 187
46 188
93 188
177 188
434 188
316 189
322 190
355 190
83 191
118 191
245 192
310 193
449 193
116 194
381 194
198 195
307 195
397 195
400 195
81 196
298 196
37 197
162 197
400 197
270 198
410 198
280 199
69 200
105 200
189 200
228 200
322 200
69 201
217 201
339 201
347 201
96 202
104 203
181 203
215 203
357 203
430 203
315 204
364 205
316 206
91 207
308 207
55 208
299 208
379 208
115 209
240 209
400 209
446 209
95 210
292 210
87 211
115 211
197 211
325 211
57 212
110 212
138 212
142 212
51 213
235 213
270 213
163 214
344 214
414 214
13 215
218 215
226 215
51 216
108 216
80 217
106 217
363 217
423 217
104 218
129 218
223 218
259 218
182 219
250 219
257 219
260 219
42 220
73 220
376 220
210 221
470 221
105 222
151 222
313 222
435 222
96 223
146 223
204 223
67 224
147 225
196 225
288 225
315 225
334 225
397 225
101 226
287 226
296 226
405 226
234 227
281 227
359 228
59 229
117 229
451 229
138 230
165 230
231 230
422 230
67 231
91 231
265 231
65 232
257 232
263 232
61 233
254 233
369 233
27 234
183 234
250 234
259 234
385 234
247 235
334 235
473 235
91 236
204 236
236 236
299 236
325 236
347 236
111 237
130 237
128 238
148 238
154 238
317 238
55 239
102 239
199 239
356 239
398 239
146 240
170 240
410 240
450 240
127 241
270 241
274 241
268 242
100 243
219 243
44 244
49 244
255 244
426 244
138 246
373 246
180 248
304 248
468 249
93 250
157 250
315 250
330 250
201 251
234 251
294 251
339 251
173 252
273 252
276 252
291 252
442 252
44 253
112 253
68 254
348 254
124 255
360 255
36 256
63 256
413 257
81 258
141 258
259 258
370 258
209 259
97 260
130 260
204 260
123 261
162 261
429 261
51 262
129 262
466 262
305 263
388 263
125 264
286 264
288 264
55 265
70 265
192 265
225 265
306 265
477 265
73 266
325 266
142 267
340 267
67 268
209 269
263 269
355 269
108 270
246 270
443 270
85 271
413 271
66 272
133 272
200 272
44 273
234 273
36 274
86 274
130 274
64 275
172 275
84 276
103 276
62 277
99 277
102 277
222 277
292 277
382 277
465 277
11 278
80 278
130 278
265 278
278 278
391 278
182 279
286 279
54 280
120 280
306 280
327 280
435 280
99 281
326 281
341 281
347 281
4 282
141 282
145 282
76 283
143 283
198 283
237 283
93 284
116 284
474 284
374 285
412 285
25 286
85 287
133 287
226 287
89 288
170 288
196 288
229 288
290 288
194 289
210 289
267 289
283 290
109 291
166 291
206 291
209 291
211 291
252 291
324 291
425 291
43 292
125 292
389 292
17 293
188 293
126 294
244 294
345 294
465 294
94 295
164 295
184 295
185 295
205 295
60 296
398 296
436 296
361 297
91 298
179 298
197 298
355 298
73 300
90 300
104 300
267 300
278 300
287 300
473 300
87 301
256 301
371 301
410 301
197 302
303 302
88 303
212 303
452 303
51 304
209 304
238 304
30 305
100 305
133 306
190 306
237 306
335 306
187 307
337 307
96 308
203 308
383 308
426 309
115 310
146 310
177 310
347 310
44 311
142 311
144 311
93 312
177 312
285 312
297 312
395 312
464 312
80 313
111 313
276 313
294 313
436 314
16 315
37 315
195 315
288 315
316 315
92 316
193 316
368 316
90 317
135 317
140 317
176 317
245 317
331 317
107 318
152 318
332 318
57 319
330 319
117 320
133 320
232 320
236 320
406 320
54 321
72 322
8 323
183 323
382 323
114 324
129 324
149 324
292 324
343 324
85 325
99 325
228 325
309 325
477 325
300 326
421 326
422 326
67 327
274 327
451 327
195 328
219 328
261 328
358 328
272 329
394 329
246 330
247 330
22 331
44 331
48 331
95 331
126 331
238 331
253 331
458 331
65 332
122 332
324 332
365 332
334 333
95 334
169 335
231 335
235 335
438 335
91 336
153 336
223 336
62 337
44 338
304 338
344 338
377 338
181 339
223 339
407 339
465 339
75 340
135 340
215 340
218 340
311 341
351 341
37 342
130 342
257 342
56 343
71 343
319 343
385 343
416 343
112 344
194 344
248 344
71 345
177 345
207 345
269 345
275 345
443 345
52 346
83 346
130 346
253 346
331 346
50 347
230 347
250 347
333 347
243 348
265 348
277 348
285 348
296 348
236 349
428 349
95 350
158 350
239 350
396 350
425 350
28 351
126 351
221 351
369 351
403 351
62 352
157 352
307 352
405 352
125 353
127 353
151 354
224 354
434 354
2 355
353 355
458 355
42 356
189 356
351 356
354 357
120 358
167 358
317 358
356 358
406 358
414 358
91 359
381 359
261 360
296 360
330 360
335 360
434 360
464 360
59 361
184 361
337 361
90 362
105 362
274 362
54 363
164 363
413 363
18 364
60 364
145 364
230 365
470 365
75 366
116 366
199 366
305 366
230 367
232 367
345 367
346 367
393 367
447 367
366 368
51 369
178 369
286 369
346 370
421 370
31 371
159 372
214 372
475 372
49 373
158 373
214 373
316 373
337 373
109 374
112 374
114 374
372 374
173 375
193 375
212 375
244 375
294 375
353 375
64 376
126 376
137 376
257 376
8 377
46 377
124 377
155 377
208 377
264 377
322 377
67 378
204 378
406 378
456 378
230 379
237 379
43 380
202 380
276 380
325 380
344 380
358 380
208 381
339 381
432 381
65 382
231 382
325 384
327 384
348 384
387 384
23 385
166 385
203 385
366 385
90 386
94 386
133 386
77 387
198 387
218 387
439 387
288 388
415 388
214 389
217 389
92 390
20 391
180 391
251 391
265 391
212 392
469 392
145 393
161 393
193 393
210 393
59 394
91 394
208 394
371 394
418 394
441 394
214 395
320 395
90 396
205 396
276 396
357 396
400 396
102 397
115 397
132 397
294 397
337 397
229 398
145 399
237 399
13 400
342 400
461 400
114 401
145 401
222 401
409 401
388 402
405 402
288 403
428 403
446 404
33 405
50 405
141 405
343 405
362 405
99 406
199 406
217 406
301 406
332 406
377 406
139 407
254 407
83 408
125 408
128 408
262 408
432 408
241 409
293 409
428 409
157 410
216 410
332 410
415 410
428 410
213 411
295 411
349 411
363 411
395 411
468 411
69 412
141 412
195 412
271 412
303 413
364 413
142 414
301 414
5 415
123 415
140 415
212 415
280 415
321 415
66 416
154 416
351 416
24 417
48 417
62 417
185 417
286 417
320 417
123 418
136 418
323 418
78 419
94 419
110 419
136 419
172 419
354 419
419 419
436 419
256 420
305 420
81 421
136 421
153 421
173 421
457 421
478 421
229 422
275 422
309 422
339 422
387 422
406 422
42 423
307 423
45 424
186 424
241 424
359 424
423 424
326 425
393 425
44 426
107 427
122 427
389 427
41 428
19 429
312 429
422 429
461 429
92 430
153 430
408 430
121 431
236 431
77 432
430 432
201 433
58 434
152 434
169 434
171 434
447 434
433 435
469 435
150 436
222 436
103 437
166 437
362 437
89 438
250 438
349 438
311 439
345 439
118 440
218 440
266 440
434 440
11 441
35 441
166 441
89 442
148 442
218 442
380 442
382 442
475 442
330 443
366 443
103 444
202 444
351 444
367 444
216 445
232 445
456 445
54 447
89 447
282 447
437 448
232 449
265 450
368 450
389 450
418 450
34 451
116 451
131 451
283 451
20 452
71 452
87 452
184 452
245 452
344 454
369 454
463 454
205 455
219 455
332 455
404 455
50 456
147 456
167 456
203 456
278 456
316 456
354 456
100 457
230 457
422 457
442 457
116 458
129 459
230 459
202 461
257 462
293 462
86 463
131 463
221 464
203 465
293 465
337 465
28 466
116 466
349 466
359 466
427 466
131 467
145 467
164 467
221 467
449 467
47 468
293 468
412 468
271 469
289 469
65 470
115 470
211 470
224 470
253 470
378 470
326 471
395 471
291 472
459 472
476 472
189 473
96 474
365 474
380 474
209 475
228 476
245 476
432 476
25 477
6 478
166 478
303 478
58 479
145 479
338 479
352 479
379 479
449 479
43 480
264 480
324 480
129 481
176 481
178 481
300 481
311 481
81 482
85 482
133 482
178 484
218 484
223 484
130 485
420 485
26 487
79 487
151 487
384 487
436 487
468 487
149 489
298 489
367 489
451 489
40 490
83 490
132 490
205 490
226 490
257 490
114 491
147 491
229 491
99 492
208 492
209 492
336 492
371 492
112 493
238 493
25 494
53 494
181 494
202 494
207 494
234 494
357 494
402 494
66 495
113 495
213 495
278 495
389 495
472 495
100 496
131 496
247 496
295 496
310 496
325 496
357 496
119 497
111 498
215 498
153 499
229 499
232 499
236 499
342 499
387 499
388 499
390 499
421 499
135 500
155 500
172 500
187 500
10 501
111 501
226 501
323 501
441 501
168 502
232 502
66 503
132 503
134 503
25 504
112 504
136 504
270 504
335 504
133 505
337 505
118 506
171 506
290 506
459 506
80 507
100 507
123 507
139 508
153 508
156 508
177 508
306 508
337 508
352 508
112 509
179 510
198 510
202 510
478 510
36 511
120 511
135 511
260 511
370 511
391 511
425 511
52 512
173 512
370 512
95 513
159 513
303 513
352 513
387 513
82 514
211 514
219 514
125 515
161 515
177 515
215 515
333 515
390 515
111 516
338 516
409 516
221 517
231 517
336 517
372 517
22 518
65 518
178 518
287 518
4 519
232 519
466 519
35 520
124 520
142 520
159 520
211 520
213 520
316 520
338 520
446 520
80 521
217 521
302 521
187 522
223 522
334 522
52 523
127 523
237 523
352 523
165 524
193 524
47 525
80 525
99 525
275 525
67 526
143 526
18 527
49 527
79 527
410 527
131 528
150 528
311 528
393 528
65 529
411 529
147 530
168 530
373 530
80 531
114 531
293 531
64 532
67 532
449 532
34 533
154 533
173 533
203 533
414 533
2 534
51 534
148 534
242 534
330 534
351 534
471 534
206 535
221 535
239 535
49 536
82 536
136 536
211 536
99 537
260 537
64 538
153 539
15 540
437 540
418 541
454 541
49 542
65 542
289 542
303 542
394 542
32 543
345 543
433 543
139 544
256 544
49 545
120 545
168 545
194 545
420 545
197 546
144 548
192 548
197 548
248 549
321 549
121 550
195 550
276 550
14 551
104 551
86 552
342 552
407 552
438 552
66 553
126 553
147 553
151 553
170 553
362 553
126 554
203 554
294 554
391 554
50 555
173 555
314 555
32 556
442 556
460 556
153 557
175 557
217 557
50 558
177 558
372 558
71 559
266 559
257 560
13 561
48 561
54 562
88 562
130 562
134 562
290 563
335 563
339 563
132 564
159 564
191 564
332 564
358 564
354 565
355 565
52 566
240 566
427 566
118 567
141 567
164 567
243 567
308 567
335 567
409 567
216 568
335 568
366 568
50 569
69 569
119 569
332 569
448 569
212 570
222 570
227 570
279 570
34 571
141 571
335 571
91 572
172 575
350 575
14 576
57 576
352 576
327 577
430 577
132 578
154 578
191 579
271 579
296 579
328 579
411 579
128 580
150 580
261 580
347 580
383 580
456 580
36 581
75 581
130 581
206 581
56 582
201 582
226 582
59 583
118 583
131 583
100 584
210 584
234 584
323 584
15 585
162 585
219 585
211 586
317 586
346 586
354 586
63 587
247 587
344 587
356 587
378 587
117 589
285 589
354 589
357 589
82 590
123 590
171 591
67 592
119 592
403 592
182 593
278 593
88 594
105 594
124 594
310 594
344 594
347 594
17 595
151 595
40 596
68 596
197 596
447 596
90 597
85 598
213 598
270 598
299 599
48 600
159 600
215 600
262 600
367 600
20 602
416 602
398 604
451 604
248 605
336 605
45 606
138 606
315 606
162 607
190 607
96 608
118 609
393 610
26 611
77 611
210 611
237 611
282 611
172 612
218 612
328 612
436 612
385 613
354 614
129 615
153 616
299 616
56 617
185 618
269 618
107 619
415 619
5 621
60 621
201 621
345 621
378 621
441 621
219 622
34 623
90 624
251 624
286 624
315 624
138 625
234 625
170 626
334 627
367 627
12 629
69 629
405 629
149 630
186 630
427 630
44 631
121 631
301 631
99 632
273 632
357 633
396 633
219 634
22 637
80 637
260 637
318 637
159 638
389 638
246 639
