270 69
286 69
298 71
316 72
335 73
276 82
212 83
253 83
233 84
295 87
393 87
313 90
328 91
408 93
354 96
247 100
267 100
229 102
368 102
215 103
294 104
312 105
186 106
163 108
333 109
394 109
404 110
144 114
260 114
422 114
233 117
286 118
312 118
126 119
216 120
430 121
335 122
349 122
378 122
199 123
347 123
341 124
377 124
441 124
368 125
148 129
181 129
169 130
396 130
459 131
242 132
272 132
284 132
407 132
311 133
231 134
339 134
345 134
286 135
133 136
353 136
312 137
315 137
363 137
350 138
351 138
202 139
343 139
354 139
193 140
114 141
374 141
362 142
364 142
377 143
161 145
163 146
173 146
252 146
393 146
260 147
250 148
317 148
321 148
398 148
230 149
244 149
246 149
280 149
313 149
446 149
215 150
262 150
324 150
406 150
304 151
146 152
300 152
324 152
342 152
346 152
424 152
194 153
205 153
349 153
125 154
187 154
185 155
361 155
368 155
464 155
351 156
374 157
187 158
375 159
106 160
393 161
269 162
260 163
275 163
277 163
219 164
307 164
259 165
276 165
406 165
329 166
151 167
204 167
221 167
231 167
139 168
193 169
202 169
350 169
149 170
443 170
138 171
434 171
366 172
175 173
274 175
284 175
387 175
260 176
111 177
258 177
272 177
454 177
99 178
297 178
306 178
204 179
233 179
236 179
250 179
267 179
326 180
468 180
151 181
169 181
149 182
216 182
406 182
159 183
344 183
190 184
360 184
418 184
133 186
140 186
375 186
75 188
433 188
140 189
278 189
119 190
129 190
234 190
237 190
245 190
208 191
227 191
239 191
298 191
106 192
204 192
218 192
393 192
191 193
213 193
223 193
228 193
319 193
61 194
335 194
354 196
450 196
124 197
172 197
406 197
121 198
160 198
368 198
86 199
156 199
118 201
259 202
147 203
467 203
215 204
293 205
423 205
102 206
228 206
311 206
193 207
130 208
344 208
351 208
346 209
74 210
364 210
399 210
173 211
366 211
443 212
369 213
117 214
274 214
278 214
54 215
281 216
156 217
234 217
250 217
297 217
453 217
244 218
252 218
220 219
312 219
397 219
206 220
338 220
411 220
459 221
88 222
337 222
427 222
135 223
189 224
364 224
175 225
474 226
367 227
371 228
160 229
376 229
440 229
109 230
279 230
295 230
309 231
242 232
331 232
235 233
324 233
209 234
332 234
408 234
343 235
91 236
140 236
192 237
361 237
364 237
460 237
178 239
374 239
286 240
301 240
378 240
122 241
319 241
422 241
126 242
377 242
334 244
66 246
107 246
231 246
248 246
469 246
98 247
155 247
393 247
435 247
350 249
359 250
213 251
245 251
445 251
53 252
85 252
126 252
284 252
195 253
373 253
412 253
300 254
322 255
126 256
420 256
452 256
384 257
153 258
110 259
337 259
397 260
430 260
68 261
251 261
270 261
98 262
101 262
283 262
350 262
133 263
168 263
241 263
258 263
469 263
219 264
296 264
367 264
104 265
307 265
442 266
55 267
89 267
98 267
325 267
127 269
338 269
81 270
116 270
119 270
154 270
385 270
185 271
43 272
150 273
247 273
278 273
284 273
351 273
242 274
272 274
428 274
108 275
400 275
267 276
307 276
367 276
455 276
231 277
65 279
224 279
322 279
91 280
136 280
461 280
100 281
210 281
95 282
332 282
191 283
387 283
83 284
90 284
78 285
286 285
88 286
173 286
473 286
244 287
252 287
274 287
280 287
302 287
434 287
44 288
236 288
250 288
310 288
429 288
238 289
242 289
256 289
264 289
120 290
247 290
367 290
208 291
230 291
306 291
434 291
151 292
405 292
29 293
212 293
412 293
449 293
102 294
190 294
383 294
328 295
342 295
87 296
139 296
81 298
84 298
392 298
270 299
295 299
458 299
78 300
173 300
281 300
62 301
266 301
285 301
303 301
425 301
162 302
239 302
241 302
274 302
125 303
229 304
366 304
425 304
236 305
332 305
407 305
228 306
410 306
113 307
195 307
331 307
468 309
111 310
386 310
436 310
81 311
356 311
54 312
181 312
214 313
260 313
111 314
210 314
261 314
359 315
475 315
46 316
242 316
99 317
206 317
234 317
250 317
331 317
394 317
68 318
166 318
241 318
368 318
401 318
427 318
133 319
232 319
451 319
203 320
337 320
95 321
127 322
165 322
378 323
433 323
94 324
194 324
347 324
405 324
88 325
355 325
36 326
149 326
272 326
275 326
278 326
281 326
300 326
461 326
124 327
178 327
185 327
268 327
435 328
82 329
227 329
314 329
416 329
186 330
52 331
444 331
250 332
330 332
24 333
469 333
132 334
202 334
209 334
376 334
421 335
134 336
208 336
291 336
105 337
127 337
136 337
344 337
427 337
45 338
228 338
273 338
69 339
165 339
263 339
268 339
423 339
103 340
259 340
122 341
454 341
387 342
405 342
428 342
89 343
191 343
365 343
392 343
184 344
222 344
251 344
312 344
91 345
327 345
459 345
189 346
299 346
411 347
33 348
179 348
366 348
418 348
443 348
89 349
112 349
376 349
270 350
273 351
343 351
374 351
207 352
231 352
263 352
440 352
466 353
85 354
206 354
402 355
424 355
107 356
174 356
256 356
387 356
357 357
171 358
226 358
297 358
310 358
136 359
163 359
324 359
476 359
158 360
194 360
406 360
453 360
47 361
98 361
280 361
185 362
220 362
245 362
336 362
406 362
125 364
369 364
44 365
436 366
152 367
40 368
263 368
352 368
394 369
416 369
209 370
313 371
90 372
116 372
329 372
441 372
462 372
146 373
221 373
285 373
251 374
314 374
425 374
173 375
288 375
249 376
340 376
400 376
176 377
191 377
220 377
240 377
111 378
172 378
271 378
276 379
362 379
53 380
136 380
216 380
269 380
383 380
407 380
171 381
271 381
78 382
194 382
237 382
468 382
157 384
237 384
354 384
73 385
214 385
253 385
389 385
432 385
452 385
80 386
294 386
313 386
167 387
323 387
362 387
103 388
302 388
308 388
226 389
288 389
476 389
43 390
46 390
128 390
336 390
416 390
167 391
252 391
279 391
395 392
204 393
282 393
372 393
123 394
220 394
286 394
144 395
181 395
205 395
341 395
97 396
166 396
223 396
273 396
439 396
460 396
182 397
200 398
421 398
353 399
401 400
99 401
139 401
382 401
406 401
427 401
251 402
252 402
272 402
315 402
443 402
299 403
378 403
381 403
405 403
424 404
467 404
63 405
117 405
212 405
232 405
255 405
160 406
194 406
234 406
251 406
113 407
229 407
382 407
115 409
133 409
329 409
156 410
284 410
365 410
427 410
446 410
91 411
116 411
131 411
173 411
213 411
319 411
109 412
248 412
384 412
149 413
191 413
306 413
342 413
371 413
110 414
114 415
261 415
371 415
396 415
433 415
468 415
46 416
153 416
207 417
371 417
376 418
241 419
373 419
43 420
90 420
110 420
150 420
186 420
255 420
350 420
282 421
22 422
224 422
402 422
437 422
85 423
124 423
129 423
151 423
321 423
437 423
455 423
476 423
204 424
225 424
164 425
299 425
379 425
87 426
240 426
251 426
255 426
357 427
64 428
376 428
41 429
43 429
63 430
105 430
142 430
333 430
14 431
198 431
294 431
418 431
425 431
60 432
376 432
427 432
404 433
58 434
62 434
441 434
116 435
119 435
236 435
276 435
342 435
101 436
248 436
319 436
387 436
406 436
424 436
119 437
177 437
218 437
265 437
308 437
361 437
365 437
367 437
463 437
35 438
94 438
262 438
82 439
97 439
215 439
276 439
369 439
384 439
404 439
59 440
235 440
290 440
62 441
80 441
138 441
326 441
153 442
313 442
427 442
53 443
365 443
135 444
350 444
387 444
192 445
262 445
416 445
72 446
277 446
291 446
296 446
313 446
134 447
232 447
274 447
293 447
300 447
445 447
52 448
132 448
117 449
471 449
220 450
261 450
289 450
333 450
370 450
25 451
205 451
50 452
68 453
165 453
175 453
405 453
73 454
150 454
203 454
234 454
276 454
288 454
302 454
317 455
418 455
90 456
147 456
218 456
304 456
359 456
431 456
110 457
189 457
450 457
70 458
462 458
127 459
48 460
70 461
217 461
277 461
346 461
369 461
43 462
47 462
67 462
145 462
161 462
216 462
393 462
234 463
327 463
43 464
126 464
280 464
384 464
18 465
86 466
465 466
107 467
159 467
293 467
140 468
175 468
421 468
435 468
217 470
311 470
313 470
359 470
139 471
202 471
221 471
309 471
141 472
217 472
235 472
266 472
334 472
383 472
453 472
370 473
406 473
35 474
124 474
140 474
189 474
201 474
251 474
10 477
141 477
202 478
136 479
216 479
345 479
468 479
56 480
79 480
318 480
439 480
96 481
102 481
116 481
156 481
172 481
267 481
284 481
55 482
252 483
270 483
456 483
220 484
272 484
116 485
203 485
218 485
269 485
28 486
378 486
169 487
272 487
361 487
405 487
99 488
203 488
328 488
118 489
307 489
407 489
473 489
140 490
155 490
170 490
171 490
291 490
186 491
274 491
409 491
203 492
390 492
258 493
94 494
188 494
334 494
115 495
312 495
423 495
23 496
46 496
169 496
188 496
460 496
474 496
171 497
236 497
272 497
68 498
257 498
154 499
221 499
223 499
107 500
437 500
126 501
204 501
245 501
298 502
319 502
383 502
205 503
369 503
406 503
408 503
43 504
107 504
263 505
349 505
408 505
403 506
405 506
450 506
478 506
205 507
239 507
438 507
18 508
138 508
189 508
224 508
326 508
359 508
306 509
248 510
279 510
107 511
184 511
202 511
259 511
62 512
171 512
188 512
280 512
229 513
416 513
123 514
153 514
265 514
334 514
397 515
465 515
211 516
224 516
264 516
402 516
104 518
424 518
86 519
313 519
439 519
59 520
291 520
386 520
478 520
188 521
416 521
37 522
225 522
291 522
173 523
232 523
287 523
389 523
412 523
420 523
453 523
80 525
228 525
324 525
168 526
289 526
138 527
152 527
295 527
373 527
435 527
271 528
273 528
339 528
346 528
382 528
384 528
207 529
354 529
466 530
54 531
278 531
372 531
171 532
193 532
208 532
255 532
402 532
405 532
295 533
414 533
73 534
99 534
193 534
231 534
418 534
28 535
120 535
212 535
236 535
276 535
299 536
413 536
433 536
172 537
191 537
410 537
452 537
404 538
408 538
211 539
309 539
320 539
437 539
152 540
169 540
213 540
217 540
50 541
309 541
174 542
191 542
215 542
211 543
254 543
169 544
290 544
427 544
117 545
230 545
236 545
329 545
388 545
465 545
67 546
252 546
255 546
374 546
431 546
218 547
286 547
294 547
383 547
100 548
170 548
364 548
82 549
136 549
220 549
448 549
259 550
261 550
363 550
173 551
221 551
347 551
425 551
258 552
403 552
193 553
239 553
241 553
298 553
405 553
261 554
423 554
42 555
194 555
239 555
391 556
176 557
384 557
387 557
423 557
465 557
115 558
152 558
426 558
193 559
238 559
301 559
305 559
385 559
418 559
97 560
241 560
390 560
269 562
113 563
249 563
293 563
416 563
441 563
59 564
324 565
34 567
78 567
400 567
158 568
223 568
242 568
333 568
151 569
272 569
314 569
477 569
345 570
401 570
461 570
343 571
114 572
355 572
436 572
157 573
279 573
397 573
75 574
256 574
359 574
159 575
178 575
198 575
347 575
355 576
376 576
252 577
276 577
305 577
365 577
382 577
92 578
140 578
155 578
230 578
128 580
144 581
264 581
288 581
423 581
125 582
127 582
130 582
256 582
157 583
162 583
475 583
51 584
71 584
92 584
182 584
206 584
266 586
88 587
147 587
235 587
453 587
339 588
400 588
407 588
265 589
304 590
333 590
362 590
391 591
269 592
394 592
357 594
382 594
440 595
131 596
143 596
275 596
83 597
239 597
295 597
316 597
168 598
214 598
64 599
128 599
149 599
243 599
259 599
188 600
429 600
282 601
327 602
468 602
337 603
373 603
83 605
360 605
245 606
347 606
417 606
129 607
454 607
107 608
268 608
310 608
155 609
290 609
175 610
401 610
199 611
223 611
387 613
73 615
252 615
323 615
434 615
477 615
375 617
280 618
302 619
340 619
354 619
471 620
181 622
234 622
417 622
107 625
135 625
92 626
403 626
268 627
312 627
436 627
161 628
212 628
462 628
391 630
245 631
321 632
378 632
278 633
447 633
367 634
87 635
346 635
113 636
218 636
413 637
144 638
196 638
289 638
