283 26
232 28
236 30
298 32
251 35
258 38
268 39
324 40
280 41
340 43
199 44
386 45
293 46
227 47
239 47
213 48
351 48
306 49
245 52
257 53
365 53
402 53
145 55
264 56
275 56
408 56
327 58
412 58
426 58
231 59
171 60
282 60
288 61
378 61
190 62
434 62
295 63
342 63
242 65
205 66
249 66
309 67
356 67
256 68
392 68
450 68
118 70
363 70
227 71
135 72
156 72
266 72
426 72
146 73
400 73
328 75
179 76
464 76
375 77
193 78
187 79
198 79
283 80
382 80
437 80
222 81
389 81
215 82
294 82
352 82
227 83
346 83
388 83
412 83
245 84
303 84
392 84
416 85
356 87
392 87
394 87
118 88
136 88
141 88
396 88
402 88
175 89
398 89
154 90
205 90
265 90
332 90
400 90
190 91
211 91
398 91
427 91
460 91
217 92
334 92
402 92
222 93
325 93
208 94
218 94
276 94
380 94
407 94
430 94
223 95
226 95
282 95
479 95
412 96
433 96
336 97
250 98
298 99
381 99
411 99
418 99
107 100
384 100
415 100
118 101
133 102
149 102
357 102
398 102
201 103
448 103
180 104
317 104
321 104
367 104
395 104
427 104
203 105
327 105
330 105
404 105
197 106
217 106
400 106
372 107
404 108
434 108
218 109
241 109
461 109
336 110
69 111
79 111
219 111
227 111
231 111
264 111
282 111
432 111
345 112
60 113
86 113
106 113
350 113
413 113
418 114
121 115
145 115
356 115
153 116
359 116
170 117
300 117
361 117
442 117
204 119
311 119
423 119
478 119
197 120
360 120
361 120
367 121
374 121
216 122
428 122
432 122
245 123
399 123
428 124
451 124
84 125
244 125
231 126
265 126
436 126
457 126
74 127
98 127
340 127
51 128
137 128
266 128
407 128
114 129
159 129
416 129
462 129
289 131
412 131
393 132
198 133
303 133
356 133
475 134
310 135
316 135
361 136
397 136
212 137
367 137
370 137
404 137
434 137
330 138
252 139
379 139
51 140
86 140
105 140
154 140
162 140
228 140
149 141
241 141
268 141
130 142
176 142
405 142
445 142
124 143
134 143
137 143
252 143
343 143
382 143
460 143
179 144
415 144
250 145
245 146
417 146
395 147
397 147
285 148
388 148
293 149
358 149
304 150
392 150
402 150
310 151
366 151
430 151
398 152
141 154
158 154
434 154
37 155
73 155
183 155
428 155
438 155
122 156
151 156
169 156
214 156
337 156
379 156
466 156
44 157
51 157
88 157
109 157
160 157
189 157
200 157
224 157
137 158
194 158
196 158
261 158
273 158
410 158
189 159
250 159
270 159
275 160
353 160
441 160
211 161
218 161
385 161
395 161
437 161
439 162
353 164
401 164
304 165
451 165
309 166
322 166
364 166
91 167
327 167
405 168
432 168
84 169
111 169
118 169
144 169
320 169
334 169
194 170
327 170
402 170
71 171
87 171
120 171
176 171
329 172
376 172
417 172
71 173
218 173
414 173
15 174
226 174
230 174
385 174
24 175
56 175
66 175
278 175
351 175
54 176
229 176
233 176
355 176
467 176
259 177
427 177
436 177
294 178
358 178
396 179
433 179
445 180
89 181
435 181
309 182
367 182
440 182
119 183
129 183
323 183
120 184
159 184
317 184
409 184
112 185
142 185
173 185
202 185
335 185
196 186
322 186
419 187
65 188
231 188
321 188
228 189
245 189
415 189
63 190
64 190
76 190
323 190
345 190
384 190
418 190
31 191
38 191
68 191
76 191
94 191
237 191
422 191
464 191
78 192
83 192
264 192
10 193
43 193
46 193
74 193
275 193
419 194
288 195
303 196
402 196
366 197
433 197
177 198
404 198
479 198
102 199
435 199
144 200
156 200
185 200
195 200
314 200
127 201
128 201
371 201
445 201
57 202
110 202
218 202
316 202
407 202
52 203
209 203
247 203
337 203
383 203
405 203
450 203
47 204
65 204
130 204
232 204
385 204
43 205
240 205
241 205
383 205
418 205
415 206
54 207
64 207
72 207
252 207
255 207
263 207
352 207
457 207
41 208
282 208
423 208
272 209
277 209
16 210
26 210
355 210
363 211
424 211
66 212
143 212
286 212
405 212
123 213
154 213
172 213
179 213
308 213
468 213
157 214
188 214
426 214
434 214
121 215
136 215
185 215
215 215
309 215
322 215
370 215
436 215
171 216
234 216
345 216
429 216
438 216
112 217
255 217
313 217
130 218
132 218
440 218
479 218
100 219
120 219
254 219
323 219
392 219
67 221
334 221
453 221
84 222
332 222
393 222
357 223
37 224
41 224
50 226
52 226
73 226
197 226
302 226
18 227
154 227
168 227
195 227
211 227
229 227
313 227
416 227
58 228
157 228
186 228
295 228
424 228
6 229
136 229
161 229
237 229
245 229
257 229
267 229
288 229
310 229
314 229
369 229
380 229
286 230
302 230
376 230
472 230
144 231
158 231
274 231
281 231
387 232
440 232
273 233
333 233
389 233
123 234
146 234
437 234
120 235
126 235
134 235
403 235
405 236
99 237
347 237
353 237
409 237
46 238
367 238
449 238
88 239
457 239
75 240
175 240
290 240
300 240
363 240
74 241
95 241
188 241
196 241
226 241
240 241
248 241
163 242
185 242
191 242
261 242
300 242
302 242
358 242
420 242
168 243
211 243
238 243
258 243
319 243
372 243
160 244
197 244
317 244
326 244
6 245
231 245
466 245
392 246
160 247
162 247
60 248
273 248
343 248
384 248
137 249
394 249
433 249
284 250
286 250
398 250
113 251
476 251
351 252
43 253
129 254
182 254
199 254
445 254
203 255
410 255
180 256
224 256
254 256
265 256
318 256
99 257
237 257
367 257
28 258
224 258
229 258
235 258
263 258
270 258
83 259
154 259
177 259
232 259
254 259
258 259
328 259
461 259
85 260
266 260
16 261
82 261
158 261
428 261
74 262
306 262
296 263
398 263
142 264
345 264
59 265
124 265
349 265
322 267
325 267
360 267
361 267
397 267
399 267
439 267
130 268
206 268
364 268
479 268
171 269
190 269
215 269
447 269
121 270
162 270
166 270
169 270
229 270
261 270
275 270
285 270
412 270
40 271
248 271
263 271
335 271
383 271
168 272
173 272
247 272
455 272
103 273
382 273
86 274
93 274
97 274
31 275
460 275
22 276
310 276
350 276
426 276
76 277
300 277
365 277
70 278
319 278
325 279
366 279
468 279
140 280
320 280
398 280
404 280
433 281
65 282
149 282
330 282
376 282
60 283
132 283
151 283
250 283
479 283
140 284
148 284
238 284
269 284
340 284
207 285
89 286
133 286
210 286
294 286
358 286
41 287
128 287
135 287
153 287
308 287
359 287
392 287
47 288
301 288
420 288
35 289
132 289
451 289
311 290
26 291
73 291
116 291
19 292
188 292
325 292
69 293
198 293
332 293
462 293
106 294
245 294
9 295
172 295
184 295
260 295
275 295
286 295
379 295
410 295
65 296
176 296
293 296
281 297
440 297
156 298
446 298
61 299
137 299
86 300
160 300
311 300
136 301
152 301
392 301
22 302
427 302
455 302
47 304
76 304
140 304
59 305
124 305
190 305
253 305
368 305
406 305
54 306
183 306
275 307
295 307
437 307
9 308
71 308
182 308
226 308
229 308
303 308
378 308
471 308
45 309
52 309
215 309
341 309
347 309
41 310
409 310
417 310
174 311
326 311
160 312
349 312
415 312
446 312
149 313
157 313
422 313
153 314
354 314
259 315
284 315
394 315
29 316
88 316
153 316
284 316
299 316
364 316
24 317
65 317
76 317
80 317
223 317
243 317
458 317
227 318
76 319
214 319
468 319
14 320
191 320
219 320
428 320
62 321
178 321
326 321
407 321
67 322
63 323
120 323
213 323
334 323
382 323
45 324
117 324
417 324
169 325
206 325
284 326
352 326
458 326
41 327
92 327
109 327
96 328
103 328
160 328
246 328
260 328
298 328
155 329
166 329
195 329
230 329
366 330
94 331
150 331
317 331
405 331
86 332
88 332
222 332
445 332
79 333
329 333
434 333
30 334
133 334
80 335
384 335
73 337
278 337
413 337
475 337
66 338
349 338
452 338
105 339
196 339
281 339
293 339
57 340
113 340
201 340
363 340
422 340
52 341
55 341
109 341
164 341
178 341
216 341
241 341
269 341
307 341
397 341
253 342
41 343
49 344
52 344
154 344
165 344
463 344
51 346
88 346
124 346
410 346
342 347
379 347
34 349
141 349
225 349
215 350
278 350
299 350
42 351
73 351
195 351
286 351
419 351
110 352
197 352
201 352
254 352
262 352
357 352
395 352
447 352
24 353
107 353
162 353
194 353
175 354
273 354
311 354
366 354
424 354
479 354
322 355
17 356
57 356
62 357
130 357
333 357
248 359
343 359
381 359
161 360
167 360
233 360
413 360
224 361
416 361
297 362
458 362
48 363
190 363
305 363
359 363
82 364
317 364
394 364
418 364
439 364
41 365
145 366
207 366
262 366
262 367
404 367
63 368
195 368
197 368
445 368
29 369
69 369
135 369
169 369
276 369
327 369
369 369
63 370
294 370
63 371
97 371
165 371
192 371
163 372
234 372
379 372
384 372
125 373
223 373
87 374
90 374
184 374
347 374
149 376
173 376
302 376
53 377
79 377
296 377
299 377
358 377
419 377
47 378
287 378
399 378
69 379
106 379
114 379
171 379
271 379
363 379
394 379
463 379
49 380
104 380
167 380
169 380
399 380
36 382
265 382
270 382
330 382
42 383
136 383
245 383
402 383
185 384
379 385
415 385
128 386
151 386
220 386
344 386
414 387
453 387
56 388
90 388
306 388
84 389
167 389
300 389
55 390
205 390
359 390
417 390
432 390
317 391
414 391
324 392
142 393
241 393
286 393
401 393
461 393
44 394
188 394
262 394
182 395
329 395
369 395
68 396
77 396
231 396
318 396
341 396
441 396
44 397
135 397
379 397
467 397
105 398
217 398
168 399
176 399
380 399
66 400
384 400
382 401
58 402
127 402
206 403
270 403
452 403
478 403
55 404
155 404
274 404
288 404
289 404
290 404
357 404
87 405
94 405
307 405
257 406
269 406
296 406
303 406
458 406
175 407
254 407
315 407
436 407
237 408
292 408
301 408
371 408
52 409
368 409
422 409
194 410
400 410
74 411
224 411
376 411
138 412
168 412
468 412
109 413
349 413
44 414
107 414
382 414
388 414
407 414
450 414
98 415
183 415
355 415
201 416
389 416
475 416
246 417
258 417
277 417
290 417
395 417
101 418
123 418
280 418
288 418
293 418
415 418
61 419
150 419
261 419
302 419
310 419
396 419
241 420
459 420
307 421
372 421
228 422
82 423
368 423
442 423
89 424
116 424
382 424
80 425
187 425
326 425
330 425
52 426
108 426
157 426
407 426
134 427
384 427
430 427
472 427
77 428
208 428
262 428
265 428
295 428
343 428
48 429
248 429
332 429
347 429
41 430
43 430
73 430
102 430
454 430
41 431
175 431
238 431
96 432
197 432
312 432
356 432
318 433
63 434
70 434
225 434
355 434
141 435
365 435
423 435
60 437
94 437
203 437
446 437
159 438
134 439
275 439
330 439
111 440
182 440
261 440
334 440
369 440
411 440
471 440
250 441
261 441
280 441
322 441
79 442
335 443
379 443
395 443
435 443
458 444
105 445
174 445
398 445
400 445
144 446
209 447
416 447
42 448
98 448
355 448
134 449
161 449
205 449
207 451
62 452
188 452
265 452
411 452
429 452
431 452
320 453
369 453
245 454
300 454
471 454
114 455
148 455
372 455
458 455
317 456
326 456
395 456
413 456
224 457
419 457
173 458
335 458
396 458
223 460
348 461
404 461
424 461
23 462
130 462
136 462
74 463
109 463
209 463
163 464
200 464
263 464
278 464
302 464
360 464
449 464
469 464
101 465
155 465
201 465
253 465
286 465
294 465
129 466
293 466
301 466
430 466
68 467
295 467
410 467
453 467
318 468
415 468
184 469
234 469
247 469
284 469
316 469
433 469
333 470
392 470
372 471
82 472
114 472
222 472
172 473
346 473
372 473
59 474
141 474
198 475
277 475
418 475
211 476
355 476
421 476
212 477
216 477
258 477
290 478
294 478
407 478
424 478
429 478
125 479
450 479
288 480
293 480
301 480
316 480
390 480
410 480
248 481
314 481
186 482
278 482
409 482
328 483
371 483
395 483
71 484
68 485
114 485
178 485
438 485
184 486
460 486
174 487
180 487
218 487
261 487
341 487
373 488
170 489
173 489
214 489
376 489
167 490
248 490
395 490
397 490
143 491
287 491
351 491
445 491
467 491
297 492
378 492
205 493
231 493
305 493
380 493
319 495
98 496
133 496
197 496
220 496
49 497
193 497
263 497
453 497
385 498
435 498
46 499
66 499
70 499
152 499
246 499
333 499
410 499
46 500
127 500
390 501
407 501
19 502
208 502
235 502
341 502
236 503
237 503
391 503
410 503
459 503
63 504
349 504
42 506
64 506
224 506
283 506
376 506
82 507
106 507
196 507
273 507
214 508
289 508
417 508
467 508
136 509
296 509
99 510
192 510
307 510
316 510
402 510
245 511
258 511
327 511
72 512
53 513
155 513
182 513
448 513
124 514
384 514
426 514
94 515
235 515
376 515
402 516
144 518
232 518
413 518
171 519
225 519
342 519
429 519
88 520
258 520
377 520
433 520
477 520
113 521
167 521
188 521
215 521
435 521
459 521
307 522
359 522
434 523
107 524
182 524
298 524
318 524
205 525
302 525
296 526
305 526
395 526
132 527
179 527
231 527
284 527
326 527
366 528
468 528
53 529
284 529
422 529
447 529
176 530
223 530
261 530
264 530
274 530
121 531
266 531
96 532
330 532
375 532
402 532
186 533
215 534
433 534
185 535
345 535
408 535
89 536
381 536
455 536
353 537
239 538
289 538
409 538
418 538
436 538
137 539
157 539
159 539
178 539
203 539
277 539
318 539
440 539
286 540
354 540
422 540
105 541
154 541
233 541
81 542
151 542
228 542
264 542
327 542
385 542
173 543
258 543
280 543
423 543
444 543
146 544
262 544
325 544
357 544
127 545
265 545
330 545
411 545
464 545
121 546
189 546
194 546
219 546
254 546
257 546
142 547
145 547
333 547
96 548
116 548
166 548
330 548
411 548
415 548
188 549
434 549
45 550
140 551
238 551
300 551
415 551
417 551
348 552
138 553
396 553
110 554
135 554
140 554
176 554
201 554
336 554
372 554
89 555
131 555
339 555
341 555
418 555
432 555
279 556
345 556
475 556
270 557
349 557
354 557
196 558
81 559
256 559
263 559
257 560
103 561
217 561
402 561
57 562
146 563
245 563
307 563
461 563
124 564
332 564
359 564
290 566
360 566
407 566
446 566
332 567
383 567
388 567
427 567
232 568
118 569
93 570
194 570
368 570
68 571
343 571
171 572
226 572
367 572
412 572
133 573
109 574
153 574
192 574
204 574
370 574
453 574
473 574
84 576
63 577
168 577
218 577
244 577
373 577
437 577
246 578
375 579
424 579
148 580
168 580
318 580
165 581
236 581
278 581
325 581
276 582
321 582
415 582
479 582
259 583
299 583
359 583
194 584
462 584
175 585
345 585
362 585
74 588
117 588
253 588
288 588
363 588
348 589
449 589
93 590
134 590
202 591
345 591
349 591
384 591
70 592
263 592
432 592
169 593
227 593
364 593
367 593
109 594
243 594
184 595
308 595
315 595
334 595
366 595
384 595
149 596
243 596
276 596
332 596
368 596
407 596
83 598
455 598
475 598
125 599
272 599
354 599
220 600
274 600
341 600
373 600
425 601
103 602
176 602
206 602
346 602
457 602
339 603
157 605
237 605
439 605
266 606
280 606
189 607
334 607
51 608
235 608
249 608
312 608
217 609
89 610
139 610
169 610
398 610
70 611
262 612
381 612
152 613
281 613
432 613
46 615
132 616
325 616
465 616
185 617
245 617
353 617
364 617
176 618
277 618
304 619
214 620
334 620
228 621
401 621
449 621
417 622
470 622
258 623
74 624
310 624
185 625
290 625
375 625
320 627
436 627
475 627
143 628
198 628
210 629
158 630
256 630
275 630
364 630
395 630
171 631
294 631
196 633
338 633
353 633
63 634
85 634
242 634
179 635
230 636
260 637
389 637
196 638
278 638
