281 9
269 10
294 10
308 12
328 13
335 13
348 15
365 15
377 20
383 21
245 23
235 24
257 24
212 25
265 25
272 25
396 25
285 26
441 26
311 28
193 30
202 30
330 30
449 31
348 32
359 33
413 35
379 37
423 38
169 39
285 41
242 42
256 42
291 42
385 42
395 42
431 42
224 43
268 43
282 43
216 45
318 46
203 47
302 47
341 47
346 47
351 47
194 48
311 48
335 48
325 51
407 51
181 52
356 53
344 54
172 55
367 55
416 55
278 57
286 57
375 57
456 57
254 58
426 59
242 60
265 60
309 60
145 61
299 61
286 62
318 62
385 62
211 63
226 63
327 63
134 64
352 64
393 64
323 65
341 65
356 65
438 65
195 67
351 67
356 67
126 68
474 68
185 70
352 70
405 70
178 71
365 71
356 72
279 73
452 73
164 74
268 75
289 75
306 75
416 75
252 76
296 76
376 76
384 76
237 77
325 77
145 80
336 80
404 81
425 81
464 82
197 83
349 83
403 85
129 86
413 86
175 87
197 87
114 88
186 88
267 88
364 88
433 88
250 89
317 89
173 90
381 90
424 90
473 90
242 91
289 91
321 91
369 91
419 91
422 91
231 92
232 92
248 92
379 92
390 92
174 93
433 94
97 95
158 95
222 95
230 95
336 95
399 95
446 95
477 95
394 96
205 97
391 97
402 97
212 98
342 98
349 98
394 98
406 98
149 99
217 99
221 99
403 99
301 100
298 101
362 101
182 102
196 102
367 102
459 102
371 103
416 103
419 103
252 104
422 104
431 104
183 105
186 105
252 106
259 107
173 108
241 108
272 108
304 108
388 108
109 109
386 109
229 110
357 110
157 111
314 111
332 112
474 112
219 113
396 113
407 113
144 114
204 114
445 114
188 115
191 115
194 115
342 115
201 116
374 116
351 117
372 117
411 117
256 118
267 118
269 118
286 118
419 118
175 119
177 119
181 119
239 119
452 119
115 120
190 120
279 120
365 120
384 120
264 121
266 121
302 121
168 122
231 122
239 122
244 122
374 122
423 122
461 122
102 123
234 123
157 124
315 124
154 125
384 125
324 126
158 127
329 127
85 128
435 128
146 129
353 129
357 129
192 131
262 131
403 131
135 132
139 132
355 132
281 133
293 133
365 133
307 134
371 134
414 134
478 135
171 136
454 136
230 137
335 138
104 139
158 140
202 141
354 141
392 141
150 142
158 142
199 142
151 143
445 143
131 144
268 144
277 144
290 144
128 145
407 145
188 146
246 146
251 146
244 147
250 147
469 147
120 148
386 148
422 148
123 149
175 149
249 149
234 150
245 150
309 150
105 151
160 151
417 151
214 153
297 153
392 153
477 153
148 154
203 154
208 154
286 154
353 154
277 155
144 156
207 156
215 156
356 156
390 156
270 157
279 157
402 157
272 158
443 158
193 159
255 159
405 159
451 159
182 161
193 161
368 161
119 162
234 162
244 162
256 162
121 163
418 163
183 164
312 164
381 164
113 165
299 165
462 165
169 166
175 166
215 166
221 166
324 166
332 166
381 166
422 166
172 167
286 168
326 168
385 168
426 168
199 169
201 169
149 170
153 170
207 170
279 170
388 170
427 170
142 171
155 171
268 171
344 171
90 172
354 172
395 172
436 172
471 172
139 173
262 173
82 174
144 174
475 174
251 175
188 176
374 176
441 176
406 177
410 177
446 177
63 178
379 178
119 179
226 179
230 179
298 179
412 179
453 179
211 180
223 180
289 180
311 180
384 180
173 181
333 182
420 182
151 183
202 183
212 183
275 183
330 183
96 184
267 184
336 184
344 184
345 184
352 184
259 185
234 187
348 187
193 188
226 188
249 188
238 189
407 189
469 189
89 190
131 191
176 191
292 191
414 191
417 191
238 192
443 192
304 193
385 193
274 194
314 194
419 194
125 195
238 195
477 195
160 197
387 197
193 198
198 198
330 198
347 198
427 198
76 199
256 199
156 200
283 200
151 201
349 201
358 201
403 201
187 202
246 202
461 202
213 203
353 203
402 204
436 204
136 205
242 205
357 205
436 205
411 206
313 207
438 207
58 208
97 208
382 208
419 208
125 209
166 209
199 209
274 209
307 209
327 210
332 210
446 210
120 211
263 211
83 212
92 212
255 212
333 212
421 212
473 212
86 213
88 213
111 214
183 214
353 214
376 214
83 215
210 215
249 215
401 215
449 215
113 216
154 217
357 217
364 217
398 217
109 218
202 218
384 218
172 219
457 219
138 220
283 220
321 220
323 220
326 220
370 220
407 220
232 221
283 222
330 222
97 223
193 223
294 223
414 223
97 224
162 224
266 224
411 224
127 225
214 226
382 226
412 226
467 226
94 227
218 227
253 227
419 227
415 228
245 229
356 229
236 230
355 230
389 230
418 230
444 230
150 231
230 232
312 232
325 232
426 232
474 232
86 233
112 233
238 233
309 233
449 233
226 234
290 234
199 235
273 235
282 235
289 235
315 235
171 236
226 236
328 236
406 236
479 236
334 237
435 237
265 238
379 238
431 238
101 239
352 239
106 240
459 240
159 242
188 242
215 242
242 242
438 242
397 245
420 245
121 246
304 246
314 246
388 246
290 247
339 247
202 248
321 248
404 248
442 248
468 248
147 249
282 249
375 249
227 250
273 250
352 251
250 252
428 252
138 253
170 253
266 253
350 253
449 253
76 254
109 254
474 255
192 256
242 256
299 256
310 256
214 257
329 257
454 257
318 258
325 258
332 258
234 260
369 260
438 260
476 260
65 261
182 261
287 261
337 261
389 261
406 261
459 261
125 262
208 262
346 262
354 262
378 263
427 263
443 264
479 264
276 265
226 266
409 266
52 267
148 267
269 267
172 268
243 268
418 269
448 269
196 270
304 270
361 270
78 271
331 271
467 271
215 272
390 272
403 272
451 273
173 274
255 274
345 274
232 275
374 275
288 276
425 276
160 277
279 277
408 277
208 278
455 279
243 280
376 280
443 281
306 282
382 282
432 282
474 282
155 283
266 283
269 283
271 283
363 283
419 283
459 283
184 284
219 284
308 284
328 284
101 285
150 285
182 285
299 285
341 285
385 285
128 286
196 286
292 286
404 286
435 286
478 286
75 287
236 287
254 287
298 287
348 287
122 288
405 288
461 288
88 289
92 289
115 289
173 289
263 289
265 289
287 289
170 290
123 291
166 291
285 291
144 292
147 292
425 292
189 293
280 293
356 293
428 293
145 294
210 294
244 294
272 294
356 294
465 294
113 295
115 295
140 295
227 295
243 295
272 295
278 295
307 295
376 295
448 295
276 296
301 296
381 296
385 296
114 297
297 297
378 297
416 297
80 298
241 298
361 298
419 298
202 299
237 299
268 299
417 299
109 301
157 301
186 301
454 301
92 302
219 302
342 302
344 302
403 302
437 302
473 302
76 303
160 303
109 304
112 304
134 304
136 304
392 304
404 304
440 304
87 305
155 305
249 305
280 305
110 306
154 306
195 306
233 306
395 307
423 307
259 308
314 308
104 309
370 309
385 309
430 309
152 310
356 310
414 310
64 311
148 312
171 312
175 312
412 312
464 312
100 313
265 313
292 313
401 313
95 314
174 314
188 314
207 314
223 314
282 315
417 315
167 316
431 316
449 316
364 317
145 318
171 318
273 318
311 318
376 318
404 318
305 319
98 320
201 320
234 320
246 320
304 320
329 320
165 321
270 321
277 321
331 321
332 321
421 321
454 321
471 321
328 322
368 322
114 323
406 323
152 324
293 324
356 324
408 324
425 324
182 325
397 326
249 327
266 327
457 327
195 328
227 328
263 328
160 329
210 329
223 329
283 329
80 330
133 330
247 330
338 331
478 331
308 332
345 332
103 333
155 333
247 333
388 333
444 333
205 334
243 334
350 334
462 334
274 335
324 335
326 335
174 336
300 336
349 336
381 336
207 337
433 337
71 338
188 338
294 338
350 339
373 339
122 340
405 340
466 340
228 341
254 341
146 342
340 342
212 343
237 343
267 343
353 343
358 343
406 343
61 344
184 344
266 344
407 344
253 345
280 345
322 345
323 345
114 346
314 346
452 346
362 347
83 348
309 348
381 348
472 348
56 349
140 349
262 349
335 349
224 350
397 350
410 350
160 351
251 351
275 351
369 351
104 353
134 353
249 353
258 353
224 354
192 355
48 356
75 356
156 356
346 356
175 357
259 357
296 357
371 357
430 357
476 357
283 358
131 359
234 359
313 359
414 359
460 359
148 361
209 361
375 361
416 361
355 362
389 362
430 362
95 363
132 363
217 363
232 363
292 363
295 363
89 364
207 364
305 364
417 364
167 365
220 365
112 366
129 366
193 366
195 366
255 366
466 366
180 367
206 367
289 367
360 367
434 367
305 368
379 368
203 369
254 369
420 369
142 370
215 370
437 370
109 371
190 371
203 371
218 371
252 371
450 371
125 372
140 372
253 372
329 372
189 373
319 373
139 374
260 374
274 374
411 374
421 374
164 375
202 375
396 375
454 375
105 376
161 376
424 376
187 377
347 377
368 377
383 377
58 378
424 378
101 379
224 379
250 379
262 379
271 379
284 379
412 379
139 380
186 380
211 380
414 380
96 381
224 381
429 382
456 382
97 383
184 383
209 383
229 383
260 383
352 383
210 384
239 384
248 384
249 384
93 385
309 385
385 385
402 385
53 386
71 387
280 387
330 387
400 387
432 387
107 388
272 388
283 388
476 388
258 389
294 389
435 389
49 390
107 390
128 390
218 390
228 390
403 390
256 391
336 391
180 392
89 393
207 393
141 394
278 394
405 394
437 394
461 394
104 395
124 395
319 395
193 396
269 396
290 396
292 396
357 396
375 396
449 396
43 397
189 397
217 397
136 398
465 398
152 399
268 399
405 399
137 400
344 400
114 401
321 401
116 402
178 402
428 402
133 403
177 403
255 403
268 403
94 404
199 404
223 404
396 404
467 404
111 405
319 405
443 405
186 406
244 406
316 406
377 406
396 406
160 407
200 407
224 407
376 408
92 409
301 409
313 409
344 409
396 409
417 409
88 410
109 410
233 410
400 410
417 410
434 410
144 411
347 411
211 412
287 412
314 412
349 412
365 412
446 412
84 413
196 414
376 414
50 415
107 415
126 415
155 415
183 415
333 415
389 415
433 415
302 416
421 416
220 417
274 417
318 417
71 418
196 418
264 418
322 418
368 418
433 418
448 418
253 419
390 419
166 420
207 420
352 420
219 421
318 421
336 421
356 421
422 421
105 422
179 422
407 422
400 423
208 424
89 425
120 425
135 425
191 425
118 426
273 426
63 427
203 427
206 427
317 427
322 427
335 427
340 427
438 427
120 428
263 428
302 428
390 428
456 428
426 429
440 429
177 430
302 430
468 430
355 431
218 432
252 432
371 432
428 432
56 433
116 433
164 433
401 433
344 434
428 434
78 435
97 436
241 436
54 437
146 437
219 437
292 437
340 437
371 437
175 439
199 439
275 439
306 439
308 439
384 439
427 439
444 439
160 440
188 440
110 441
113 441
227 441
347 441
371 441
430 441
174 442
292 442
383 442
393 442
94 443
142 443
345 443
395 443
107 444
206 444
252 444
348 444
362 444
478 444
69 445
434 445
46 446
112 446
173 446
297 446
367 446
404 446
275 447
335 447
431 447
242 448
312 448
409 448
183 449
332 449
368 449
88 450
336 450
395 450
107 451
140 451
242 451
64 452
434 452
89 453
125 453
154 453
255 453
388 453
396 453
467 453
109 454
167 454
242 454
167 455
334 455
424 456
168 457
342 457
436 457
280 458
314 458
324 458
375 458
204 459
217 459
302 460
322 461
424 461
453 461
304 462
149 463
399 463
82 464
99 464
118 464
166 464
240 464
441 464
133 465
280 465
101 466
188 466
270 466
472 466
307 467
216 468
351 468
365 469
187 470
190 470
462 470
228 471
350 471
351 471
162 472
201 472
349 472
91 473
116 473
356 473
401 473
144 474
91 475
111 475
162 475
240 475
309 475
324 475
359 475
434 475
109 476
391 476
431 476
200 477
356 477
433 477
173 478
281 478
88 479
433 479
107 480
171 480
256 480
283 480
343 480
373 480
377 480
393 480
158 481
240 481
468 481
85 482
188 482
231 482
141 483
171 483
282 483
344 483
314 484
342 484
436 485
317 486
243 487
288 487
302 487
381 487
107 488
186 488
241 488
329 488
333 488
379 488
397 488
153 489
168 489
242 490
331 490
334 490
273 491
347 491
186 492
259 492
288 492
172 493
216 493
442 494
71 495
123 495
459 495
216 496
257 496
356 496
381 496
120 497
134 497
354 497
155 498
199 498
232 498
261 498
325 498
380 498
386 498
165 499
274 499
385 499
359 500
364 500
386 500
152 501
185 501
257 501
264 501
361 501
131 502
305 502
390 502
407 502
426 502
221 503
367 503
479 503
154 504
347 504
82 505
183 505
203 505
467 505
217 506
333 506
450 506
200 507
392 507
129 508
168 508
277 508
311 508
367 508
395 508
131 512
290 512
301 512
317 512
110 513
320 513
153 514
216 514
279 514
354 514
338 515
380 515
170 516
267 516
280 516
183 517
248 517
344 517
473 517
292 518
88 519
202 519
279 519
444 519
148 520
343 520
383 520
204 521
123 522
168 522
207 523
364 524
205 525
448 525
221 526
406 526
103 527
202 527
223 527
224 527
228 527
396 527
150 528
299 528
355 528
412 528
453 528
373 530
409 531
201 532
206 532
119 533
254 533
306 533
324 533
151 534
169 534
187 534
459 534
291 535
339 535
383 535
234 536
341 536
468 536
420 537
188 538
422 538
132 539
152 539
280 539
426 539
424 540
207 541
329 541
395 541
258 542
316 542
173 543
215 543
226 543
349 543
358 543
100 544
351 544
361 545
431 546
355 547
368 547
153 548
194 548
265 548
434 548
212 549
218 549
286 549
458 549
217 550
339 550
135 551
157 551
381 551
177 552
337 552
338 554
307 555
390 555
420 555
118 556
350 556
203 557
204 557
345 557
399 557
427 557
405 558
431 559
160 560
202 560
227 560
229 560
270 560
427 560
440 560
352 561
229 562
361 562
210 563
443 563
448 564
454 564
252 565
326 566
183 568
259 568
292 568
383 568
236 569
402 569
395 570
146 571
167 571
218 571
334 571
277 573
302 574
341 574
419 574
172 576
349 576
432 577
444 577
205 578
310 578
456 578
154 579
361 579
209 580
178 581
228 582
271 583
376 583
385 583
395 583
185 584
294 584
410 584
193 586
278 588
258 591
344 591
200 594
425 594
356 595
410 595
394 596
366 597
268 598
325 601
234 602
341 602
420 606
408 607
217 608
259 609
400 609
312 611
376 611
362 612
224 613
