262 3
385 3
421 3
459 4
473 5
315 6
125 7
155 7
136 8
171 8
113 9
324 9
437 9
288 10
229 11
350 11
306 15
407 15
183 16
266 16
360 16
201 17
138 19
118 20
156 20
170 20
214 20
284 21
330 21
390 21
227 22
340 23
465 24
300 25
376 25
432 25
348 26
260 28
191 30
314 30
405 30
163 31
175 32
141 34
207 34
228 34
371 34
126 35
106 36
449 36
247 37
258 37
290 37
425 39
299 40
427 41
278 42
394 42
165 43
311 43
349 44
143 45
159 45
212 45
184 46
185 46
206 46
325 46
356 46
469 46
128 47
209 47
223 47
362 47
367 47
401 47
355 48
436 48
114 49
248 49
99 51
266 51
405 51
282 53
411 53
418 54
421 55
449 55
298 56
347 57
136 58
147 58
160 58
180 59
241 59
398 59
312 60
110 61
123 61
398 61
430 61
459 61
262 63
401 63
408 64
96 65
284 68
358 68
202 69
237 69
415 69
192 70
197 70
295 70
445 70
156 71
174 71
249 71
335 71
362 71
390 71
138 73
179 73
478 73
368 74
425 74
309 75
423 75
122 76
399 76
101 78
206 78
320 78
354 78
85 79
250 80
267 80
458 81
176 84
280 84
360 84
184 85
334 85
389 85
436 85
131 86
162 86
290 87
120 88
415 88
128 89
214 89
107 91
243 91
446 91
350 92
373 92
258 94
403 94
479 94
88 95
270 95
325 96
73 97
189 97
153 98
175 98
283 98
387 98
158 99
282 99
216 100
431 100
462 100
218 101
228 101
231 101
120 102
236 102
299 103
363 103
252 105
304 105
338 105
418 106
102 107
295 107
312 107
375 107
441 107
264 108
83 111
170 111
181 111
192 111
203 111
208 111
210 111
220 112
236 112
476 112
213 113
393 113
242 114
454 114
407 115
142 116
118 117
122 117
264 117
432 117
282 118
107 119
328 119
359 119
286 121
331 121
382 121
91 122
195 122
308 122
341 122
222 123
303 123
311 123
417 123
167 124
211 124
229 124
338 124
368 124
466 124
442 125
246 126
318 126
156 127
350 127
389 127
392 127
70 128
135 128
140 128
158 128
160 128
132 129
257 129
348 130
123 131
274 131
359 132
96 133
111 133
354 133
380 133
453 133
290 134
377 134
429 134
477 134
204 135
173 136
192 136
209 136
221 136
229 136
237 136
294 136
80 137
176 137
187 137
196 137
217 137
306 137
337 137
363 137
209 138
211 138
413 138
158 139
239 139
249 139
302 139
369 139
437 139
344 140
371 140
390 140
70 141
265 141
98 142
315 142
372 142
129 143
136 143
313 143
392 143
277 144
316 144
418 144
287 145
469 145
129 147
213 147
164 148
172 148
114 149
200 149
232 149
244 149
362 149
239 150
326 150
74 151
255 152
453 153
271 155
384 155
100 156
314 156
433 156
136 157
138 157
142 157
151 157
133 158
190 158
206 158
57 159
153 159
160 159
200 159
347 159
413 159
232 160
393 160
462 160
78 161
230 162
395 162
113 163
303 163
417 163
377 164
247 165
395 165
332 166
64 167
358 167
448 167
310 168
145 169
315 169
343 169
279 170
382 170
132 171
144 171
317 171
97 172
128 172
281 172
323 172
356 172
478 172
132 173
190 173
384 173
405 173
178 174
207 174
223 174
229 174
289 175
63 176
295 176
335 177
116 178
160 178
394 178
418 178
81 179
157 179
162 179
249 179
368 180
373 180
396 181
44 182
140 182
340 182
377 182
401 182
134 183
342 183
422 183
103 184
271 184
312 184
469 184
68 186
193 187
316 187
429 188
451 188
330 189
390 189
148 190
169 190
182 190
210 190
225 190
405 190
96 191
238 191
385 191
161 192
295 192
392 192
54 193
137 193
151 193
340 193
388 193
130 194
296 194
78 195
254 195
438 195
478 195
134 196
395 196
270 197
305 197
342 197
345 197
414 197
458 197
124 198
269 198
397 200
439 200
108 201
424 201
67 202
199 202
213 202
184 203
240 203
401 203
250 204
331 204
139 205
173 205
229 205
294 206
362 206
467 206
299 207
448 207
97 208
161 208
302 208
409 208
49 210
88 210
121 210
264 210
364 210
391 210
388 211
150 212
340 212
411 212
75 213
204 214
455 214
201 215
394 215
196 216
397 216
417 216
109 217
243 217
293 218
136 219
256 219
445 219
478 219
99 220
182 220
353 220
372 220
425 221
166 222
300 222
336 222
57 223
428 223
117 224
273 224
151 225
206 225
219 225
232 225
49 226
203 226
248 226
194 227
386 227
410 227
78 228
202 228
316 228
291 229
388 229
105 230
286 230
348 230
174 232
416 232
37 233
139 233
67 235
298 235
437 235
471 235
94 236
126 236
233 236
248 236
304 236
199 237
213 237
217 237
226 237
158 238
202 238
333 238
211 239
316 240
423 240
478 240
84 241
199 241
113 242
145 242
277 242
363 242
440 242
51 243
442 243
114 244
403 244
406 244
166 245
279 246
425 246
73 247
286 247
291 247
330 248
350 248
461 248
25 249
295 249
133 250
154 250
180 250
203 250
236 250
302 250
391 250
42 251
221 251
244 251
262 251
266 252
434 252
96 253
262 253
267 253
270 254
61 255
97 255
168 255
380 255
356 256
453 257
33 258
85 258
314 258
340 258
436 258
142 259
364 259
137 260
152 260
181 262
186 262
228 262
421 262
472 262
253 263
388 263
55 264
134 264
215 264
286 264
248 265
123 266
250 266
264 266
348 266
407 266
100 268
162 268
198 268
200 268
44 269
191 269
409 269
71 270
98 270
264 270
268 270
301 270
306 270
428 270
19 271
119 271
195 271
273 271
278 271
375 271
136 272
187 272
308 272
330 272
114 273
195 273
273 273
410 274
448 274
466 274
87 275
396 275
178 276
428 276
131 277
235 277
248 277
287 277
357 277
28 278
175 278
431 278
47 279
83 279
86 279
172 279
222 279
243 279
289 279
318 279
62 280
382 280
318 281
400 281
210 282
419 282
104 283
319 283
321 283
120 284
344 284
401 284
197 285
293 285
420 285
38 286
269 286
460 286
163 287
475 287
134 288
303 288
363 288
409 288
369 289
422 289
298 290
440 290
369 291
392 291
52 292
177 292
218 292
230 292
279 292
283 292
305 292
327 292
287 293
407 293
28 294
73 294
91 294
245 294
112 295
148 295
442 295
44 296
201 296
351 296
304 297
396 297
48 298
64 298
286 298
291 298
430 298
69 299
123 299
184 299
262 299
372 299
398 299
86 300
291 301
376 301
45 302
158 302
141 303
296 303
334 303
401 303
238 304
399 304
449 304
42 305
193 305
217 305
272 305
467 305
289 306
298 306
316 306
359 306
14 307
176 307
59 308
81 308
100 308
317 308
317 309
435 309
256 310
366 310
112 311
33 312
53 313
149 313
57 314
129 314
280 314
440 314
73 315
78 315
168 315
203 315
364 315
368 315
426 315
51 316
92 316
317 317
353 317
410 317
475 317
28 318
239 318
336 318
369 318
382 318
396 318
459 318
74 319
265 319
427 319
108 320
386 320
398 320
46 321
146 321
178 321
322 321
370 321
384 321
398 322
21 323
48 323
145 324
286 324
120 325
191 325
249 325
44 326
49 326
69 326
85 326
371 326
384 327
429 327
158 328
388 328
64 329
101 329
176 329
358 329
62 330
205 330
271 330
307 330
400 330
64 331
139 331
234 331
418 331
447 331
420 332
204 333
254 333
436 333
18 334
37 334
134 334
157 334
237 334
238 334
341 334
371 334
467 334
113 335
137 335
191 335
389 335
402 335
419 335
208 336
323 336
133 337
151 337
205 337
361 337
63 338
137 339
420 339
133 340
172 340
212 340
79 341
292 341
377 341
425 341
58 342
226 342
273 342
423 342
34 343
61 343
95 343
224 343
361 343
423 343
469 343
56 344
136 344
408 344
454 344
12 345
342 345
378 345
106 346
209 346
240 346
257 346
156 347
310 347
326 349
197 350
242 351
379 351
409 351
292 353
423 353
49 354
50 354
71 354
132 354
184 354
259 354
457 354
150 355
170 355
410 355
29 356
73 356
117 356
216 356
342 356
376 356
442 356
475 356
87 357
233 357
274 357
362 357
426 357
428 357
70 358
220 358
376 358
396 358
50 359
203 359
45 360
67 360
99 360
364 360
222 361
238 361
327 361
376 361
392 361
133 362
135 362
309 362
86 363
152 363
274 363
378 363
413 363
429 363
118 364
133 364
188 364
149 365
172 365
204 365
222 365
266 365
268 365
375 365
51 366
257 366
289 366
464 366
114 367
244 367
262 367
251 368
255 368
345 368
442 368
66 369
69 369
115 369
171 369
202 369
410 369
23 370
49 370
97 370
208 370
227 370
230 370
273 370
46 371
153 371
310 371
228 372
83 373
113 373
155 373
361 373
97 374
111 374
204 374
380 374
117 375
395 375
431 375
135 376
467 376
113 377
325 377
395 377
115 378
170 378
364 378
97 379
135 379
172 379
287 379
114 380
239 380
110 381
132 381
256 381
345 381
95 382
132 382
195 382
251 382
15 383
156 383
431 383
32 384
67 384
46 385
95 385
137 385
152 385
213 385
307 385
449 385
177 386
279 386
474 386
110 387
192 387
178 388
336 388
413 388
68 389
85 389
131 389
195 389
348 389
380 389
398 389
53 390
90 390
198 390
199 390
71 391
276 391
92 392
112 392
228 392
199 393
203 393
225 393
271 393
273 393
277 393
132 394
283 394
301 394
432 394
135 395
255 395
269 395
397 395
132 396
30 397
238 397
314 397
468 397
89 398
204 398
362 398
130 399
151 399
157 399
208 399
412 399
110 400
116 400
243 400
348 400
411 401
434 401
11 402
330 402
346 402
457 402
108 403
181 403
357 404
163 405
132 406
161 406
386 406
70 407
110 407
181 407
302 407
359 407
435 407
136 408
216 408
116 409
325 409
472 409
30 410
52 410
113 410
139 410
158 410
131 411
321 411
344 411
402 411
196 412
224 412
282 412
400 412
420 412
447 412
137 413
321 413
338 413
189 414
322 415
354 415
357 415
403 415
93 416
111 416
132 416
370 417
414 417
31 418
71 418
166 418
94 419
199 419
237 419
259 419
266 419
291 419
340 419
355 420
466 420
94 421
403 421
166 422
93 423
152 423
154 423
403 423
52 424
399 424
415 424
95 425
111 425
154 425
200 425
330 425
72 426
97 426
204 426
310 426
384 426
142 427
335 427
366 427
419 427
35 429
452 429
115 431
154 431
477 432
282 433
326 433
348 433
161 434
143 435
180 435
216 435
299 435
146 436
132 437
266 437
381 437
416 437
228 438
399 438
439 438
146 439
188 439
253 439
457 439
57 440
129 440
365 440
35 441
77 441
235 441
253 441
364 441
439 441
17 442
206 442
323 442
361 442
414 442
194 443
196 443
120 444
95 446
100 447
118 447
190 448
344 448
427 448
96 449
276 449
37 450
98 450
317 450
104 451
279 451
375 451
377 451
439 451
140 452
166 452
202 452
204 452
270 452
409 452
474 452
19 454
245 454
410 454
79 455
103 455
208 455
463 455
60 456
139 457
180 457
218 457
260 457
356 457
122 458
154 458
172 458
204 458
225 458
332 458
371 458
155 460
181 460
437 460
157 461
221 461
371 461
410 461
85 462
126 462
144 462
225 462
437 462
177 463
297 463
311 463
41 464
101 464
130 464
148 464
161 464
218 464
225 464
352 464
86 465
224 465
385 465
132 466
150 466
156 466
193 466
248 468
121 469
187 469
232 469
23 470
282 470
436 470
109 471
191 471
250 471
438 471
452 471
68 472
159 472
199 472
204 472
422 472
161 473
260 473
323 473
45 474
206 474
365 475
144 476
211 476
275 476
280 476
363 476
381 476
384 476
397 476
401 476
207 477
342 477
400 478
436 478
129 479
277 479
280 479
468 479
145 480
185 480
213 480
128 481
223 481
395 481
29 482
72 482
166 482
232 482
316 482
422 482
377 483
242 484
304 484
260 485
114 486
248 486
469 486
51 487
252 487
301 487
371 487
154 488
203 488
259 488
392 488
332 489
351 489
374 489
206 490
286 490
438 490
120 491
299 491
404 491
454 491
34 493
95 493
137 494
180 494
366 494
80 495
214 495
314 495
314 497
229 498
363 498
366 498
368 498
164 499
238 499
268 499
270 499
161 500
232 500
314 500
403 500
437 500
264 501
302 501
343 501
363 501
400 501
62 502
85 502
101 502
172 502
305 502
381 502
41 503
191 503
243 503
415 503
473 503
89 504
197 504
204 504
301 504
199 505
298 505
300 505
453 505
85 506
173 506
87 507
150 507
199 507
296 507
131 509
359 509
397 509
113 510
478 510
52 512
316 512
287 513
353 513
112 514
412 514
459 514
74 515
186 515
333 515
370 515
372 515
376 515
164 516
227 516
250 516
260 516
394 516
427 516
247 517
265 517
390 517
260 518
116 519
367 519
142 520
206 520
174 521
302 521
409 521
295 522
319 522
57 523
177 523
389 523
124 524
182 524
211 524
341 524
442 524
105 525
286 525
387 525
81 526
179 526
211 526
220 526
281 526
152 527
224 527
319 527
280 528
359 528
62 530
188 530
225 530
256 530
271 530
378 530
444 530
192 531
85 532
305 532
133 533
306 533
199 535
302 535
295 536
326 536
420 536
113 537
211 537
219 538
94 539
279 539
281 539
290 539
175 540
273 540
284 540
322 540
395 540
72 541
160 541
179 541
268 541
317 541
320 541
324 541
388 541
121 542
142 542
281 542
436 542
163 543
386 543
412 543
252 544
344 544
312 545
102 547
363 547
82 548
209 548
307 548
385 548
220 550
304 550
381 550
452 550
130 551
155 551
334 551
352 551
358 551
383 551
291 552
325 552
322 553
348 553
398 553
404 553
162 554
242 554
248 554
379 554
423 554
246 555
255 555
376 555
114 557
140 557
196 557
273 557
224 558
227 558
172 559
94 561
176 561
367 561
394 561
434 561
333 562
154 563
299 563
285 564
124 565
387 565
255 566
106 567
194 567
234 567
409 567
354 568
169 569
381 571
437 571
142 572
208 572
302 572
399 574
188 575
428 575
340 577
242 579
277 579
322 580
413 580
174 581
308 581
157 582
222 582
190 583
378 583
356 584
167 585
401 585
346 586
289 588
177 589
261 590
152 591
210 591
247 591
332 591
232 594
372 595
308 597
349 599
204 601
219 602
334 602
282 603
243 604
359 609
328 614
345 614
288 615
