135 2
377 2
389 2
439 3
459 4
185 5
232 5
408 7
165 8
263 9
415 10
328 11
147 12
355 12
425 12
471 12
205 13
213 13
241 13
375 14
432 15
299 17
189 18
450 18
177 19
315 21
216 22
232 22
389 22
403 22
329 24
465 24
167 25
264 25
413 25
205 26
155 27
474 28
359 29
424 29
438 30
144 31
189 33
290 33
304 33
135 35
452 35
327 36
167 38
394 38
437 38
340 39
225 40
232 40
255 40
213 41
351 41
444 41
112 42
207 42
221 42
224 42
205 43
260 43
362 43
221 44
370 44
374 44
416 44
194 45
148 46
295 46
102 47
193 47
290 47
291 47
425 47
196 48
303 48
134 49
288 49
303 49
352 49
185 50
356 50
360 50
334 51
435 52
131 53
180 53
369 53
472 54
162 55
366 55
118 56
228 56
242 56
263 56
266 56
271 56
373 56
148 58
214 58
233 58
280 58
346 58
346 59
274 60
275 60
351 60
447 60
277 61
382 61
185 62
210 62
282 62
187 63
303 63
422 63
181 65
305 66
309 66
363 66
323 67
369 67
163 68
173 68
331 68
370 68
163 69
433 69
245 70
258 70
249 71
221 72
269 72
276 72
448 72
145 73
281 73
333 73
347 73
242 74
260 74
388 74
479 74
212 76
225 76
286 76
351 76
358 76
214 77
398 77
107 78
133 78
185 78
283 78
292 79
433 79
184 80
397 80
121 81
127 81
130 81
467 81
310 82
92 84
159 84
375 84
471 84
154 85
166 85
174 85
328 85
272 86
341 86
149 87
151 87
229 87
477 88
149 89
218 89
248 90
131 91
227 91
278 91
431 91
70 92
283 92
387 92
423 92
126 93
130 93
216 93
231 93
295 93
361 93
397 93
427 93
436 93
122 94
133 94
458 94
186 95
359 95
302 96
317 96
436 96
404 97
446 97
111 98
165 98
373 98
157 100
371 100
96 101
149 101
311 101
315 101
385 101
151 102
324 102
149 103
381 103
419 104
223 105
238 105
338 105
217 106
196 107
240 107
244 107
361 107
207 108
238 108
255 108
430 108
460 108
121 109
212 109
235 109
259 109
266 109
275 109
282 109
370 110
305 111
438 111
312 113
286 114
413 114
58 115
96 115
403 115
473 115
139 117
319 117
329 117
360 117
449 117
47 118
386 118
213 119
339 119
384 119
87 120
215 120
478 120
126 121
227 121
425 121
210 122
391 122
198 123
115 124
175 124
239 124
252 124
264 124
430 124
460 124
354 125
292 126
109 127
278 127
308 127
440 127
165 129
404 129
478 130
60 131
144 131
374 132
89 134
331 134
453 134
221 136
136 137
126 138
203 138
339 138
214 139
297 139
465 139
179 140
224 140
240 140
255 140
393 140
270 141
430 141
110 142
280 142
312 142
350 142
102 143
151 144
366 145
471 145
328 146
437 146
59 147
412 149
86 150
291 150
189 152
338 152
379 152
195 153
452 153
78 154
122 154
218 154
236 154
305 154
207 155
383 155
424 156
155 157
256 157
347 157
463 158
101 159
263 159
276 159
322 159
146 161
398 162
290 163
89 164
95 164
436 164
333 165
407 165
434 165
471 165
85 166
446 166
225 167
341 167
41 168
113 168
173 168
307 168
412 168
158 169
161 169
242 169
253 169
408 169
410 169
478 169
111 170
257 170
380 170
212 171
243 171
245 171
33 172
71 172
317 172
153 173
201 173
264 173
272 173
110 174
189 175
330 176
362 176
428 176
177 177
267 177
396 177
61 178
177 178
273 178
462 178
174 180
286 180
311 180
432 180
165 181
166 181
161 182
229 182
218 183
242 183
296 183
79 184
212 184
256 184
320 184
114 185
250 185
437 185
242 186
107 187
383 187
443 187
478 187
139 188
143 188
272 188
132 189
185 189
186 189
269 189
184 190
276 190
338 190
420 190
62 191
34 192
168 192
175 193
176 193
375 193
416 193
66 194
284 194
91 195
418 195
321 196
219 197
236 197
252 197
423 197
428 197
52 198
230 198
252 198
295 198
405 198
20 199
115 199
146 199
147 199
212 199
356 199
74 200
153 200
193 200
261 200
46 201
138 201
249 201
267 201
48 202
263 202
431 202
46 203
307 203
272 204
409 204
40 205
71 205
138 205
304 205
366 205
473 205
385 206
41 207
314 207
436 208
33 209
98 209
454 209
93 210
164 210
437 210
88 211
207 211
218 211
221 211
236 211
320 211
440 211
292 212
294 212
444 212
120 213
196 213
207 213
253 213
287 213
297 213
52 214
213 214
248 214
251 215
263 215
145 216
296 216
359 216
420 216
113 217
402 217
405 217
266 218
80 219
302 219
13 220
70 221
322 221
170 222
404 222
44 223
278 223
303 223
430 223
31 224
66 224
212 224
223 224
288 224
407 224
37 225
68 225
229 225
160 226
213 226
288 226
325 226
371 226
124 227
258 227
416 227
418 227
86 228
153 228
288 228
352 228
439 228
195 229
253 229
262 229
476 229
30 230
56 230
59 230
185 230
256 230
78 231
147 231
418 231
436 231
22 232
102 232
318 232
460 232
275 233
177 234
300 234
306 235
400 235
221 236
243 236
17 237
168 237
207 237
228 237
327 237
364 237
71 238
96 238
232 238
386 238
445 238
213 239
240 239
346 239
12 240
115 240
134 240
162 240
205 240
63 242
184 242
334 242
260 243
430 243
83 244
107 244
152 244
353 245
33 246
54 246
315 246
337 246
356 246
415 247
146 249
181 249
228 249
237 249
295 249
301 249
374 249
224 250
234 250
341 250
365 250
473 250
50 251
177 251
71 253
206 253
287 253
114 254
302 254
18 255
98 255
134 255
205 255
326 255
49 256
69 256
163 256
192 256
65 257
345 257
404 257
15 258
69 258
90 258
267 258
309 258
313 258
332 258
449 259
67 260
292 260
387 260
38 261
64 261
185 261
107 262
124 262
142 262
181 262
183 262
271 262
273 262
11 263
41 263
86 263
216 263
267 263
177 264
315 264
220 266
279 266
296 266
299 266
374 266
175 267
203 267
206 267
225 267
281 267
359 267
80 268
232 268
243 268
52 269
153 269
209 269
343 269
437 269
456 269
27 270
177 270
325 270
74 271
98 271
257 271
260 271
343 271
112 272
190 272
323 272
74 273
330 273
44 274
68 274
76 274
199 274
258 274
260 274
365 274
399 274
134 275
323 275
47 276
66 276
165 276
170 276
186 276
334 276
49 277
259 277
90 278
163 278
385 278
426 278
40 279
71 279
230 279
369 279
474 279
13 280
142 280
181 280
226 280
304 280
325 280
213 282
234 282
241 282
314 282
36 283
107 283
108 283
164 283
332 283
370 283
62 284
159 284
185 284
274 284
447 284
121 285
139 285
180 285
309 285
314 285
10 287
176 287
177 287
251 287
294 287
377 287
456 288
195 289
197 289
393 289
2 290
54 290
117 290
200 290
347 290
415 290
152 291
363 291
170 292
379 292
438 292
396 293
28 294
174 295
393 295
75 296
218 296
231 296
95 297
166 297
188 297
99 298
184 298
211 298
224 298
260 298
335 298
44 299
377 299
145 300
280 300
38 301
93 302
234 302
295 302
265 303
326 303
386 303
15 304
140 304
366 305
423 305
284 306
108 308
404 308
36 309
178 309
451 309
112 310
400 310
12 311
220 311
266 311
282 311
428 311
59 312
87 312
386 312
85 314
134 314
180 314
248 314
30 315
36 315
434 315
158 316
315 316
357 316
372 316
213 317
266 317
299 317
408 317
143 318
52 319
120 319
191 319
370 319
83 320
105 320
249 320
419 320
48 321
171 321
191 321
57 322
119 322
193 322
301 322
372 322
83 323
283 323
318 323
191 324
409 324
77 325
358 325
68 326
94 326
140 326
266 326
440 326
477 326
26 327
47 327
52 327
81 327
207 327
347 327
361 327
397 327
128 328
98 329
140 329
228 329
43 330
72 330
91 330
127 330
226 331
349 331
362 331
423 331
427 331
42 332
47 332
319 332
395 332
209 333
228 333
377 333
44 334
51 334
427 334
151 335
169 335
185 335
17 336
127 336
264 336
284 336
380 336
409 336
63 337
333 337
466 337
92 338
322 338
350 338
380 338
70 339
147 339
169 339
427 339
185 340
247 340
347 340
411 340
437 340
58 341
127 341
65 342
68 342
319 342
384 342
395 342
39 343
62 343
124 343
189 343
212 343
348 343
397 343
418 343
431 343
87 344
187 344
438 344
41 345
107 345
211 345
267 345
400 345
140 346
413 346
223 347
302 347
382 347
384 347
436 347
79 348
192 348
245 348
432 348
456 349
35 350
144 350
154 350
397 350
417 350
126 351
385 351
63 352
138 352
315 352
350 352
415 352
440 352
61 353
475 353
58 354
124 354
155 354
349 354
233 355
123 356
137 356
141 356
216 356
282 356
334 356
351 356
418 356
101 357
220 357
459 357
81 358
84 358
405 358
28 359
141 359
332 359
370 359
441 359
121 360
241 360
353 360
382 360
52 361
101 361
154 362
224 362
260 362
335 362
119 363
195 363
300 363
73 364
103 364
125 364
368 364
117 365
179 365
428 365
102 366
371 366
388 366
407 366
235 367
451 367
466 367
115 368
118 368
334 368
273 370
392 370
133 371
314 371
354 371
118 372
366 372
45 373
373 373
428 373
89 374
114 374
255 374
70 375
202 375
393 375
91 376
394 376
136 377
336 377
246 378
271 378
412 378
474 378
94 379
177 381
318 381
455 381
66 382
383 382
83 383
86 383
93 383
116 383
151 383
35 384
397 384
418 384
282 385
83 386
477 386
89 387
130 387
151 387
210 388
353 388
370 388
38 389
58 389
107 389
231 389
296 389
110 390
78 391
264 391
401 391
27 392
149 392
180 392
420 393
88 394
153 394
221 394
357 394
86 395
241 395
76 396
138 396
199 396
281 396
108 397
389 397
313 398
50 400
140 400
465 400
105 401
181 401
187 401
342 401
444 401
162 402
165 402
231 402
297 402
150 403
295 403
100 404
189 404
370 404
53 405
375 405
409 405
94 406
274 406
426 406
78 407
151 407
183 407
208 407
249 407
294 407
116 408
311 408
356 408
392 409
465 409
69 410
98 410
179 410
374 410
92 411
102 411
327 411
41 412
121 412
292 412
312 412
344 414
379 414
87 415
68 417
358 417
378 417
340 418
355 418
210 419
112 420
158 421
162 421
434 421
94 422
231 422
311 422
339 422
343 422
370 422
182 423
305 423
308 423
304 424
325 424
358 424
410 424
60 425
153 425
132 426
202 426
264 426
370 426
109 427
153 427
246 427
397 428
192 429
300 429
340 429
129 430
322 430
325 430
337 430
151 431
297 431
357 431
394 431
83 432
194 432
279 432
462 432
217 433
322 433
370 433
376 433
444 433
184 434
50 435
130 435
334 435
179 436
282 436
359 436
391 436
234 437
259 437
296 437
322 437
427 437
104 438
106 438
122 438
293 438
71 439
100 439
125 439
207 439
200 440
307 440
321 440
391 440
142 441
411 441
96 442
123 442
202 442
224 442
303 442
336 443
359 443
393 443
271 444
275 444
63 446
246 446
273 446
453 446
357 447
411 447
471 447
116 448
249 448
330 449
354 450
436 450
144 451
131 452
298 452
431 452
83 453
239 453
315 453
397 453
401 453
146 454
269 454
415 454
417 454
49 455
104 455
144 455
163 455
175 455
244 455
297 455
336 455
476 455
168 456
265 456
278 456
328 456
346 456
257 457
261 457
263 457
436 457
158 458
168 458
355 458
133 459
436 459
159 460
226 460
257 460
424 460
259 461
371 461
463 461
130 462
261 462
325 462
332 462
353 463
416 463
423 463
72 464
194 464
276 465
91 466
151 466
214 466
247 466
397 466
447 466
243 467
270 467
319 468
317 469
322 469
420 469
467 469
169 470
60 471
172 471
315 471
348 472
139 473
366 473
138 474
234 474
271 474
179 475
398 475
412 475
168 476
174 476
403 476
97 477
227 477
410 477
162 478
290 478
85 479
154 479
196 479
215 479
260 479
404 480
436 480
458 480
122 481
280 481
203 482
213 482
259 483
367 483
303 484
189 485
300 485
108 486
325 486
355 486
75 487
361 487
167 488
249 488
297 488
388 488
440 488
142 490
382 490
383 490
385 490
229 491
316 491
218 492
293 492
372 492
426 492
235 493
228 494
381 495
450 495
260 496
329 496
95 497
380 497
412 498
312 499
370 499
453 499
182 500
343 500
85 501
163 501
250 501
390 501
238 502
327 502
371 502
433 502
458 502
389 503
147 505
222 505
271 505
304 505
213 506
294 506
322 506
391 506
356 507
317 508
389 508
442 508
121 509
268 509
292 509
379 510
103 511
194 511
347 511
111 512
381 512
252 514
372 514
451 514
222 515
420 515
185 516
220 516
431 516
216 517
222 517
247 517
364 517
404 517
134 518
155 518
214 518
396 518
298 519
393 519
439 519
272 520
117 521
299 522
324 523
354 523
291 524
379 524
232 525
288 525
258 527
371 527
105 528
219 528
182 529
253 529
339 529
128 530
160 530
210 530
167 531
277 531
193 532
425 532
438 532
297 533
412 534
295 535
300 535
403 535
360 536
237 537
389 537
285 539
366 539
314 541
183 543
262 544
347 544
200 545
227 545
130 546
157 546
219 546
298 546
294 549
397 549
404 549
316 551
390 551
318 552
376 553
314 554
385 554
240 555
304 556
358 556
366 557
198 558
204 558
345 558
221 561
277 565
314 566
245 568
260 568
374 573
222 574
279 577
330 577
288 578
314 578
