372 2
396 2
432 2
175 3
258 3
385 3
436 3
424 4
171 6
239 6
356 7
347 8
221 9
337 9
449 10
295 13
315 13
200 14
208 14
395 14
192 15
416 16
468 16
175 17
272 17
245 18
255 18
437 18
429 19
372 20
347 21
230 22
362 22
169 23
452 23
155 24
330 24
212 26
314 26
401 26
140 27
147 27
381 28
288 29
417 29
464 29
267 30
194 31
186 33
255 33
476 35
168 36
236 36
438 36
362 37
378 38
449 38
333 39
353 39
320 40
148 41
305 41
282 43
411 43
221 44
136 45
194 45
430 45
466 45
283 46
120 47
226 47
256 47
273 47
422 47
174 49
230 50
429 50
251 51
107 52
167 53
262 53
350 54
147 55
260 55
447 56
155 57
402 57
140 58
206 59
207 59
275 59
412 59
279 60
353 61
189 63
417 63
433 63
464 63
254 64
171 66
289 66
412 66
432 66
329 67
416 67
234 68
368 68
338 69
349 69
321 70
324 70
376 71
151 72
295 72
320 72
438 72
385 73
445 73
296 74
248 75
370 76
190 77
390 77
255 78
303 78
132 79
347 79
378 79
465 79
170 80
380 80
120 81
399 81
261 82
397 82
476 82
112 83
221 83
333 83
297 84
310 84
361 84
436 84
108 85
348 85
381 86
391 86
201 87
275 87
453 87
288 88
418 88
149 89
190 89
247 89
266 89
296 89
181 90
92 91
245 91
466 91
317 92
430 92
182 93
358 93
329 94
357 94
132 95
167 95
170 95
230 96
307 96
169 97
387 97
426 97
475 97
210 98
358 98
281 99
382 99
113 100
157 100
267 100
409 100
459 101
161 102
314 102
196 103
251 103
199 104
241 104
345 104
379 104
234 105
303 105
332 105
93 106
246 106
136 107
427 108
442 108
220 109
274 109
348 109
374 109
82 110
319 110
417 110
403 111
410 111
453 111
173 112
264 112
326 112
396 112
117 113
177 113
276 114
388 114
246 115
416 115
194 116
229 116
145 117
285 117
300 117
343 118
477 118
316 119
462 119
179 120
270 120
373 120
251 122
128 123
260 123
209 124
217 124
239 124
367 124
394 124
90 125
405 125
162 126
190 126
446 126
343 127
474 127
135 128
300 128
318 128
206 129
336 129
226 130
325 130
345 130
274 131
75 132
267 132
105 133
269 133
297 133
458 133
225 134
318 134
367 134
247 135
371 135
385 136
435 136
66 137
122 137
194 137
195 137
439 137
240 138
292 138
307 138
383 138
430 138
397 139
236 140
355 140
472 140
90 141
119 141
259 141
444 141
246 142
294 142
311 142
151 143
356 143
390 143
413 143
129 144
279 144
82 145
174 145
422 145
196 146
208 146
281 146
293 148
365 148
426 148
102 149
198 149
279 149
290 149
459 149
128 150
284 150
305 150
266 152
432 152
73 153
329 153
412 153
125 154
236 154
467 154
148 155
345 157
113 158
175 158
380 158
441 158
334 159
62 160
139 160
219 160
344 160
305 161
410 161
206 162
437 162
288 163
264 164
413 164
95 165
124 165
150 165
189 165
363 165
246 166
416 166
453 166
160 167
376 167
427 167
353 168
227 169
375 169
168 170
79 171
427 171
139 172
274 172
300 172
318 172
470 172
241 174
274 174
360 174
404 174
425 174
204 175
286 175
352 176
439 176
69 177
103 177
258 178
401 178
446 178
368 179
252 180
63 182
181 182
229 182
416 182
454 183
93 184
137 184
216 184
124 185
314 185
381 186
301 187
409 187
431 187
55 188
165 188
204 188
468 188
243 190
341 190
112 191
323 191
121 192
149 192
272 193
327 193
103 194
185 194
441 194
71 195
135 195
275 195
291 195
225 197
308 197
180 198
341 198
379 198
320 199
65 200
167 200
93 201
203 201
328 201
240 202
338 202
455 202
385 203
393 203
437 203
115 204
243 204
270 204
257 205
80 207
145 207
188 207
318 207
349 207
229 208
373 208
377 208
132 209
178 210
340 210
357 210
465 210
291 211
312 211
47 212
100 212
387 212
208 213
302 213
210 214
443 214
416 215
477 215
67 216
147 216
247 216
259 216
332 216
137 217
276 217
364 217
188 218
204 218
227 218
287 218
315 218
362 218
375 218
392 219
233 220
406 220
112 221
156 221
454 221
86 222
56 223
202 223
428 223
125 224
402 224
123 225
462 225
172 226
264 226
302 226
388 226
398 226
76 227
378 227
404 227
435 227
102 228
254 228
397 228
200 229
216 229
360 229
239 230
299 230
340 230
470 230
96 231
142 231
280 231
410 231
306 232
398 232
44 233
115 233
158 233
442 234
312 235
183 236
350 236
353 236
368 236
36 237
65 237
204 238
330 238
83 239
251 239
449 239
103 241
270 241
83 242
131 242
193 243
50 245
161 245
205 245
348 245
404 245
28 246
84 246
429 246
90 247
118 247
130 247
218 247
311 247
206 248
459 248
263 250
271 250
357 250
388 250
286 251
41 252
66 252
327 252
371 252
414 252
173 253
249 253
254 253
295 253
300 254
148 256
193 256
226 256
397 256
445 256
468 256
363 257
343 258
78 259
168 259
185 259
310 259
317 259
101 260
109 260
205 260
376 260
250 261
266 261
120 262
226 262
257 262
321 262
426 262
158 263
220 263
354 263
382 263
43 264
93 264
184 264
248 264
253 264
281 264
305 264
393 264
478 264
174 265
409 265
457 265
113 266
287 266
295 266
317 266
64 267
153 267
201 267
433 267
334 268
129 269
103 270
191 271
227 271
313 271
366 271
143 273
247 273
418 273
392 274
397 274
445 274
217 275
348 275
75 276
328 276
397 276
468 276
377 277
401 277
45 278
137 279
259 279
379 279
208 280
376 280
389 280
428 281
372 282
453 282
35 283
144 283
194 283
339 283
367 283
411 283
112 284
152 284
237 284
313 284
172 285
329 285
340 285
389 286
129 287
231 287
112 288
296 288
367 288
440 288
57 289
85 289
286 289
26 291
102 291
154 291
163 291
189 291
285 291
461 291
122 292
205 292
215 292
294 292
300 292
419 292
105 293
230 293
243 293
117 294
165 294
263 294
277 294
366 294
240 295
376 295
423 295
117 296
313 296
397 296
401 296
102 297
231 297
449 297
469 297
164 298
332 298
39 299
128 299
290 299
319 299
131 300
134 300
147 300
205 300
239 300
342 300
94 301
131 301
169 301
235 301
249 301
429 301
224 303
413 303
179 305
460 306
162 307
201 307
264 307
192 308
198 308
203 308
78 309
105 309
279 309
293 309
479 309
185 310
355 310
440 310
219 311
420 311
106 312
245 312
334 312
25 313
119 313
134 313
49 314
208 314
236 315
118 316
96 317
377 317
384 317
466 317
172 318
313 318
326 318
309 319
408 319
67 320
200 320
314 320
364 320
378 320
17 321
38 321
66 321
166 321
172 321
238 321
261 321
406 321
450 321
139 322
223 324
310 324
391 324
432 324
246 325
373 325
300 327
33 328
53 328
201 328
206 328
233 328
104 330
206 330
337 330
475 330
210 331
233 331
459 331
111 332
153 332
129 333
172 333
438 334
51 335
72 335
177 335
254 336
261 336
307 336
404 336
426 336
266 337
292 337
24 338
334 338
161 339
195 339
283 340
388 340
120 341
222 341
237 341
445 341
241 342
289 342
467 342
47 343
210 343
372 343
292 344
39 345
154 345
161 345
363 346
411 346
313 347
51 348
113 348
134 348
338 348
361 348
184 349
201 349
371 350
439 350
32 351
263 351
299 351
431 351
222 352
363 352
476 352
167 353
268 353
62 354
143 354
342 354
418 354
54 355
100 355
107 355
276 355
29 356
52 356
76 356
293 356
445 356
215 357
363 357
385 357
161 358
188 358
254 358
258 358
348 359
382 359
403 359
404 359
243 360
138 361
94 362
154 362
119 363
288 363
371 363
466 363
231 365
263 365
332 365
455 365
88 366
202 366
208 366
371 366
409 367
60 368
228 368
195 369
266 369
316 369
326 369
345 369
113 370
260 370
440 370
121 371
128 371
145 371
148 371
150 371
262 371
319 372
428 373
29 374
219 374
148 375
172 375
341 375
212 376
255 376
306 376
102 377
281 377
396 377
77 379
324 379
329 379
231 380
339 380
445 380
207 381
208 381
216 381
230 381
478 381
143 382
234 382
365 382
43 383
283 383
346 383
361 383
417 383
294 384
328 384
229 385
382 385
177 386
90 387
228 387
403 388
185 389
463 389
192 390
372 390
52 391
147 391
240 391
451 391
281 393
328 393
373 393
390 393
125 394
167 394
292 394
165 395
215 395
233 395
314 395
139 396
283 396
344 396
435 396
407 398
423 398
95 399
154 399
188 399
466 400
347 401
44 402
228 402
158 403
183 403
222 403
310 403
75 404
269 404
360 404
362 404
380 405
409 405
111 406
203 406
332 406
349 406
38 408
397 408
455 408
132 409
223 409
313 409
69 410
31 411
102 411
150 411
319 411
366 411
339 412
241 413
289 413
196 414
476 414
216 415
263 416
416 416
97 417
315 417
441 417
120 418
342 418
412 418
250 419
384 419
351 420
354 420
368 420
52 421
336 421
81 422
141 422
460 422
234 423
256 423
443 424
186 425
260 425
434 425
44 426
401 426
226 427
105 428
113 428
210 428
276 428
367 428
425 428
389 429
464 430
336 431
353 431
156 432
265 432
64 433
275 433
424 434
430 434
126 435
422 435
250 436
310 436
449 436
98 437
172 437
303 437
428 437
206 438
194 439
342 439
406 440
241 441
127 442
147 442
168 442
316 442
46 443
75 443
150 443
247 443
267 443
422 443
467 443
94 444
126 444
241 444
393 444
347 445
425 445
243 447
334 447
85 449
159 449
301 449
399 449
452 449
221 450
225 450
331 450
119 451
264 451
285 451
351 451
390 451
423 451
254 452
374 452
83 453
110 453
153 453
53 455
377 455
423 455
77 457
152 457
187 457
334 457
395 457
169 458
319 458
370 458
380 458
193 459
301 459
341 459
412 459
70 460
236 460
244 460
280 461
469 461
83 462
365 462
373 462
138 463
111 464
184 464
315 465
382 465
418 466
458 466
66 467
251 467
109 468
298 469
327 469
407 469
224 470
426 470
100 471
168 471
365 471
377 471
204 472
121 473
188 473
86 474
149 474
335 474
349 475
371 475
445 475
225 476
395 476
257 477
475 477
316 478
243 479
408 479
67 480
197 480
293 480
340 480
381 480
97 481
107 481
191 481
196 481
371 482
269 483
330 484
112 485
137 485
413 485
430 485
160 486
206 487
398 487
360 488
90 489
437 489
96 490
262 490
425 490
445 490
416 491
116 492
121 492
415 493
464 493
109 494
169 494
308 494
232 495
431 495
276 497
312 497
382 497
105 498
370 498
113 499
73 500
465 500
139 501
296 501
250 502
400 502
416 502
341 503
192 504
57 505
158 506
223 507
432 507
468 507
83 508
321 508
435 508
86 509
247 509
299 509
450 509
198 510
266 510
151 511
213 511
297 511
125 512
400 512
408 512
353 513
172 514
240 514
384 514
369 515
115 516
188 516
318 516
76 517
335 517
215 518
419 518
321 520
290 523
348 523
231 524
296 524
399 524
468 525
147 526
155 526
199 526
220 526
232 526
371 526
184 527
252 527
163 529
271 529
368 529
390 529
94 530
171 530
211 530
436 530
233 531
372 531
382 532
82 533
327 533
340 533
178 534
418 534
219 535
374 535
149 536
208 536
399 536
69 537
468 537
138 538
235 538
109 539
340 541
347 541
155 542
184 542
222 542
218 543
454 543
95 544
253 545
317 545
357 545
415 545
151 546
175 546
379 546
121 547
274 547
292 548
349 550
397 550
193 552
380 552
467 552
79 553
375 553
288 554
223 555
267 555
436 555
132 557
133 558
236 559
389 559
207 561
397 561
324 562
279 563
449 564
228 567
171 568
195 568
299 568
342 568
367 569
411 569
131 570
222 570
250 571
315 572
244 573
267 573
291 574
387 574
154 575
179 579
334 579
209 581
305 583
404 583
425 583
136 585
281 585
233 586
160 588
191 589
295 590
356 590
241 593
269 594
212 595
261 600
366 600
392 600
230 601
277 605
309 608
