319 11
353 11
336 12
308 13
369 13
287 14
386 14
272 17
403 18
259 20
324 21
418 21
311 22
346 23
362 23
293 24
378 25
274 26
388 27
401 27
435 28
250 30
229 31
444 31
299 33
417 33
329 34
315 35
345 36
266 37
281 37
360 37
367 37
251 41
380 41
437 41
239 42
304 43
402 43
311 44
327 44
329 44
447 44
295 45
322 45
344 45
386 45
388 45
412 45
302 46
327 46
218 47
281 47
290 47
332 47
387 47
393 47
296 48
344 48
358 49
364 49
268 50
375 50
426 50
202 51
356 51
391 51
311 52
336 52
370 52
372 52
252 53
380 53
310 54
356 54
406 54
464 54
328 55
383 55
438 55
240 56
359 57
398 57
313 58
330 58
300 59
322 59
223 60
341 60
474 60
286 61
348 61
360 62
425 62
396 63
262 64
272 64
289 64
310 64
317 64
328 64
375 64
410 64
206 65
454 65
255 66
382 66
372 67
373 67
246 68
314 68
469 68
193 69
385 69
436 69
319 70
327 70
222 71
234 71
304 71
343 71
368 71
393 71
394 71
184 72
322 72
335 72
348 72
362 72
294 73
305 73
283 74
365 74
207 75
283 75
291 75
357 75
328 76
266 77
325 77
414 77
361 78
370 78
250 79
321 79
353 79
296 80
311 80
339 80
456 80
197 81
331 81
383 81
423 81
240 82
317 82
344 82
230 84
298 84
318 84
394 84
186 85
342 85
349 85
392 85
217 86
366 86
437 86
178 87
296 87
404 87
295 88
322 88
472 88
307 89
315 89
327 89
389 89
270 90
282 90
370 90
202 91
445 91
165 92
365 92
257 93
311 93
316 93
328 93
224 94
244 94
337 94
342 94
378 94
419 94
457 94
386 95
329 96
335 96
354 96
394 96
182 97
304 97
231 99
352 99
391 99
320 100
396 100
433 100
206 101
362 101
372 101
170 102
301 102
260 103
274 103
319 103
383 103
385 103
470 103
286 104
325 104
349 104
316 105
362 105
410 105
443 105
289 106
303 106
191 107
216 107
250 107
283 107
340 107
348 107
376 107
418 107
310 108
314 108
330 108
385 108
281 109
390 110
184 111
236 111
306 111
337 112
344 112
392 112
460 112
176 113
225 113
360 113
336 114
358 114
266 115
295 115
205 116
273 116
286 116
305 116
366 116
400 116
409 116
252 117
398 117
282 118
320 118
333 119
354 119
374 119
160 120
243 120
445 120
191 121
319 121
330 121
273 122
300 122
233 123
392 123
399 123
425 123
342 124
222 125
277 125
283 125
304 125
318 126
355 126
296 127
300 127
403 127
305 128
365 128
415 128
433 128
209 129
270 129
313 129
255 130
260 130
384 130
417 130
465 130
160 131
275 131
175 132
246 132
321 132
391 132
331 133
348 133
194 134
238 134
424 134
449 134
222 135
430 135
357 136
148 137
269 137
273 137
363 137
304 138
405 138
208 139
287 139
342 139
370 139
478 139
302 140
158 141
264 141
403 141
292 142
381 142
401 142
174 143
424 143
464 143
229 144
267 144
283 144
291 144
303 144
306 144
315 144
354 144
417 144
426 144
197 145
274 145
308 145
406 145
432 145
251 146
327 146
391 146
411 146
417 146
419 146
241 147
426 147
447 147
266 148
164 149
216 149
375 149
403 149
181 150
286 150
341 150
403 150
476 150
139 151
268 151
457 151
263 152
297 152
419 152
231 153
288 153
293 153
300 153
198 154
307 154
350 154
417 154
436 154
386 155
155 156
259 156
274 156
282 156
307 156
357 156
134 157
253 157
291 157
313 157
417 157
216 158
191 159
316 159
364 159
411 159
245 160
308 160
310 160
333 160
400 160
467 160
165 161
272 161
427 161
446 161
232 163
251 163
182 164
286 164
297 164
345 164
381 164
429 164
204 165
272 165
455 165
204 166
207 166
224 166
246 166
139 167
222 167
323 167
358 167
415 167
476 167
314 168
119 169
154 169
195 169
439 169
230 170
261 170
392 170
216 171
255 171
434 171
171 172
189 172
234 172
273 172
276 172
428 172
466 172
229 173
246 173
288 173
297 173
334 173
371 173
413 173
421 173
215 174
268 174
407 174
428 174
256 175
431 175
140 177
182 177
237 177
246 177
315 177
202 178
205 178
351 178
231 179
415 179
453 179
121 180
363 180
388 180
415 180
429 180
197 181
270 181
325 181
438 181
441 181
156 183
174 183
216 183
223 183
261 183
267 183
271 183
281 183
466 184
236 185
370 185
401 185
240 186
298 186
339 186
434 186
450 186
128 187
166 187
189 187
216 187
212 188
312 188
238 189
246 189
378 189
430 189
225 190
227 190
273 190
352 190
236 191
321 191
414 191
183 192
411 192
462 192
205 193
441 193
106 194
137 194
203 194
263 194
273 194
282 194
387 194
424 194
225 195
269 195
275 195
420 195
298 196
332 196
177 197
226 197
239 197
247 197
365 197
124 198
218 198
337 198
153 199
399 199
408 199
411 199
208 200
427 200
191 201
216 201
309 201
317 201
363 201
450 201
305 202
367 202
425 202
167 203
229 203
269 203
281 203
350 203
361 203
376 203
261 204
166 205
249 205
327 205
408 205
460 205
205 206
290 206
396 206
181 208
242 208
305 208
356 208
368 208
385 208
138 209
176 209
231 209
413 209
417 209
427 209
196 210
367 210
439 210
467 210
105 211
224 211
298 211
306 211
335 211
394 211
429 211
126 212
367 213
376 213
387 213
406 213
430 213
444 213
163 214
318 214
152 215
172 215
182 215
189 215
342 215
189 216
375 216
388 216
404 216
407 216
426 216
453 216
196 217
213 217
275 217
431 217
183 218
252 218
262 218
294 218
304 218
328 218
356 218
439 218
204 219
390 219
408 219
145 220
244 220
318 220
457 220
129 221
165 221
422 221
170 222
301 222
334 222
347 222
379 222
477 222
179 223
232 223
110 224
227 224
308 224
396 224
437 224
194 225
196 225
364 226
365 226
373 226
386 226
419 226
215 227
266 227
431 227
434 227
199 228
340 228
370 228
464 228
177 229
276 229
289 229
303 229
317 229
283 230
353 230
371 230
389 230
405 230
154 231
174 231
256 231
372 231
181 232
249 232
393 232
409 232
187 233
205 233
226 233
284 233
429 233
447 233
114 234
134 234
240 234
305 234
307 234
329 234
391 235
472 235
178 236
186 236
146 237
167 237
216 237
280 237
313 237
351 237
365 237
200 238
292 238
320 238
396 238
399 238
181 239
229 239
336 239
402 239
416 239
418 239
382 240
453 240
478 240
122 241
211 241
271 241
284 241
289 241
435 241
341 242
108 243
156 243
159 243
253 243
260 243
442 245
463 245
305 246
388 246
424 246
436 246
100 247
139 247
144 247
238 247
295 247
320 247
371 247
138 248
189 248
280 248
289 248
404 248
413 248
114 249
234 249
288 249
304 249
428 249
150 250
171 250
217 250
345 250
292 251
326 251
424 251
430 251
304 252
183 253
296 253
334 253
470 253
129 254
257 254
433 254
123 255
208 255
228 255
397 255
93 256
248 256
297 256
314 256
365 256
413 256
122 257
352 257
426 257
382 258
452 258
222 259
273 259
419 259
142 260
179 260
237 260
301 260
303 260
328 260
373 260
438 260
471 260
103 261
153 261
161 261
191 261
213 261
342 261
318 262
282 263
286 263
455 263
133 264
136 264
288 264
230 265
356 265
403 265
423 265
462 265
375 266
151 267
283 267
320 267
391 267
429 267
304 268
426 268
221 269
249 269
292 269
307 269
316 269
419 269
157 270
189 270
269 270
361 270
402 270
404 270
414 270
443 270
303 271
322 271
333 271
132 272
150 272
156 272
349 272
91 273
159 273
167 273
200 273
410 273
121 274
131 274
237 274
277 274
294 275
381 275
395 275
430 275
107 276
141 276
156 276
159 276
415 276
178 277
311 277
212 278
228 278
312 278
339 278
160 279
466 279
141 280
195 280
262 280
366 280
254 281
324 281
371 281
399 281
453 281
210 282
222 282
102 283
121 283
139 283
165 283
355 283
391 283
474 283
247 284
268 284
437 284
200 285
386 285
204 286
219 286
375 286
169 287
182 287
188 287
238 287
313 287
329 287
421 287
232 288
301 288
114 289
150 289
376 289
133 290
172 290
213 290
233 290
238 290
391 290
182 291
198 291
358 291
367 291
406 291
226 292
372 292
392 292
459 292
181 293
213 293
288 293
442 293
263 294
316 294
369 294
394 294
478 294
89 295
178 296
251 296
208 297
302 297
181 298
202 298
215 298
228 298
358 298
385 298
428 298
368 299
127 300
162 300
190 300
341 300
411 300
462 300
174 301
209 301
190 302
198 302
224 302
277 302
400 302
102 303
141 303
195 303
247 303
330 303
265 304
289 304
375 304
382 304
447 304
199 305
362 305
376 305
432 305
177 306
380 306
240 307
302 307
174 308
176 308
185 308
233 308
344 308
389 308
215 309
329 309
465 309
416 310
87 311
133 311
154 311
259 311
289 311
374 311
115 312
179 312
193 312
218 312
378 312
404 312
435 312
369 313
452 313
232 314
168 315
180 315
227 315
440 315
208 316
218 316
304 316
359 316
458 316
234 318
236 318
332 318
345 318
395 318
399 318
421 318
187 319
198 319
210 319
316 319
216 320
231 320
271 320
106 321
147 321
157 321
410 321
245 322
272 322
461 322
473 322
125 323
191 323
247 323
286 323
303 323
305 323
379 323
143 324
282 324
325 324
427 324
181 325
216 325
370 325
447 325
121 326
141 326
159 326
195 326
99 327
119 327
167 327
171 327
178 327
300 327
200 328
307 328
347 328
367 328
373 328
383 328
197 329
270 329
396 329
242 330
253 330
299 330
336 330
175 331
178 331
259 331
284 331
296 331
329 331
359 331
173 332
187 332
315 332
477 332
93 333
156 333
196 333
211 333
228 333
252 333
256 333
384 333
431 333
300 334
301 334
378 334
185 335
255 335
419 335
135 336
309 336
392 336
178 337
288 337
371 337
110 338
172 338
222 338
271 338
152 339
196 339
248 339
264 339
317 339
398 339
131 340
243 340
253 340
271 340
466 340
184 341
202 341
237 341
348 341
393 341
142 342
279 342
315 342
369 342
385 342
411 342
436 342
144 343
149 343
165 343
244 343
257 343
299 343
335 343
247 344
260 344
295 344
311 344
372 344
421 344
127 345
257 345
262 345
299 345
326 345
361 345
452 345
127 346
367 346
398 346
104 347
189 347
248 347
314 347
392 347
396 347
176 348
181 348
198 348
274 348
368 348
375 348
269 349
314 349
412 349
234 350
294 350
306 350
340 350
255 351
273 351
385 351
401 351
100 352
254 352
266 352
276 352
282 352
362 352
272 353
280 353
373 353
143 354
158 354
214 354
244 354
441 354
293 355
117 356
199 356
300 356
350 356
169 357
249 357
300 357
412 357
458 357
176 358
180 358
231 358
258 358
291 358
426 358
126 359
191 359
193 359
293 359
315 359
472 359
94 360
227 360
279 360
325 360
387 360
190 361
364 361
376 362
170 363
337 363
414 363
426 363
355 364
389 364
444 364
207 365
373 365
403 365
411 365
183 366
244 366
261 366
344 366
400 366
151 367
226 367
311 367
350 368
107 369
131 369
274 369
389 369
461 369
342 370
347 370
431 370
438 370
166 371
299 371
327 371
406 371
198 372
388 372
236 373
380 373
415 373
333 374
414 374
124 375
285 375
339 375
412 375
218 376
427 376
435 376
449 376
253 377
351 377
99 378
145 378
311 379
327 379
376 379
404 379
430 379
157 380
467 380
195 381
297 381
336 381
422 381
343 382
390 382
418 382
114 383
171 383
352 383
397 383
400 383
440 383
213 384
363 384
452 384
267 385
325 385
366 385
438 385
232 386
186 387
250 387
338 387
363 387
378 387
426 387
132 388
151 388
336 388
357 388
90 389
310 389
367 389
408 389
421 389
109 390
323 390
387 390
296 391
394 391
244 392
352 392
440 392
206 393
280 393
407 393
427 393
429 393
373 394
457 394
307 395
383 395
411 395
472 395
262 396
331 396
344 396
432 396
143 397
338 397
395 397
428 397
438 397
379 398
416 398
123 399
158 399
223 399
366 399
379 399
180 400
324 400
241 401
276 401
308 401
354 401
202 402
267 402
136 403
332 403
419 403
441 403
114 404
292 404
338 404
438 404
302 405
312 405
362 405
151 406
299 406
304 406
319 406
409 406
430 406
398 407
409 407
255 408
256 408
323 408
364 408
420 408
478 408
172 409
193 409
272 409
280 409
125 410
148 410
375 410
383 410
154 411
247 411
270 411
351 411
367 411
463 411
250 412
275 412
354 412
419 412
426 412
340 413
415 413
447 413
284 414
106 415
145 415
212 415
233 415
251 415
341 415
371 415
330 416
429 416
433 416
437 416
162 417
399 417
126 418
373 418
409 418
465 418
130 419
185 419
268 419
304 419
319 419
338 419
416 419
419 419
432 419
283 420
364 420
246 421
276 421
283 421
302 421
318 421
342 421
351 421
332 422
417 422
283 423
285 423
351 423
420 423
434 423
386 424
402 424
249 425
263 425
281 425
331 425
416 425
468 425
153 426
156 426
201 426
323 426
133 427
145 427
175 427
275 427
326 427
348 427
416 427
451 427
219 428
333 428
351 428
354 428
365 428
111 429
241 429
280 429
298 429
415 429
422 429
435 429
124 430
438 430
285 431
317 431
362 431
146 432
396 432
403 432
127 433
297 433
324 433
339 433
364 433
375 433
170 434
194 435
214 435
257 435
272 435
276 436
279 436
331 436
421 436
142 437
253 437
338 437
384 437
427 437
123 438
243 438
325 438
354 438
440 438
143 439
401 439
261 440
311 440
356 440
360 440
390 440
120 441
216 441
283 441
232 442
286 442
98 443
293 443
206 444
310 444
163 445
407 446
425 447
130 448
231 448
249 448
273 448
274 448
338 448
182 449
321 449
325 449
360 449
229 450
328 450
156 451
199 451
222 451
351 451
254 452
276 452
310 452
395 452
122 453
239 454
286 454
297 454
290 455
361 455
229 456
250 456
262 456
356 456
378 456
449 456
240 457
290 457
412 457
110 458
141 458
171 458
273 458
282 458
315 459
263 460
337 460
356 460
214 461
295 461
324 461
293 462
357 462
431 462
193 463
217 463
234 463
299 463
316 463
352 463
134 464
256 464
257 464
398 464
415 464
124 465
161 465
237 465
313 465
322 465
367 465
296 466
384 466
290 467
332 467
255 468
202 469
290 469
325 469
178 470
201 470
205 470
219 470
221 470
275 470
293 470
185 471
227 471
223 472
251 472
281 472
345 472
116 473
148 473
323 473
337 473
402 473
278 474
314 474
322 474
289 475
172 476
268 476
320 476
345 476
351 476
422 476
334 477
263 478
299 478
193 479
212 479
217 479
246 479
273 480
331 480
390 481
240 482
283 482
303 482
165 483
319 483
200 484
408 485
231 486
258 486
358 486
394 487
278 488
341 488
329 489
154 490
376 490
136 492
183 493
249 494
310 496
170 497
212 497
292 497
235 500
268 500
341 500
363 502
158 503
327 505
195 506
263 506
283 506
148 507
226 507
303 507
247 508
184 513
258 513
216 515
309 515
170 517
272 518
232 520
336 520
323 521
288 522
201 524
242 525
183 527
301 529
234 530
258 532
212 535
241 538
