413 2
184 3
377 5
256 9
217 10
275 10
238 11
245 11
285 11
295 11
321 11
391 11
202 12
435 12
335 13
347 14
177 17
403 17
359 18
445 18
161 19
153 21
260 22
234 23
243 23
251 23
416 23
141 24
217 24
281 24
377 24
292 25
306 25
458 25
201 26
322 27
191 28
177 31
338 31
392 31
166 32
436 32
351 33
156 35
260 35
272 36
402 36
293 37
358 37
141 38
212 38
227 38
245 38
206 40
308 40
372 40
131 41
196 41
199 41
195 42
424 42
438 42
186 43
379 43
455 43
121 44
185 44
162 45
279 45
332 45
418 45
170 46
261 46
249 47
250 47
339 47
439 47
158 48
174 48
151 49
164 49
277 49
330 49
471 49
287 50
383 50
431 50
393 51
396 51
107 52
142 52
230 52
349 52
384 52
435 52
224 53
274 53
237 54
300 54
355 54
211 55
364 55
380 55
131 56
271 56
412 56
169 57
199 57
257 57
313 57
334 57
184 58
245 59
376 59
403 59
175 60
342 60
279 61
167 62
326 62
256 63
388 63
153 64
242 64
337 64
357 64
435 64
109 65
390 65
395 65
387 66
421 66
449 66
299 67
346 67
475 67
220 68
226 68
142 69
188 69
214 69
234 69
327 69
339 69
400 69
425 69
270 70
353 70
354 70
397 70
130 71
245 71
278 71
187 72
199 72
249 72
94 73
362 73
261 74
316 74
172 75
174 75
247 76
273 76
275 76
419 77
431 77
116 78
326 78
378 78
160 79
349 79
192 80
293 80
138 82
141 83
320 83
338 83
436 83
103 84
146 84
297 84
468 84
121 85
150 85
319 85
348 85
392 85
135 86
221 86
237 86
239 86
196 87
230 87
204 88
389 88
445 88
88 89
159 89
182 89
256 89
130 90
140 90
279 90
310 90
409 90
479 90
268 91
388 91
162 92
365 92
115 93
147 93
291 93
309 93
128 94
300 94
453 94
123 95
140 96
238 96
293 96
321 96
137 97
296 97
135 98
424 98
148 99
332 99
382 99
230 100
294 100
99 101
224 101
233 101
148 102
202 102
212 102
286 102
435 102
467 102
128 103
282 103
343 103
397 103
136 104
193 104
239 104
256 104
267 104
377 104
295 105
399 105
182 106
238 106
299 106
307 106
125 107
159 107
216 107
171 108
359 108
85 109
217 109
236 109
387 109
285 110
314 110
409 110
117 111
159 111
234 111
371 112
319 113
326 113
376 113
383 113
273 114
420 114
453 114
147 115
156 115
332 115
208 116
220 116
231 116
383 116
201 117
207 117
284 117
308 117
70 118
102 118
138 118
182 118
190 118
238 118
152 119
251 119
295 119
307 119
395 119
147 120
349 120
429 120
130 121
159 121
169 122
259 122
304 122
355 122
394 122
132 123
306 124
468 124
403 125
441 125
87 126
127 126
157 126
269 126
317 126
154 127
120 128
216 128
395 128
367 129
378 129
144 130
207 130
279 130
288 130
323 130
191 131
198 131
340 131
296 132
301 132
229 133
381 133
74 134
142 134
176 134
323 134
337 134
386 134
418 134
452 134
102 135
154 135
242 135
294 135
123 136
253 136
128 137
162 137
347 137
391 137
158 139
305 139
141 140
221 140
388 140
428 140
467 140
61 141
132 141
267 141
316 141
339 141
344 141
358 141
90 142
118 142
128 142
157 142
396 142
125 143
151 143
209 143
291 143
378 143
143 144
318 144
371 144
183 145
309 145
326 145
405 145
326 146
371 146
108 147
131 147
287 147
444 147
133 148
352 148
150 149
226 149
237 149
337 149
79 150
168 150
390 150
211 151
245 151
384 151
253 152
289 152
303 152
129 153
156 153
135 154
317 154
348 154
94 155
123 155
264 155
316 155
421 155
187 156
323 156
341 156
392 156
465 156
65 157
116 157
174 158
181 158
275 158
142 159
339 159
363 160
471 160
329 161
84 162
160 162
191 162
222 162
291 162
372 162
202 163
369 163
436 163
131 164
194 164
214 164
235 164
445 164
153 165
236 165
247 165
76 166
302 166
340 166
369 166
374 166
407 166
90 167
392 167
394 167
97 168
81 169
182 169
200 169
230 169
343 169
144 170
175 170
328 170
395 170
99 171
119 171
268 171
314 171
381 172
414 172
459 172
216 173
319 173
354 173
205 174
209 174
233 174
285 174
359 174
165 175
235 175
395 175
133 176
186 176
228 176
469 176
98 177
185 177
191 177
330 177
394 177
93 178
150 178
155 178
242 178
391 178
424 178
201 179
239 179
447 179
231 180
249 180
255 180
103 181
118 181
184 181
225 181
300 181
365 181
77 182
115 182
338 182
345 182
109 183
147 183
122 184
183 184
266 184
338 184
377 184
402 184
51 185
98 185
133 185
311 185
347 185
434 185
201 186
170 187
179 187
188 187
217 187
373 187
164 188
231 188
278 189
412 189
66 190
82 190
89 190
364 190
391 190
465 190
84 191
131 191
172 191
338 191
144 192
175 192
206 192
245 192
326 192
350 192
134 193
106 194
114 194
160 194
176 194
195 194
288 194
322 194
386 194
139 195
147 195
255 195
325 195
394 195
59 196
236 196
360 196
446 196
123 197
341 197
470 197
86 198
163 198
185 198
191 198
209 198
302 198
422 198
178 199
198 199
337 199
147 200
215 200
239 200
265 200
385 200
167 201
227 201
337 201
357 201
92 202
116 202
130 202
232 202
326 202
397 202
426 202
454 202
369 203
238 204
313 204
323 204
345 204
281 205
160 207
225 207
246 207
299 207
402 207
433 207
375 208
132 209
154 209
220 209
252 209
192 210
207 210
230 210
264 210
82 211
185 211
226 211
324 211
41 212
289 212
327 212
94 213
106 213
148 213
200 213
220 213
355 213
381 213
59 214
175 214
251 214
290 214
409 214
468 214
264 215
297 215
329 215
441 215
164 216
306 216
322 216
348 216
121 217
416 217
203 218
235 218
239 218
346 218
72 219
140 219
318 219
32 220
273 220
290 220
392 220
274 221
223 222
287 222
359 222
368 222
423 222
113 223
184 223
306 223
309 223
452 223
193 224
202 224
344 224
161 225
170 225
178 225
252 225
259 225
334 225
94 226
131 226
206 226
211 226
45 227
64 227
153 227
258 227
209 228
225 228
285 228
316 228
339 228
377 228
349 229
402 229
460 229
76 231
214 232
325 232
435 232
138 233
268 233
324 233
295 234
355 234
104 235
118 235
242 235
351 235
383 235
176 236
205 236
214 236
243 236
346 236
468 237
162 238
169 238
195 238
242 238
289 238
413 238
188 239
302 239
221 240
278 240
389 240
115 241
289 241
342 241
154 242
379 242
474 242
203 243
252 243
293 243
368 243
84 244
422 244
449 244
77 245
274 245
329 245
65 246
208 246
232 246
286 246
287 246
290 246
94 247
115 247
395 247
300 248
310 248
350 248
286 249
437 249
83 250
311 250
375 250
107 251
140 251
161 251
174 251
184 251
283 251
364 251
240 252
301 252
356 252
220 253
226 253
318 253
320 253
370 253
422 253
435 253
105 254
129 254
276 254
197 255
338 255
428 255
461 255
116 256
320 256
39 257
54 257
67 257
89 257
223 257
227 257
279 257
293 257
300 257
425 257
371 258
382 258
402 258
406 258
438 258
113 259
132 259
217 259
21 260
222 260
390 260
207 261
212 261
248 261
268 261
365 261
99 262
164 262
287 262
91 263
104 263
156 263
188 263
446 263
74 264
114 264
351 264
428 264
33 265
146 265
326 265
363 265
16 266
109 266
194 266
214 266
225 266
236 266
311 266
373 266
124 267
144 267
274 267
385 267
388 267
257 268
287 268
294 268
473 268
47 269
220 269
276 269
358 269
83 270
104 270
311 270
415 270
139 271
200 271
335 271
169 272
244 272
390 272
94 273
120 273
176 273
57 274
92 274
410 274
412 274
104 275
207 276
89 277
183 277
228 277
260 277
309 277
316 277
367 277
120 278
287 278
455 278
31 279
42 279
230 279
245 279
249 279
300 279
371 279
158 280
254 280
393 280
66 281
188 281
398 281
74 282
107 282
210 282
241 282
337 282
343 282
373 282
441 282
77 283
163 283
329 283
112 284
148 284
157 284
192 284
278 284
322 284
416 284
165 285
285 285
341 285
365 285
400 285
15 286
101 286
63 287
98 287
130 287
249 287
284 287
349 287
48 288
55 288
145 288
215 288
232 288
78 289
87 289
175 289
276 289
469 289
37 290
268 290
304 290
364 290
139 291
178 291
288 291
62 292
66 293
135 293
220 293
405 293
89 294
189 294
310 294
368 294
424 294
255 295
451 295
9 296
22 296
292 296
72 297
85 297
201 297
237 297
271 297
388 297
475 297
106 298
373 298
31 299
44 299
108 299
131 299
136 299
156 299
269 299
314 299
336 299
357 299
365 300
186 301
433 301
119 302
149 302
163 302
275 302
277 302
205 303
260 303
289 303
49 304
57 304
83 304
124 304
160 304
225 304
319 304
322 304
69 305
80 305
394 305
285 306
314 306
354 306
359 306
92 307
161 307
270 308
65 309
100 309
184 309
193 309
242 309
306 309
385 309
415 309
461 309
149 310
178 310
281 310
394 310
16 311
118 311
141 311
311 311
26 312
40 312
78 312
168 312
379 312
104 313
152 313
74 314
124 314
267 314
64 315
135 315
284 315
379 315
123 316
219 316
256 316
299 316
337 316
469 316
94 317
142 317
196 317
209 317
248 317
355 317
67 318
87 318
258 318
380 318
402 318
119 319
122 319
305 319
135 320
156 320
332 320
391 320
448 320
101 321
184 321
231 321
243 321
247 321
387 321
423 321
473 321
24 322
109 322
265 322
290 322
312 322
317 322
332 322
10 323
50 323
75 323
260 323
268 323
299 323
369 323
88 324
252 324
276 324
302 324
351 324
388 324
38 325
160 327
252 327
60 328
62 328
118 328
146 328
212 328
175 329
317 329
348 329
233 330
432 330
87 331
201 331
264 331
298 331
394 331
455 331
128 332
284 332
290 332
339 332
376 332
412 332
110 333
223 333
48 334
63 335
156 335
361 335
70 336
73 336
75 336
86 336
377 336
36 337
48 337
169 337
186 337
237 337
138 338
249 338
289 338
307 339
309 339
439 339
85 340
216 340
273 340
292 340
22 341
48 341
113 341
154 342
203 342
280 342
325 342
343 342
242 343
286 343
12 344
101 344
171 344
244 344
306 344
88 345
334 345
363 345
254 346
392 346
186 347
239 347
267 347
98 348
100 348
133 348
403 348
72 349
295 349
388 349
34 350
59 350
115 350
256 351
306 351
311 351
345 351
388 351
169 352
284 352
299 352
337 352
316 353
349 353
391 353
148 354
330 354
104 355
166 355
204 355
332 355
455 355
19 356
50 356
114 356
217 356
268 357
91 358
241 358
264 358
292 358
372 358
10 359
286 359
45 360
70 360
73 360
230 360
52 361
93 361
143 361
182 361
435 361
46 362
299 362
301 362
116 363
209 363
218 363
276 363
302 363
321 363
355 363
32 364
97 364
132 364
216 364
229 364
464 364
209 365
331 365
418 365
83 366
213 366
59 367
73 367
107 367
125 367
159 367
188 367
398 367
89 368
19 369
203 369
262 369
318 369
104 370
78 371
214 371
268 371
95 372
359 372
177 373
214 373
231 373
264 373
417 373
426 373
69 374
223 374
257 374
287 374
303 374
410 374
79 376
243 376
23 377
102 377
153 377
295 377
387 377
408 377
440 377
452 377
49 378
61 378
218 378
311 378
324 378
123 379
186 379
204 379
239 379
264 379
129 380
260 380
284 380
44 381
144 381
237 381
414 381
425 381
57 382
89 382
103 382
116 382
418 382
368 383
403 383
340 384
430 384
33 385
232 385
462 385
77 386
306 386
408 386
103 387
202 387
241 387
282 387
439 387
168 388
300 388
402 388
256 389
357 389
48 390
182 390
232 390
266 390
205 391
62 392
395 392
84 393
124 393
290 393
328 393
377 393
52 394
84 394
206 394
217 394
113 395
279 395
422 395
454 395
476 395
38 396
65 396
160 396
201 396
226 396
317 396
241 397
345 397
362 397
428 398
49 399
198 399
244 399
268 399
63 400
257 400
283 400
153 401
410 401
177 402
365 402
76 403
94 403
136 403
341 403
405 403
432 403
214 404
253 404
272 404
361 404
431 404
123 405
143 405
263 405
269 405
307 405
372 405
382 405
419 405
139 406
146 406
278 407
353 408
231 409
284 409
374 409
388 409
38 410
297 410
323 410
400 410
470 410
128 411
194 411
422 411
452 411
113 412
374 412
339 413
369 413
434 413
257 414
360 414
69 415
165 415
212 415
138 416
243 417
365 417
58 419
92 419
271 419
284 419
372 419
336 420
412 420
30 421
314 421
148 422
185 422
298 422
145 423
155 423
257 423
329 423
343 423
383 423
411 423
46 424
227 424
380 424
75 425
140 425
146 425
130 426
346 426
356 426
364 426
134 427
176 427
209 427
420 427
255 428
399 428
111 429
121 429
266 429
444 429
203 430
372 430
422 430
84 433
170 433
329 433
334 433
125 434
164 434
302 434
66 435
200 436
239 436
330 436
477 436
52 437
275 437
319 437
269 438
342 438
354 438
419 438
356 439
363 439
386 439
356 440
400 440
94 441
133 441
174 441
248 441
456 441
72 442
133 442
250 442
275 442
36 443
141 443
150 443
222 443
380 443
194 444
363 445
389 445
415 445
109 446
273 446
285 446
335 446
441 447
463 447
232 448
266 448
340 448
253 449
297 450
377 450
353 451
62 452
120 452
163 452
186 452
133 453
249 453
322 453
325 453
46 454
204 454
376 454
90 455
132 455
333 455
367 455
149 456
328 456
383 456
131 457
337 458
242 459
402 459
175 460
215 460
349 460
267 461
327 461
103 462
380 462
80 463
308 463
254 464
274 464
321 464
436 464
462 464
110 465
193 465
378 465
262 466
162 467
260 467
290 468
141 469
146 469
153 470
269 470
133 471
227 471
90 472
271 472
385 472
183 473
420 473
207 474
260 474
266 474
344 474
363 474
449 474
153 475
326 475
356 475
100 476
252 476
345 476
107 477
81 478
155 478
344 478
396 478
397 478
265 479
286 479
432 479
346 480
171 481
302 481
161 482
219 482
241 482
243 482
315 482
121 483
196 483
214 483
321 483
261 484
270 484
341 484
413 484
441 484
89 485
151 485
214 485
415 485
465 485
320 486
382 486
357 487
67 488
188 488
217 488
103 489
335 489
421 489
214 490
235 491
254 491
315 491
342 491
391 491
366 492
211 493
276 493
477 493
119 494
296 494
348 494
79 495
409 495
436 495
229 496
172 497
423 497
135 498
149 498
208 498
407 498
428 498
89 499
437 499
285 500
386 501
225 502
228 502
310 502
240 503
320 503
359 503
422 503
233 504
246 504
411 504
219 505
317 505
349 505
270 506
341 506
396 506
264 507
328 507
109 508
131 508
267 508
472 508
178 509
203 509
373 509
171 510
280 510
147 511
237 511
435 511
159 512
410 512
300 514
330 514
455 514
92 515
230 515
253 515
323 515
352 515
217 516
401 516
188 517
240 517
319 517
359 518
423 519
113 520
292 520
242 521
333 521
362 521
393 521
435 521
126 522
210 522
140 523
179 523
276 523
340 523
344 523
243 524
264 524
410 524
165 525
203 525
264 525
444 525
153 526
234 527
330 528
194 529
257 529
262 529
323 530
342 530
273 531
432 532
307 533
454 534
119 535
360 535
383 535
245 536
370 536
218 537
323 537
194 538
237 538
394 538
295 539
140 540
155 540
255 540
185 541
241 541
410 542
170 543
360 543
329 545
338 545
342 546
348 546
436 546
321 547
363 547
243 548
250 548
280 549
337 549
343 549
298 550
307 550
203 551
224 551
260 551
290 553
136 554
150 555
245 555
394 556
410 556
336 557
178 558
165 559
187 559
266 559
344 560
362 561
219 562
334 563
229 564
316 564
283 565
301 566
291 568
252 569
153 570
178 571
358 576
240 582
