281 9
269 10
294 10
308 12
328 13
335 13
348 15
365 15
377 20
383 21
245 23
235 24
257 24
212 25
265 25
272 25
396 25
285 26
441 26
311 28
193 30
202 30
330 30
449 31
348 32
359 33
413 35
379 37
423 38
169 39
310 41
242 42
256 42
385 42
395 42
431 42
224 43
268 43
216 45
288 46
303 46
322 46
203 47
296 47
194 48
305 48
335 48
299 50
348 51
407 51
181 52
307 54
341 54
172 55
367 55
416 55
316 56
278 57
325 57
375 57
456 57
254 58
289 59
294 59
353 59
426 59
242 60
265 60
310 60
145 61
300 61
291 62
294 62
306 62
385 62
211 63
226 63
319 63
356 63
134 64
298 64
393 64
332 65
438 65
195 67
351 67
126 68
345 68
474 68
329 69
185 70
405 70
178 71
365 71
279 73
292 73
452 73
164 74
292 74
301 74
268 75
303 75
309 75
416 75
252 76
376 76
384 76
237 77
305 77
314 77
322 77
145 80
333 80
222 81
301 81
398 81
421 81
195 82
203 82
464 82
349 83
177 84
405 84
434 84
207 85
129 86
199 86
364 86
166 87
189 87
114 88
303 88
433 88
170 89
232 89
294 89
308 89
219 90
276 90
422 90
473 90
170 91
244 91
256 91
272 91
286 91
321 91
375 91
215 92
232 92
176 93
411 93
194 94
320 94
97 95
158 95
223 95
234 95
244 95
336 95
446 95
477 95
215 96
223 96
225 96
229 96
394 96
404 96
173 97
178 98
210 98
342 98
349 98
410 98
429 98
149 99
306 100
411 100
198 101
296 101
298 101
247 102
259 102
459 102
191 103
304 103
316 103
371 103
422 104
435 104
186 105
267 105
281 105
175 106
253 106
299 107
165 108
224 108
241 108
407 108
109 109
305 109
311 109
433 109
357 110
157 111
202 111
217 111
397 111
206 112
332 112
406 112
474 112
244 113
405 113
144 114
204 114
297 114
445 114
220 115
222 115
253 115
342 115
366 115
439 115
303 116
422 116
190 117
351 117
411 117
429 117
201 118
252 118
181 119
257 119
287 119
294 119
452 119
115 120
161 120
271 120
365 120
378 120
302 121
347 121
168 122
236 122
244 122
342 122
422 122
461 122
102 123
236 123
352 123
391 123
224 124
315 124
339 124
331 125
208 127
229 127
337 127
374 127
85 128
345 128
348 128
359 128
404 128
351 129
144 130
210 130
324 130
361 130
192 131
238 131
132 132
267 133
281 133
293 133
414 133
240 134
252 134
307 134
221 135
242 135
377 135
478 135
171 136
231 136
371 136
454 136
218 137
232 137
322 137
203 138
236 138
329 138
430 138
104 139
160 139
220 139
394 140
239 141
342 141
344 141
150 142
199 142
226 142
383 142
400 142
216 143
278 143
445 143
223 144
290 144
134 145
268 145
407 145
188 146
250 147
417 147
469 147
120 148
373 148
175 149
215 150
234 150
309 150
105 151
382 151
221 152
381 152
227 153
297 153
322 153
392 153
477 153
286 154
357 154
389 154
429 154
336 155
208 156
214 156
394 157
137 158
272 158
330 158
350 158
443 158
193 159
405 159
451 159
363 160
265 161
119 162
149 162
244 162
256 162
338 162
364 162
411 162
233 163
172 164
245 164
291 164
312 164
113 165
299 165
383 165
462 165
221 166
381 166
157 167
322 167
421 167
286 168
357 168
336 169
146 170
209 170
279 170
394 170
427 170
268 171
285 171
292 171
306 171
333 171
346 171
90 172
471 172
262 173
435 173
82 174
128 174
137 174
190 174
261 174
355 174
475 174
251 175
402 175
282 176
374 176
441 176
237 177
323 177
412 177
446 177
63 178
256 178
266 178
119 179
298 179
384 179
453 179
175 180
223 180
289 180
311 180
329 180
340 180
367 180
132 181
214 181
355 181
424 181
161 182
325 182
201 183
275 183
304 183
350 183
375 183
96 184
267 184
336 184
344 184
259 185
396 185
267 186
300 186
433 186
329 187
353 187
374 187
188 188
235 188
249 188
290 188
140 189
266 189
469 189
89 190
311 190
381 190
130 191
292 191
124 192
258 192
360 192
368 192
414 192
443 192
127 193
211 193
297 193
304 193
338 193
167 194
274 194
314 194
238 195
347 195
477 195
391 196
159 197
228 197
298 197
198 198
327 198
331 198
333 198
76 199
256 199
342 199
428 199
260 200
270 200
283 200
88 201
151 201
181 201
187 202
246 202
311 202
316 202
461 202
357 203
406 203
224 204
136 205
174 205
242 205
303 205
310 205
436 205
135 206
94 207
296 207
58 208
166 208
203 208
230 208
303 208
382 208
125 209
166 209
199 209
274 209
283 209
434 209
90 210
336 210
446 210
263 211
418 211
232 212
236 212
255 212
346 212
473 212
217 213
84 214
100 214
131 214
183 214
376 214
249 215
449 215
87 216
320 216
356 216
410 216
424 216
427 216
99 217
154 217
238 217
364 217
398 217
219 218
384 218
104 219
172 219
318 219
457 219
138 220
303 220
312 220
323 220
370 220
290 221
406 221
191 222
228 222
330 222
420 222
97 223
193 223
222 223
162 224
209 224
266 224
339 224
408 224
437 224
96 225
127 225
310 225
214 226
382 226
467 226
151 227
253 227
414 227
192 228
227 228
178 229
184 229
245 229
136 230
355 230
389 230
411 230
444 230
150 231
219 232
281 232
474 232
86 233
225 233
232 233
301 233
309 233
424 233
449 233
86 234
221 234
283 234
290 234
106 235
117 235
149 235
156 235
199 235
273 235
402 235
428 235
437 235
171 236
190 236
289 236
328 236
430 236
479 236
231 237
234 237
240 237
88 238
265 238
343 238
379 238
426 238
159 239
171 239
403 239
418 239
144 240
353 240
411 240
459 240
168 241
206 241
159 242
188 242
215 242
242 242
438 242
203 243
325 243
331 243
364 243
239 245
389 245
420 245
121 246
166 246
304 246
314 246
171 247
290 247
323 247
202 248
404 248
442 248
468 248
147 249
282 249
332 249
336 249
375 249
227 250
273 250
342 250
352 251
250 252
294 252
296 252
428 252
138 253
170 253
266 253
449 253
76 254
109 254
209 254
331 254
359 254
474 255
192 256
223 256
242 256
299 256
310 256
335 256
385 256
214 257
400 257
454 257
318 258
332 258
355 258
370 259
176 260
234 260
337 260
414 260
438 260
476 260
65 261
182 261
287 261
338 261
406 261
459 261
125 262
208 262
319 262
346 262
354 262
226 263
294 263
427 263
443 264
479 264
199 265
231 265
276 265
403 265
226 266
409 266
52 267
148 267
269 267
424 267
172 268
243 268
362 268
290 269
384 269
418 269
448 269
196 270
304 270
328 270
78 271
296 271
343 271
467 271
211 272
215 272
340 272
403 272
426 272
281 273
451 273
173 274
255 274
374 274
409 274
162 275
195 275
204 275
232 275
346 275
168 276
288 276
425 276
160 277
279 277
408 277
420 277
208 278
342 278
356 279
394 279
455 279
205 280
243 280
281 281
443 281
144 282
261 282
289 282
307 282
312 282
377 282
474 282
166 283
269 283
323 283
396 283
459 283
95 284
179 284
219 284
299 284
369 284
417 284
138 285
150 285
337 285
366 285
385 285
175 286
313 286
396 286
478 286
75 287
186 287
198 287
236 287
346 287
372 287
122 288
223 288
252 288
461 288
169 289
287 289
396 289
207 290
277 290
373 290
424 291
154 292
192 292
374 292
278 293
356 293
379 293
395 293
411 293
88 294
210 294
244 294
272 294
465 294
157 295
227 295
315 295
376 295
448 295
178 296
185 296
217 296
304 296
385 296
431 296
114 297
140 297
187 297
326 297
378 297
80 298
142 298
196 298
419 298
132 299
202 299
237 299
273 299
292 299
333 299
363 299
160 300
266 300
389 300
175 301
256 301
259 301
305 301
454 301
219 302
284 302
345 302
473 302
76 303
312 303
372 303
130 304
250 304
404 304
440 304
129 305
155 305
180 305
393 305
159 306
233 306
246 306
260 306
271 308
314 308
320 308
370 308
376 308
104 309
304 309
296 310
329 310
355 310
380 310
383 310
64 311
395 311
412 311
428 311
464 312
149 313
265 313
315 313
375 313
124 314
166 314
185 314
207 314
223 314
281 314
97 315
172 315
282 315
391 315
217 316
222 316
241 316
251 316
263 316
279 316
285 316
449 316
127 318
150 318
273 318
311 318
318 318
345 318
130 319
140 319
183 319
187 319
435 319
143 320
201 320
234 320
246 320
304 320
165 321
182 321
301 321
332 321
421 321
454 321
471 321
299 322
368 322
398 322
114 323
252 323
274 323
355 323
423 323
152 324
215 324
293 324
392 324
182 325
264 326
337 326
397 326
192 327
358 327
384 327
440 327
457 327
195 328
261 328
95 329
160 329
174 329
225 329
283 329
317 329
338 329
80 330
91 330
133 330
236 330
354 330
356 330
385 330
120 331
252 331
414 331
478 331
260 332
308 332
103 333
155 333
268 333
273 333
388 333
428 333
444 333
171 334
353 334
462 334
167 335
274 335
326 335
174 336
206 336
300 336
349 336
381 336
401 336
406 336
269 337
308 337
314 337
71 338
188 338
219 338
259 338
294 338
373 339
418 339
122 340
191 340
254 340
315 340
355 340
397 340
466 340
117 341
201 341
227 341
248 341
424 341
431 341
146 342
340 342
384 342
415 342
429 342
212 343
237 343
267 343
290 343
328 343
353 343
61 344
184 344
248 344
407 344
323 345
114 346
170 346
178 346
314 346
351 346
452 346
248 347
278 347
362 347
396 347
83 348
309 348
327 348
352 348
381 348
472 348
56 349
140 349
224 349
266 349
306 349
335 349
437 349
321 350
397 350
434 350
160 351
188 351
332 351
369 351
387 351
163 352
207 352
248 352
104 353
134 353
258 353
438 353
103 354
290 354
331 354
381 354
421 354
192 355
347 355
48 356
75 356
111 356
156 356
175 357
221 357
270 357
285 357
296 357
309 357
371 357
401 357
476 357
283 358
414 358
117 359
131 359
313 359
460 359
232 360
321 360
94 361
151 361
183 361
248 361
375 361
112 362
355 362
389 362
400 362
429 362
217 363
242 363
261 363
327 363
352 363
207 364
387 364
90 365
167 365
424 365
193 366
268 366
338 366
362 366
419 366
466 366
189 367
265 367
278 367
289 367
360 367
420 367
198 368
242 368
379 368
146 369
180 369
425 369
435 369
138 370
140 371
252 371
301 371
395 371
450 371
176 372
243 372
329 372
345 372
133 373
151 373
189 373
196 373
320 373
436 373
213 374
260 374
388 374
424 374
103 375
142 375
202 375
264 375
384 375
396 375
454 375
409 376
224 377
239 377
347 377
368 377
383 377
58 378
253 378
364 378
283 379
313 379
372 379
145 380
159 380
195 380
265 380
389 380
117 381
429 382
456 382
97 383
200 383
263 383
345 383
352 383
395 383
210 384
249 384
385 385
419 385
53 386
150 386
179 386
196 386
247 386
417 386
71 387
142 387
244 387
330 387
400 387
424 387
168 388
171 388
272 388
476 388
258 389
306 389
49 390
181 390
228 390
242 390
327 390
360 390
419 390
439 390
126 391
219 391
246 391
276 391
336 391
250 392
87 393
159 393
237 393
247 393
279 393
190 394
278 394
461 394
124 395
138 395
319 395
344 395
424 395
198 396
290 396
357 396
375 396
433 396
449 396
43 397
152 397
343 397
368 397
413 397
438 397
130 398
465 398
127 399
406 399
335 400
344 400
366 400
339 401
100 402
178 402
428 402
116 403
133 403
220 403
255 403
268 403
286 403
317 403
360 403
199 404
289 404
467 404
187 405
211 405
223 405
443 405
93 406
244 406
261 406
160 407
207 407
349 407
319 408
389 409
421 409
323 410
400 410
417 410
144 411
223 411
310 411
333 411
110 412
350 412
433 412
446 412
185 413
287 413
302 413
343 413
420 413
239 414
311 414
50 415
126 415
155 415
209 415
317 415
378 415
417 415
108 416
140 416
171 416
219 416
233 416
238 416
404 416
421 416
274 417
289 417
71 418
264 418
435 418
448 418
103 419
253 419
336 419
360 419
399 419
106 420
128 420
132 420
152 420
194 420
302 420
120 421
219 421
351 421
136 422
274 422
407 422
350 423
208 424
229 424
344 424
424 424
135 425
158 425
325 425
118 426
231 426
273 426
289 426
321 426
380 426
431 426
63 427
190 427
440 427
99 428
263 428
369 428
456 428
139 429
165 429
143 430
330 430
341 430
357 430
468 430
97 431
252 432
305 432
412 432
423 432
429 432
438 432
56 433
99 433
122 433
202 433
312 433
323 433
86 434
102 434
78 435
217 435
346 435
392 435
206 436
241 436
54 437
109 437
121 437
146 437
113 438
222 438
325 438
408 438
416 438
175 439
238 439
275 439
289 439
444 439
83 440
131 440
160 440
215 440
234 440
414 440
176 441
227 441
319 441
347 441
198 442
229 442
383 442
434 442
142 443
224 443
264 443
326 443
415 443
431 443
131 444
181 444
195 444
206 444
252 444
478 444
69 445
294 445
46 446
323 446
367 446
395 446
397 446
404 446
325 447
368 447
88 448
171 448
240 448
275 448
288 448
312 448
290 449
194 450
240 450
305 450
336 450
372 450
397 450
140 451
264 451
332 451
64 452
434 452
106 453
125 453
154 453
338 453
388 453
420 453
467 453
86 454
167 454
242 454
298 454
316 454
355 454
433 454
334 455
287 457
307 457
342 457
381 457
293 458
304 458
318 458
375 458
411 458
204 459
217 459
266 460
291 460
126 461
143 461
229 461
395 461
453 461
153 462
309 462
326 462
126 463
149 463
171 463
240 463
307 463
118 464
139 464
240 464
289 464
368 464
441 464
128 465
133 465
280 465
302 465
398 465
418 465
184 466
348 466
365 466
414 466
472 466
121 467
335 467
364 467
144 468
156 468
216 468
338 468
98 469
216 469
158 470
165 470
175 470
306 470
383 470
438 470
462 470
178 471
217 471
228 471
350 471
114 472
201 472
253 472
310 472
314 472
332 472
334 472
402 472
417 472
127 473
167 473
144 474
268 474
437 474
240 475
230 476
333 477
160 478
281 478
310 478
379 478
407 478
145 479
176 479
208 479
332 479
358 479
121 480
268 480
341 480
357 480
390 480
125 481
181 481
188 481
304 481
468 481
85 482
194 482
201 482
278 482
293 482
367 482
386 482
156 483
327 483
189 484
278 484
178 485
282 485
301 485
313 485
436 485
252 486
262 486
394 486
191 487
230 487
393 487
107 488
186 488
243 488
257 488
123 489
216 489
361 489
166 490
191 491
273 491
334 491
347 491
365 491
284 492
288 492
320 493
400 493
199 494
319 494
442 494
71 495
154 495
165 495
222 495
259 495
459 495
182 496
356 496
362 496
369 496
381 496
394 496
120 497
310 497
274 498
168 499
232 499
385 499
134 500
217 500
391 500
202 501
385 501
245 502
250 502
305 502
320 502
327 502
359 502
387 502
407 502
426 502
262 503
294 503
479 503
82 505
199 505
346 505
467 505
167 506
187 506
252 506
277 506
450 506
161 507
268 507
392 507
311 508
367 508
209 509
217 509
286 509
369 509
371 509
398 509
130 511
150 511
244 511
263 512
276 512
279 512
299 512
110 513
166 513
320 513
200 514
161 515
280 516
234 517
248 517
473 517
201 518
206 518
238 518
400 518
88 519
182 519
381 519
444 519
388 520
241 521
359 521
123 522
168 522
201 522
329 522
421 522
434 522
334 523
348 523
312 524
321 524
356 524
364 524
427 524
433 524
306 525
368 525
448 525
302 526
325 526
358 526
103 527
224 527
396 527
427 527
150 528
299 528
453 528
250 529
344 530
373 530
433 530
203 531
247 531
270 531
378 531
119 533
254 533
306 533
324 533
368 533
412 533
151 534
169 534
187 534
424 534
459 534
291 535
383 535
281 536
361 536
468 536
209 537
289 537
188 538
260 538
326 538
383 538
401 538
420 538
132 539
152 539
243 539
280 539
348 539
238 541
329 541
353 541
395 541
245 542
258 542
275 542
316 542
173 543
212 543
100 544
243 544
379 544
361 545
368 547
153 548
194 548
265 548
413 548
434 548
269 549
286 549
458 549
217 550
135 551
157 551
365 551
381 551
177 552
408 553
332 554
351 554
434 554
307 555
390 555
408 555
420 555
118 556
264 556
272 556
344 556
383 556
203 557
399 557
223 558
335 559
349 559
420 559
434 559
438 559
160 560
270 560
342 560
413 560
352 561
229 562
361 562
210 563
443 563
448 564
454 564
252 565
326 566
183 568
259 568
292 568
383 568
236 569
402 569
395 570
146 571
167 571
218 571
334 571
277 573
302 574
341 574
419 574
172 576
349 576
432 577
444 577
205 578
310 578
456 578
154 579
361 579
209 580
178 581
228 582
271 583
376 583
385 583
395 583
185 584
294 584
410 584
193 586
278 588
258 591
344 591
200 594
425 594
356 595
410 595
394 596
366 597
268 598
325 601
234 602
341 602
420 606
408 607
217 608
259 609
400 609
312 611
376 611
362 612
224 613
