280 32
341 34
364 36
246 40
306 40
298 43
293 44
196 47
348 49
357 49
368 51
311 52
265 53
380 53
298 54
249 56
400 57
199 60
275 61
333 61
356 61
446 61
168 62
319 62
345 62
364 63
416 63
376 65
456 65
389 67
213 68
181 71
243 71
410 72
299 73
318 73
286 74
425 74
373 76
221 78
265 78
252 79
385 79
188 81
243 82
404 82
230 83
239 83
243 83
282 83
234 84
392 86
417 86
273 87
302 87
320 87
333 87
351 87
283 88
410 88
244 89
266 89
281 89
429 89
438 90
282 91
372 92
416 92
434 92
209 93
276 93
247 94
394 94
381 95
235 96
298 96
314 96
405 96
420 97
454 97
366 98
193 99
225 99
391 99
259 100
310 100
322 100
336 100
348 100
250 101
285 101
298 101
214 102
246 102
386 102
273 103
430 103
215 104
227 104
260 104
387 104
234 105
357 105
403 105
179 106
255 106
300 106
239 107
231 108
285 108
373 108
405 108
249 109
381 109
390 109
171 110
293 110
371 110
455 110
104 111
307 111
404 111
196 112
214 112
264 112
283 112
320 112
410 112
314 113
324 114
333 114
413 114
138 115
292 115
384 115
425 115
188 116
283 116
295 116
299 116
278 117
345 117
155 118
223 118
251 118
356 118
373 118
434 118
221 119
390 119
305 120
367 120
129 121
405 121
179 122
214 122
265 122
377 122
204 123
248 123
294 123
419 123
449 123
389 124
148 125
401 125
414 125
198 126
457 126
121 127
237 127
314 128
331 128
208 129
313 129
292 130
422 130
161 131
225 131
340 131
347 131
436 131
280 132
293 132
361 132
420 132
159 133
269 133
438 133
185 134
373 134
477 134
210 135
254 136
391 136
407 136
123 137
127 137
245 138
102 139
137 140
198 140
407 140
454 140
152 142
238 142
299 143
307 143
317 143
325 143
348 143
416 143
426 143
147 144
333 144
95 145
232 145
109 146
161 146
274 146
297 146
359 146
373 147
128 149
185 149
215 149
286 149
387 149
262 150
398 150
426 150
232 151
443 151
479 151
102 152
251 152
172 153
236 153
410 153
437 153
204 154
304 154
80 155
404 155
419 155
144 156
154 156
239 156
320 156
302 157
310 157
333 157
343 157
460 157
166 158
193 158
218 158
427 158
213 159
292 159
93 160
109 160
226 160
272 160
362 161
375 161
392 161
70 162
133 162
160 162
202 163
211 163
330 163
444 165
258 166
474 166
176 167
183 167
409 167
186 168
241 168
453 168
122 169
149 169
330 169
376 169
159 170
202 170
236 170
305 170
423 170
76 171
101 171
323 171
366 171
287 172
311 172
344 172
385 172
226 173
351 173
95 174
162 174
237 174
252 174
298 174
459 174
163 175
400 175
192 176
329 176
361 176
138 177
274 177
370 177
411 177
110 178
213 178
265 178
336 178
371 178
442 178
180 179
471 179
87 180
397 180
239 181
385 181
198 182
151 183
194 183
319 183
352 183
424 183
64 184
103 184
214 184
238 184
384 184
126 185
197 185
305 185
331 185
366 185
478 185
77 186
124 186
290 186
343 186
220 187
226 187
397 187
56 188
167 188
278 188
353 188
438 188
182 189
267 189
366 189
375 189
386 189
97 190
112 190
143 190
163 190
216 190
259 191
333 191
467 191
212 192
238 192
344 192
351 192
408 192
180 193
194 193
443 193
249 194
378 194
398 194
71 195
123 195
203 195
374 195
389 195
109 196
130 196
354 196
181 197
192 197
241 197
198 198
229 198
303 198
316 198
391 198
424 198
451 198
476 198
170 199
329 199
339 199
345 199
389 199
122 200
135 200
157 200
229 200
151 201
154 201
292 201
403 201
78 202
163 202
220 202
281 202
378 202
389 202
438 202
169 203
269 203
346 203
363 203
426 203
461 203
95 204
260 204
376 204
96 205
322 205
126 206
152 206
181 206
325 206
374 206
379 206
109 207
117 207
158 207
405 207
414 207
242 209
377 209
110 210
146 210
148 210
205 210
344 210
346 210
390 210
94 211
473 211
304 212
321 212
332 212
425 212
102 213
121 213
124 213
177 213
343 213
358 214
433 214
45 215
62 215
121 215
164 215
226 215
279 215
337 215
352 215
82 216
95 216
268 216
289 216
434 216
103 217
362 217
404 217
100 218
135 218
372 218
383 218
110 219
166 219
190 219
469 219
121 220
150 220
169 220
198 220
215 220
449 220
252 221
415 221
115 222
189 222
323 222
386 222
77 223
160 223
331 223
383 223
107 224
208 224
305 224
319 224
167 225
235 225
391 225
426 225
434 225
48 226
128 226
193 226
479 226
287 227
429 227
144 228
179 228
351 228
374 228
66 229
108 229
223 229
267 229
275 229
323 229
157 230
437 230
464 230
124 231
257 231
363 231
399 231
427 231
107 232
310 232
406 232
440 232
123 233
331 233
373 233
242 234
109 235
411 235
417 235
39 236
151 236
296 236
379 236
449 236
64 237
168 237
210 237
417 237
233 238
278 238
287 238
346 238
387 238
56 239
368 239
386 239
182 240
268 240
336 240
414 240
455 240
96 241
133 241
427 241
114 242
182 242
223 242
354 242
396 242
199 243
311 243
359 243
438 243
340 244
461 244
254 245
431 245
210 246
294 246
328 246
73 247
309 247
319 247
138 248
178 248
214 248
317 248
332 248
369 248
395 248
157 249
243 249
290 249
334 249
123 250
174 250
204 250
209 250
355 250
378 250
409 250
444 250
469 250
46 251
90 251
345 251
226 252
277 252
355 252
364 252
107 253
232 253
398 253
436 253
353 254
385 254
409 254
478 254
213 255
417 255
184 256
88 257
288 257
369 257
198 258
293 258
335 258
362 258
130 259
147 259
228 259
314 259
329 259
397 259
456 259
166 260
254 260
391 260
401 260
100 261
115 261
220 261
301 261
421 261
438 261
248 262
397 262
431 262
323 263
343 263
373 263
289 264
427 264
191 265
376 265
405 265
78 266
238 266
279 266
381 266
354 267
359 267
449 268
465 268
157 269
437 269
140 270
173 270
266 270
320 270
358 270
388 270
30 271
206 271
220 271
232 271
385 271
183 272
317 272
415 272
162 273
305 273
325 273
366 273
438 273
179 274
187 274
294 274
472 274
284 275
344 275
437 275
454 275
72 276
104 276
163 276
397 276
89 277
151 277
214 277
254 277
419 277
437 277
52 278
120 278
133 278
210 278
284 279
165 280
197 280
236 280
247 280
348 280
407 280
424 280
74 281
109 281
277 281
323 281
427 281
31 282
62 282
178 282
197 282
379 282
101 283
145 283
217 283
271 283
83 284
174 284
239 284
406 284
90 285
307 285
315 285
67 286
268 286
360 286
192 287
200 287
235 287
295 287
323 287
421 287
448 287
466 287
231 288
327 288
412 288
430 288
111 289
204 289
258 289
337 289
61 290
155 290
189 290
206 290
288 290
367 290
413 290
440 290
42 291
77 291
161 291
230 291
344 291
417 291
126 292
172 292
227 292
334 292
408 292
471 292
22 293
43 293
70 293
215 293
437 293
74 294
92 294
250 294
138 295
222 295
398 296
115 297
222 297
259 297
351 297
441 297
456 297
271 298
335 298
34 299
201 299
218 299
307 299
115 300
146 300
279 301
318 301
381 301
477 301
94 302
188 302
201 302
264 302
326 302
327 302
405 302
423 302
82 303
102 303
166 303
180 303
243 303
49 304
116 304
277 304
289 304
437 304
55 305
187 305
194 305
214 305
297 305
337 305
446 305
236 306
244 306
29 307
364 307
387 307
129 308
158 308
177 308
411 308
166 309
96 310
337 310
431 310
92 311
196 311
275 311
44 312
166 312
234 312
245 312
258 312
371 312
59 313
79 313
141 313
187 313
334 313
110 314
270 314
176 315
212 315
263 315
301 315
324 315
468 315
42 316
126 316
203 316
314 316
394 316
426 316
41 317
106 317
223 317
416 317
418 317
186 318
214 318
324 318
356 318
378 318
90 319
153 319
334 319
179 320
199 320
108 321
38 322
259 322
279 322
76 323
346 323
396 323
73 324
90 324
170 324
217 324
441 324
149 325
122 326
413 327
86 328
166 328
306 328
460 328
30 329
386 329
475 329
78 330
103 330
244 330
268 330
295 330
318 330
338 330
48 331
297 331
358 331
68 332
337 333
434 333
70 334
186 334
299 334
329 334
403 334
177 335
323 335
356 335
449 335
137 336
160 336
302 336
116 337
208 337
338 337
169 338
191 339
257 339
79 340
283 340
337 340
464 340
180 341
230 341
166 342
282 342
20 343
38 343
179 343
191 343
479 343
60 344
336 344
201 345
251 345
149 346
333 346
344 346
408 346
71 347
168 347
219 347
354 347
453 347
292 348
306 348
77 349
110 349
52 350
132 350
382 350
397 350
270 351
315 351
366 352
471 352
296 353
351 353
90 354
243 354
412 354
127 355
169 356
301 356
336 356
441 356
53 357
165 357
195 357
321 357
293 358
369 358
263 359
457 359
286 360
27 361
190 361
213 361
232 361
238 361
306 361
413 361
88 362
102 362
166 362
180 362
325 362
386 362
164 363
199 363
63 364
166 364
401 364
478 365
120 366
280 366
355 366
81 367
328 367
164 368
307 368
320 368
140 369
185 369
280 369
176 370
461 370
166 371
207 371
275 371
284 371
300 371
373 371
192 372
298 372
342 372
479 372
161 373
168 373
172 373
251 373
261 373
301 373
310 373
387 373
445 373
55 374
116 374
407 374
417 374
97 375
227 375
295 375
426 375
183 376
272 376
239 378
263 378
317 378
401 378
31 379
203 379
273 379
409 379
133 380
267 380
308 380
248 381
252 381
465 381
214 382
283 382
418 382
433 382
448 382
114 383
244 383
372 383
434 383
156 384
222 384
276 384
286 384
320 384
339 384
356 384
179 385
49 386
171 386
199 386
388 386
401 386
226 387
219 388
305 388
241 390
451 390
191 391
403 392
337 393
426 393
432 393
290 394
420 394
66 395
215 395
242 395
284 395
321 396
163 397
166 397
174 398
238 399
280 399
301 399
81 400
146 400
288 400
94 401
174 401
250 401
227 402
241 402
379 402
388 402
124 404
207 404
435 404
98 405
253 405
297 405
371 405
472 405
97 406
316 406
334 406
348 406
367 406
419 406
179 407
453 407
108 408
190 408
206 408
223 408
275 408
338 408
353 408
383 408
386 408
433 408
194 409
353 409
73 410
230 410
183 411
250 411
290 411
420 411
205 412
236 412
272 412
331 412
352 412
47 413
102 413
162 413
94 414
362 414
368 414
203 415
135 416
315 416
379 416
102 417
67 418
186 418
110 419
331 419
346 419
180 420
225 420
331 420
333 420
353 420
127 421
245 421
209 422
253 422
347 422
445 422
84 423
90 423
344 423
367 423
382 423
399 423
84 424
267 424
36 425
198 425
235 425
306 425
348 425
398 425
108 426
328 426
386 426
391 426
32 427
90 427
240 427
268 427
472 427
126 428
285 428
429 428
96 429
324 429
337 429
215 430
421 430
445 430
456 430
270 431
435 431
150 432
362 432
418 432
224 433
251 433
374 433
163 434
210 434
322 434
361 434
364 434
429 434
345 435
379 435
80 436
172 436
232 436
282 436
362 436
414 436
143 437
225 437
261 437
223 438
395 438
379 439
91 440
189 440
295 440
410 440
164 441
112 442
359 442
117 443
123 443
136 443
238 443
277 443
106 444
142 444
394 445
428 445
94 446
301 446
400 446
225 447
256 447
389 447
132 448
452 448
217 449
319 449
338 449
368 449
430 449
326 450
378 450
402 450
434 450
440 450
96 451
120 451
247 451
356 451
63 452
180 453
203 453
469 453
54 454
229 454
274 454
357 454
232 455
325 455
400 455
91 456
381 456
386 456
412 456
264 457
293 458
209 459
347 459
362 459
82 460
241 460
429 460
125 461
160 461
374 461
398 461
147 462
210 462
312 462
383 462
425 462
138 463
354 463
99 464
339 464
393 464
84 465
289 465
366 465
450 465
112 466
83 467
262 467
143 468
248 468
72 469
164 469
83 470
106 470
153 470
346 470
434 470
157 471
226 471
408 471
479 471
97 472
204 472
206 472
252 472
257 472
393 472
306 473
35 474
62 474
205 474
263 474
271 474
344 474
355 474
393 474
94 475
362 475
134 476
348 476
238 477
397 477
53 478
93 478
203 478
360 478
376 478
479 478
88 479
108 479
156 479
177 479
241 479
260 479
322 479
114 480
223 480
281 480
395 480
186 481
191 481
283 481
313 481
418 481
52 482
163 482
270 482
197 484
297 484
339 485
442 485
214 486
249 486
317 486
186 487
200 487
388 487
439 487
75 488
136 488
155 488
172 488
403 488
304 489
119 490
193 490
316 490
40 491
198 491
370 491
116 492
146 493
157 493
183 493
295 493
353 493
231 494
251 494
384 494
184 495
275 495
416 495
67 496
112 496
331 496
426 496
154 498
179 498
294 499
311 500
108 501
136 501
104 502
57 503
98 503
142 503
190 503
203 503
350 503
440 503
89 504
264 504
294 504
409 504
148 505
378 505
435 505
107 506
127 506
402 506
220 507
287 507
392 507
280 508
260 509
304 509
433 509
465 509
41 510
150 510
83 511
96 511
239 511
323 511
101 514
159 514
71 515
116 515
175 515
300 515
269 516
355 516
409 516
280 517
288 517
372 517
233 519
254 519
273 519
315 519
318 519
59 520
315 520
459 520
166 521
439 521
132 522
291 522
99 523
141 524
330 524
380 524
48 526
315 526
397 526
203 527
261 527
127 529
154 529
272 529
348 529
270 530
282 530
73 531
289 531
435 531
140 532
222 532
413 532
470 532
159 533
262 533
316 534
148 535
193 535
289 535
300 535
120 536
183 537
131 538
428 538
172 539
137 540
150 540
152 540
445 540
320 541
383 541
354 542
460 542
107 543
145 543
209 543
236 543
281 544
257 545
334 545
475 546
166 547
319 547
371 547
394 547
253 550
318 550
349 550
421 550
227 551
255 551
149 554
160 554
310 554
324 554
467 554
268 555
294 556
139 557
190 557
249 557
316 557
385 557
402 557
246 558
269 558
432 558
113 559
98 561
246 561
402 561
80 562
215 562
362 562
412 562
242 563
311 563
327 563
396 563
168 564
312 565
165 566
288 566
379 566
405 566
478 566
172 567
344 567
231 568
280 568
292 568
314 568
339 568
197 569
333 569
447 569
255 570
304 570
243 571
289 571
352 571
263 572
301 572
403 572
409 572
423 572
179 574
345 574
271 575
262 576
294 576
275 577
369 577
397 577
402 577
245 578
292 578
431 578
210 579
317 579
341 580
409 580
195 582
348 582
471 582
385 583
439 583
182 584
285 585
334 585
323 586
440 586
466 586
357 587
157 588
178 588
328 588
458 588
134 589
221 589
248 589
273 589
297 589
350 590
141 591
248 591
359 591
406 592
192 594
197 594
185 595
340 595
474 595
382 596
209 597
197 598
283 598
232 599
332 599
146 600
248 600
430 600
361 602
118 603
128 603
319 604
162 607
186 607
309 607
346 607
330 608
213 609
281 610
438 610
249 611
265 614
302 617
361 619
315 620
335 620
435 622
186 624
206 625
222 626
326 630
