372 2
396 2
432 2
175 3
258 3
385 3
436 3
424 4
171 6
239 6
356 7
347 8
221 9
337 9
449 10
295 13
315 13
200 14
208 14
395 14
192 15
416 16
468 16
175 17
272 17
245 18
255 18
437 18
429 19
372 20
347 21
230 22
362 22
169 23
452 23
155 24
330 24
212 26
314 26
401 26
140 27
147 27
381 28
288 29
417 29
464 29
267 30
194 31
186 33
255 33
476 35
168 36
236 36
438 36
362 37
378 38
449 38
333 39
353 39
320 40
148 41
213 41
305 41
324 41
399 41
386 42
339 43
411 43
389 44
136 45
194 45
214 45
221 45
275 45
466 45
283 46
120 47
273 47
422 47
386 48
435 48
174 49
228 49
330 49
218 51
251 51
107 52
253 52
167 53
371 53
379 53
398 53
318 54
350 54
147 55
336 55
391 55
225 56
447 56
155 57
392 57
402 57
140 58
213 58
258 58
271 58
297 58
339 58
207 59
275 59
380 59
287 60
201 62
189 63
417 63
464 63
254 64
397 64
228 65
171 66
372 66
432 66
234 68
368 68
338 69
345 69
324 70
326 70
355 70
359 70
265 71
151 72
295 72
311 72
400 72
214 73
220 73
273 73
279 73
385 73
445 73
229 74
251 74
366 74
333 75
347 76
416 76
190 77
208 77
356 77
255 78
359 78
132 79
238 79
465 79
170 80
120 81
345 82
439 82
476 82
112 83
221 83
333 83
166 84
222 84
297 84
310 84
361 84
377 84
379 84
108 85
348 85
193 86
214 86
237 86
381 86
401 86
201 87
275 87
322 87
356 87
453 87
260 88
418 88
149 89
175 89
361 89
328 90
92 91
209 91
245 91
466 91
217 92
331 92
430 92
182 93
329 94
357 94
132 95
344 95
360 95
188 96
230 96
307 96
169 97
191 97
475 97
210 98
281 99
367 99
369 99
382 99
113 100
157 100
391 100
409 100
459 101
214 102
332 102
427 102
196 103
251 103
239 104
234 105
332 105
93 106
312 106
350 106
354 106
136 107
177 107
184 107
344 107
370 108
442 108
175 109
220 109
278 109
297 109
82 110
186 110
166 111
400 111
403 111
453 111
210 112
264 112
384 112
396 112
117 113
334 114
246 115
378 115
416 115
194 116
229 116
145 117
285 117
300 117
395 117
343 118
358 118
477 118
167 119
316 119
429 119
462 119
191 120
270 120
373 120
204 122
248 122
251 122
345 122
128 123
394 124
90 125
145 125
343 125
122 126
142 126
162 126
190 126
446 126
173 127
474 127
300 128
318 128
408 128
336 129
353 129
358 129
136 130
196 130
226 130
283 130
321 131
75 132
135 132
176 132
267 132
353 132
423 132
105 133
125 133
458 133
133 134
138 134
146 134
148 134
192 134
209 134
318 134
367 134
140 135
247 135
143 136
153 136
435 136
66 137
194 137
268 137
292 138
383 138
397 139
236 140
282 140
352 140
472 140
90 141
119 141
151 141
259 141
273 141
444 141
158 142
169 142
151 143
229 143
324 143
413 143
125 144
82 145
174 145
219 145
208 146
329 146
317 147
349 147
189 148
365 148
426 148
102 149
198 149
279 149
335 149
377 149
459 149
128 150
305 150
171 151
266 152
432 152
73 153
236 154
249 154
467 154
148 155
253 155
169 156
176 157
395 157
113 158
194 158
328 158
441 158
139 159
323 159
334 159
352 159
62 160
156 160
219 160
280 161
305 161
358 161
410 161
206 162
342 162
345 162
155 163
180 163
288 163
331 163
336 163
366 163
264 164
95 165
112 165
124 165
189 165
363 165
380 165
223 166
246 166
375 166
453 166
101 167
213 167
330 167
376 167
427 167
90 168
210 169
227 169
168 170
251 170
355 170
387 170
79 171
171 171
326 171
139 172
199 172
300 172
318 172
470 172
372 173
180 174
203 174
330 174
404 174
204 175
286 175
113 176
340 176
352 176
353 176
399 176
69 177
103 177
258 178
276 178
446 178
154 179
368 179
367 180
163 181
246 181
349 181
63 182
181 182
229 182
233 182
241 182
377 182
416 182
454 183
93 184
137 184
211 184
216 184
314 185
365 185
175 186
226 186
337 186
392 186
395 186
301 187
431 187
55 188
165 188
204 188
208 188
240 188
327 188
468 188
114 189
339 189
165 190
226 190
270 190
341 190
112 191
219 191
363 191
149 192
352 192
404 192
272 193
371 193
103 194
185 194
208 194
226 194
246 194
441 194
71 195
291 195
130 196
323 196
327 196
225 197
238 197
308 197
369 197
180 198
235 198
379 198
390 198
417 198
119 199
320 199
65 200
167 200
93 201
162 201
200 201
203 201
403 201
181 202
338 202
455 202
134 203
393 203
115 204
243 204
270 204
284 204
345 204
416 204
157 205
257 205
427 205
154 206
80 207
188 207
296 207
339 207
349 207
105 208
229 208
373 208
406 208
132 209
134 209
219 209
405 209
178 210
334 210
357 210
465 210
146 211
345 211
47 212
100 212
128 212
156 212
196 212
338 212
387 212
439 212
208 213
319 213
110 214
443 214
115 215
258 215
416 215
477 215
67 216
85 216
96 216
130 216
247 216
259 216
332 216
102 217
137 217
276 217
333 217
169 218
188 218
250 218
287 218
375 218
409 218
188 219
194 219
301 219
411 219
233 220
347 220
438 220
112 221
156 221
355 221
454 221
86 222
95 222
56 223
215 223
401 223
428 223
125 224
331 224
341 224
357 224
391 224
440 224
107 225
462 225
172 226
264 226
329 226
398 226
76 227
162 227
245 227
404 227
435 227
102 228
254 228
348 228
200 229
277 229
157 230
239 230
299 230
340 230
470 230
96 231
142 231
241 231
280 231
343 231
410 231
139 232
351 232
410 232
44 233
85 233
99 233
112 233
115 233
131 233
158 233
174 233
244 233
315 233
406 233
185 234
219 234
378 234
442 234
116 235
418 235
183 236
342 236
353 236
36 237
65 237
170 238
204 238
330 238
350 238
83 239
251 239
332 239
449 239
128 240
192 240
393 240
103 241
125 241
270 241
287 241
372 242
193 243
235 243
300 243
100 244
50 245
161 245
171 245
348 245
404 245
28 246
163 246
224 246
429 246
118 247
218 247
236 247
311 247
206 248
459 248
90 249
176 249
263 250
273 250
357 250
388 250
107 251
192 251
286 251
41 252
66 252
88 252
105 252
134 252
327 252
414 252
173 253
191 253
239 254
300 254
367 255
148 256
193 256
226 256
397 256
417 256
445 256
468 256
196 257
429 257
343 258
78 259
168 259
185 259
310 259
191 260
198 260
212 260
100 261
266 261
120 262
321 262
426 262
158 263
216 263
354 263
382 263
409 263
43 264
93 264
207 264
248 264
281 264
478 264
109 265
112 265
174 265
256 265
409 265
457 265
113 266
178 266
216 266
295 266
64 267
153 267
173 267
201 267
240 267
433 267
103 268
334 268
129 269
150 270
393 270
114 271
181 271
191 271
227 271
313 271
366 271
104 272
165 272
167 272
406 273
418 273
120 274
164 274
211 274
219 274
422 274
445 274
187 275
217 275
348 275
75 276
161 276
328 276
428 276
468 276
272 277
283 277
377 277
401 277
45 278
410 278
137 279
252 279
259 279
299 279
208 280
205 281
243 281
428 281
89 282
165 282
257 282
453 282
35 283
176 283
206 283
312 283
411 283
112 284
152 284
198 284
237 284
251 284
310 284
313 284
361 284
375 284
172 285
340 285
349 285
324 286
389 286
97 287
129 287
209 287
231 287
57 288
311 288
398 288
440 288
48 289
57 289
59 289
286 289
326 289
221 290
226 290
268 290
394 290
26 291
102 291
128 291
163 291
189 291
205 291
461 291
122 292
217 292
300 292
419 292
50 293
74 293
294 293
342 293
263 294
274 294
277 294
181 295
351 295
369 295
376 295
423 295
401 296
52 297
449 297
469 297
91 298
117 298
293 298
356 298
39 299
287 299
301 299
319 299
361 299
68 300
147 300
205 300
239 300
253 300
294 300
342 300
370 300
64 301
131 301
169 301
230 301
235 301
249 301
324 301
429 301
199 302
218 302
293 302
107 303
169 303
194 303
389 303
413 303
116 304
231 304
278 304
167 305
318 305
234 306
460 306
162 307
264 307
306 307
310 307
192 308
292 308
331 308
352 308
355 308
78 309
105 309
279 309
479 309
239 310
355 310
370 310
373 310
440 310
56 311
219 311
263 311
290 311
379 311
393 311
420 311
156 312
245 312
248 312
398 312
25 313
119 313
134 313
179 313
328 313
49 314
151 314
208 314
167 315
236 315
327 315
359 315
299 316
398 316
96 317
231 317
384 317
466 317
148 318
326 318
341 318
179 319
181 319
254 319
396 319
408 319
89 320
200 320
377 320
17 321
38 321
66 321
95 321
166 321
216 321
261 321
347 321
395 321
450 321
118 322
139 322
282 322
303 322
377 322
253 323
284 323
338 323
368 323
174 324
223 324
304 324
310 324
391 324
113 325
246 325
373 325
164 326
417 326
179 327
294 327
382 327
33 328
125 328
127 328
188 328
85 329
249 329
206 330
319 330
337 330
378 330
438 330
475 330
105 331
190 331
233 331
362 331
381 331
396 331
459 331
153 332
241 332
260 332
309 332
363 332
386 332
129 333
174 333
315 333
168 334
51 335
72 335
369 335
95 336
167 336
254 336
261 336
281 336
307 336
404 336
426 336
143 337
266 337
24 338
157 338
136 339
161 339
195 339
214 339
329 339
338 339
283 340
388 340
120 341
350 341
359 341
445 341
157 342
241 342
284 342
364 342
467 342
91 343
176 343
251 343
336 343
147 344
162 344
292 344
328 344
39 345
66 345
154 345
193 345
273 345
339 345
81 346
143 346
411 346
374 347
113 348
134 348
285 348
315 348
338 348
373 348
184 349
201 349
228 349
378 349
387 350
439 350
32 351
171 351
260 351
263 351
299 351
431 351
222 352
363 352
476 352
167 353
268 353
344 353
115 354
143 354
290 354
324 354
358 354
418 354
100 355
276 355
390 355
29 356
52 356
76 356
145 356
445 356
113 357
120 357
215 357
385 357
161 358
188 358
254 358
258 358
308 358
185 359
305 359
348 359
403 359
243 360
284 360
96 361
138 361
181 361
207 361
94 362
117 363
119 363
217 363
288 363
466 363
155 364
220 364
380 364
152 365
176 365
192 365
231 365
263 365
332 365
455 365
88 366
159 366
169 366
198 366
202 366
371 366
379 366
391 367
409 367
60 368
205 368
195 369
266 369
296 369
309 369
316 369
113 370
235 370
324 370
333 370
440 370
128 371
148 371
192 371
166 373
236 373
356 373
428 373
29 374
85 374
219 374
290 374
304 374
340 374
197 375
341 375
356 375
368 375
90 376
214 376
255 376
319 376
376 376
392 376
102 377
244 377
281 377
115 378
143 378
175 378
186 378
230 378
305 378
77 379
86 379
157 379
196 379
324 379
138 380
217 380
231 380
445 380
207 381
288 381
478 381
157 382
173 382
236 382
365 382
43 383
318 383
346 383
347 383
417 383
229 384
328 384
382 385
95 386
177 386
178 386
327 386
343 386
348 386
90 387
239 387
262 387
403 388
291 389
342 389
463 389
94 390
215 390
52 391
103 391
147 391
198 391
451 391
88 392
216 392
189 393
328 393
390 393
125 394
176 394
277 394
292 394
165 395
233 395
281 395
314 395
90 396
254 396
344 396
435 396
390 397
140 398
292 398
407 398
423 398
95 399
188 399
290 399
138 400
207 400
466 400
132 401
135 401
176 401
297 401
303 401
426 401
44 402
228 402
379 402
158 403
183 403
203 403
222 403
225 403
75 404
152 404
172 404
227 404
269 404
283 404
285 404
362 404
122 405
185 405
291 405
293 405
380 405
409 405
111 406
203 406
349 406
198 407
38 408
382 408
397 408
455 408
127 409
132 409
223 409
286 409
313 409
69 410
31 411
102 411
150 411
177 411
182 411
319 411
332 411
366 411
173 412
220 412
403 412
176 413
241 413
154 414
196 414
226 414
299 414
426 414
476 414
124 415
158 415
177 415
216 415
280 415
369 415
264 416
97 417
207 417
315 417
441 417
120 418
412 418
140 419
384 419
302 420
351 420
368 420
52 421
162 421
336 421
377 421
433 421
81 422
141 422
316 422
460 422
226 423
234 423
202 424
443 424
182 425
186 425
260 425
296 425
313 425
317 425
361 425
44 426
366 426
401 426
226 427
308 427
415 427
105 428
113 428
210 428
236 428
367 428
393 428
425 428
202 429
301 429
389 429
418 429
425 429
253 430
393 430
464 430
153 431
209 431
220 431
336 431
353 431
128 432
156 432
272 432
374 432
64 433
292 434
363 434
403 434
430 434
126 435
150 436
250 436
417 436
449 436
98 437
172 437
190 437
303 437
413 437
206 438
194 439
240 439
378 439
211 440
406 440
415 440
144 441
181 441
213 441
295 441
367 441
128 442
147 442
168 442
232 442
316 442
46 443
75 443
187 443
214 443
242 443
247 443
267 443
349 443
467 443
94 444
167 444
393 444
116 446
185 446
189 447
243 447
334 447
424 447
227 448
159 449
242 449
265 449
301 449
452 449
137 450
225 450
226 450
408 450
436 450
440 450
264 451
268 451
285 451
351 451
366 451
423 451
290 452
411 452
110 453
153 453
178 453
231 453
281 453
133 454
208 454
53 455
199 455
408 455
189 456
220 456
318 456
77 457
121 457
334 457
395 457
131 458
319 458
380 458
301 459
70 460
160 460
184 460
236 460
242 460
177 461
280 461
469 461
350 462
365 462
138 463
145 463
172 463
406 463
240 464
245 464
252 464
287 464
164 465
277 465
315 465
395 465
440 465
157 466
458 466
66 467
176 467
245 467
251 467
94 468
163 468
237 468
292 469
298 469
403 469
407 469
411 469
440 469
126 470
131 470
426 470
177 471
365 471
436 471
204 472
121 473
169 473
188 473
246 473
144 474
149 474
277 474
335 474
113 475
349 475
445 475
158 476
395 476
224 477
475 477
153 478
259 478
316 478
243 479
67 480
293 480
381 480
107 481
165 481
196 481
371 482
412 482
217 483
269 483
349 483
330 484
137 485
154 485
177 485
310 485
430 485
160 486
325 486
206 487
345 487
398 487
402 487
360 488
90 489
438 489
96 490
262 490
354 490
445 490
123 491
158 491
352 491
407 491
121 492
193 492
336 492
341 492
436 492
137 493
464 493
84 494
169 494
308 494
232 495
355 495
431 495
434 495
437 495
172 497
179 497
180 497
276 497
382 497
105 498
290 498
331 498
370 498
113 499
165 499
343 499
73 500
210 500
356 500
359 500
465 500
139 501
182 501
325 501
250 502
400 502
416 502
426 502
341 503
155 504
331 504
57 505
189 505
158 506
223 507
348 507
432 507
468 507
156 508
321 508
424 508
86 509
247 509
299 509
450 509
198 510
266 510
420 510
151 511
125 512
400 512
353 513
172 514
240 514
384 514
150 515
281 515
341 515
369 515
170 516
318 516
76 517
335 517
215 518
324 519
434 519
110 520
132 521
195 521
129 522
138 522
183 523
348 523
387 523
231 524
296 524
314 524
361 524
399 524
273 525
468 525
127 526
155 526
202 526
211 526
228 526
232 526
177 527
204 527
252 527
385 527
139 528
271 529
325 529
94 530
122 530
289 530
436 530
157 531
341 531
365 531
372 531
382 532
82 533
150 533
170 533
327 533
418 534
219 535
252 535
284 536
304 536
399 536
69 537
220 537
226 537
468 537
138 538
166 538
240 538
345 538
109 539
167 539
279 539
181 541
184 541
340 541
240 542
253 542
454 543
95 544
215 545
253 545
296 545
317 545
323 545
357 545
415 545
124 546
151 546
175 546
379 546
121 547
156 547
201 547
274 547
358 547
221 548
226 548
175 549
370 549
225 550
336 550
397 550
121 551
134 551
163 551
349 551
193 552
355 552
467 552
79 553
251 553
375 553
122 554
288 554
203 555
267 555
397 555
436 555
211 556
251 556
310 556
340 556
132 557
276 558
335 558
391 558
150 559
236 559
207 561
397 561
324 562
279 563
449 564
228 567
171 568
195 568
299 568
342 568
367 569
411 569
131 570
222 570
250 571
315 572
244 573
267 573
291 574
387 574
154 575
179 579
334 579
209 581
305 583
404 583
425 583
136 585
281 585
233 586
160 588
191 589
295 590
356 590
241 593
269 594
212 595
261 600
366 600
392 600
230 601
277 605
309 608
