331 1
155 2
195 2
471 2
373 3
101 6
308 6
366 7
454 7
263 9
138 11
356 11
178 12
423 12
218 13
91 14
293 14
398 14
133 15
168 17
339 18
247 19
285 19
123 20
466 20
324 21
376 21
204 22
275 22
436 23
452 23
72 24
236 24
305 24
264 25
364 25
418 26
411 27
148 28
299 28
107 30
191 31
325 33
392 33
221 34
247 35
464 35
136 36
376 36
320 37
52 38
101 38
443 38
422 39
177 40
275 40
169 41
216 41
89 42
389 42
399 42
153 43
237 43
253 43
370 45
381 45
84 46
122 46
166 46
257 46
261 46
354 46
463 46
472 46
298 47
397 47
282 48
223 49
262 49
294 50
338 50
211 51
254 51
284 51
443 51
117 52
154 52
249 52
314 52
427 52
108 53
125 53
385 53
65 54
195 56
322 56
402 56
124 57
271 57
377 57
207 58
282 58
290 58
212 59
258 59
460 59
381 60
49 61
102 61
310 61
317 61
397 61
444 61
137 62
310 62
179 63
224 63
379 63
203 64
230 64
238 64
245 64
368 64
300 65
90 66
244 66
298 66
352 66
283 67
365 67
37 68
165 69
211 69
288 69
390 69
145 70
225 70
333 70
478 70
274 72
469 72
75 74
221 74
223 74
395 74
114 75
154 75
254 75
320 75
380 75
227 76
267 76
129 77
191 77
207 77
277 77
252 78
308 78
396 78
437 78
105 79
246 79
254 79
161 81
339 81
156 82
105 83
296 83
336 83
417 83
59 84
136 84
179 85
211 85
327 85
339 85
398 86
91 87
99 87
289 88
385 88
161 89
204 89
163 90
362 90
455 90
192 91
328 91
461 91
124 92
157 92
185 92
245 92
265 92
276 92
329 92
442 92
230 93
428 93
120 94
348 94
83 95
94 95
194 95
316 95
187 96
305 97
74 98
79 98
146 98
322 98
216 99
354 99
410 99
395 100
26 101
96 101
354 101
378 101
169 102
177 102
344 102
66 103
143 103
103 104
251 104
322 104
459 104
60 105
130 105
142 105
191 105
292 105
352 105
477 105
23 106
146 107
285 107
355 107
445 107
160 108
334 108
231 109
327 109
430 109
149 110
194 110
323 110
273 111
103 112
396 112
413 112
172 113
179 113
314 113
358 113
384 113
88 114
137 114
147 115
164 115
180 115
362 115
46 116
175 116
350 116
339 117
255 118
83 119
115 119
148 119
166 119
190 120
452 120
77 122
90 122
104 122
150 122
201 122
374 122
397 122
438 122
34 123
436 123
196 124
228 124
356 124
389 124
405 124
439 124
44 125
334 125
393 125
418 125
28 126
70 126
104 126
370 126
170 127
324 127
104 128
383 128
432 128
419 129
66 130
136 130
175 131
306 131
172 132
312 132
210 133
254 133
22 134
299 134
59 135
92 135
53 136
101 136
190 136
288 136
371 136
411 136
417 136
439 136
450 136
465 136
433 137
476 137
122 138
199 138
362 138
382 138
160 139
232 139
237 139
85 140
91 140
188 140
274 140
397 140
346 141
432 141
82 142
386 142
114 143
221 143
334 143
258 144
322 144
182 145
52 146
142 146
307 146
39 147
214 147
50 148
418 148
447 148
245 149
408 149
35 150
103 150
363 150
54 151
81 151
137 151
397 151
291 152
94 153
168 153
395 153
411 153
470 153
30 154
366 154
379 154
397 154
64 155
126 155
235 155
351 155
402 155
432 155
438 155
278 156
330 156
267 157
418 157
427 157
438 158
85 159
315 159
59 160
95 160
186 160
62 161
212 161
227 161
68 162
116 162
152 162
79 163
459 163
12 164
18 164
252 164
298 165
383 165
369 166
354 167
476 167
62 168
398 168
67 169
339 169
409 169
41 170
75 170
47 171
197 171
222 171
132 172
211 172
232 172
273 172
432 172
95 173
163 173
261 174
442 174
81 175
219 177
455 177
294 178
33 179
41 179
187 179
180 180
71 181
113 181
177 181
191 181
212 181
362 181
377 181
382 181
391 182
474 182
161 183
339 183
346 183
55 184
240 184
27 185
67 185
71 185
172 185
311 185
18 186
142 186
236 186
408 186
65 187
230 187
223 188
268 188
424 188
134 189
433 189
438 189
57 190
224 190
15 191
66 191
162 191
191 191
256 191
95 192
172 192
193 192
319 192
446 192
169 193
297 193
168 195
282 196
353 196
370 196
381 196
462 196
122 197
339 197
51 198
150 198
182 198
386 198
233 199
394 199
412 199
40 200
203 200
237 200
240 200
472 200
271 201
279 201
77 202
117 202
174 202
303 202
105 203
235 203
273 203
426 203
230 204
265 204
276 204
406 204
28 205
305 205
310 205
54 206
105 206
147 206
171 206
300 206
441 206
222 207
295 207
94 208
354 208
397 208
426 208
217 209
234 209
452 209
53 210
63 210
118 210
133 210
283 210
381 210
185 211
337 211
177 212
325 212
355 212
157 213
336 213
399 213
114 214
141 214
209 214
467 214
92 215
271 215
316 215
339 215
73 216
410 216
165 217
204 217
253 217
263 217
297 217
310 217
53 218
123 218
260 218
364 218
384 218
478 218
226 219
345 219
49 220
143 220
186 220
423 220
147 221
310 221
441 221
360 222
238 223
248 223
83 224
186 224
337 224
347 224
376 224
380 224
394 224
53 225
172 225
236 225
281 225
320 225
361 225
453 225
32 226
243 226
273 226
300 226
306 226
351 226
79 227
122 227
178 227
266 227
308 227
402 227
461 227
48 228
66 228
194 228
262 228
273 228
275 228
327 228
355 228
44 229
62 229
201 229
407 229
412 229
414 229
181 230
233 230
65 231
173 231
220 231
361 231
26 232
42 232
105 232
134 232
256 232
431 232
55 233
198 233
209 233
286 233
328 233
358 233
365 233
401 233
347 234
478 234
171 235
378 235
386 235
400 235
55 236
151 236
219 236
249 236
340 236
431 236
167 237
315 237
326 237
329 237
234 238
241 238
393 238
403 238
59 239
329 239
220 240
43 241
379 241
461 241
119 242
349 243
408 243
64 244
133 244
268 244
419 244
88 245
231 245
288 245
39 246
142 246
177 246
312 246
334 246
349 246
198 247
316 247
327 247
427 247
81 248
86 248
138 248
218 248
310 248
360 248
367 248
381 249
407 249
201 250
387 250
391 250
91 251
97 251
110 251
301 251
384 251
330 252
341 252
445 252
212 253
236 253
238 253
363 253
120 254
151 254
221 254
262 254
337 254
451 254
54 255
80 255
183 255
263 255
25 256
158 256
162 256
246 256
103 257
208 257
276 257
287 257
385 257
410 257
438 257
465 257
146 258
329 258
394 258
127 259
144 259
197 259
319 259
346 259
119 260
225 260
128 261
246 261
274 261
342 261
362 261
373 261
428 261
47 262
173 262
299 262
428 262
108 263
229 263
293 263
402 263
100 264
249 265
289 265
291 265
373 265
154 266
201 266
309 266
325 266
383 266
237 267
91 268
141 268
223 268
262 268
128 269
159 270
187 270
210 270
231 270
234 270
279 270
280 270
410 270
463 270
428 271
108 272
133 272
157 272
208 272
310 272
318 272
322 272
340 272
383 272
29 273
122 273
219 273
223 273
342 273
353 273
361 273
83 274
142 274
302 274
372 274
222 275
160 276
248 276
295 276
351 276
353 276
98 277
202 277
393 277
140 278
193 278
347 278
382 278
431 278
51 279
72 279
224 279
281 279
344 279
84 280
235 280
280 280
313 280
328 280
395 280
452 280
209 281
142 282
162 282
178 282
426 282
263 283
404 283
94 284
163 284
319 284
410 284
466 284
141 285
181 285
320 285
338 285
308 286
39 287
66 287
250 287
354 287
435 287
117 288
287 288
291 288
368 288
139 289
248 289
272 289
309 289
345 289
415 289
194 290
380 290
198 291
219 291
423 291
61 292
449 292
170 293
244 293
377 293
415 293
132 294
242 294
433 294
459 294
107 295
149 295
263 295
272 295
301 295
399 295
152 296
236 296
372 296
396 296
29 297
79 297
178 297
193 298
323 298
335 298
410 298
424 298
474 298
183 300
206 300
254 300
260 300
348 300
363 300
403 300
51 301
165 301
182 301
294 301
306 302
412 302
449 302
99 303
160 303
241 303
363 303
422 303
436 304
284 305
328 305
379 305
138 306
222 306
281 306
243 307
325 307
341 307
392 307
394 307
43 308
116 308
301 308
464 308
141 309
439 309
66 310
402 310
403 310
268 311
279 311
326 311
338 311
89 312
137 312
181 312
191 312
297 312
308 312
318 312
344 312
402 312
445 312
211 313
63 314
360 314
385 314
390 314
146 315
412 315
166 316
256 317
288 317
422 317
106 318
273 318
347 318
433 318
203 319
126 320
458 320
195 321
277 321
278 321
375 321
402 321
412 321
53 322
179 322
247 322
434 322
28 323
140 323
157 324
261 325
316 325
218 326
299 326
343 326
72 327
188 327
266 327
411 327
388 328
93 329
197 329
356 329
419 329
453 329
266 330
134 331
189 331
252 331
439 331
44 332
113 332
169 332
231 332
178 333
184 333
246 333
370 333
431 333
65 334
151 334
252 334
278 335
307 335
88 336
204 336
336 336
467 336
182 337
435 338
159 340
179 340
352 340
104 341
161 341
218 341
271 341
388 341
417 341
447 341
81 342
239 342
31 343
177 343
196 343
267 344
412 344
191 345
211 346
233 346
366 346
401 346
409 346
293 347
303 347
317 347
330 347
258 348
268 348
459 348
115 349
380 349
49 350
283 350
469 350
73 351
151 351
245 351
410 351
24 352
95 352
132 352
166 352
194 352
253 352
275 352
343 352
429 352
183 353
250 353
264 354
222 355
278 355
393 355
202 356
272 356
440 356
182 357
268 357
363 357
418 357
448 357
107 358
251 358
261 358
414 358
40 359
161 359
238 359
309 359
65 360
298 360
195 361
292 361
325 361
328 361
343 361
457 361
142 362
285 362
325 362
430 362
244 363
259 363
327 363
338 363
249 364
276 364
349 364
407 364
82 365
233 365
305 365
384 365
469 366
33 367
118 367
438 367
57 368
173 368
366 368
283 369
275 370
303 370
192 371
247 371
248 371
258 371
448 371
476 371
291 372
418 372
148 373
202 373
253 373
319 373
335 373
28 374
51 374
183 374
218 374
241 374
377 374
189 375
245 375
279 375
352 375
71 376
107 376
127 376
196 377
332 377
192 378
242 378
350 378
144 379
164 379
340 379
345 379
428 379
459 379
44 380
270 380
283 381
446 381
275 382
364 382
297 383
389 383
410 383
204 384
232 384
179 385
258 385
100 386
199 386
433 386
454 386
472 386
299 387
314 387
348 387
36 388
57 388
156 388
306 388
372 388
132 389
162 389
326 389
458 389
223 390
326 390
419 390
290 391
297 391
377 391
401 391
291 392
166 393
192 393
247 393
342 393
30 394
218 394
299 394
357 395
282 396
319 396
382 396
241 397
426 397
443 397
466 397
167 398
190 398
276 398
303 398
335 398
169 399
344 399
406 399
106 400
123 400
146 401
166 401
174 401
262 401
83 402
111 402
164 402
190 402
391 402
131 403
307 403
333 403
366 403
398 403
180 404
182 404
472 404
60 405
233 405
340 405
450 405
38 406
391 406
118 407
158 407
433 407
271 409
292 409
253 410
189 411
323 411
479 411
97 412
134 412
392 412
416 412
199 413
225 413
373 413
351 414
398 414
87 415
147 415
174 415
319 415
345 415
171 416
195 416
460 416
123 417
178 417
200 417
419 417
81 418
94 418
369 418
49 419
171 419
444 419
115 420
192 420
263 420
324 420
144 421
87 422
125 422
147 422
216 422
308 422
169 423
236 423
285 423
89 424
98 424
124 424
135 424
176 424
356 424
369 424
383 424
63 425
188 425
321 425
404 426
468 426
97 427
163 427
210 427
258 427
361 427
40 428
184 428
339 428
434 428
372 429
120 430
303 430
150 431
77 432
139 433
300 433
116 434
389 434
202 435
339 435
475 435
57 436
95 436
121 436
182 436
271 436
176 437
455 437
101 439
185 439
188 439
246 439
390 439
407 439
374 440
184 441
314 441
475 441
71 442
172 442
373 443
411 443
406 444
440 444
293 445
337 446
356 446
189 447
389 447
423 447
103 448
314 449
396 449
461 449
42 450
164 450
303 450
142 451
261 451
283 452
376 452
231 453
429 453
443 453
60 454
119 454
287 454
296 454
431 454
334 455
354 455
463 455
390 456
408 456
409 457
251 458
372 461
427 461
431 461
151 462
299 462
306 462
166 463
279 463
447 463
220 464
315 464
403 464
171 465
286 465
463 465
191 466
400 466
328 467
349 467
376 468
408 468
273 469
429 469
213 470
407 470
170 471
365 471
386 471
269 472
288 472
361 472
66 473
365 473
342 474
427 474
465 474
205 475
423 475
61 476
117 476
187 476
232 476
378 476
407 477
177 478
321 478
447 478
152 479
295 479
318 479
430 479
82 480
258 480
315 480
123 482
106 483
290 483
339 483
381 483
140 484
382 484
169 485
195 485
357 485
403 485
288 486
315 486
403 486
426 486
466 486
127 487
198 487
219 488
280 488
70 489
121 489
310 489
166 490
385 490
375 492
445 492
140 493
187 494
330 494
397 494
183 495
243 495
315 495
410 495
127 496
152 496
464 496
212 497
383 497
387 497
181 498
421 498
114 499
270 499
348 499
379 500
107 501
133 501
180 501
238 501
414 501
368 502
295 503
297 503
230 504
159 505
197 505
366 505
389 505
179 506
323 506
440 506
124 507
153 507
262 507
417 508
173 509
460 509
95 510
393 510
119 511
365 511
283 512
315 512
436 512
220 513
362 513
383 513
282 514
311 514
334 514
362 514
162 515
424 516
361 517
382 517
282 518
288 518
432 518
155 519
181 519
211 519
408 519
144 520
328 520
410 520
379 521
477 521
102 522
147 522
275 522
354 522
366 522
271 523
316 523
371 523
407 523
204 524
415 524
422 525
234 526
317 526
349 526
376 526
248 527
299 527
321 527
428 527
256 529
266 529
326 529
165 531
192 531
221 531
134 532
293 532
349 532
379 532
399 532
107 534
273 534
362 534
416 534
216 535
284 535
287 536
383 537
301 538
358 538
418 538
442 538
295 540
323 540
334 540
394 540
431 540
148 541
307 541
371 541
412 541
176 542
328 542
203 543
270 543
308 543
288 544
401 544
231 545
245 546
275 546
327 546
388 546
411 546
345 547
350 547
430 547
459 547
135 548
196 548
386 548
437 549
433 551
217 552
378 552
382 552
289 553
279 554
392 554
478 554
404 555
285 556
342 556
414 556
419 556
179 557
235 557
426 557
209 558
293 558
343 558
399 558
254 559
273 559
323 559
430 559
280 560
357 560
474 560
332 563
226 565
247 565
266 565
307 565
372 568
416 568
465 568
248 573
347 573
239 574
321 574
297 575
433 577
363 578
234 579
226 581
378 583
261 584
335 584
310 585
250 587
285 587
396 588
218 589
352 589
447 589
237 595
323 595
413 595
365 596
295 598
221 602
254 604
312 604
282 606
398 606
245 607
295 615
