191 76
281 76
109 77
226 78
274 78
142 79
263 83
174 85
316 85
207 88
303 89
246 90
365 90
88 92
124 94
290 94
151 96
342 96
194 97
278 98
328 98
265 99
258 100
77 101
113 101
228 101
314 104
176 105
377 105
138 106
394 106
207 107
100 108
301 108
358 110
60 111
164 112
236 112
344 112
89 113
128 113
274 113
327 116
50 117
118 117
223 118
370 118
152 119
187 121
255 121
304 121
203 122
211 123
248 123
42 124
102 124
236 124
238 124
289 124
412 124
69 125
204 125
207 125
139 126
395 126
404 126
148 127
279 127
285 127
240 128
330 128
360 128
378 128
172 129
272 129
90 131
327 131
31 132
196 132
251 132
343 132
126 133
123 134
143 134
265 134
314 135
157 138
158 138
300 138
216 139
20 140
114 140
183 140
245 141
336 141
442 141
47 142
159 142
413 142
424 142
73 143
130 143
142 143
391 143
402 143
208 144
368 144
106 145
202 145
236 145
343 145
149 146
249 146
347 146
38 147
278 147
169 148
221 148
229 148
331 149
94 151
251 151
322 151
312 152
321 152
30 153
61 153
254 153
269 153
188 155
291 155
133 156
213 156
123 157
398 157
124 158
223 158
358 158
445 158
119 159
152 159
239 159
245 159
373 159
386 159
411 159
426 159
132 160
226 160
277 160
47 161
70 161
169 161
219 161
340 161
80 162
96 162
143 162
297 162
45 163
77 163
124 163
208 163
325 163
212 164
144 165
223 165
259 165
36 166
71 166
107 166
159 166
165 166
300 166
308 166
161 167
165 168
248 168
85 169
133 169
167 169
186 169
295 169
320 169
390 169
406 169
416 169
200 170
205 170
369 170
309 171
430 171
79 172
128 172
207 172
46 174
234 174
340 174
380 174
465 174
63 175
186 175
234 175
280 175
308 175
445 175
20 176
390 176
476 176
185 177
327 177
266 178
122 179
304 179
316 179
389 179
410 179
38 180
54 180
149 180
218 180
296 180
369 180
380 180
166 181
210 181
317 181
54 182
305 182
355 182
426 183
174 184
212 184
209 185
214 185
249 185
390 185
443 185
65 186
82 186
112 186
208 186
286 186
292 186
345 186
86 187
336 187
391 187
2 188
160 188
197 188
233 188
80 189
134 189
274 189
460 189
58 190
161 190
186 190
222 190
234 190
47 191
63 191
112 191
322 191
157 192
288 192
398 192
384 193
478 193
20 194
364 194
142 195
146 195
217 195
255 195
306 195
353 195
416 195
180 196
217 196
52 197
67 197
96 197
293 198
342 198
187 199
436 199
147 200
313 200
92 201
137 202
236 202
287 202
454 202
52 203
188 203
31 204
122 204
199 204
5 205
98 205
115 205
286 205
310 205
375 205
322 206
55 207
81 207
95 207
360 207
393 207
474 207
157 208
263 208
77 209
309 209
346 209
110 210
180 210
187 210
298 210
412 210
215 211
158 212
245 212
430 213
68 214
174 214
329 214
446 214
55 215
81 215
69 217
77 217
141 217
229 217
117 218
150 218
271 218
284 218
460 218
12 219
50 219
99 219
109 219
197 219
311 219
78 220
476 220
123 221
137 221
256 221
373 221
387 221
397 221
89 222
288 222
138 223
198 223
356 223
408 223
157 224
211 224
297 224
420 224
47 225
58 225
63 225
341 225
31 226
53 226
90 226
121 226
242 226
329 226
433 226
283 227
67 228
195 228
27 229
178 229
65 230
91 230
197 230
166 231
229 231
295 231
317 231
453 231
465 231
115 232
143 232
270 232
121 233
48 234
369 234
392 234
20 235
299 235
378 235
478 235
72 236
412 236
91 237
105 237
213 237
359 237
172 238
182 238
245 238
347 238
428 238
120 239
282 239
333 239
72 241
226 241
442 241
7 242
53 242
107 242
213 242
127 243
226 243
267 243
317 243
214 244
452 244
46 245
197 245
33 246
95 246
151 246
299 246
220 247
225 247
257 247
390 247
410 247
468 247
169 248
369 248
56 250
59 250
89 251
185 251
283 251
349 251
218 252
378 252
436 252
248 253
47 254
53 254
63 254
111 254
328 254
52 257
132 257
205 257
391 257
396 257
174 258
313 258
403 258
461 258
20 259
85 259
379 259
392 259
209 260
233 260
265 260
421 260
46 261
124 262
369 262
476 262
68 263
442 263
147 264
359 264
393 264
44 265
77 265
68 266
92 266
222 266
254 266
339 266
352 266
7 267
192 267
283 268
369 268
400 268
330 269
380 269
388 269
34 270
158 270
393 270
402 270
92 271
113 271
213 271
420 271
438 271
95 272
206 272
97 273
318 273
51 274
130 274
179 275
223 275
235 275
270 275
458 275
151 276
306 276
380 276
465 276
57 277
377 277
85 278
265 278
391 278
474 278
80 279
374 279
65 280
293 280
402 280
24 281
101 281
103 281
199 281
223 281
403 281
51 282
171 282
259 282
98 283
243 283
391 283
420 283
282 284
329 284
340 284
371 284
143 285
251 285
434 285
189 286
247 286
312 286
323 286
450 286
46 287
183 287
272 287
353 287
398 287
109 288
116 288
160 288
241 288
251 288
365 288
71 289
162 289
286 289
323 289
328 289
7 290
239 290
254 290
308 290
134 291
347 291
404 291
467 291
39 292
88 292
182 292
341 293
371 293
395 293
410 293
210 294
252 294
256 294
269 294
272 294
279 294
382 294
86 295
340 295
391 295
423 295
4 296
288 296
350 296
418 296
93 297
268 297
276 297
59 298
101 298
103 298
126 298
340 298
343 298
348 298
333 299
441 299
32 300
173 300
229 300
277 300
322 300
80 301
147 301
242 301
331 301
195 302
262 302
273 302
263 303
289 303
295 303
456 303
467 303
199 304
181 305
397 305
282 306
301 306
380 306
409 306
477 306
220 307
17 308
366 308
423 308
426 308
108 309
112 309
115 309
284 309
305 309
356 309
106 310
110 310
247 310
319 310
332 310
336 310
375 310
445 310
46 311
134 311
159 311
184 311
260 311
339 311
86 312
373 312
389 312
185 313
310 313
456 313
42 314
209 314
320 314
10 315
198 315
236 315
269 315
348 315
386 315
102 316
110 316
400 316
436 316
67 317
191 317
298 317
468 317
6 318
178 318
327 318
259 319
383 319
419 319
99 320
111 320
190 320
286 320
392 320
157 321
200 321
226 321
360 321
372 321
432 321
49 322
241 322
32 323
239 323
244 323
247 323
360 323
376 323
122 324
200 324
213 324
278 324
346 324
411 324
64 325
79 325
146 325
217 325
307 325
365 325
407 325
445 325
60 326
94 326
189 326
339 326
399 326
137 327
216 327
421 327
78 328
379 328
462 328
165 329
207 329
216 329
411 329
413 329
415 329
52 330
84 331
149 331
221 331
232 331
292 331
344 331
349 331
384 331
425 331
23 332
145 332
157 332
182 332
258 332
478 332
77 333
167 333
190 333
201 333
206 333
275 333
320 333
334 333
338 333
18 334
59 334
273 334
345 334
356 334
134 335
357 335
366 335
66 336
78 336
172 336
227 336
383 336
113 337
158 337
203 337
282 337
309 337
397 337
182 338
273 338
379 338
451 338
75 339
425 339
244 340
246 340
274 340
427 340
44 341
50 341
218 341
242 341
413 341
174 342
194 342
159 343
327 343
425 343
467 343
43 344
70 344
92 344
138 344
157 344
266 344
387 344
6 345
166 346
298 346
439 346
128 347
152 347
196 347
432 347
478 347
67 348
208 348
367 348
382 348
392 348
400 348
127 349
196 349
232 349
35 350
258 350
357 350
370 350
400 350
457 350
43 351
61 351
286 351
323 352
341 352
351 352
410 352
177 353
182 353
230 353
336 353
424 353
83 354
148 354
159 354
236 354
262 354
421 354
145 355
226 355
356 355
58 356
206 356
431 356
119 357
267 357
321 357
371 357
470 357
273 358
135 359
189 359
260 359
399 359
444 359
23 360
96 360
154 360
195 360
479 360
70 361
164 361
218 361
274 361
316 361
392 361
309 362
357 362
383 362
76 363
369 363
400 363
80 364
174 364
232 365
238 365
344 365
61 366
135 366
264 366
300 366
416 366
459 366
327 367
108 368
193 368
429 368
182 369
183 369
14 370
46 370
66 370
157 370
206 370
289 370
302 370
75 371
196 371
307 371
438 371
472 371
86 372
125 372
80 373
157 373
233 374
256 374
367 374
8 375
212 375
302 375
353 375
385 375
398 375
126 376
127 376
177 376
227 376
283 376
454 376
40 377
72 377
189 377
342 377
421 377
79 378
174 378
407 378
199 379
102 380
147 380
314 380
316 380
331 380
461 380
240 381
432 381
56 382
276 382
413 382
52 383
76 383
219 383
186 384
204 384
246 384
299 384
476 384
120 385
196 385
305 385
65 386
149 386
233 386
288 386
443 386
74 387
166 387
368 387
423 387
72 388
225 388
242 388
360 388
48 389
189 389
269 389
388 389
187 390
297 390
349 390
28 391
89 391
455 391
137 392
405 392
69 393
123 393
171 393
301 393
55 394
112 394
211 394
76 395
236 395
293 395
332 395
478 395
55 396
157 396
311 396
319 396
68 397
76 397
278 397
139 398
323 398
442 398
466 398
16 399
143 399
259 399
420 399
133 400
205 401
47 402
76 402
127 402
361 402
373 402
428 402
141 403
179 403
300 403
367 403
384 403
195 404
314 404
454 404
149 405
200 405
281 405
395 405
476 405
346 406
226 407
248 407
304 407
320 407
396 407
434 407
126 408
296 408
404 408
158 409
307 409
37 410
91 410
65 411
141 411
163 411
202 411
298 411
466 411
247 412
446 412
122 413
157 413
299 413
417 413
144 414
166 414
271 414
130 415
284 415
298 415
332 415
365 415
217 416
305 416
354 416
451 416
60 417
191 417
256 417
280 417
241 418
265 418
83 419
162 419
301 419
340 419
378 419
390 419
397 419
423 419
439 419
25 420
140 420
209 420
278 422
372 422
117 423
328 423
98 424
144 424
208 424
233 424
383 424
127 425
182 425
289 425
307 425
388 425
398 425
48 426
159 426
183 426
213 426
257 426
284 426
319 426
409 426
14 427
262 427
448 427
72 428
234 428
434 428
240 429
469 429
140 430
166 430
313 430
416 430
202 432
227 432
280 432
373 432
262 433
368 433
110 434
129 434
151 434
254 434
457 434
41 435
175 435
193 435
213 435
358 435
377 435
155 436
349 436
368 436
172 437
393 437
63 438
238 438
303 439
390 439
443 439
82 440
273 440
282 440
338 440
32 441
146 441
219 441
249 441
223 442
400 442
423 442
58 443
102 443
168 443
204 443
212 443
322 443
323 443
407 443
50 444
124 444
168 444
299 444
465 444
172 445
120 446
438 446
287 447
449 447
233 448
240 448
329 448
432 448
65 449
75 449
190 449
203 449
353 449
211 450
293 450
347 451
413 451
470 451
48 452
139 452
159 452
264 452
18 453
382 453
71 454
198 454
233 454
355 454
66 455
123 455
217 455
288 455
338 455
369 455
391 455
417 455
201 457
224 457
455 457
72 458
205 458
257 458
353 458
421 458
110 459
179 459
305 459
88 460
228 460
67 461
206 461
313 461
341 461
349 461
443 461
50 462
132 462
359 462
399 462
253 463
62 464
127 464
149 464
282 464
307 464
477 464
33 465
72 465
170 466
464 466
213 467
429 467
64 468
402 468
422 468
194 469
406 469
448 469
218 470
274 470
53 471
74 471
140 471
234 471
430 471
170 472
332 472
342 472
373 472
346 473
119 474
155 474
186 474
242 474
292 474
357 474
388 474
93 475
140 475
304 475
308 475
338 475
16 476
162 476
188 476
43 477
454 477
142 478
210 478
238 479
88 480
138 480
184 480
420 480
111 481
326 481
391 482
406 482
473 482
195 483
274 483
29 484
198 484
234 484
206 485
225 485
346 485
429 485
180 486
397 486
414 486
131 487
196 488
67 489
150 489
314 489
367 489
417 489
62 490
101 490
231 490
263 490
312 490
343 490
169 491
226 491
338 491
351 491
282 492
327 492
415 492
253 493
279 493
339 493
362 493
408 493
418 493
56 494
271 494
301 494
323 494
379 494
430 494
465 494
121 495
239 495
247 495
287 495
354 495
170 496
92 497
337 497
435 497
451 497
144 498
279 498
353 498
193 499
308 499
418 499
38 500
217 500
428 500
184 501
18 502
128 502
302 502
359 502
333 503
375 503
6 504
82 504
137 504
243 504
353 504
357 504
422 504
110 505
251 505
415 505
313 506
424 506
430 506
450 506
142 507
415 507
418 507
434 507
230 508
252 508
298 508
156 509
209 509
246 509
269 509
373 509
182 510
350 510
468 510
216 511
329 511
64 512
341 512
394 512
425 512
164 513
293 513
423 513
124 514
170 514
371 514
245 515
416 515
99 516
168 516
230 516
283 516
333 516
48 517
289 517
319 517
413 517
149 518
200 518
253 518
263 518
345 518
34 519
173 519
136 520
142 520
258 520
268 520
367 520
434 521
89 522
258 522
19 523
139 523
283 524
311 524
291 525
440 525
387 526
415 526
219 527
280 527
157 528
187 528
52 529
249 529
281 529
361 529
431 529
98 530
118 530
244 530
295 530
71 531
469 531
95 532
383 532
402 532
211 533
301 533
302 533
305 533
335 533
430 533
157 534
357 534
68 535
450 535
54 536
275 536
101 537
86 538
41 539
141 539
171 539
233 539
355 539
28 540
203 540
12 541
262 541
378 541
427 542
146 543
350 543
85 544
264 544
290 544
131 545
299 545
447 545
68 546
227 546
320 546
124 547
467 547
191 548
251 548
56 549
65 550
285 550
105 551
108 551
154 551
315 551
369 551
71 552
282 552
308 552
391 552
403 552
445 552
66 553
251 553
314 553
108 554
182 554
260 554
276 554
214 555
438 555
83 556
42 557
54 557
339 557
91 558
141 558
68 559
132 559
363 559
18 560
34 560
142 560
172 560
250 560
304 560
418 560
67 561
125 561
383 561
460 561
176 562
197 562
202 562
235 562
250 562
270 562
431 562
476 562
259 563
171 564
298 565
120 566
167 566
243 566
280 566
356 566
437 566
248 568
151 569
273 569
155 570
169 570
261 570
322 571
326 571
378 571
454 571
190 572
391 572
472 572
93 573
222 573
285 573
429 574
71 575
145 575
317 575
406 575
57 576
355 576
47 577
128 577
137 577
150 577
177 577
339 577
17 578
28 578
99 578
112 578
75 579
192 579
246 579
346 579
358 579
426 579
449 579
469 579
6 580
49 580
107 580
366 580
423 580
80 581
411 581
121 582
211 582
306 582
130 583
168 583
337 583
236 584
399 584
58 585
271 585
331 585
352 585
102 586
110 586
100 587
419 587
49 588
150 588
199 588
82 589
299 589
376 589
420 589
462 589
96 590
143 590
193 590
267 590
194 591
223 591
280 591
334 591
358 591
478 592
73 593
78 593
131 593
241 593
257 593
391 593
438 593
141 594
332 594
418 594
60 595
185 595
291 595
350 595
40 596
89 596
133 596
178 596
15 597
410 597
185 598
250 598
402 598
476 598
173 599
454 599
208 600
315 600
351 600
409 600
279 601
112 602
158 603
238 603
429 603
473 603
197 606
400 606
449 606
96 607
343 607
307 609
224 610
373 610
77 611
262 611
334 611
14 612
33 612
421 612
57 613
179 613
363 613
328 614
122 615
296 615
440 616
108 617
214 617
165 618
326 619
354 619
386 620
455 620
200 622
243 622
272 624
428 624
148 625
404 626
373 627
189 628
288 628
464 628
91 629
133 629
309 629
18 630
40 630
55 630
76 630
343 630
13 631
67 631
109 631
260 631
177 632
223 632
440 633
301 634
275 636
247 637
472 637
165 638
328 638
389 638
415 638
