283 1
326 1
174 2
225 2
299 2
423 2
89 3
145 3
446 4
58 5
262 5
346 5
209 6
366 6
158 10
243 10
390 10
106 11
468 11
183 12
408 12
327 13
75 14
219 14
279 15
444 15
124 16
312 16
94 17
300 17
350 17
137 18
265 18
163 19
199 19
245 19
381 19
61 22
228 23
341 23
400 23
149 25
184 25
285 25
419 25
82 26
306 26
327 26
108 28
437 28
463 28
171 29
206 30
244 30
264 30
361 31
287 32
122 33
391 33
157 34
332 34
348 35
408 35
224 36
63 37
269 37
319 37
89 38
421 38
253 39
457 39
183 40
350 40
431 40
301 41
325 41
333 41
384 41
473 41
104 42
133 42
180 42
205 42
373 44
234 45
320 45
332 45
385 45
409 46
75 47
151 47
168 47
361 47
446 47
47 48
188 48
276 48
301 48
357 48
457 48
219 49
255 49
359 49
123 50
328 50
391 50
397 50
319 51
365 52
373 52
380 52
362 53
470 53
90 54
341 54
403 55
183 56
232 56
294 56
321 56
343 56
384 56
397 56
429 56
296 57
59 58
132 58
308 58
373 58
381 58
264 59
102 60
153 60
169 60
296 60
399 60
444 60
50 61
181 61
214 61
186 62
251 62
356 62
369 62
386 62
192 64
327 64
351 64
458 64
188 65
372 65
374 66
382 66
280 67
403 67
419 67
431 67
474 67
119 68
381 68
68 69
140 69
188 69
296 69
173 70
226 70
90 71
157 71
262 71
319 71
372 71
440 71
206 72
308 72
370 72
295 73
363 73
38 74
127 74
333 74
347 74
358 74
450 74
249 75
322 75
368 75
104 76
170 76
387 76
398 76
461 76
192 77
284 77
344 77
307 78
189 79
237 79
312 79
414 80
473 80
50 81
75 81
137 81
151 81
224 81
264 82
236 83
303 83
307 83
428 83
202 84
287 84
327 84
210 85
289 85
313 85
444 85
92 86
121 86
124 86
283 86
149 87
296 87
344 87
359 87
205 88
215 88
250 88
317 88
378 88
290 89
395 89
405 89
417 89
146 90
172 90
215 90
388 90
459 90
201 91
306 91
60 92
239 92
35 93
82 93
140 93
206 94
433 94
475 95
135 96
158 96
218 96
329 96
141 97
181 97
205 97
224 97
292 97
27 98
234 98
284 98
311 98
284 99
305 99
365 99
378 99
123 100
269 100
346 100
101 101
211 101
413 101
452 101
200 102
49 103
253 103
391 103
168 104
150 105
296 105
68 106
315 106
327 106
362 106
402 106
472 106
237 107
287 107
289 107
435 107
111 108
137 109
155 109
189 109
225 109
283 109
312 109
447 109
89 110
143 110
381 110
273 111
305 111
319 111
345 111
217 113
104 114
135 115
208 115
365 115
462 115
430 116
31 117
176 117
253 117
300 117
115 119
204 119
317 119
383 119
473 119
210 120
212 120
283 120
302 121
450 121
53 122
93 122
313 122
153 123
232 123
310 123
322 123
365 123
392 123
400 123
413 123
267 124
328 124
71 126
376 127
426 127
31 128
190 128
281 128
321 129
347 129
375 129
123 130
161 130
300 130
11 131
207 131
253 131
291 131
289 132
399 132
139 133
366 133
441 133
82 134
178 134
274 134
457 135
62 136
196 136
385 136
392 137
43 138
321 138
395 138
225 139
331 139
388 139
425 139
98 140
307 140
344 140
164 141
111 142
398 142
353 143
303 144
358 144
18 145
123 145
213 145
273 145
290 145
360 145
375 145
440 145
469 145
347 146
256 147
410 147
74 148
201 148
396 148
50 149
311 149
372 149
450 149
174 150
115 151
297 151
330 151
323 152
341 152
395 152
427 152
27 153
460 153
94 154
232 154
355 154
145 155
301 155
285 157
288 157
191 158
276 158
355 158
163 159
258 159
318 159
325 159
442 159
473 159
41 160
340 160
65 161
105 161
389 161
120 162
175 162
211 162
331 162
413 162
83 163
186 163
196 163
453 163
192 164
247 164
408 164
405 165
425 166
16 167
81 167
84 167
151 167
236 167
377 167
460 167
162 168
199 168
228 168
283 168
319 168
173 169
191 169
351 169
362 169
369 170
381 170
34 171
100 171
124 171
266 171
296 171
327 171
331 171
406 171
191 172
392 172
393 173
442 173
81 174
165 174
375 174
74 175
200 175
339 175
254 176
333 176
370 176
431 176
449 176
477 176
49 177
180 177
308 177
241 178
383 178
117 179
183 179
207 179
340 179
366 179
116 180
159 180
315 180
351 180
414 180
109 181
173 181
323 181
426 181
141 182
179 182
339 182
355 182
457 182
7 183
115 183
174 183
292 183
382 183
90 184
274 184
375 184
411 184
65 185
96 185
191 185
203 185
233 185
406 185
84 186
23 187
113 187
176 187
410 187
441 187
311 188
331 188
339 188
357 188
468 188
369 189
435 189
43 190
109 190
151 190
185 190
367 190
109 191
218 191
417 191
359 192
388 193
106 194
289 194
353 194
117 195
167 195
179 195
303 195
454 195
476 195
112 196
358 196
58 197
101 197
251 197
383 197
429 197
82 198
128 198
242 198
329 198
334 198
429 198
104 199
188 199
339 199
400 199
413 199
106 200
209 200
378 200
43 201
83 201
146 201
290 201
315 201
341 201
364 201
439 201
116 202
147 202
306 202
15 203
72 203
134 203
279 203
71 204
86 204
138 204
228 204
467 204
74 205
268 205
35 206
121 206
161 206
205 206
287 206
289 206
397 206
281 207
428 207
101 208
184 208
300 208
327 208
424 208
291 209
346 209
449 209
65 210
268 210
352 210
354 210
405 210
140 211
262 211
280 211
406 211
52 212
63 212
100 212
111 212
308 212
269 213
334 213
383 213
417 213
424 213
93 214
131 215
301 215
359 215
456 215
199 216
254 216
66 217
79 217
221 217
279 217
5 218
24 218
46 218
106 218
292 218
440 218
89 219
115 219
136 219
145 219
157 219
178 219
241 219
431 219
131 220
280 220
348 220
367 220
260 221
322 221
349 221
81 222
88 222
318 222
111 223
120 223
250 223
334 223
393 223
408 223
448 223
333 225
471 225
90 226
99 226
351 226
422 226
424 226
48 227
61 227
102 227
172 227
271 227
378 227
279 228
435 228
455 228
48 229
104 229
135 229
335 229
357 229
259 230
335 230
418 230
18 231
160 231
269 231
292 231
143 232
217 232
281 232
315 234
346 234
155 235
463 235
45 236
84 236
152 236
445 236
93 237
193 237
234 237
260 237
294 237
355 237
368 237
385 237
430 237
48 238
425 238
96 239
325 239
76 240
115 240
130 240
134 240
354 240
57 241
194 241
247 241
270 241
414 241
450 241
140 242
159 242
256 242
94 243
259 243
406 243
430 243
473 243
176 244
315 244
332 244
403 244
15 245
108 245
161 245
255 245
270 245
306 245
382 245
315 246
74 247
152 247
154 247
155 247
282 247
419 247
83 248
270 248
376 248
300 249
438 249
55 250
139 250
207 250
247 250
267 250
274 250
341 250
422 250
87 251
113 251
173 251
188 251
226 251
270 251
281 251
360 251
392 251
134 252
162 252
393 252
396 252
154 253
156 253
172 253
93 254
133 254
257 254
313 254
461 254
255 255
265 255
382 255
175 256
331 256
401 256
409 256
244 257
259 257
386 257
434 257
446 257
72 258
109 258
155 258
410 258
429 258
34 259
89 259
195 259
274 259
392 259
393 259
136 260
408 260
136 261
156 261
304 261
235 262
336 262
409 262
411 262
424 262
7 263
92 263
383 263
400 263
474 263
150 264
285 264
351 264
167 265
223 265
285 265
309 265
449 265
171 266
370 266
417 266
113 267
196 267
409 267
439 267
178 268
261 268
285 268
403 268
51 269
83 269
287 269
303 269
396 269
402 269
31 270
292 270
297 270
308 270
325 270
136 271
364 271
433 271
465 271
89 272
159 272
160 272
247 272
273 272
358 272
404 272
71 273
115 273
133 273
291 273
280 274
414 274
90 275
248 275
374 275
237 276
269 276
313 276
392 277
181 278
270 278
308 278
367 278
402 278
242 279
257 279
261 279
287 279
361 279
405 279
414 279
425 279
200 280
300 280
383 280
89 281
163 281
470 281
28 282
50 282
69 282
11 283
363 283
409 283
113 284
139 284
147 284
219 284
249 284
254 284
280 284
315 284
331 284
150 285
236 285
400 285
443 285
51 286
379 286
147 287
385 287
407 287
167 288
187 288
285 288
397 288
417 288
349 290
367 290
430 290
414 291
463 291
60 292
137 292
148 292
475 292
270 293
281 293
301 293
400 294
333 295
398 295
318 296
402 296
416 296
447 296
195 297
366 297
98 298
275 298
383 298
157 299
242 299
433 299
467 299
420 301
351 302
396 302
412 302
77 303
215 303
242 303
266 303
369 303
390 303
335 304
384 304
452 304
118 305
170 305
298 305
144 306
318 306
12 307
290 307
404 307
58 308
126 308
253 308
367 308
65 309
142 309
413 309
469 309
268 310
32 311
244 311
421 311
437 311
182 312
254 312
422 312
155 313
194 313
268 313
388 313
68 314
157 314
281 314
229 315
352 315
424 315
440 315
453 315
57 316
78 316
156 316
251 316
266 316
334 317
274 318
311 318
394 318
403 318
128 319
280 319
375 319
381 319
58 320
150 320
210 320
362 320
369 320
105 321
266 321
267 321
360 321
15 322
35 322
159 322
211 323
268 323
254 325
289 325
406 325
137 326
249 326
457 326
61 327
83 328
171 328
265 328
307 328
243 329
341 329
388 329
437 329
470 329
40 330
183 331
203 332
238 332
312 332
330 332
417 332
154 333
202 333
265 333
284 333
308 333
343 333
145 334
224 334
305 335
310 336
16 337
113 337
126 337
213 337
225 337
279 337
349 337
357 338
457 338
90 339
107 339
220 339
283 339
439 339
96 340
304 340
364 340
315 341
68 342
163 342
254 342
275 342
230 343
183 344
43 345
97 345
191 345
197 345
234 345
346 345
373 345
473 345
256 346
298 346
4 348
142 348
246 348
324 348
328 348
22 349
91 349
255 349
286 349
316 349
95 350
234 350
236 350
49 351
152 351
309 351
359 351
386 351
75 352
123 352
225 352
244 352
265 352
279 352
402 352
208 354
103 355
159 355
208 355
269 355
254 356
306 357
341 357
419 357
133 358
171 358
186 358
197 358
234 358
456 358
272 359
10 360
255 360
435 360
32 361
326 361
375 361
56 362
90 364
109 364
470 364
86 365
149 365
214 365
238 365
300 365
413 365
317 366
326 366
355 366
411 366
429 366
358 367
376 367
255 368
333 368
452 368
20 369
112 370
119 370
267 370
399 370
37 371
94 372
163 372
279 372
368 372
387 372
196 373
228 373
380 373
418 373
432 373
91 374
107 374
182 374
255 374
70 376
131 376
249 376
275 376
434 376
103 377
431 377
258 378
276 378
392 378
264 380
380 380
107 381
271 381
334 381
450 381
209 382
328 382
286 383
304 383
414 383
242 384
348 384
364 384
382 384
413 384
196 385
372 385
469 385
394 386
435 386
85 387
98 387
121 387
241 387
52 388
169 388
260 388
29 389
177 389
313 389
392 389
395 389
230 390
323 390
376 391
406 391
412 391
448 391
341 392
429 392
219 393
254 393
358 393
366 393
370 393
325 394
339 394
358 394
390 394
478 394
101 395
139 395
210 395
269 395
98 397
339 397
364 397
390 397
271 399
466 399
152 400
203 400
109 401
184 401
242 401
292 401
359 401
401 401
409 401
73 402
279 403
297 403
425 403
298 404
405 404
22 405
117 407
126 407
231 407
367 407
477 407
29 408
55 409
85 409
309 409
314 409
328 410
135 411
217 411
251 411
382 411
461 411
205 412
155 413
212 413
350 413
422 413
168 414
268 414
186 415
205 415
282 415
320 415
339 415
437 416
243 417
414 417
335 418
345 418
476 418
109 419
295 419
236 420
47 421
73 421
201 421
251 423
221 424
293 424
454 424
127 425
331 425
372 425
401 425
408 425
166 426
179 426
268 426
286 426
310 426
353 426
471 426
87 427
154 427
33 428
385 428
40 429
222 429
243 430
63 431
318 431
321 431
417 431
203 432
308 432
327 432
431 432
257 433
303 433
278 434
321 434
464 434
296 436
337 436
424 436
435 436
106 437
115 437
187 437
445 437
221 438
212 439
379 439
125 440
133 440
166 440
283 440
315 440
339 440
351 440
392 440
427 440
246 441
273 441
411 441
461 441
265 442
315 442
143 443
289 443
82 444
313 444
372 444
178 445
375 445
230 446
441 446
179 448
245 448
281 448
97 449
371 449
423 449
253 450
386 450
457 450
473 450
59 451
128 451
200 451
303 451
266 452
403 452
169 453
109 454
70 455
134 455
267 455
122 456
136 456
209 456
153 457
243 457
138 458
265 458
322 458
365 458
291 459
82 460
255 460
287 460
298 460
379 460
132 461
165 461
194 461
339 461
450 461
463 461
226 462
279 463
292 463
412 463
431 463
90 464
253 464
295 464
380 464
391 464
153 465
176 465
177 465
158 466
253 466
283 466
355 466
391 466
47 467
102 467
188 467
285 468
291 468
373 468
427 468
135 469
176 469
209 469
294 469
310 469
59 470
115 470
150 471
188 471
457 471
327 472
155 473
349 473
69 474
132 474
190 474
238 474
295 474
403 474
268 475
271 475
421 475
127 476
440 476
149 477
259 477
471 477
225 478
268 478
287 478
365 478
83 479
258 480
285 480
307 480
380 480
316 481
338 481
404 481
91 482
298 482
402 482
392 483
100 484
133 484
206 484
304 484
334 484
358 484
410 484
52 485
108 485
283 485
451 485
117 487
164 487
189 487
247 487
276 487
260 488
342 488
406 488
419 488
428 488
178 489
189 489
299 489
415 489
373 490
323 491
462 491
348 492
444 492
72 493
230 493
293 494
369 495
381 495
402 495
475 495
259 496
374 496
424 496
312 497
316 497
191 498
95 499
142 499
214 499
263 499
307 499
431 499
161 500
200 500
417 500
284 501
304 501
336 501
346 501
385 501
390 501
282 502
435 502
119 503
189 503
357 503
361 503
249 504
261 504
300 504
348 504
169 505
412 505
299 506
449 506
238 507
384 508
171 509
265 509
272 509
321 509
274 510
372 510
409 510
467 510
90 511
227 511
293 511
358 511
173 512
217 512
257 512
347 512
187 513
395 513
138 514
205 514
333 514
409 514
429 514
245 515
259 515
298 515
119 516
193 516
306 516
170 517
336 517
361 517
369 517
410 517
187 518
342 518
453 518
246 519
278 519
295 519
345 519
385 519
423 519
420 520
477 520
273 521
298 521
320 523
225 524
342 524
351 524
377 524
302 525
204 526
439 526
99 527
109 528
292 528
415 528
174 529
189 529
261 529
312 529
366 529
162 530
342 530
461 530
150 531
202 531
292 531
134 532
334 532
341 532
352 532
355 532
201 534
290 534
294 534
361 534
275 536
289 536
388 536
390 536
474 536
232 537
246 537
330 537
405 537
423 537
295 538
400 538
447 539
298 540
308 540
204 542
227 542
312 542
361 542
106 544
211 544
394 544
327 545
398 545
177 546
194 546
274 546
337 546
366 546
369 546
388 546
432 546
219 547
127 548
145 548
206 548
226 548
287 548
159 549
303 549
325 549
459 549
423 550
206 552
350 553
380 553
245 554
312 554
286 556
399 557
226 558
292 558
310 558
367 558
166 563
121 567
142 567
191 568
421 568
175 571
281 575
441 576
234 577
262 577
318 577
366 578
358 581
426 581
348 582
409 586
399 589
249 592
369 593
381 593
