417 1
205 2
260 2
246 4
122 5
157 5
436 5
368 8
232 9
322 9
352 9
453 9
185 10
311 10
385 10
286 11
301 11
338 11
141 12
362 12
402 12
470 13
418 14
214 15
173 16
268 16
100 17
431 18
125 20
200 21
244 21
380 21
158 22
370 22
446 22
86 23
308 24
232 25
316 25
333 25
345 26
361 26
398 26
465 26
146 27
185 27
292 27
414 27
214 29
275 29
106 30
478 31
260 32
375 35
238 37
380 37
434 37
84 38
157 38
299 38
316 38
456 38
189 39
334 39
119 40
307 40
348 40
393 40
220 42
280 42
414 42
146 43
182 43
266 43
359 43
200 44
245 44
272 44
474 44
109 45
171 45
258 45
76 46
205 46
243 46
278 46
430 46
168 47
157 48
272 48
371 48
96 49
172 49
240 50
390 50
193 51
442 51
297 52
314 52
451 52
227 53
283 53
332 53
121 54
402 54
178 55
182 55
267 55
83 56
151 56
462 56
345 57
359 57
199 58
252 58
265 58
476 58
278 59
139 60
424 61
266 62
297 62
373 62
103 63
142 63
234 63
386 64
445 64
97 65
186 65
125 66
154 66
173 66
261 66
265 66
315 66
209 67
286 67
329 67
400 67
265 68
278 68
342 68
87 69
461 69
113 70
257 70
355 70
157 71
198 71
409 71
248 72
261 72
239 73
469 73
475 73
168 74
371 74
420 74
226 76
433 76
135 77
187 77
194 77
384 77
67 78
250 78
102 79
122 79
132 79
151 79
200 79
214 79
302 79
316 79
445 79
260 80
151 81
254 81
283 81
287 81
327 81
358 81
404 81
269 82
272 82
88 83
152 83
183 83
264 83
277 83
307 83
342 83
168 84
117 85
129 85
167 85
197 85
279 85
462 85
188 86
231 86
246 86
359 86
419 86
268 88
473 88
175 89
376 89
398 89
418 89
70 90
142 90
180 90
286 90
307 90
432 90
113 91
220 91
295 91
433 91
449 91
302 92
124 93
138 93
154 93
209 93
298 93
340 93
98 94
134 94
135 94
150 94
172 94
270 94
320 94
398 94
154 95
233 95
250 95
328 95
334 95
338 95
127 96
191 96
196 96
355 96
372 96
413 96
418 96
461 96
246 97
328 97
144 98
152 98
163 98
201 98
220 98
237 98
375 98
435 98
88 99
233 99
295 99
57 100
138 100
161 100
273 100
373 100
429 100
352 101
221 102
376 102
82 103
279 103
299 103
309 103
446 103
460 103
175 104
207 104
209 104
395 104
286 105
354 105
382 105
137 106
145 106
179 106
270 106
319 106
340 106
352 106
367 106
406 106
427 106
477 106
115 107
193 107
251 107
205 108
396 108
42 109
152 109
365 109
69 110
138 110
148 110
203 110
220 110
238 110
131 111
191 111
306 111
317 111
373 111
449 111
117 112
37 113
382 113
96 115
97 115
162 115
209 115
218 115
319 115
327 115
414 115
227 116
294 116
297 116
398 116
419 116
426 116
464 116
119 118
209 118
259 118
279 118
391 118
288 119
339 119
364 119
103 120
150 120
196 120
351 120
110 121
195 121
329 121
391 121
82 122
238 122
278 122
335 122
378 122
379 122
397 122
53 123
110 124
169 124
357 124
120 125
229 125
312 125
365 125
447 125
136 126
403 126
217 127
339 127
383 127
97 128
112 128
268 128
282 128
297 128
322 128
327 128
415 128
463 128
47 129
85 129
98 129
278 129
200 130
253 130
261 130
423 130
252 131
364 131
409 132
84 133
235 133
374 133
64 134
87 134
96 134
158 134
349 134
474 134
40 135
119 135
191 135
270 135
371 135
148 136
442 136
264 137
303 137
318 137
389 137
217 138
386 138
409 138
145 139
80 140
145 140
266 140
272 140
333 140
113 141
171 141
200 141
281 142
344 142
353 142
458 142
106 143
158 143
245 143
255 143
359 143
425 143
332 144
52 145
142 145
355 145
367 145
247 146
295 146
377 146
27 147
163 147
231 147
337 147
393 147
418 147
150 148
311 148
135 149
155 149
219 149
245 149
360 149
396 149
408 149
121 150
148 150
328 150
474 150
95 151
182 151
440 151
415 152
66 153
126 153
205 153
111 154
275 154
346 154
452 154
115 155
119 155
265 155
371 155
387 155
395 155
85 156
92 156
138 156
169 156
270 156
419 156
111 157
115 157
194 157
249 157
284 157
293 157
389 157
136 158
234 158
399 158
33 160
80 160
88 160
273 160
304 160
365 160
147 162
215 162
315 162
419 162
462 162
48 163
158 163
329 163
371 163
428 163
431 163
470 163
128 164
51 165
344 165
381 165
97 166
136 166
141 166
382 166
387 167
393 167
173 168
204 169
395 169
45 170
241 170
288 170
47 171
254 171
272 171
446 171
143 172
303 172
381 172
19 173
65 173
113 173
189 173
230 173
398 173
410 173
455 173
302 174
382 174
88 175
123 175
316 175
407 175
214 176
463 176
163 177
283 177
375 177
402 177
133 178
370 178
374 178
424 178
64 179
331 179
82 180
310 180
368 180
404 180
474 180
150 181
179 181
432 181
31 182
132 182
344 182
387 182
67 183
98 183
155 183
239 183
267 183
277 183
290 183
388 183
158 184
170 184
256 184
359 184
417 184
437 184
198 185
290 185
51 186
57 186
129 186
229 186
294 186
420 186
50 187
64 187
76 187
160 187
306 187
404 187
141 188
421 188
424 188
453 188
21 189
69 189
410 189
292 190
320 190
373 190
432 190
43 191
303 191
109 192
139 192
181 192
416 192
157 193
212 193
239 193
252 193
333 193
64 194
314 194
427 194
464 194
102 195
122 195
268 195
278 195
351 195
366 195
386 195
431 195
41 196
156 196
428 196
203 197
222 197
137 198
170 198
296 198
362 198
413 198
474 198
59 199
286 199
361 199
410 199
428 199
398 200
414 200
423 200
437 200
67 201
77 201
132 201
197 201
325 201
444 201
250 202
309 202
30 203
41 203
53 204
187 204
322 204
333 204
336 204
409 204
129 205
160 205
236 205
338 205
375 205
145 206
240 206
253 206
265 206
277 206
104 207
220 207
243 207
451 207
241 208
268 208
79 209
90 209
107 209
250 209
43 210
71 210
88 210
210 210
291 210
321 210
386 210
421 210
303 211
351 211
352 211
459 211
46 212
78 213
106 213
175 213
312 213
196 214
202 214
214 214
249 214
254 214
311 214
346 214
90 215
239 215
247 216
324 216
343 216
396 216
429 216
120 217
133 217
211 217
254 217
363 217
364 217
379 217
15 218
80 218
86 218
148 218
236 218
269 218
476 218
95 219
99 219
117 219
166 219
206 219
209 219
224 219
275 219
280 219
187 220
407 220
440 220
34 221
294 221
59 222
113 222
223 222
297 222
372 222
377 222
82 223
215 223
293 223
218 224
232 224
294 224
350 224
57 225
399 225
112 226
155 226
224 226
296 226
355 226
419 226
453 226
98 227
205 227
258 227
330 227
6 228
62 228
101 228
172 228
211 228
217 228
31 229
65 229
83 229
268 229
315 229
394 229
70 230
249 230
339 230
343 230
345 230
384 230
460 230
81 231
227 231
262 231
279 231
367 231
428 231
87 232
135 232
196 232
122 233
201 233
239 233
313 233
354 233
392 233
104 234
375 234
380 234
69 235
88 235
324 235
403 235
434 235
46 236
146 236
166 236
189 236
218 236
290 236
354 236
376 236
469 236
22 237
49 237
54 237
324 237
65 238
305 238
440 238
267 239
334 239
346 239
384 239
181 240
208 240
286 240
331 240
97 241
386 241
397 241
68 242
280 242
360 242
370 242
424 242
479 242
15 243
154 243
157 243
247 243
258 243
259 243
266 243
275 243
454 243
233 244
314 244
327 244
36 245
61 245
337 245
393 245
413 245
113 246
195 246
270 246
287 246
345 246
396 246
461 246
60 247
143 247
370 247
389 247
126 248
227 248
431 248
51 249
125 249
55 250
138 250
245 250
267 250
400 250
422 250
73 251
145 251
215 251
322 251
437 251
302 252
150 253
155 253
169 253
189 253
248 253
332 253
6 254
369 254
90 255
122 255
238 255
257 255
321 255
357 255
381 255
449 255
105 256
204 256
307 256
313 256
377 256
389 256
476 256
286 257
338 258
409 259
25 260
44 260
117 260
267 260
321 260
353 260
57 261
264 261
343 261
76 262
131 262
145 262
229 262
251 262
295 262
341 262
391 262
64 263
159 263
319 263
434 263
456 263
220 264
277 264
346 264
157 265
132 266
418 266
82 267
191 267
263 267
342 267
14 268
41 268
97 268
241 268
242 268
328 268
329 268
398 268
248 269
399 269
444 269
468 269
173 270
210 270
348 270
360 270
379 270
267 271
325 271
110 272
139 272
308 272
429 272
153 273
350 273
407 273
58 274
123 274
186 274
255 274
448 274
204 275
387 275
267 276
313 276
370 276
169 277
271 277
290 277
337 277
33 278
120 279
224 279
479 279
58 280
79 280
91 280
343 280
416 280
456 280
5 281
106 281
119 281
197 281
296 281
317 281
331 281
430 281
438 281
50 282
146 282
320 282
358 282
26 283
69 283
200 283
277 283
298 283
314 283
245 284
256 284
394 284
424 284
119 285
124 285
132 285
164 285
165 285
181 285
277 285
285 285
353 285
377 285
54 286
120 286
210 286
235 286
344 286
351 286
462 286
241 287
405 287
430 287
84 288
286 288
326 288
364 288
432 288
85 289
148 289
192 289
199 289
222 289
449 289
164 290
182 290
261 290
411 290
431 290
437 290
55 291
195 291
229 291
232 291
327 291
407 291
158 292
212 292
280 292
20 293
62 293
93 293
329 293
359 293
40 294
101 294
144 294
163 294
294 294
298 294
385 294
412 294
418 294
474 294
116 295
193 295
310 295
311 295
345 295
357 295
438 295
87 296
165 296
193 296
220 296
264 296
457 296
128 297
131 297
225 297
299 297
360 297
410 297
100 298
249 298
262 298
279 298
341 298
375 298
415 298
436 298
172 299
274 299
289 299
332 299
390 299
405 299
126 300
210 300
421 300
7 301
61 301
108 301
166 301
246 301
317 301
57 302
89 302
97 302
136 302
177 302
223 302
318 302
328 302
423 302
189 303
197 303
225 303
291 303
444 303
50 304
79 304
144 304
154 304
181 304
299 305
363 305
409 305
439 305
170 306
281 306
350 306
430 306
47 307
110 307
111 307
112 307
312 307
463 307
128 308
158 308
251 308
337 308
411 308
72 309
138 309
255 309
284 309
383 309
402 309
429 309
59 310
80 310
295 310
301 310
318 310
328 310
367 310
30 311
146 311
265 311
354 311
407 311
470 311
74 312
90 312
171 312
217 312
219 312
245 312
398 312
452 312
2 313
50 313
82 313
130 313
135 313
178 313
212 313
275 313
283 313
299 313
323 313
417 313
102 314
130 314
151 314
171 314
182 314
187 314
229 314
256 314
287 314
337 314
44 315
154 315
189 315
434 315
115 316
388 316
439 316
83 317
105 317
217 317
355 317
91 318
210 318
342 318
47 319
342 319
116 320
135 320
168 320
169 320
322 320
438 320
478 320
226 321
239 321
308 321
421 321
75 322
103 322
146 322
201 322
215 322
286 322
20 323
85 323
181 323
332 323
416 323
200 324
64 325
188 325
284 325
318 325
408 325
41 326
131 326
186 326
216 326
231 326
58 327
115 327
272 327
299 327
445 327
223 328
255 328
391 328
433 328
37 329
12 330
116 330
363 330
171 331
401 331
469 331
198 332
282 332
288 332
60 333
78 333
188 333
219 333
99 334
185 334
319 334
335 334
412 334
161 335
208 335
293 335
431 335
451 335
43 336
153 336
253 336
298 336
305 336
379 336
440 336
107 337
292 337
329 337
398 337
2 338
114 338
210 338
435 338
167 339
168 339
315 339
478 339
44 340
53 340
85 340
133 340
177 340
196 340
211 340
345 340
365 340
31 341
51 341
70 341
97 341
231 341
336 341
415 341
67 342
102 342
187 342
279 342
314 342
409 342
436 342
456 342
94 343
95 343
192 343
284 343
349 343
56 344
333 344
415 344
422 344
41 345
202 345
225 345
386 345
15 346
59 346
107 346
283 346
295 346
363 346
309 347
402 347
234 348
236 348
71 349
216 349
240 349
258 349
294 349
318 349
464 349
412 350
440 350
50 351
90 351
143 351
321 351
359 351
402 351
424 351
155 352
193 352
200 352
269 352
333 352
376 352
444 352
46 353
152 353
349 353
103 354
115 354
84 355
180 355
189 355
229 355
80 356
173 356
192 356
250 356
105 357
281 357
314 357
414 357
3 358
44 358
65 358
110 358
264 358
390 358
471 358
46 359
51 359
72 359
113 359
211 359
229 359
24 360
100 360
107 360
140 360
231 360
311 360
326 360
339 360
429 360
431 360
67 361
96 361
289 361
304 362
364 362
375 362
405 362
452 362
42 363
58 363
77 363
82 363
329 363
396 363
95 364
114 364
126 364
401 364
57 365
258 365
346 365
419 365
479 365
188 366
292 366
70 367
142 367
145 367
156 367
181 367
50 368
272 368
328 368
112 369
155 369
291 369
306 369
310 369
393 369
422 369
456 369
160 370
170 370
361 370
414 370
418 370
436 370
214 371
295 371
405 372
439 372
32 373
56 373
73 373
76 373
123 373
188 373
321 373
202 374
375 374
399 374
76 375
231 375
342 375
8 376
155 376
324 376
339 376
361 376
367 376
159 377
196 377
277 377
186 378
318 378
478 378
26 379
52 379
71 379
110 379
120 379
163 379
190 379
320 379
422 379
444 379
462 379
48 380
199 380
367 380
371 380
98 381
391 381
131 382
182 382
199 382
143 383
274 383
301 383
329 383
19 384
65 384
80 384
156 384
168 384
287 384
364 384
383 384
411 384
38 385
103 385
175 385
212 385
317 385
380 385
394 385
88 386
430 386
93 387
123 387
300 387
315 387
451 387
99 388
186 388
245 388
335 388
357 388
143 389
412 389
84 390
88 391
96 391
176 391
192 391
205 391
286 391
332 391
261 392
314 392
395 392
434 392
55 393
194 394
233 394
301 394
310 394
345 394
375 394
420 394
288 395
299 395
16 396
50 396
227 396
353 396
459 396
102 397
179 397
255 397
414 397
132 398
222 398
340 398
169 399
277 399
328 399
443 399
94 400
145 400
106 401
121 401
146 401
159 401
310 401
326 401
394 401
440 401
76 402
249 402
294 402
390 402
82 403
117 403
128 403
270 403
408 403
37 404
351 404
371 404
469 404
194 405
368 405
63 407
205 407
103 408
166 408
194 408
200 408
238 408
320 408
403 408
427 408
361 409
383 409
260 410
283 410
341 410
409 410
451 410
18 411
153 411
187 411
304 411
421 411
53 412
404 412
138 413
407 413
100 414
112 414
226 414
363 414
416 414
84 415
46 416
135 416
316 416
410 416
123 417
158 417
380 417
434 417
143 418
148 418
245 418
274 418
399 418
430 418
459 418
8 419
294 419
387 419
91 420
142 420
374 420
417 420
436 420
466 420
116 421
213 421
399 421
333 422
130 423
366 423
23 424
263 424
353 424
446 424
470 424
437 425
96 426
194 426
200 426
287 426
307 426
412 426
417 426
103 427
190 427
228 427
170 428
197 428
371 428
395 428
398 428
78 429
94 429
107 429
157 429
325 429
392 429
57 430
68 430
137 430
251 430
386 430
458 430
121 431
189 431
108 432
109 432
142 432
164 432
177 432
320 432
422 432
425 432
123 433
135 433
163 433
218 433
409 433
43 434
151 434
277 434
298 434
429 434
437 434
240 435
362 435
365 435
37 436
110 436
82 437
401 437
121 438
183 438
473 438
191 439
338 439
19 440
206 440
452 440
239 441
261 441
428 441
195 442
229 442
312 442
427 442
201 443
300 443
187 444
224 444
374 444
310 445
414 445
168 446
253 446
282 446
292 446
45 447
65 447
83 447
100 447
141 447
157 447
328 448
468 448
126 449
401 449
114 450
243 450
32 451
214 451
402 451
441 451
292 452
22 453
215 453
331 453
204 454
231 454
343 454
395 454
294 455
315 456
337 456
366 456
372 456
417 456
429 456
192 457
363 458
388 458
440 458
134 459
202 459
230 459
261 459
333 459
437 459
450 459
154 460
179 460
412 460
48 461
57 461
67 461
414 461
428 461
438 461
39 462
167 462
376 462
469 462
79 463
157 463
284 463
382 463
89 464
216 464
306 464
333 464
101 465
250 465
400 465
347 466
350 466
115 467
215 467
402 467
197 468
245 468
326 468
408 468
126 469
296 469
406 469
435 469
134 470
204 470
237 470
272 470
304 470
287 471
355 471
362 471
421 471
440 471
458 471
318 472
343 472
435 472
32 473
336 473
382 473
383 473
45 474
146 474
222 474
404 474
289 475
308 475
51 476
162 476
348 476
425 476
72 477
83 477
210 477
333 477
334 477
353 477
464 477
59 478
183 478
200 478
238 478
257 478
282 478
409 479
477 479
114 480
217 480
303 480
445 480
108 481
135 481
324 481
367 481
401 481
99 482
142 482
248 482
312 482
322 482
350 482
336 483
394 483
179 484
266 484
129 485
235 485
282 485
146 486
155 486
308 486
350 486
294 487
303 487
314 487
470 487
31 488
37 488
225 488
154 489
285 489
381 489
133 490
146 490
321 490
46 491
56 491
174 491
209 491
336 491
374 491
427 491
436 491
174 492
190 492
281 492
337 492
414 492
182 494
278 494
346 494
461 494
79 495
129 495
142 495
308 495
325 495
390 495
401 495
91 496
98 496
359 496
112 498
315 498
359 498
174 499
250 499
261 499
294 499
302 499
346 499
356 499
281 500
300 500
311 500
130 502
137 502
291 503
347 503
352 503
434 503
455 503
146 504
162 504
227 504
151 505
342 505
44 506
130 506
210 506
317 506
417 506
175 507
333 507
407 507
181 508
196 508
58 509
63 509
384 509
393 509
70 510
98 510
141 510
327 510
186 511
292 511
294 511
307 511
319 511
80 512
125 512
149 512
270 512
372 512
313 513
362 513
113 514
157 514
231 514
253 514
354 514
458 514
474 514
240 515
212 516
345 516
434 516
442 516
136 517
302 518
342 518
353 518
132 519
152 519
158 519
338 519
425 519
170 520
179 520
327 521
438 521
138 522
282 522
293 522
359 522
408 522
53 523
64 523
73 523
203 523
219 523
242 523
316 523
321 523
382 523
394 523
83 524
181 524
255 524
276 524
271 525
235 526
258 526
89 527
127 527
148 527
160 527
246 527
323 527
365 527
434 527
98 528
192 528
222 528
449 528
459 528
466 528
204 529
310 529
434 529
111 530
126 530
205 530
236 530
422 530
349 531
207 532
265 532
139 533
152 533
339 533
258 534
290 534
331 534
215 535
319 535
131 536
144 536
161 536
178 536
234 537
293 537
299 537
272 538
405 538
144 539
272 539
287 539
416 539
54 540
231 540
257 540
354 540
359 540
377 540
431 540
244 541
269 541
367 541
391 541
445 541
75 542
89 542
132 542
461 542
112 543
208 543
209 543
247 543
411 543
103 544
120 544
138 544
228 544
259 544
344 544
179 545
186 545
231 545
196 546
220 546
272 546
171 547
151 548
314 548
159 549
233 549
342 549
410 549
251 551
286 552
306 552
213 553
266 553
322 553
410 553
255 554
347 554
369 554
423 554
439 554
452 554
76 555
290 555
357 555
383 555
398 555
407 555
414 555
464 555
326 556
347 556
359 556
103 557
81 558
116 558
190 558
217 558
277 558
305 558
128 559
132 559
141 559
148 559
197 559
217 559
163 560
206 560
177 561
242 562
250 562
264 564
274 566
287 566
304 568
436 568
325 569
339 569
374 570
389 570
403 570
455 571
413 572
86 573
109 573
356 573
128 574
165 574
180 574
198 574
141 575
154 575
222 575
147 576
240 577
247 579
258 580
277 581
290 581
306 581
318 583
347 583
337 584
382 584
399 585
437 585
417 586
449 586
107 587
365 587
130 588
149 588
140 589
212 589
164 590
174 590
186 590
199 590
224 590
245 592
277 596
255 597
261 597
291 598
302 598
350 598
324 599
358 600
412 600
194 602
202 602
209 602
217 602
373 602
392 602
227 605
264 614
278 614
208 615
294 615
232 617
217 619
265 626
