235 12
249 12
207 13
219 13
263 13
278 13
290 13
195 14
306 14
324 15
335 17
349 20
206 26
218 26
228 26
241 26
251 26
263 26
295 26
280 27
190 28
310 29
174 30
321 31
337 32
159 33
354 33
367 34
219 38
234 38
250 38
267 38
283 39
199 41
207 41
180 43
192 43
203 43
300 44
309 45
312 45
330 45
240 46
291 46
322 46
163 47
342 47
228 48
242 48
254 48
352 48
362 48
155 49
266 49
273 50
374 50
223 51
384 51
143 52
297 53
211 54
129 55
295 55
181 57
240 57
295 57
198 58
251 58
280 59
319 59
266 60
309 60
170 61
337 61
356 62
314 63
203 64
378 64
155 65
226 66
295 66
143 67
241 67
206 68
218 68
254 69
269 69
396 70
131 71
203 71
282 72
292 73
363 73
184 74
291 74
306 74
316 74
298 75
312 75
334 75
376 75
174 76
252 76
117 77
164 77
304 77
312 77
349 79
387 79
217 80
223 80
235 80
270 81
357 81
206 82
260 82
401 83
149 84
197 84
275 84
287 85
370 85
186 86
250 87
274 88
303 88
319 88
417 88
214 89
243 89
257 89
139 90
170 90
230 90
257 90
331 90
345 90
386 90
273 91
426 91
210 92
269 92
212 93
222 93
158 94
277 94
203 95
264 95
364 95
127 96
231 96
363 96
408 96
113 97
148 98
189 98
225 98
228 98
300 98
362 98
261 100
268 100
284 100
311 100
400 100
213 101
324 101
381 101
396 101
102 102
173 103
245 104
341 104
365 104
424 104
264 105
392 105
205 106
355 106
129 107
162 107
253 107
94 108
385 108
368 109
372 109
389 109
251 110
275 110
155 111
189 111
263 111
287 111
392 111
405 111
120 112
236 112
299 112
305 112
83 114
210 114
231 114
240 114
178 115
328 115
390 115
111 116
216 116
339 116
141 118
210 118
397 119
165 120
258 120
352 120
388 120
423 120
239 121
225 122
367 122
100 123
257 123
260 123
271 123
295 123
193 124
283 124
305 124
126 125
242 125
247 125
380 125
319 126
148 127
390 127
180 128
229 128
333 128
437 128
86 129
239 129
220 130
254 130
211 131
345 131
406 131
114 132
171 132
202 132
354 132
137 133
354 133
356 133
262 134
274 134
287 134
414 134
271 135
361 135
369 135
163 136
196 136
295 136
307 136
378 136
419 136
104 137
245 137
254 138
319 138
233 139
70 140
125 140
156 140
389 140
185 141
432 141
97 142
222 142
253 142
332 142
397 142
340 143
212 145
284 145
303 145
320 145
353 145
145 146
172 146
268 146
275 146
292 146
354 146
408 146
114 147
208 147
262 147
446 147
242 149
255 149
337 149
364 149
243 150
246 150
266 150
162 151
214 151
340 151
370 151
418 151
135 152
231 152
379 152
84 153
194 153
387 153
234 154
239 154
154 155
186 155
426 155
225 156
335 156
394 156
76 157
106 157
305 157
317 157
125 158
178 158
278 158
286 158
326 158
334 158
461 158
270 159
346 159
259 160
147 161
360 161
98 162
118 162
246 162
367 162
406 162
68 163
114 163
447 163
237 164
90 165
197 165
226 165
326 165
417 165
437 165
139 166
163 166
189 166
360 167
185 168
288 168
382 168
82 169
300 169
58 170
89 170
215 170
278 170
319 170
332 170
337 170
343 170
164 171
264 171
428 171
81 172
205 172
351 172
391 172
405 172
106 173
174 174
254 174
348 174
364 174
404 174
128 175
151 175
52 176
241 176
330 176
439 176
461 176
101 177
430 177
186 178
193 178
99 179
72 180
123 180
224 180
302 180
315 180
353 180
161 181
359 181
141 182
189 182
214 182
293 182
392 182
401 182
120 183
157 183
286 183
325 183
410 183
435 183
438 183
471 183
86 184
272 184
341 184
112 185
257 185
424 185
164 187
250 187
355 187
451 187
87 188
404 188
411 188
65 189
175 189
200 189
346 189
386 189
183 190
239 190
366 190
111 191
144 191
330 191
440 191
319 192
332 192
93 194
163 194
183 194
307 194
54 195
81 195
282 195
295 195
392 195
415 195
106 196
221 196
344 196
373 196
184 197
186 197
217 197
414 197
128 198
267 198
413 199
447 199
155 200
208 200
405 200
84 201
95 201
254 201
319 202
402 202
124 203
344 203
382 203
472 203
69 204
427 204
115 205
138 205
146 205
174 205
200 205
236 205
306 205
335 205
136 206
295 206
115 207
133 207
91 208
227 208
322 208
390 208
457 208
281 209
349 209
62 210
140 210
165 210
271 210
437 210
103 211
220 211
358 211
412 211
91 212
260 212
398 212
159 213
189 213
85 214
109 214
309 214
318 214
328 214
422 214
82 215
104 215
120 215
369 215
56 216
91 216
180 216
255 216
316 216
339 216
342 216
443 216
466 216
103 217
208 217
352 217
375 217
129 218
133 218
150 218
226 218
291 218
299 218
301 218
406 218
86 219
95 219
103 219
244 219
351 219
75 221
277 221
428 221
326 222
384 222
452 222
148 223
49 224
167 224
196 224
349 224
215 225
237 225
310 225
334 225
141 226
153 226
263 226
296 226
319 226
396 226
93 227
95 227
179 227
345 227
357 227
69 228
118 228
288 228
344 228
419 228
475 228
354 229
90 230
160 230
280 230
399 230
438 230
454 230
121 231
136 231
229 231
294 231
354 231
105 232
128 232
138 232
252 232
364 232
271 233
426 233
206 234
442 235
84 236
107 236
170 236
342 236
389 236
222 237
309 237
322 237
411 237
464 237
126 238
150 238
241 238
336 238
375 238
149 239
299 239
337 239
431 239
263 240
351 240
181 241
209 241
287 241
55 242
79 242
272 242
347 242
449 242
115 244
159 244
235 244
257 244
356 244
401 244
102 245
123 245
142 245
198 245
216 245
236 246
277 246
104 247
120 247
210 247
221 247
253 247
455 247
363 248
421 248
95 249
155 249
229 249
248 249
273 249
472 249
46 250
170 250
191 250
205 250
248 250
256 250
268 250
310 250
391 250
409 250
440 250
117 252
270 252
297 252
371 252
70 254
90 254
108 254
330 254
398 254
342 255
462 255
40 256
133 256
213 256
286 256
378 257
91 258
145 258
214 258
320 258
197 259
235 259
262 259
162 260
357 260
447 260
88 261
106 261
111 261
179 261
237 261
310 261
467 261
231 262
257 262
303 262
387 262
405 262
85 263
232 263
429 263
154 264
120 265
255 266
365 266
113 267
250 267
279 267
292 267
335 267
58 268
139 268
433 268
102 269
188 269
275 269
345 269
392 269
454 269
120 270
237 270
326 270
217 271
476 271
114 272
167 272
206 272
375 272
221 273
271 273
399 273
415 273
134 274
255 274
307 274
182 275
247 275
319 275
354 275
51 276
96 277
146 277
162 277
215 277
229 277
198 278
230 278
236 278
256 278
258 278
268 278
286 278
440 278
337 279
383 279
402 279
423 279
129 280
226 280
255 281
301 281
71 282
113 282
114 282
215 282
328 282
342 282
205 283
236 283
242 283
365 283
465 283
388 284
444 284
154 285
172 285
379 285
395 285
176 286
188 286
200 286
209 286
408 286
42 287
253 287
351 287
106 288
123 288
137 288
224 288
294 288
278 289
395 289
88 290
238 290
397 290
181 291
359 291
375 291
81 292
195 292
264 292
430 292
56 293
75 293
117 293
150 293
335 293
451 293
111 294
117 294
248 294
292 294
103 295
179 295
306 295
364 295
413 295
92 296
102 296
162 296
193 296
206 296
475 296
194 297
223 297
381 297
143 298
220 298
261 298
318 298
341 298
382 298
165 299
233 299
365 299
417 299
127 300
245 300
402 300
456 301
81 302
165 302
188 303
271 303
289 303
371 303
438 303
201 304
224 304
350 304
258 305
389 305
165 306
370 306
420 306
461 306
107 307
155 307
171 308
320 308
405 308
335 309
371 309
374 309
107 310
168 310
181 310
255 311
355 311
392 311
94 312
149 312
372 312
444 312
93 313
99 313
116 313
131 313
180 313
226 313
282 313
325 313
387 313
196 314
212 314
221 314
309 314
464 314
101 315
181 315
195 315
233 315
339 315
426 315
237 316
74 317
115 317
192 317
271 317
410 317
58 318
164 318
222 318
145 320
105 321
358 321
398 321
87 322
357 322
177 323
344 323
346 323
467 323
125 324
181 324
207 324
296 324
248 325
329 325
365 325
140 326
148 326
192 326
222 326
248 326
428 326
101 327
140 327
312 327
348 327
386 327
334 328
448 328
64 329
283 329
404 329
232 330
268 330
336 330
80 331
85 331
199 331
471 331
157 332
44 333
126 333
205 333
118 335
218 335
257 335
388 335
413 335
96 336
124 336
297 336
439 336
188 337
248 337
266 337
373 337
413 337
75 338
330 338
408 338
139 339
353 339
411 339
433 339
474 339
58 340
167 340
196 340
335 340
188 341
202 341
241 341
315 341
333 341
452 341
129 342
181 343
261 343
298 343
149 344
164 344
216 344
267 344
395 344
91 345
109 345
251 345
416 345
121 346
418 346
68 347
182 347
357 347
140 348
163 348
183 348
242 348
280 348
456 348
163 349
271 349
284 349
420 349
97 350
190 350
242 350
318 350
437 350
228 351
269 351
264 352
381 352
422 352
131 353
155 353
176 353
177 353
359 353
42 354
63 354
211 354
338 354
399 354
125 355
145 355
119 356
346 356
125 357
194 357
284 357
90 358
140 358
321 358
462 358
142 359
266 359
100 360
120 360
305 360
105 361
157 361
225 361
382 361
423 361
79 362
223 362
297 363
447 363
208 364
239 364
172 365
362 365
114 366
252 366
343 366
51 367
192 367
217 367
310 367
324 367
406 367
154 368
178 368
210 368
224 368
284 368
289 368
426 368
289 369
268 370
309 371
387 371
69 372
93 372
130 372
191 372
93 373
189 373
365 373
187 374
314 374
176 375
178 375
237 375
346 375
472 375
111 376
302 376
327 376
217 378
290 378
221 379
452 379
149 380
165 380
229 380
60 381
84 381
183 382
227 382
413 382
88 383
122 383
348 383
433 383
81 384
100 384
371 384
330 385
103 386
144 386
293 386
173 387
300 387
109 388
311 388
395 388
196 389
235 389
243 389
292 389
181 390
257 390
78 391
230 391
376 391
220 392
280 392
334 392
208 393
354 393
461 393
84 395
298 395
115 396
138 396
195 396
313 396
422 396
441 396
107 397
155 397
237 397
403 397
172 398
228 398
318 398
89 399
379 399
258 400
281 400
373 401
178 403
190 403
304 403
326 403
106 404
170 404
229 404
361 404
148 405
407 405
202 406
249 406
327 406
336 406
343 406
164 407
171 407
260 407
366 407
376 408
124 409
193 409
366 409
190 410
288 411
355 411
364 411
451 411
231 412
242 412
312 412
342 412
391 412
411 412
58 413
167 413
359 413
433 413
79 414
176 414
183 414
251 414
334 414
352 414
384 414
392 414
160 415
276 415
141 416
185 417
212 417
250 417
352 417
378 417
95 418
197 418
276 418
296 418
259 419
371 419
110 420
332 420
417 420
319 421
461 422
152 423
278 423
276 424
397 424
342 425
379 425
106 426
134 426
440 426
70 427
245 428
302 428
192 429
279 429
425 429
171 430
355 430
125 431
185 431
330 431
144 432
407 432
388 433
117 434
261 434
270 435
340 435
191 436
265 436
213 437
138 438
184 438
388 438
194 439
306 439
398 439
450 439
86 440
110 440
198 440
336 440
252 441
390 441
234 443
286 443
366 443
400 443
415 443
457 443
125 444
156 444
180 444
224 445
128 446
151 446
323 446
126 447
160 447
70 448
313 448
139 449
191 449
275 449
344 449
425 449
147 450
382 450
394 450
237 451
436 451
94 452
118 452
206 452
333 452
336 452
343 453
150 454
260 454
224 455
165 456
184 457
151 458
156 459
167 459
201 459
297 459
110 460
333 460
411 460
83 461
131 461
266 461
330 461
352 461
136 462
381 462
360 464
103 465
154 465
164 465
344 465
451 465
247 466
307 466
348 466
177 467
228 467
123 468
167 468
194 468
336 468
68 469
98 469
421 469
196 470
337 470
369 470
322 472
429 472
88 473
125 473
177 473
213 473
282 473
315 473
138 474
324 475
397 475
398 475
168 476
259 478
440 478
159 479
379 479
134 480
200 480
325 480
377 480
108 481
164 481
241 481
170 482
182 482
354 483
267 484
296 484
324 485
168 486
196 487
224 487
390 487
418 487
187 488
191 488
120 489
278 489
140 490
167 490
234 490
317 490
328 490
329 490
356 490
247 491
93 492
337 492
365 492
156 493
308 493
313 493
182 494
193 495
210 495
258 495
340 495
399 495
196 496
376 497
182 498
221 498
126 499
143 499
179 500
289 501
318 501
408 502
239 503
350 503
387 503
190 504
110 505
423 505
166 507
333 507
305 508
361 509
254 510
303 510
329 510
404 511
153 512
173 512
307 512
216 513
143 514
193 514
182 515
302 515
338 515
281 517
170 518
132 519
242 519
321 519
345 519
376 519
195 520
291 520
321 521
150 522
354 522
118 523
230 523
259 523
212 526
364 527
181 529
212 529
238 530
271 530
171 531
195 531
219 531
311 532
377 532
283 533
156 534
244 536
262 537
236 539
275 540
388 540
333 541
294 542
227 543
302 543
193 544
216 546
221 546
228 546
235 546
155 547
168 547
178 547
239 548
231 549
313 550
260 552
219 555
213 556
326 556
336 556
352 556
297 557
235 558
216 561
170 562
159 564
183 564
192 564
271 570
290 572
320 573
299 574
234 577
193 578
212 578
261 582
