263 24
231 26
289 28
221 31
244 32
184 35
279 35
214 36
267 36
340 38
327 39
231 40
317 40
252 41
298 41
199 42
293 42
167 43
159 44
277 46
216 48
356 49
154 50
184 50
260 50
344 51
248 52
309 53
329 53
208 54
237 54
290 57
172 58
226 58
141 60
162 60
269 60
359 60
376 60
192 61
382 61
342 62
183 64
252 64
315 64
324 65
158 66
300 66
284 67
211 68
124 69
364 69
147 70
232 71
375 71
170 72
267 72
193 74
333 74
218 75
253 75
323 76
108 77
244 78
305 78
352 78
162 80
288 80
206 81
365 81
408 81
274 82
122 83
225 83
382 83
96 84
227 84
199 85
138 86
172 86
212 86
223 86
257 87
245 88
337 88
215 89
324 89
109 90
148 90
210 90
352 90
234 91
293 91
303 91
232 92
122 93
184 93
283 93
370 94
100 95
158 96
196 96
384 96
134 97
220 97
227 97
263 97
168 98
234 98
421 98
154 99
249 99
320 99
394 99
307 100
331 100
293 101
346 101
235 102
408 103
103 104
184 104
206 104
217 104
366 104
429 104
272 105
80 106
145 106
120 107
251 107
414 107
228 108
377 108
216 109
169 110
229 111
282 111
325 111
389 111
88 112
199 112
293 112
309 112
236 113
272 113
341 113
157 114
351 114
182 115
201 115
258 116
396 116
125 117
146 117
407 117
102 118
217 118
247 118
368 118
81 119
212 119
224 120
308 121
429 121
114 122
208 122
293 123
322 123
224 124
276 124
297 124
387 124
73 125
134 125
162 125
193 125
259 125
303 125
333 125
438 125
316 126
348 127
83 128
104 128
177 129
286 129
358 129
147 130
243 130
405 130
451 130
201 131
311 132
419 132
61 133
231 133
376 133
324 134
429 134
313 135
91 136
218 136
258 136
280 136
297 136
387 136
84 137
116 137
136 138
162 138
186 138
242 138
338 138
346 139
206 140
77 141
128 141
235 141
405 142
450 142
99 144
368 144
418 144
73 145
287 145
145 146
190 146
247 147
267 147
301 147
313 147
325 147
209 148
287 148
423 148
431 149
62 150
436 150
86 151
179 151
235 151
344 151
131 152
155 152
393 152
108 153
223 153
357 153
190 154
408 155
452 156
277 157
75 158
98 158
264 158
300 158
370 158
425 158
287 159
315 159
332 159
141 160
237 160
163 161
217 161
311 161
466 161
199 162
326 162
256 163
349 163
386 163
224 164
380 164
395 165
61 166
110 166
132 166
184 166
358 166
447 166
86 167
152 167
244 167
214 168
280 168
382 168
399 168
107 169
226 169
264 169
294 169
268 170
370 170
399 170
171 171
220 171
247 171
325 171
336 171
387 171
92 172
101 172
206 172
310 172
335 172
420 172
461 172
325 173
139 174
72 175
110 175
120 175
190 175
259 175
324 175
335 175
384 175
95 176
160 176
239 176
393 176
226 177
440 177
107 178
113 178
349 178
212 179
265 179
180 180
221 180
281 180
86 181
241 181
392 181
243 182
361 182
407 182
59 183
256 183
273 183
299 183
331 183
82 184
107 184
200 184
317 184
452 184
144 185
375 185
457 185
167 186
273 186
50 187
92 187
211 187
225 188
343 188
388 189
426 189
463 189
120 190
135 190
183 190
265 190
392 190
73 191
214 191
277 191
154 192
220 192
350 192
358 192
94 193
252 193
259 193
371 193
470 193
81 194
209 194
331 194
175 195
293 195
398 195
110 196
314 196
401 196
442 196
61 197
88 197
238 197
328 197
232 198
349 198
54 199
221 199
263 199
325 199
352 199
377 199
189 200
380 200
414 200
239 201
346 201
159 202
221 202
278 202
292 202
343 202
423 202
116 203
136 203
347 203
435 203
461 203
85 204
203 204
277 204
291 204
319 204
406 204
78 205
82 205
261 205
300 205
393 205
424 205
95 206
247 206
362 206
403 206
111 207
337 207
412 207
42 208
172 208
198 208
220 208
279 208
146 209
318 209
104 210
386 210
414 210
441 210
124 211
205 211
333 211
375 211
379 211
234 212
307 212
396 212
476 212
66 214
349 214
415 214
437 214
106 215
138 215
184 215
218 215
276 215
54 216
84 216
110 216
247 216
383 216
456 216
108 217
286 217
325 217
418 217
156 218
263 218
270 218
297 218
312 218
87 219
131 219
231 219
331 219
391 219
428 219
110 220
203 220
368 220
293 221
309 221
322 221
324 221
93 222
240 222
468 222
261 223
332 223
371 223
438 223
168 224
192 224
310 224
336 224
410 224
411 224
145 225
215 225
246 225
295 225
322 225
364 225
421 225
218 226
298 226
378 226
430 226
68 227
229 227
106 228
227 228
244 228
268 228
291 228
350 228
185 229
255 229
280 229
295 229
354 229
116 230
156 230
243 230
309 230
350 230
390 230
427 230
432 230
49 231
215 231
407 231
79 232
101 232
270 232
459 232
414 233
109 234
206 234
210 234
369 234
93 235
170 235
262 235
129 236
382 236
438 236
196 237
330 237
274 238
380 238
387 238
411 238
440 238
249 239
475 239
53 240
81 240
143 240
224 240
252 240
290 240
303 241
349 241
224 242
251 242
258 242
237 243
385 243
424 244
457 244
178 245
266 245
326 245
61 246
95 246
250 246
365 246
110 247
209 247
252 247
334 247
396 247
77 248
130 248
440 249
252 250
149 251
247 251
254 251
271 251
376 251
469 251
197 252
305 252
412 252
163 253
287 253
103 254
348 254
64 255
83 256
228 256
319 256
275 257
391 257
186 258
333 258
363 259
217 260
453 260
129 261
203 261
54 262
92 262
108 262
172 262
294 262
376 262
431 262
249 263
256 263
273 263
144 264
242 264
284 264
348 264
254 265
236 266
319 266
412 267
469 267
66 268
332 269
361 269
123 270
160 270
184 270
220 270
446 270
271 271
37 272
77 272
117 272
396 272
269 273
304 273
426 273
346 274
91 275
209 275
315 275
377 275
169 276
251 276
268 276
54 277
109 277
141 277
235 277
284 277
407 277
30 278
385 278
461 278
196 279
327 279
128 280
437 280
295 281
221 282
248 282
251 282
365 282
160 283
358 283
346 284
310 285
348 285
42 286
63 286
269 286
447 286
81 287
179 287
207 287
338 287
259 288
405 288
475 288
95 289
116 289
150 289
338 289
388 289
426 289
144 290
169 290
244 290
273 290
324 290
325 290
269 291
363 291
33 292
322 292
335 292
290 293
52 294
189 294
226 294
343 294
127 295
133 295
159 296
268 296
303 296
335 296
354 296
461 296
69 297
138 297
185 297
216 297
246 297
280 297
146 298
412 298
243 299
251 299
316 299
353 299
443 299
88 300
341 300
358 300
419 300
207 301
321 301
354 301
381 301
271 302
272 302
327 302
339 302
359 302
473 302
102 303
201 303
258 303
282 303
123 304
144 304
247 304
248 305
324 305
369 305
62 306
171 306
237 306
301 306
341 306
396 306
454 307
252 308
311 308
129 310
435 310
38 311
93 311
162 311
219 311
330 311
356 311
184 312
129 313
134 313
272 313
319 313
54 314
148 314
412 314
206 315
283 315
387 315
71 316
140 316
444 316
144 317
178 317
367 317
106 318
251 318
325 318
329 318
468 318
337 319
172 320
197 320
235 320
269 320
271 321
374 321
82 322
123 322
221 322
392 322
197 323
309 323
429 323
378 324
456 324
355 325
406 325
43 327
97 327
183 327
342 327
380 327
479 327
133 328
290 328
320 328
371 328
205 329
150 330
167 330
365 330
240 331
301 331
439 331
246 332
262 332
318 332
416 332
111 333
395 333
37 334
222 334
301 334
305 334
330 334
424 334
445 334
468 334
375 335
54 336
160 336
175 336
188 336
352 336
400 336
214 337
420 337
304 338
415 338
69 339
307 339
358 339
451 339
86 340
139 340
165 340
281 340
305 340
318 340
406 341
475 341
181 342
384 342
46 343
284 343
290 343
397 343
428 343
101 344
118 344
172 344
200 344
295 344
387 344
414 344
433 344
169 345
250 345
312 345
155 346
162 346
240 346
303 346
366 346
392 346
413 346
436 346
318 347
223 348
335 348
375 348
438 348
459 348
199 349
263 349
373 349
389 349
395 349
423 349
38 350
60 350
186 350
314 350
315 350
345 351
213 352
403 352
445 352
76 353
127 353
162 353
281 353
290 353
378 353
319 354
380 354
426 354
109 355
142 355
169 355
182 355
196 355
284 355
393 355
437 355
330 357
357 357
202 358
291 358
472 358
156 359
174 360
234 360
413 360
253 361
313 361
68 362
267 362
272 362
300 362
87 363
287 363
455 363
47 364
190 364
364 364
94 365
101 365
226 365
274 365
342 365
439 365
216 366
292 366
307 366
92 367
127 367
133 367
317 367
321 367
184 368
351 368
395 368
423 368
164 369
275 369
326 369
97 370
113 370
143 370
160 370
90 372
120 372
244 372
251 372
285 372
353 372
408 372
467 372
61 373
94 373
148 373
235 373
308 373
331 373
203 374
253 374
449 374
95 375
194 376
307 376
383 376
135 377
245 377
303 377
362 377
472 377
42 378
173 378
315 378
245 379
287 379
295 379
107 380
318 381
366 381
339 382
57 383
90 383
188 383
304 383
86 384
116 384
229 384
244 384
290 384
441 384
124 385
126 385
281 385
302 385
392 385
146 386
165 386
218 386
38 387
140 387
259 387
317 387
459 387
411 388
130 389
136 389
145 389
326 389
346 389
427 389
98 390
113 390
117 390
449 390
150 391
104 392
106 392
116 392
135 392
208 392
252 392
261 392
272 392
353 392
68 393
288 393
177 394
202 394
249 394
265 394
268 394
271 394
378 394
99 396
154 396
265 396
267 396
330 396
470 396
314 397
454 397
294 398
402 398
111 399
46 400
195 400
228 400
248 400
421 400
78 401
183 401
221 401
241 401
275 401
367 401
169 402
364 402
112 403
337 403
95 404
130 404
217 404
319 404
354 404
434 404
148 405
390 405
300 406
245 407
429 407
387 408
432 408
43 409
186 409
189 409
213 409
379 409
466 409
255 410
282 410
374 410
376 411
413 411
57 412
303 412
325 412
71 413
266 413
433 413
184 414
143 415
217 415
262 415
285 415
90 416
229 416
344 416
381 416
408 416
125 417
166 417
167 417
271 417
308 417
378 417
107 419
197 419
453 419
192 420
289 420
364 420
406 420
329 421
401 421
141 422
309 422
349 422
158 423
164 423
180 423
213 423
273 423
261 424
421 424
244 425
291 426
387 427
406 427
67 428
82 428
459 428
143 429
238 429
333 429
353 429
445 429
51 430
103 430
167 430
218 432
262 432
370 432
394 432
430 433
258 434
295 434
184 435
208 435
240 435
243 435
316 435
119 436
181 436
190 436
391 436
425 436
156 437
251 437
334 437
225 438
279 438
356 438
433 438
438 438
199 439
225 439
161 440
375 440
62 441
145 441
241 441
270 442
276 442
359 442
395 442
452 442
79 443
265 443
298 443
322 443
416 443
173 444
203 444
114 445
152 445
323 445
328 445
151 447
153 447
252 447
131 448
140 448
187 448
333 448
146 449
245 449
267 449
281 449
341 449
363 449
96 450
138 450
144 450
252 450
336 450
457 450
237 451
253 451
345 451
381 451
421 451
323 452
399 452
76 454
128 454
246 454
335 454
385 455
137 456
184 457
265 457
343 457
359 457
235 458
331 458
344 458
425 458
153 459
250 459
325 459
371 459
171 460
322 460
93 462
215 462
251 462
282 462
356 462
445 462
108 463
297 463
389 463
156 464
407 464
138 465
266 465
310 465
198 466
342 466
232 467
152 468
73 469
91 469
260 469
326 469
430 469
174 470
147 472
413 472
249 473
280 473
353 474
362 474
395 474
213 475
253 475
263 475
294 475
360 476
108 478
242 478
309 478
437 478
123 479
196 479
379 479
140 480
229 480
242 480
346 480
173 482
248 482
249 482
267 482
193 483
329 483
122 484
214 485
364 485
157 486
175 486
381 486
138 488
251 488
402 488
327 489
444 489
245 490
258 490
421 490
266 491
343 491
94 492
259 492
263 492
107 493
175 493
224 493
271 493
290 493
192 494
198 494
212 494
269 494
163 496
174 496
426 497
141 499
241 500
174 501
271 501
325 501
158 502
188 502
213 502
241 502
342 502
406 502
125 503
179 504
190 504
286 505
359 505
267 506
108 507
261 507
279 507
175 508
192 508
343 510
180 511
356 511
170 512
189 513
142 515
232 515
110 516
158 516
177 516
263 516
303 516
322 516
127 517
395 517
427 517
269 518
408 518
185 519
244 519
377 519
174 520
253 520
340 520
226 521
281 521
261 522
274 522
231 523
326 524
298 525
320 525
242 526
193 527
220 528
344 529
356 529
165 530
248 530
347 530
357 531
127 532
208 532
339 532
237 533
264 533
296 533
336 533
340 533
186 534
333 534
345 534
253 535
273 535
212 536
240 536
318 536
348 536
231 537
379 537
141 538
209 538
251 539
292 539
160 540
356 540
255 541
335 541
181 542
233 542
329 542
377 543
229 544
252 544
264 544
157 545
221 545
327 545
219 546
229 546
345 546
204 547
357 547
280 548
261 549
288 551
225 553
239 553
254 553
376 553
153 554
192 556
354 556
167 558
332 558
217 559
280 560
242 561
306 561
162 562
329 562
375 563
398 563
262 564
281 564
211 565
182 566
301 567
322 569
348 569
371 569
253 570
201 572
297 572
272 573
395 573
174 574
247 575
221 576
290 576
195 578
316 578
341 579
187 581
209 585
233 586
280 586
305 587
337 587
257 589
225 590
333 592
271 593
356 593
296 595
217 596
244 598
289 599
319 599
258 602
281 603
