372 2
396 2
432 2
175 3
258 3
385 3
436 3
424 4
171 6
239 6
356 7
347 8
221 9
337 9
449 10
295 13
315 13
200 14
208 14
395 14
192 15
416 16
468 16
175 17
272 17
245 18
255 18
437 18
429 19
372 20
347 21
230 22
362 22
169 23
452 23
155 24
330 24
212 26
314 26
401 26
140 27
147 27
381 28
288 29
417 29
464 29
267 30
194 31
186 33
255 33
476 35
168 36
236 36
438 36
362 37
378 38
449 38
333 39
353 39
320 40
148 41
213 41
305 41
399 41
259 43
411 43
136 45
183 45
194 45
466 45
283 46
120 47
169 47
273 47
422 47
246 48
268 48
435 48
174 49
181 50
188 50
197 50
251 51
107 52
167 53
371 53
379 53
318 54
350 54
147 55
183 55
191 55
336 55
391 55
225 56
447 56
155 57
402 57
140 58
297 58
207 59
275 59
287 60
176 61
199 61
189 63
417 63
464 63
195 64
254 64
171 66
432 66
234 68
368 68
273 69
338 69
324 70
355 70
359 70
151 72
162 72
295 72
311 72
400 72
214 73
273 73
385 73
445 73
188 74
198 76
416 76
190 77
255 78
132 79
181 79
238 79
465 79
170 80
120 81
413 81
182 82
439 82
476 82
112 83
221 83
333 83
297 84
310 84
361 84
414 84
108 85
193 85
348 85
381 86
401 86
428 86
201 87
275 87
453 87
260 88
418 88
149 89
92 91
182 91
245 91
466 91
430 92
182 93
329 94
357 94
132 95
344 95
402 95
230 96
307 96
169 97
475 97
167 98
210 98
281 99
369 99
382 99
113 100
157 100
391 100
181 101
459 101
427 102
196 103
200 103
251 103
412 103
234 105
332 105
93 106
163 106
312 106
354 106
136 107
184 107
344 107
370 108
442 108
220 109
278 109
297 109
82 110
426 110
166 111
403 111
453 111
264 112
384 112
396 112
117 113
246 115
414 115
416 115
194 116
229 116
429 116
145 117
285 117
300 117
343 118
358 118
477 118
196 119
316 119
429 119
462 119
179 120
270 120
373 120
229 121
413 121
439 121
204 122
251 122
128 123
394 124
429 124
90 125
162 126
190 126
446 126
474 127
300 128
318 128
408 128
210 129
336 129
226 130
283 130
420 130
75 132
176 132
267 132
353 132
423 132
105 133
227 133
231 133
458 133
138 134
209 134
318 134
367 134
438 134
247 135
425 135
435 136
66 137
194 137
213 138
292 138
383 138
397 139
210 140
236 140
282 140
472 140
90 141
119 141
259 141
444 141
217 142
440 142
151 143
229 143
413 143
429 143
403 144
82 145
174 145
217 145
219 145
207 146
208 146
227 146
329 146
317 147
349 147
365 148
426 148
102 149
198 149
279 149
377 149
459 149
128 150
305 150
416 151
434 151
266 152
419 152
432 152
73 153
202 153
227 154
236 154
249 154
467 154
148 155
176 157
395 157
113 158
205 158
417 158
441 158
323 159
334 159
62 160
219 160
411 160
305 161
358 161
410 161
153 162
206 162
342 162
155 163
288 163
264 164
95 165
124 165
189 165
363 165
246 166
331 166
453 166
376 167
427 167
235 168
211 169
223 169
227 169
168 170
331 170
383 170
387 170
79 171
389 171
139 172
300 172
318 172
394 172
470 172
339 173
328 174
330 174
342 174
404 174
204 175
286 175
128 176
135 176
340 176
352 176
69 177
103 177
145 177
225 177
258 178
276 178
446 178
154 179
368 179
337 180
246 181
63 182
181 182
206 182
229 182
377 182
416 182
126 183
454 183
93 184
137 184
216 184
232 184
314 185
395 186
222 187
301 187
431 187
55 188
165 188
204 188
233 188
327 188
468 188
391 189
341 190
372 190
112 191
149 192
404 192
272 193
339 193
352 193
103 194
185 194
246 194
325 194
441 194
71 195
291 195
360 195
130 196
211 196
236 196
139 197
225 197
308 197
369 197
180 198
224 198
332 198
377 198
379 198
417 198
320 199
390 199
65 200
167 200
93 201
203 201
286 201
338 202
455 202
221 203
393 203
115 204
243 204
270 204
284 204
138 205
257 205
427 205
124 206
154 206
182 206
80 207
188 207
296 207
349 207
184 208
196 208
229 208
373 208
132 209
219 209
237 209
405 209
178 210
210 210
357 210
465 210
141 211
47 212
100 212
200 212
387 212
439 212
177 213
208 213
319 213
443 214
416 215
477 215
67 216
197 216
221 216
247 216
259 216
332 216
137 217
155 217
276 217
298 217
178 218
188 218
214 218
287 218
375 218
190 219
208 219
218 219
301 219
130 220
233 220
292 220
347 220
112 221
121 221
156 221
454 221
86 222
232 222
56 223
215 223
428 223
125 224
225 224
357 224
391 224
462 225
172 226
264 226
329 226
398 226
76 227
235 227
404 227
435 227
102 228
238 228
254 228
160 229
165 229
200 229
222 229
298 229
239 230
299 230
340 230
470 230
96 231
142 231
280 231
410 231
181 232
44 233
115 233
158 233
163 233
212 233
315 233
201 234
219 234
378 234
442 234
418 235
171 236
183 236
283 236
353 236
36 237
65 237
204 238
330 238
83 239
178 239
199 239
251 239
449 239
205 240
309 240
393 240
103 241
223 241
270 241
287 241
302 241
315 241
429 241
372 242
193 243
235 243
300 243
415 244
418 244
50 245
161 245
348 245
404 245
28 246
429 246
118 247
213 247
218 247
311 247
206 248
418 248
459 248
234 250
263 250
273 250
299 250
357 250
388 250
413 250
107 251
208 251
286 251
306 251
41 252
66 252
88 252
134 252
327 252
414 252
173 253
297 253
217 254
230 254
300 254
367 255
148 256
193 256
225 256
226 256
397 256
445 256
468 256
415 257
343 258
78 259
168 259
185 259
310 259
212 260
232 260
301 260
100 261
123 261
266 261
120 262
321 262
426 262
158 263
354 263
382 263
43 264
93 264
121 264
207 264
248 264
281 264
478 264
174 265
256 265
285 265
409 265
457 265
113 266
131 266
154 266
208 266
295 266
64 267
153 267
201 267
240 267
433 267
334 268
129 269
150 270
158 270
393 270
124 271
191 271
218 271
227 271
310 271
313 271
366 271
104 272
418 273
164 274
201 274
445 274
123 275
154 275
187 275
217 275
233 275
348 275
75 276
328 276
468 276
153 277
217 277
272 277
283 277
306 277
377 277
401 277
45 278
215 278
226 278
301 278
137 279
222 279
252 279
259 279
299 279
124 280
208 280
243 281
428 281
89 282
453 282
35 283
109 283
176 283
394 283
411 283
112 284
152 284
198 284
237 284
313 284
361 284
363 284
172 285
340 285
97 286
389 286
129 287
231 287
440 288
57 289
286 289
326 289
365 289
374 289
399 289
90 290
221 290
383 290
26 291
102 291
128 291
163 291
189 291
205 291
220 291
399 291
461 291
122 292
207 292
216 292
300 292
419 292
50 293
74 293
228 293
226 294
263 294
277 294
181 295
376 295
423 295
401 296
210 297
449 297
469 297
83 298
86 298
91 298
117 298
235 298
39 299
239 299
319 299
361 299
147 300
205 300
239 300
294 300
342 300
64 301
131 301
169 301
235 301
249 301
429 301
102 302
199 302
384 302
106 303
389 303
413 303
94 304
231 304
460 306
162 307
264 307
306 307
192 308
224 308
331 308
78 309
102 309
105 309
279 309
479 309
355 310
373 310
440 310
219 311
290 311
420 311
156 312
245 312
398 312
25 313
119 313
134 313
179 313
231 313
49 314
151 314
208 314
236 315
299 316
96 317
213 317
384 317
466 317
148 318
326 318
375 318
118 319
408 319
92 320
200 320
17 321
38 321
66 321
166 321
216 321
261 321
283 321
285 321
347 321
395 321
450 321
118 322
139 322
282 322
310 323
223 324
304 324
310 324
391 324
113 325
246 325
296 325
373 325
313 326
417 326
179 327
294 327
336 327
33 328
206 330
319 330
337 330
438 330
475 330
105 331
190 331
233 331
376 331
381 331
459 331
153 332
363 332
129 333
168 334
51 335
72 335
95 336
254 336
261 336
307 336
404 336
426 336
266 337
348 337
24 338
161 339
195 339
214 339
329 339
283 340
388 340
120 341
304 341
350 341
445 341
241 342
351 342
467 342
91 343
176 343
286 343
292 344
39 345
66 345
154 345
411 346
374 347
113 348
134 348
315 348
338 348
365 348
184 349
201 349
228 349
383 349
439 350
32 351
263 351
299 351
300 351
431 351
222 352
363 352
476 352
167 353
268 353
309 353
392 353
143 354
312 354
324 354
418 354
100 355
276 355
29 356
52 356
76 356
294 356
445 356
215 357
385 357
161 358
188 358
254 358
258 358
305 359
348 359
379 359
403 359
243 360
284 360
138 361
181 361
207 361
380 361
391 361
94 362
302 362
419 362
119 363
281 363
288 363
368 363
466 363
104 364
155 364
404 364
113 365
176 365
231 365
263 365
332 365
430 365
455 365
88 366
202 366
264 366
371 366
378 366
388 366
412 366
344 367
391 367
400 367
409 367
60 368
288 368
195 369
245 369
266 369
296 369
316 369
384 369
424 369
113 370
391 370
440 370
128 371
148 371
351 371
272 372
279 372
393 372
166 373
356 373
364 373
399 373
428 373
29 374
89 374
105 374
219 374
257 374
341 375
255 376
333 376
376 376
102 377
244 377
281 377
321 377
396 377
96 378
282 378
305 378
416 378
77 379
246 379
324 379
373 379
424 379
138 380
231 380
325 380
386 380
417 380
427 380
445 380
108 381
207 381
264 381
288 381
308 381
478 381
92 382
157 382
236 382
365 382
390 382
43 383
346 383
417 383
328 384
382 385
414 385
93 386
177 386
257 386
294 386
90 387
239 387
262 387
309 388
403 388
291 389
463 389
270 390
52 391
82 391
96 391
147 391
198 391
358 391
451 391
216 392
298 393
328 393
374 393
428 393
101 394
125 394
277 394
292 394
401 394
418 394
85 395
92 395
115 395
165 395
233 395
314 395
254 396
344 396
435 396
407 398
423 398
95 399
100 399
188 399
89 400
138 400
207 400
466 400
297 401
366 401
44 402
228 402
392 402
158 403
159 403
183 403
222 403
75 404
157 404
269 404
285 404
362 404
369 405
380 405
409 405
111 406
203 406
349 406
154 407
157 407
379 407
38 408
397 408
455 408
132 409
223 409
313 409
69 410
157 410
370 410
31 411
102 411
124 411
150 411
332 411
366 411
377 412
241 413
196 414
299 414
426 414
476 414
216 415
260 415
280 415
264 416
386 416
97 417
138 417
158 417
315 417
441 417
120 418
412 418
149 419
384 419
351 420
368 420
379 420
52 421
336 421
81 422
141 422
460 422
148 423
234 423
388 424
443 424
154 425
186 425
260 425
296 425
317 425
44 426
150 426
401 426
226 427
105 428
113 428
151 428
210 428
362 428
367 428
425 428
389 429
253 430
464 430
137 431
244 431
336 431
353 431
156 432
270 432
272 432
377 432
64 433
292 434
430 434
126 435
250 436
262 436
417 436
449 436
98 437
132 437
172 437
257 437
303 437
384 437
206 438
369 438
194 439
148 440
406 440
367 441
147 442
168 442
316 442
371 442
46 443
75 443
126 443
214 443
247 443
267 443
349 443
467 443
94 444
306 444
374 444
386 444
393 444
84 445
116 446
185 446
243 447
334 447
102 449
159 449
289 449
301 449
452 449
110 450
137 450
225 450
436 450
88 451
246 451
264 451
285 451
351 451
366 451
396 451
423 451
146 452
150 452
411 452
110 453
153 453
208 454
53 455
246 455
277 455
318 455
189 456
220 456
77 457
126 457
130 457
334 457
395 457
87 458
319 458
380 458
85 459
124 459
288 459
301 459
368 459
70 460
236 460
309 460
134 461
280 461
469 461
82 462
319 462
350 462
365 462
117 463
138 463
272 463
151 464
311 464
383 464
134 465
261 465
277 465
315 465
395 465
440 465
295 466
458 466
66 467
251 467
94 468
147 468
149 468
154 468
163 468
249 468
289 469
298 469
407 469
411 469
307 470
426 470
177 471
301 471
365 471
204 472
100 473
121 473
188 473
364 473
149 474
271 474
277 474
335 474
113 475
150 475
349 475
445 475
395 476
224 477
475 477
136 478
316 478
243 479
67 480
293 480
381 480
107 481
196 481
371 482
412 482
103 483
217 483
269 483
330 484
84 485
137 485
310 485
430 485
160 486
206 487
341 487
345 487
398 487
358 488
360 488
90 489
96 490
262 490
445 490
121 492
87 493
117 493
464 493
84 494
169 494
308 494
232 495
355 495
431 495
334 496
180 497
276 497
382 497
105 498
116 498
290 498
370 498
113 499
73 500
109 500
210 500
356 500
465 500
139 501
325 501
250 502
400 502
416 502
341 503
57 505
105 505
158 506
223 507
432 507
468 507
321 508
86 509
247 509
299 509
450 509
114 510
198 510
266 510
151 511
125 512
337 512
400 512
353 513
172 514
240 514
327 514
384 514
281 515
369 515
318 516
76 517
321 517
335 517
215 518
85 519
434 519
110 520
126 521
177 521
221 521
276 522
127 523
348 523
231 524
296 524
314 524
399 524
131 525
179 525
183 525
222 525
468 525
127 526
155 526
252 526
260 526
373 526
177 527
204 527
252 527
237 528
400 528
193 529
222 529
271 529
94 530
191 530
279 530
289 530
372 530
436 530
141 531
372 531
216 532
279 532
382 532
82 533
150 533
210 533
250 533
254 533
327 533
363 533
162 534
261 534
418 534
199 535
219 535
232 535
241 535
364 535
191 536
216 536
284 536
304 536
399 536
69 537
260 537
468 537
122 538
138 538
166 538
240 538
109 539
227 540
340 541
382 542
147 543
157 543
454 543
95 544
253 545
296 545
317 545
357 545
396 545
415 545
151 546
175 546
195 546
261 546
379 546
121 547
274 547
171 548
226 548
380 548
156 550
210 550
397 550
276 551
193 552
355 552
467 552
79 553
375 553
288 554
267 555
436 555
225 556
273 556
310 556
132 557
149 557
183 557
150 559
236 559
207 561
397 561
324 562
279 563
449 564
228 567
171 568
195 568
299 568
342 568
367 569
411 569
131 570
222 570
250 571
315 572
244 573
267 573
291 574
387 574
154 575
179 579
334 579
209 581
305 583
404 583
425 583
136 585
281 585
233 586
160 588
191 589
295 590
356 590
241 593
269 594
212 595
261 600
366 600
392 600
230 601
277 605
309 608
