216 2
279 2
454 4
230 5
310 6
348 6
424 7
392 8
246 9
399 10
202 11
295 11
142 12
175 12
262 12
127 13
369 13
162 14
406 14
472 14
108 15
112 15
219 16
440 16
308 18
335 18
281 19
454 21
249 22
383 23
209 24
269 24
423 24
458 24
133 26
354 26
172 27
329 29
472 29
230 30
112 31
285 31
94 32
441 32
82 34
342 34
197 35
301 35
411 37
141 38
265 38
161 39
213 39
379 39
415 39
451 39
312 40
161 42
341 42
174 43
229 43
277 44
358 44
325 45
195 46
105 47
162 47
389 47
428 47
247 48
468 48
118 49
124 49
162 49
196 49
80 50
334 50
433 50
68 51
339 51
358 51
186 52
439 52
151 53
262 53
268 53
305 53
342 53
403 54
236 56
446 56
217 57
278 57
337 57
374 57
169 58
256 58
279 58
354 59
318 60
412 60
177 61
462 61
99 62
251 62
117 63
188 63
291 63
140 65
235 65
333 65
180 66
204 66
352 66
83 67
155 67
173 67
268 67
368 67
428 69
342 70
360 71
222 72
401 72
181 73
331 74
175 75
289 75
179 77
100 78
113 78
265 78
270 78
359 78
380 78
458 78
127 79
164 79
203 79
323 80
351 80
442 80
148 81
294 81
120 82
242 82
303 82
361 83
390 83
222 84
393 84
93 85
161 85
398 85
419 86
193 87
287 87
315 88
319 88
338 89
370 89
170 91
105 92
180 92
214 92
270 92
299 92
86 93
127 93
460 93
67 95
200 95
231 95
90 96
148 96
411 97
430 97
201 98
286 98
315 98
356 98
388 98
185 99
250 99
397 100
101 101
380 101
163 102
181 102
328 102
359 102
91 103
254 103
84 104
119 104
297 104
84 105
113 105
305 105
137 106
220 106
385 106
407 106
438 106
66 107
98 107
179 107
178 108
282 108
287 108
120 109
443 109
467 110
196 112
274 112
361 112
48 113
118 113
274 113
300 113
342 113
111 114
167 114
261 114
313 114
135 115
164 115
242 115
156 116
191 116
369 116
80 117
93 117
161 117
180 117
268 117
305 117
212 118
69 119
292 119
151 121
168 121
432 121
339 122
465 122
259 123
329 123
45 124
152 124
177 124
408 124
146 125
159 125
232 125
384 125
110 126
131 126
185 126
353 126
99 127
126 127
179 127
306 127
360 127
142 128
194 128
475 128
146 129
82 130
341 130
133 131
282 131
358 131
69 132
164 132
154 133
249 133
321 133
420 133
210 134
454 134
374 135
224 137
297 137
48 138
169 138
265 138
153 139
135 140
172 140
353 140
402 140
230 141
328 141
275 142
103 143
468 143
26 144
165 144
85 145
113 145
187 145
190 145
328 145
341 145
383 145
440 145
142 146
242 146
311 146
68 147
156 148
205 148
47 150
125 150
326 150
141 151
176 151
345 151
353 151
194 152
295 152
335 152
419 152
450 152
141 153
34 154
168 154
220 155
372 155
397 155
138 156
156 156
193 156
262 156
72 157
98 157
326 157
175 158
232 158
164 159
136 160
145 160
380 160
464 160
53 161
245 161
359 161
188 162
312 163
352 163
375 163
434 163
127 164
143 164
319 164
405 164
119 165
137 165
247 165
135 166
200 166
363 166
423 166
431 166
242 167
246 167
388 167
151 168
209 168
269 168
332 168
400 168
24 169
101 169
418 169
447 169
71 170
128 170
158 170
261 171
365 171
393 171
174 172
275 172
299 172
322 172
346 172
372 172
157 173
224 173
407 173
52 174
275 174
256 175
193 176
126 177
398 177
238 178
460 178
35 179
104 179
127 180
277 180
279 180
329 180
80 181
149 181
252 181
305 181
20 182
248 182
256 182
283 182
382 182
212 183
406 183
466 183
169 184
293 184
384 184
441 184
65 185
280 185
354 186
361 186
413 186
473 186
184 187
48 188
247 188
281 188
304 188
314 188
342 188
227 189
287 189
295 189
433 189
20 191
265 191
299 191
409 191
110 192
479 192
99 193
126 193
202 193
245 193
454 193
141 194
238 194
292 194
350 194
395 194
86 195
424 195
159 196
168 196
273 196
303 197
74 198
307 198
437 199
184 200
218 200
357 200
430 200
255 201
33 202
163 202
128 203
188 203
464 203
112 204
168 204
285 204
148 205
193 205
204 205
93 206
198 206
191 207
338 207
385 207
231 208
167 209
174 209
266 209
367 209
58 210
240 210
324 210
447 210
184 211
319 212
297 213
116 214
136 214
39 215
99 215
162 216
212 216
250 216
75 217
280 217
376 217
420 217
351 218
333 219
403 219
187 220
22 221
176 221
178 221
259 221
198 222
58 223
99 223
122 223
163 223
331 223
385 224
462 224
140 225
164 225
169 225
235 225
308 225
434 225
200 226
362 227
74 228
7 229
160 229
170 229
269 230
295 231
416 231
30 232
213 232
193 233
172 234
186 234
343 234
124 235
253 235
279 235
372 235
55 236
224 236
397 236
108 237
450 237
479 237
18 238
187 238
146 239
322 239
340 239
198 240
201 241
289 241
86 242
265 242
328 242
353 242
37 243
310 243
410 243
202 244
238 244
318 244
437 244
63 245
65 245
180 245
196 245
208 245
381 245
6 246
49 247
203 247
132 248
291 249
314 249
102 250
115 250
250 250
275 250
153 251
173 251
177 251
191 251
200 251
23 252
52 253
468 253
367 254
66 255
68 255
82 255
228 255
347 255
390 255
170 256
174 256
198 256
304 256
171 257
432 257
178 258
206 258
52 259
71 259
261 259
324 259
478 259
10 260
117 260
319 260
128 261
145 261
195 261
105 262
182 262
290 262
416 262
214 263
333 263
51 264
156 264
245 264
94 265
83 266
178 266
320 266
353 266
402 266
54 267
282 267
451 267
167 268
185 268
240 268
287 268
22 269
43 269
165 269
191 270
223 270
275 270
315 270
336 270
382 272
434 272
71 273
223 273
289 273
113 274
124 274
199 275
203 275
464 275
137 276
38 277
70 277
152 277
14 278
61 278
97 278
261 278
323 278
233 279
303 279
417 280
47 281
170 281
208 281
62 282
287 282
367 282
182 283
317 283
391 283
28 284
214 284
290 284
448 284
48 285
80 285
357 285
386 285
72 286
249 286
41 287
121 287
187 287
350 287
313 288
326 288
336 288
308 289
110 290
219 290
275 290
129 291
458 291
65 292
93 292
194 292
431 292
333 293
19 294
40 294
360 294
376 294
84 295
226 295
260 295
286 296
297 296
54 297
57 298
173 298
73 299
301 299
407 299
208 300
296 300
441 300
473 300
329 301
338 301
398 301
123 302
139 302
182 302
356 302
372 302
251 303
7 304
67 304
394 304
103 305
316 305
187 306
389 307
89 308
153 308
274 308
234 309
419 310
43 311
454 311
74 312
168 312
218 312
316 312
22 313
258 313
325 313
368 313
422 313
54 314
340 314
126 315
339 315
48 316
299 316
376 316
464 317
32 318
106 318
323 318
380 318
400 318
469 318
201 319
395 319
52 320
58 320
140 320
349 320
177 321
285 322
247 323
89 324
268 324
329 324
229 325
336 325
64 326
191 326
444 326
217 327
381 327
411 328
109 331
166 331
201 331
331 331
450 331
254 332
296 332
314 332
386 332
299 333
236 334
296 334
4 335
44 335
130 335
363 335
424 335
458 335
55 336
98 336
137 336
208 336
317 336
328 336
16 339
188 339
346 339
394 339
290 340
71 342
216 342
262 342
286 342
324 342
474 343
334 344
158 345
306 345
34 346
149 346
222 346
247 346
267 346
334 346
374 346
50 347
90 347
331 347
201 348
419 348
109 349
67 350
271 350
226 351
402 351
164 352
451 352
7 354
186 354
358 354
47 355
82 355
210 355
295 355
337 355
283 356
296 356
479 356
133 357
318 357
168 358
384 358
433 359
29 360
290 360
73 361
48 362
175 362
191 362
219 362
238 362
260 362
281 362
337 362
119 363
396 363
80 364
279 364
381 364
40 365
43 365
148 365
200 365
346 365
274 366
377 366
432 366
60 367
74 367
264 367
346 367
391 367
419 367
95 368
184 368
199 368
162 369
163 369
306 369
414 369
447 369
408 371
113 372
376 372
420 372
428 372
178 373
353 373
399 373
331 374
168 375
294 375
41 376
45 376
138 376
245 376
212 377
314 377
359 377
70 379
256 379
336 380
393 380
12 381
29 381
108 381
173 381
278 381
183 382
196 382
219 382
341 382
363 383
409 383
143 384
162 384
240 384
126 385
152 385
322 385
392 386
75 387
145 387
355 387
54 388
200 388
368 388
147 389
356 389
42 390
270 390
348 390
258 391
397 391
11 392
53 392
94 392
228 393
248 393
184 394
418 394
432 394
63 395
111 395
121 395
151 395
208 395
293 395
428 395
197 397
367 397
96 398
132 398
383 398
313 400
58 401
171 401
302 401
358 401
376 401
196 402
287 402
386 402
411 402
435 402
157 403
305 403
240 404
261 404
439 404
463 404
42 405
218 405
321 405
97 406
331 406
61 408
27 409
120 409
138 409
374 410
271 411
299 411
371 411
390 411
181 412
314 412
343 412
419 412
454 412
83 413
164 414
317 414
228 415
385 415
103 416
186 417
319 417
359 417
379 417
236 418
310 418
379 419
456 419
289 420
377 421
86 422
108 423
129 423
215 423
67 424
192 424
323 424
390 424
242 425
434 425
461 425
174 426
295 426
402 426
33 427
49 427
265 427
11 428
152 429
199 430
247 430
354 430
476 430
134 431
224 431
282 432
114 433
306 433
367 434
94 435
205 435
386 436
389 436
416 436
280 437
322 437
451 437
182 439
260 440
399 440
107 442
129 442
144 442
193 442
238 442
281 442
338 442
294 443
112 444
167 444
382 444
393 444
100 445
358 445
165 446
214 446
302 446
244 447
433 447
34 448
95 449
183 449
195 449
280 450
364 450
402 450
414 450
470 450
304 451
57 452
116 452
222 452
83 453
112 453
181 453
317 453
325 453
138 454
153 454
178 455
259 455
409 455
435 455
106 456
232 456
333 456
458 456
36 457
184 458
400 458
114 459
295 459
383 459
359 460
373 460
415 460
182 461
208 461
302 461
162 462
240 462
309 462
99 463
146 463
273 463
293 465
314 465
413 465
105 466
123 466
76 467
111 467
311 467
325 467
432 467
40 469
220 469
287 469
253 470
192 471
416 471
137 472
348 472
63 473
117 473
163 473
177 473
109 476
202 476
305 476
366 476
382 476
426 476
113 477
115 477
269 477
110 478
161 478
395 478
365 479
320 480
438 480
83 481
445 481
243 482
145 483
164 483
216 483
102 484
142 484
177 485
130 486
281 486
426 487
49 488
191 488
69 489
190 489
247 489
258 489
315 489
354 489
157 490
301 490
399 491
232 492
307 492
467 492
138 493
176 493
249 493
409 493
138 494
212 494
383 494
92 495
273 495
126 497
319 497
243 498
163 500
450 500
113 501
145 501
181 501
216 501
176 502
285 502
326 502
188 503
191 503
172 504
254 504
336 504
155 505
174 505
281 505
298 505
431 505
103 506
225 508
234 508
354 508
418 508
365 510
383 510
134 511
398 511
126 512
155 512
274 512
85 513
182 513
206 514
274 514
318 514
63 515
265 515
136 516
145 516
113 519
262 519
249 520
167 521
219 522
343 522
90 523
370 525
147 526
303 526
200 527
235 528
266 528
405 528
392 529
127 531
182 531
158 532
318 532
282 535
134 537
218 537
193 540
256 542
113 543
142 544
231 544
170 546
123 548
207 549
239 549
284 553
185 555
221 555
295 555
155 556
252 556
261 560
232 563
212 570
