331 1
155 2
195 2
471 2
373 3
101 6
308 6
366 7
454 7
263 9
138 11
356 11
178 12
423 12
218 13
91 14
293 14
398 14
133 15
168 17
339 18
247 19
285 19
123 20
466 20
324 21
376 21
204 22
275 22
436 23
452 23
72 24
236 24
305 24
264 25
364 25
418 26
411 27
148 28
299 28
107 30
191 31
325 33
392 33
221 34
247 35
464 35
136 36
376 36
320 37
52 38
101 38
443 38
422 39
177 40
275 40
92 41
169 41
221 41
89 42
399 42
237 43
120 44
370 45
381 45
84 46
122 46
166 46
354 46
432 46
463 46
472 46
298 47
366 47
428 47
376 49
413 49
417 49
338 50
221 51
254 51
284 51
308 51
443 51
117 52
154 52
427 52
108 53
65 54
238 54
261 55
195 56
322 56
401 56
402 56
429 56
240 57
271 57
207 58
430 58
258 59
460 59
381 60
396 60
430 60
49 61
102 61
271 61
310 61
444 61
137 62
179 63
98 64
230 64
245 64
368 64
246 65
300 65
90 66
352 66
242 67
283 67
398 67
37 68
293 68
165 69
211 69
387 69
333 70
478 70
108 71
422 71
91 72
419 72
469 72
204 73
410 73
426 73
75 74
395 74
114 75
154 75
212 75
320 75
380 75
220 76
227 76
267 76
112 77
191 77
427 77
308 78
415 78
437 78
81 79
105 79
110 79
254 79
299 80
380 80
218 81
231 82
296 83
417 83
59 84
136 84
164 84
300 84
320 84
179 85
183 85
211 85
339 85
398 86
91 87
174 87
212 87
289 88
385 88
95 89
116 89
204 89
163 90
196 90
235 90
362 90
455 90
163 91
328 91
461 91
124 92
245 92
265 92
276 92
442 92
108 93
230 93
428 93
348 94
83 95
239 95
316 95
100 96
187 96
205 96
305 97
312 97
74 98
79 98
185 98
216 99
410 99
184 100
211 100
285 100
395 100
26 101
196 101
378 101
90 102
312 102
66 103
143 103
103 104
251 104
459 104
60 105
227 105
292 105
296 105
352 105
477 105
23 106
285 107
445 107
212 108
334 108
231 109
327 109
430 109
194 110
286 110
323 110
273 111
305 111
87 112
108 112
215 112
396 112
413 112
172 113
179 113
211 113
314 113
384 113
88 114
102 114
239 114
164 115
234 115
300 115
362 115
46 116
350 116
84 117
109 117
115 117
190 117
229 117
288 117
255 118
307 118
83 119
109 119
115 119
237 119
452 120
150 122
201 122
34 123
182 124
228 124
356 124
389 124
405 124
439 124
334 125
418 125
28 126
70 126
104 126
183 126
370 126
208 127
324 127
339 129
66 130
136 130
306 131
172 132
312 132
210 133
254 133
359 133
22 134
299 134
59 135
92 135
216 135
53 136
171 136
288 136
439 136
450 136
465 136
187 137
433 137
476 137
122 138
199 138
362 138
160 139
222 139
232 139
237 139
339 139
274 140
397 140
234 141
331 141
346 141
82 142
340 142
114 143
165 143
221 143
334 143
258 144
322 144
343 144
182 145
213 145
142 146
188 146
307 146
39 147
194 147
201 147
214 147
222 147
447 148
245 149
35 150
103 150
137 151
177 151
291 152
354 152
168 153
190 153
470 153
30 154
194 154
366 154
379 154
397 154
64 155
126 155
235 155
351 155
402 155
278 156
330 156
168 157
197 157
267 157
418 157
427 157
438 158
315 159
59 160
186 160
202 160
356 161
116 162
152 162
233 163
459 163
12 164
18 164
252 164
298 165
304 165
383 165
369 166
339 167
354 167
476 167
398 168
228 169
339 169
409 169
41 170
197 171
343 171
132 172
230 172
273 172
327 172
432 172
95 173
163 173
223 173
261 174
442 174
81 175
227 175
298 177
330 177
455 177
294 178
33 179
180 180
319 180
344 180
71 181
113 181
212 181
352 181
362 181
377 181
382 181
391 182
474 182
334 183
339 183
346 183
240 184
27 185
172 185
311 185
18 186
142 186
346 186
408 186
65 187
214 187
342 187
268 188
424 188
134 189
305 189
433 189
438 189
57 190
224 190
15 191
162 191
191 191
256 191
95 192
319 192
446 192
297 193
324 193
208 194
282 196
341 196
353 196
370 196
381 196
462 196
122 197
339 197
150 198
210 198
313 198
386 198
394 199
412 199
40 200
203 200
213 200
240 200
472 200
296 201
77 202
78 202
117 202
174 202
308 202
426 203
230 204
265 204
28 205
310 205
105 206
300 206
441 206
222 207
295 207
311 207
354 208
217 209
452 209
63 210
133 210
173 210
283 210
381 210
62 211
185 211
186 211
319 211
337 211
325 212
47 213
157 213
399 213
79 214
209 214
467 214
92 215
271 215
56 216
69 216
288 216
410 216
172 217
204 217
310 217
123 218
260 218
478 218
66 219
226 219
49 220
423 220
147 221
441 221
193 222
360 222
248 223
83 224
161 224
186 224
298 224
337 224
376 224
394 224
62 225
195 225
281 225
320 225
453 225
32 226
243 226
79 227
308 227
402 227
461 227
184 228
187 228
62 229
414 229
49 230
181 230
204 230
233 230
173 231
283 231
26 232
67 232
105 232
134 232
167 232
256 232
431 232
55 233
195 233
198 233
286 233
358 233
365 233
347 234
478 234
72 235
78 235
284 235
378 235
151 236
219 236
167 237
198 237
315 237
285 238
393 238
73 239
297 239
43 241
357 241
461 241
119 242
269 242
261 243
332 243
412 243
64 244
155 244
258 244
419 244
177 245
288 245
337 245
413 245
417 245
39 246
142 246
177 246
334 246
349 246
198 247
327 247
427 247
86 248
218 248
273 248
310 248
326 248
360 248
367 248
150 249
160 249
340 249
165 250
261 250
391 250
110 251
301 251
384 251
404 251
158 252
166 252
168 252
445 252
212 253
238 253
402 253
451 254
54 255
80 255
132 255
183 255
263 255
25 256
162 256
103 257
208 257
410 257
465 257
248 258
329 258
127 259
197 259
243 259
346 259
419 259
163 260
225 260
246 261
274 261
362 261
373 261
428 261
47 262
147 262
165 262
173 262
265 262
299 262
347 262
293 263
248 264
289 265
355 266
237 267
91 268
141 268
161 268
262 268
270 268
268 269
159 270
187 270
210 270
231 270
279 270
360 270
410 270
463 270
331 271
428 271
108 272
246 272
310 272
322 272
335 272
340 272
29 273
353 273
361 273
83 274
348 274
372 274
420 274
222 275
324 275
248 276
295 276
419 276
342 277
347 277
406 277
166 278
193 278
196 278
382 278
51 279
72 279
235 280
280 280
338 280
350 280
395 280
452 280
122 281
209 281
361 281
130 282
312 282
426 282
263 283
304 283
404 283
414 283
94 284
163 284
310 284
383 284
466 284
141 285
181 285
320 285
338 285
186 286
308 286
39 287
66 287
354 287
435 287
73 288
117 288
291 288
368 288
248 289
405 289
127 290
170 290
293 290
366 290
380 290
198 291
219 291
423 291
61 292
449 292
47 293
170 293
297 293
132 294
282 294
427 294
433 294
459 294
107 295
149 295
186 295
272 295
172 296
236 296
377 296
396 296
29 297
79 297
153 297
303 297
177 298
323 298
335 298
410 298
474 298
179 300
182 300
206 300
260 300
348 300
51 301
54 301
182 301
63 302
173 302
306 302
449 302
99 303
160 303
305 303
363 303
399 303
422 303
382 304
379 305
388 305
138 306
222 306
281 306
138 307
161 307
243 307
291 307
394 307
431 307
43 308
116 308
464 308
439 309
66 310
185 310
403 310
268 311
326 311
338 311
77 312
89 312
191 312
308 312
445 312
211 313
401 313
63 314
285 314
360 314
385 314
48 315
146 315
166 316
256 317
288 317
372 317
407 317
422 317
106 318
158 318
282 318
180 319
203 319
439 319
126 320
458 320
277 321
375 321
402 321
53 322
179 322
247 322
434 322
28 323
140 323
428 323
157 324
316 325
218 326
238 326
299 326
343 326
72 327
165 327
181 327
266 327
353 327
206 328
294 328
388 328
93 329
356 329
419 329
453 329
297 330
134 331
189 331
44 332
113 332
169 332
231 332
233 332
184 333
197 333
370 333
411 333
431 333
65 334
151 334
252 334
278 335
307 335
88 336
204 336
336 336
467 336
419 337
173 338
309 338
327 338
159 340
207 340
352 340
104 341
218 341
271 341
388 341
417 341
425 341
447 341
81 342
31 343
348 343
411 343
191 345
211 346
233 346
285 346
321 346
366 346
401 346
293 347
303 347
317 347
330 347
258 348
459 348
115 349
214 349
380 349
49 350
168 350
283 350
328 350
469 350
73 351
151 351
410 351
24 352
95 352
132 352
275 352
343 352
176 353
192 353
250 353
301 353
222 355
235 355
307 355
393 355
183 356
202 356
182 357
268 357
363 357
418 357
448 357
107 358
302 358
40 359
161 359
231 359
238 359
309 359
413 359
65 360
180 360
298 360
195 361
457 361
142 362
162 362
285 362
325 362
430 362
222 363
259 363
338 363
199 364
349 364
407 364
82 365
233 365
384 365
263 366
469 366
33 367
118 367
179 367
438 367
57 368
173 368
187 368
225 368
366 368
248 371
448 371
476 371
291 372
418 372
148 373
202 373
241 373
319 373
28 374
51 374
183 374
218 374
377 374
81 375
85 375
242 375
279 375
352 375
71 376
107 376
127 376
116 377
170 377
180 377
196 377
215 377
332 377
208 378
242 378
144 379
164 379
428 379
459 379
44 380
103 380
261 380
270 380
446 381
177 382
364 382
297 383
389 383
410 383
204 384
232 384
179 385
258 385
100 386
188 386
226 386
433 386
454 386
472 386
98 387
119 387
314 387
348 387
36 388
57 388
156 388
306 388
372 388
132 389
326 389
458 389
111 390
223 390
264 390
419 390
196 391
290 391
297 391
377 391
401 391
229 393
247 393
30 394
89 394
218 394
250 394
180 395
357 395
282 396
382 396
237 397
241 397
426 397
443 397
466 397
167 398
190 398
267 398
276 398
335 398
106 399
406 399
106 400
123 400
146 401
262 401
397 401
83 402
164 402
307 403
366 403
182 404
472 404
60 405
233 405
340 405
450 405
38 406
391 406
118 407
158 407
215 407
433 407
271 409
292 409
374 409
253 410
323 411
479 411
97 412
134 412
416 412
225 413
373 413
351 414
398 414
319 415
171 416
460 416
419 417
213 418
373 418
49 419
444 419
192 420
263 420
324 420
361 420
232 421
87 422
125 422
147 422
216 422
308 422
215 423
236 423
285 423
356 424
383 424
63 425
404 426
468 426
163 427
210 427
258 427
363 427
40 428
184 428
339 428
365 428
434 428
372 429
120 430
303 430
77 432
240 432
139 433
300 433
116 434
215 434
389 434
202 435
339 435
475 435
57 436
95 436
271 436
176 437
455 437
230 438
215 439
246 439
376 439
407 439
374 440
475 441
71 442
172 442
190 442
440 444
293 445
337 446
356 446
189 447
389 447
103 448
314 449
461 449
42 450
164 450
171 450
142 451
261 451
231 453
443 453
60 454
119 454
281 454
287 454
334 455
354 455
463 455
390 456
409 457
251 458
301 458
180 459
320 459
372 461
427 461
151 462
306 462
279 463
447 463
220 464
300 464
171 465
463 465
176 466
191 466
197 466
328 467
349 467
408 468
273 469
191 470
213 470
165 471
365 471
386 471
269 472
66 473
342 474
427 474
465 474
182 475
205 475
61 476
117 476
232 476
294 476
194 477
407 477
177 478
321 478
447 478
152 479
295 479
82 480
258 480
395 481
155 482
106 483
290 483
339 483
381 483
393 483
126 484
169 485
195 485
275 485
357 485
315 486
403 486
416 486
426 486
466 486
127 487
219 488
275 488
280 488
70 489
310 489
386 489
409 489
135 490
199 490
244 490
270 491
375 492
445 492
140 493
187 494
330 494
397 494
126 495
243 495
464 496
212 497
424 497
195 498
421 498
434 498
114 499
179 499
270 499
348 499
420 499
422 499
389 500
107 501
133 501
200 501
238 501
368 502
295 503
230 504
273 504
411 504
197 505
369 505
400 505
406 505
413 505
257 506
323 506
393 506
440 506
262 507
397 507
413 507
418 507
191 508
417 508
166 509
460 509
95 510
393 510
119 511
199 511
365 511
370 511
283 512
436 512
220 513
375 513
168 514
311 514
334 514
362 514
162 515
165 515
412 515
382 517
282 518
393 518
432 518
155 519
181 519
211 519
256 519
178 520
328 520
410 520
477 521
102 522
147 522
271 523
204 524
234 526
349 526
376 526
299 527
321 527
428 527
266 529
165 531
192 531
221 531
134 532
293 532
399 532
107 534
362 534
216 535
287 536
358 538
418 538
442 538
334 540
394 540
148 541
307 541
371 541
176 542
328 542
203 543
231 545
245 546
275 546
388 546
350 547
459 547
135 548
196 548
433 551
217 552
289 553
478 554
342 556
179 557
235 557
209 558
399 558
254 559
280 560
357 560
474 560
332 563
226 565
247 565
266 565
307 565
372 568
416 568
465 568
248 573
347 573
239 574
321 574
297 575
433 577
363 578
234 579
226 581
378 583
261 584
335 584
310 585
250 587
285 587
396 588
218 589
352 589
447 589
237 595
323 595
413 595
365 596
295 598
221 602
254 604
312 604
282 606
398 606
245 607
295 615
