205 3
153 4
247 4
423 5
96 6
477 6
141 9
190 9
304 11
398 11
279 13
457 13
357 15
345 17
174 18
117 19
263 19
337 21
325 22
253 23
472 23
204 24
158 25
102 26
232 28
308 28
454 28
378 29
291 30
366 30
424 30
443 30
189 31
391 31
143 32
87 33
343 33
135 34
268 34
130 37
80 38
251 38
329 38
72 39
475 39
287 41
68 42
116 42
308 42
399 42
200 43
238 43
388 43
431 43
450 43
466 43
290 44
377 44
382 44
393 44
402 45
62 46
418 46
355 48
377 48
396 49
97 50
284 50
296 50
338 50
214 51
373 51
400 51
155 52
286 52
380 52
165 53
258 53
371 54
237 55
320 55
475 55
138 56
314 56
454 56
435 57
230 58
359 58
362 58
404 58
293 59
341 59
389 59
297 60
70 61
79 61
121 61
216 61
371 61
278 63
372 64
61 65
110 65
167 65
200 66
298 66
474 66
267 68
320 68
441 68
460 68
405 69
430 69
373 70
389 70
146 71
239 71
337 72
90 73
351 74
180 75
322 75
220 77
306 77
310 77
445 77
132 78
205 79
288 79
362 79
75 80
317 80
415 80
471 80
173 81
209 81
375 81
389 81
115 82
162 82
272 82
399 82
363 83
403 83
172 84
258 84
154 85
425 85
171 86
246 86
179 87
183 87
279 87
331 87
346 87
205 88
228 88
272 89
297 89
311 89
178 90
229 90
51 91
194 91
214 91
237 91
450 91
207 92
230 92
251 92
438 92
456 92
91 93
429 93
223 94
265 94
201 95
213 95
283 95
163 96
266 96
386 96
476 96
278 97
202 98
365 98
179 99
347 99
253 101
256 101
264 101
309 101
333 101
119 102
204 102
253 102
190 103
194 103
294 103
140 104
195 104
221 104
411 104
198 105
203 105
123 106
213 107
236 107
60 108
175 108
198 108
420 108
442 108
390 109
401 109
429 109
436 109
229 110
245 110
272 110
371 110
55 111
464 111
163 112
228 112
339 112
49 113
93 113
323 113
355 113
162 114
195 114
217 114
296 114
271 115
278 115
310 115
472 115
266 116
230 117
266 117
402 117
143 118
257 118
413 118
197 119
77 120
167 120
244 120
403 120
126 122
254 122
180 123
302 123
387 123
229 124
290 124
401 124
112 125
328 125
353 125
373 125
378 125
387 125
430 125
258 126
419 126
61 128
158 128
205 129
51 130
258 130
278 130
461 130
95 131
369 131
447 131
272 132
139 133
262 133
295 134
477 134
247 135
249 135
391 135
309 136
328 136
381 136
79 137
174 137
237 137
39 138
343 138
356 138
391 139
118 140
160 140
226 140
373 140
377 140
210 141
428 142
241 143
151 144
361 144
62 145
445 145
104 146
194 146
298 146
258 148
282 148
456 148
463 148
474 148
179 149
271 149
49 151
243 151
320 151
334 151
353 151
128 152
250 152
368 152
386 152
367 153
86 154
169 154
225 154
402 154
252 155
411 156
200 158
211 158
425 158
113 160
391 160
143 162
258 162
285 162
300 162
312 162
441 162
64 163
186 163
264 163
138 164
211 164
380 164
204 165
248 165
329 165
377 165
453 165
94 167
129 167
129 168
188 168
231 168
401 168
158 169
350 169
472 169
44 170
162 170
165 170
358 170
126 171
183 172
369 172
197 173
204 173
417 173
181 174
111 175
122 175
192 175
271 175
285 175
367 175
72 176
300 176
315 176
392 176
429 176
201 178
248 178
327 178
63 179
142 179
390 179
442 179
101 180
199 180
233 181
452 181
222 182
341 182
169 183
239 183
90 184
394 184
165 185
405 185
48 186
118 186
360 186
163 187
207 187
389 187
465 187
203 188
232 188
267 188
396 188
77 189
152 189
196 189
229 189
256 189
274 189
290 189
370 189
420 189
43 190
165 190
478 190
303 191
310 191
390 191
184 192
318 192
212 193
383 193
399 193
435 193
99 195
221 195
334 195
128 196
223 196
396 197
161 198
165 198
250 198
400 198
453 198
210 199
56 200
350 200
358 201
396 201
153 202
270 202
359 202
365 202
265 203
277 203
416 203
189 204
294 204
382 204
474 204
81 205
141 205
264 205
371 205
109 206
173 206
307 206
432 206
352 207
45 208
239 208
318 208
85 209
225 209
385 209
132 210
335 210
447 211
70 212
259 212
88 213
194 213
195 214
344 214
375 214
415 214
89 215
117 215
181 215
349 215
378 215
398 215
461 215
149 216
259 216
271 216
336 216
380 216
394 216
194 217
353 217
425 217
184 218
247 218
266 218
303 218
396 218
138 219
234 219
362 219
472 219
108 220
365 220
55 221
112 221
369 221
390 221
102 222
347 222
114 223
165 223
321 223
374 223
439 223
48 224
97 224
273 225
331 225
339 225
411 225
169 226
187 226
201 226
352 226
398 226
121 227
153 227
189 227
279 227
91 228
95 228
456 228
69 229
388 229
38 230
88 230
100 230
166 230
194 230
228 230
241 230
242 230
344 230
426 230
81 231
176 232
33 233
99 233
138 233
313 234
361 234
397 234
90 235
205 235
343 235
322 236
406 236
470 236
59 237
442 237
163 238
252 238
257 238
267 238
372 238
94 239
252 239
334 240
102 241
116 241
278 241
334 241
151 242
218 242
177 243
295 243
139 244
135 245
182 245
199 245
348 245
430 245
459 245
126 246
170 246
76 248
312 248
397 248
100 249
127 249
97 250
154 250
252 250
332 250
363 250
438 250
245 251
192 252
266 252
325 252
407 252
474 252
214 253
276 253
286 254
87 255
112 255
171 255
178 255
378 255
447 255
113 256
359 256
200 257
134 258
156 258
342 258
54 259
302 259
388 259
424 259
459 259
112 260
149 260
73 261
162 261
100 262
187 262
246 263
467 263
150 264
210 264
262 264
359 264
124 265
438 265
96 266
115 266
142 266
175 266
326 266
366 266
402 266
65 267
203 267
277 267
287 267
91 268
413 268
192 269
106 270
160 270
165 270
325 270
380 270
81 271
136 271
121 272
329 272
332 272
343 272
347 272
356 272
454 272
52 273
154 273
161 273
162 273
171 273
237 274
73 275
126 275
305 275
339 275
428 275
120 276
197 276
224 276
357 276
392 276
97 277
147 277
207 277
262 277
323 277
332 277
93 278
167 278
466 278
273 279
169 280
439 280
284 281
407 281
427 281
175 282
341 282
405 282
375 283
479 283
41 284
72 284
294 284
106 285
57 286
113 286
452 286
79 287
129 287
158 287
228 287
233 287
307 287
338 287
419 287
46 288
99 288
392 288
68 289
212 289
211 290
322 290
264 291
314 291
363 291
430 291
466 292
89 293
42 294
67 294
115 294
144 294
277 294
340 294
407 294
182 295
21 296
289 296
376 296
438 296
75 297
43 298
168 298
353 298
326 299
333 299
220 300
232 300
242 300
389 300
411 300
213 301
353 301
434 301
256 302
304 302
422 302
449 302
342 303
151 304
433 304
368 305
460 305
41 306
52 306
98 306
29 307
72 307
119 307
240 307
403 307
429 307
53 309
175 309
203 309
436 309
43 310
274 310
286 310
383 311
438 311
60 312
215 312
330 312
70 313
107 313
235 313
240 313
356 313
45 314
62 314
216 314
302 314
413 314
471 314
85 315
163 315
195 316
204 317
310 317
425 317
15 318
80 318
99 318
396 318
419 318
154 319
326 319
371 319
408 319
424 319
36 320
102 320
122 320
220 320
268 320
292 320
346 320
352 321
54 323
72 323
79 323
94 323
173 323
458 324
221 325
236 325
280 325
328 325
386 325
433 325
57 326
148 326
205 326
129 327
137 327
307 327
413 327
466 327
60 328
249 328
365 328
109 329
287 329
191 330
343 330
63 331
83 331
156 332
262 332
293 332
400 332
375 333
446 333
64 334
424 334
473 334
123 335
127 335
325 335
176 336
211 336
274 336
15 337
142 337
301 337
41 338
94 338
357 338
73 339
170 339
386 339
50 340
114 340
34 341
51 341
136 341
335 341
412 341
437 341
458 341
123 342
141 343
256 343
159 344
292 344
371 344
394 344
151 345
420 345
197 346
207 346
220 346
469 346
270 347
320 347
401 347
44 348
76 348
83 348
186 348
103 349
151 349
233 349
350 349
63 350
123 350
154 350
407 350
42 351
61 351
178 351
246 351
304 351
448 351
475 351
151 352
431 352
17 353
97 354
171 354
283 354
142 355
338 356
362 356
313 357
413 357
59 358
143 358
200 358
211 358
394 358
458 358
136 359
161 359
73 360
187 360
267 360
296 360
371 360
68 361
229 361
321 361
48 362
193 363
240 363
326 363
26 364
76 364
102 364
426 364
466 364
56 365
66 365
83 365
155 365
349 365
381 365
402 365
103 366
251 366
331 366
42 367
139 367
150 367
159 367
45 368
93 368
151 368
332 368
98 369
118 369
157 369
285 369
63 370
267 370
310 370
346 370
359 370
434 370
322 371
412 371
48 372
113 372
143 372
182 372
222 372
339 373
391 373
478 373
370 374
102 375
113 375
167 375
78 376
439 376
462 376
118 377
233 377
253 377
278 377
320 377
30 378
54 378
104 378
172 378
299 378
349 378
400 378
133 379
375 379
446 379
114 380
328 380
160 381
152 382
199 382
333 382
129 383
328 383
354 383
426 383
470 383
265 384
90 385
175 385
289 385
383 385
406 385
157 386
207 386
213 386
311 386
20 387
119 387
159 387
191 387
345 387
65 388
120 388
148 388
249 388
42 389
171 389
200 389
226 389
274 389
355 389
89 390
103 390
461 390
118 391
332 391
394 391
414 391
436 391
70 392
72 392
128 393
182 393
278 393
318 393
352 393
102 394
181 394
299 394
356 394
359 394
372 394
14 395
81 395
119 395
103 396
128 396
176 396
180 396
258 396
56 397
163 397
235 397
422 397
84 398
105 398
160 398
347 398
400 398
455 398
134 399
138 399
283 399
379 399
473 399
31 400
209 400
325 400
341 400
441 400
49 401
74 401
158 401
168 401
343 401
223 402
307 402
429 402
267 403
364 403
258 404
408 404
182 405
243 405
330 405
152 406
172 406
194 406
327 406
465 406
70 407
124 407
431 407
449 407
223 408
290 408
343 408
226 409
273 409
350 409
369 409
43 410
62 410
20 411
55 411
92 411
332 411
165 412
274 413
421 413
87 414
115 414
204 414
220 414
252 414
422 414
164 415
233 415
316 415
457 415
15 416
48 416
63 416
138 417
298 417
344 417
405 417
441 417
474 417
60 418
191 418
376 418
402 418
434 418
225 419
393 419
82 420
109 420
134 420
180 420
358 420
11 421
34 421
43 421
184 421
207 421
259 421
158 422
243 423
341 423
412 423
425 423
104 424
466 424
47 425
283 425
431 425
257 426
381 426
59 427
76 427
127 427
204 427
448 427
100 428
240 428
303 428
420 428
73 429
203 429
271 429
417 429
319 430
48 431
366 431
173 432
200 432
403 432
420 432
69 433
220 433
273 433
333 433
440 433
146 434
415 434
238 435
288 435
474 435
186 436
189 436
244 436
458 436
62 437
430 437
39 438
113 438
228 438
371 438
386 438
409 438
219 439
165 440
307 440
353 440
427 440
58 441
193 441
273 441
82 442
136 442
445 442
105 444
161 444
353 444
467 444
30 445
325 445
130 446
190 446
215 446
237 446
256 446
371 446
400 446
338 447
416 447
432 447
74 448
288 448
451 448
219 449
326 449
155 450
238 450
356 450
389 450
186 451
236 451
36 453
149 453
234 453
420 453
253 454
338 454
438 454
68 455
459 455
24 456
119 456
328 456
340 456
406 456
477 456
88 457
290 457
358 457
358 458
177 459
206 459
307 459
113 461
142 461
219 461
227 461
325 461
348 461
392 461
201 462
271 462
221 463
172 464
342 464
409 464
439 465
227 466
48 467
105 467
167 467
425 467
457 467
235 468
359 468
377 468
215 469
305 469
394 469
442 470
126 471
284 471
355 471
23 472
263 472
360 472
414 472
243 473
457 473
158 474
213 474
66 475
93 475
193 475
220 475
324 475
475 475
42 476
223 476
359 476
305 477
378 477
339 478
431 478
343 479
120 480
35 481
131 482
149 482
238 482
279 482
86 483
136 483
359 483
415 483
446 483
463 483
478 483
212 484
257 484
343 484
369 484
153 485
178 485
300 486
379 486
145 487
208 487
323 487
433 487
139 488
352 488
359 488
408 488
126 489
50 490
108 490
147 490
321 490
413 490
368 491
433 491
273 492
467 492
168 493
228 493
136 494
342 494
450 494
201 495
280 495
295 495
419 495
64 496
360 496
390 496
398 496
344 497
246 498
317 498
410 498
435 498
328 499
392 499
330 500
192 501
240 501
293 501
377 501
470 501
159 502
257 502
352 502
56 503
265 503
452 503
121 504
114 505
417 505
336 507
340 507
395 507
437 507
49 508
110 508
146 508
252 508
76 509
105 509
181 509
287 509
313 509
343 509
391 509
419 509
262 510
327 510
41 511
151 511
355 511
469 511
68 512
177 512
230 512
323 512
426 512
100 513
259 513
416 513
454 513
374 514
411 515
405 516
427 516
157 517
224 517
167 518
281 518
328 518
356 518
359 518
370 518
387 518
392 518
58 519
88 519
306 519
373 519
376 519
254 520
121 521
194 521
372 522
162 523
183 523
219 523
454 523
86 524
116 524
243 524
410 524
426 524
470 524
246 525
252 525
272 525
111 526
178 526
254 526
323 526
188 527
194 527
391 527
40 528
105 529
247 529
70 530
105 530
152 530
162 530
367 530
182 531
407 531
294 532
96 533
257 533
323 533
388 533
438 533
144 534
182 536
202 536
228 536
336 536
126 537
288 537
313 537
455 537
470 537
81 538
362 538
141 539
267 539
405 539
169 540
269 541
422 541
187 542
245 542
112 543
358 543
359 543
379 543
473 544
158 545
283 545
437 545
72 546
93 547
188 547
261 547
353 547
354 547
375 547
214 548
306 548
373 548
400 548
101 549
329 549
349 549
359 549
396 549
129 550
399 550
98 551
117 551
193 551
236 551
271 551
476 551
145 553
190 553
273 553
370 553
376 553
416 553
175 554
262 554
278 555
280 555
374 555
390 555
294 556
363 556
200 557
353 557
479 557
116 558
170 558
252 558
341 558
361 559
199 560
227 560
317 560
364 560
412 560
465 560
420 561
424 563
439 563
152 564
132 565
266 565
385 565
434 565
284 566
313 566
218 567
173 568
382 568
191 569
208 569
214 569
305 569
355 569
235 570
240 570
333 570
479 570
121 571
405 571
257 572
432 572
463 572
164 573
283 574
154 575
287 575
424 575
213 576
313 576
398 577
109 578
205 578
291 578
320 578
347 579
144 580
178 580
227 580
270 580
294 580
405 580
316 582
93 583
130 583
367 583
407 583
212 584
388 584
416 584
440 584
440 585
244 586
299 586
339 587
315 588
215 590
282 590
284 590
409 590
457 590
357 591
112 592
184 592
226 592
257 592
306 592
478 592
222 594
226 594
379 594
205 596
228 596
328 596
404 596
95 597
135 597
174 597
306 598
399 598
347 599
268 601
243 602
289 602
446 602
118 603
160 603
367 603
420 603
315 604
468 605
259 607
389 607
212 608
233 608
337 608
175 610
459 610
141 611
208 611
353 612
407 612
200 615
377 615
159 617
321 617
450 617
241 618
426 619
395 620
288 621
343 622
364 622
218 623
388 623
145 624
313 624
132 625
171 627
250 627
282 627
334 627
382 627
411 627
207 628
308 628
161 630
273 630
328 631
268 633
298 634
345 634
186 635
261 637
392 638
