207 27
230 31
196 32
188 37
212 38
151 40
182 40
235 43
296 45
306 45
199 46
165 47
284 47
135 48
220 49
259 49
265 49
183 52
243 52
151 54
120 55
321 55
342 55
227 56
174 57
215 58
308 58
205 60
275 60
294 60
255 61
108 64
192 64
234 65
157 66
323 66
306 68
339 68
344 68
149 69
125 70
288 70
356 70
92 71
176 71
214 71
113 72
264 72
279 72
248 74
135 76
197 76
328 76
341 77
231 78
158 79
298 80
218 81
356 81
184 82
221 82
269 82
286 82
179 83
128 84
314 84
250 85
252 86
89 87
238 87
199 88
243 88
329 88
371 88
106 89
347 89
136 90
187 90
192 90
233 90
183 92
218 92
222 93
385 93
75 94
174 94
217 94
287 94
301 94
113 95
266 95
315 95
89 96
170 96
256 96
147 97
247 97
198 98
67 99
123 100
335 100
160 101
187 101
233 101
375 101
99 102
350 102
132 103
183 103
119 104
385 104
212 105
216 105
268 105
281 105
256 106
272 106
273 106
276 106
292 106
308 106
357 106
175 107
207 107
257 107
70 108
168 108
240 108
371 108
85 109
110 109
146 109
197 109
235 110
329 111
396 111
378 112
218 113
340 113
132 114
164 114
179 114
216 114
54 117
164 117
201 117
255 117
271 117
272 117
289 117
352 117
406 117
233 118
264 118
122 119
196 119
231 119
238 119
303 119
90 120
190 120
360 120
67 121
146 121
221 121
110 122
418 122
183 123
136 124
330 124
335 124
171 125
372 125
80 126
213 126
340 126
37 127
247 128
255 128
269 128
284 128
393 128
157 129
187 129
349 129
48 130
100 130
125 130
234 130
238 130
265 130
290 130
296 130
68 131
148 131
306 131
401 131
222 132
300 132
310 132
316 133
139 134
209 134
322 134
206 135
368 135
110 136
165 136
317 136
324 136
413 136
193 137
381 138
56 139
287 139
332 139
337 139
339 139
80 141
150 141
181 141
220 141
260 141
351 141
393 141
125 142
226 142
242 142
275 142
350 142
425 142
100 143
168 143
214 143
268 143
300 144
200 145
207 145
321 145
309 146
202 147
37 148
63 148
333 148
368 148
415 148
85 149
328 149
330 149
109 150
131 150
230 150
378 151
29 152
57 152
152 152
342 152
211 153
250 153
275 153
288 153
295 153
123 154
172 154
263 154
429 154
50 156
122 156
277 156
305 156
357 156
397 156
94 157
118 157
140 157
146 157
199 157
307 157
358 157
71 158
186 158
318 159
322 159
86 161
373 161
413 161
63 162
69 162
226 162
239 162
112 163
32 164
229 164
261 164
334 164
104 165
106 165
130 165
162 165
250 165
425 165
60 166
126 166
292 166
295 166
300 166
389 166
152 167
200 167
274 168
349 168
186 169
311 169
358 169
24 170
97 170
116 170
146 170
50 171
72 171
95 171
176 171
410 171
439 171
50 172
113 173
227 174
134 175
216 175
241 175
334 175
210 176
255 176
292 176
384 176
109 177
210 177
216 177
425 177
60 178
153 178
202 178
208 178
273 178
299 178
36 179
84 179
59 180
104 180
306 180
347 180
122 181
53 182
56 182
96 182
143 182
190 182
312 182
404 182
438 182
78 183
113 184
218 186
227 186
369 186
24 187
48 187
217 187
244 187
323 187
71 188
109 188
162 188
203 188
239 188
283 188
289 188
204 189
260 189
15 190
106 190
130 190
278 190
295 190
338 190
416 190
107 192
84 193
352 193
37 194
120 194
144 194
187 194
300 194
305 194
99 195
145 195
310 195
391 195
116 196
427 196
58 197
169 197
240 197
435 197
214 198
266 198
322 198
74 199
136 199
24 200
132 200
276 200
405 200
441 200
364 201
47 202
131 202
282 202
291 202
18 203
338 203
342 203
377 203
450 203
103 204
152 204
199 204
286 204
84 205
47 206
99 207
122 207
184 207
305 207
240 208
310 208
357 208
387 208
424 208
59 209
120 209
314 209
115 210
166 210
234 210
252 210
320 210
358 210
135 211
211 211
223 211
262 211
74 212
92 212
109 212
324 212
432 212
52 214
54 214
87 214
157 214
280 214
71 215
403 215
197 216
123 217
342 217
17 218
29 218
440 218
420 219
47 220
149 220
181 220
379 220
118 222
224 222
249 222
315 222
95 223
96 223
258 223
353 223
354 223
73 224
234 224
392 224
56 225
91 225
166 225
324 225
327 225
201 226
272 226
330 226
284 227
399 227
92 228
287 228
343 228
433 228
107 229
125 229
299 229
374 229
105 230
128 230
337 230
342 230
32 231
82 231
157 231
65 232
308 232
342 232
14 233
50 233
100 233
189 233
350 233
79 234
82 234
119 234
148 234
205 234
218 234
230 234
241 234
317 234
354 234
390 234
44 235
258 235
271 235
319 235
448 235
42 236
147 236
177 237
326 237
359 237
423 237
55 238
73 238
131 239
169 239
92 240
334 240
293 241
333 241
403 241
159 242
375 242
235 243
252 243
295 243
441 244
17 245
64 245
106 245
212 245
266 245
265 246
311 246
312 246
187 247
197 247
349 247
46 248
421 248
58 249
390 249
141 250
288 250
26 251
40 251
92 251
453 251
74 252
297 252
329 252
361 252
76 253
170 253
294 253
296 254
405 254
110 255
234 255
215 256
248 256
340 256
47 257
66 257
158 257
241 257
267 257
273 257
376 257
435 257
126 258
262 258
48 259
193 259
43 260
47 261
283 262
355 262
419 262
57 263
80 263
149 263
295 263
179 264
293 264
326 264
450 265
19 266
56 266
92 266
395 266
166 267
248 267
338 267
72 268
136 268
211 268
220 268
235 268
246 268
258 268
311 268
109 269
275 269
277 269
372 269
243 270
198 271
249 271
282 271
434 271
31 272
70 272
123 273
184 274
293 274
146 275
324 275
412 275
81 276
390 276
41 277
261 277
309 277
76 278
174 278
267 278
360 278
54 279
95 279
230 279
19 280
312 280
340 280
74 281
104 281
213 281
215 281
281 281
371 281
132 282
246 282
376 282
93 283
156 283
160 283
323 283
374 283
402 283
94 284
99 284
194 284
196 284
200 284
294 284
350 284
428 284
92 285
329 285
101 286
122 286
259 286
360 286
183 287
92 288
185 288
274 288
7 289
384 289
412 290
28 291
142 291
310 291
45 292
176 292
442 292
82 293
238 293
289 293
369 293
393 293
60 294
109 294
114 294
138 294
161 294
170 294
207 294
222 294
394 294
134 295
166 295
350 295
352 295
294 296
298 296
327 296
162 297
209 297
361 297
129 298
154 298
254 298
198 299
200 299
427 299
18 300
37 300
97 300
190 300
266 301
378 301
32 302
123 302
149 302
150 302
378 302
407 302
52 303
177 303
278 303
318 303
347 304
384 304
390 305
67 306
145 306
289 306
294 306
235 307
85 308
88 308
133 308
210 308
221 308
245 308
246 308
332 308
83 309
109 309
164 309
254 309
390 309
28 310
251 310
265 310
361 310
157 311
201 311
304 311
333 311
81 312
262 312
264 312
420 312
184 313
400 313
187 314
191 314
274 314
375 314
448 314
56 315
98 315
124 315
125 315
184 315
114 316
99 317
147 317
179 317
320 317
116 318
235 318
244 318
377 318
19 319
171 319
247 319
353 319
36 320
93 320
143 320
208 320
283 320
293 320
71 321
164 321
331 321
109 322
216 322
411 322
435 322
161 323
258 323
48 324
69 324
141 324
65 325
137 325
200 325
207 325
47 326
71 326
87 326
122 326
186 326
187 326
235 326
274 327
320 327
342 327
305 328
371 328
396 328
421 328
135 329
448 330
44 331
61 331
181 331
307 331
58 332
98 332
115 332
129 332
169 332
244 332
283 332
285 332
148 333
252 333
131 334
309 334
329 335
384 335
408 335
26 336
77 336
128 336
211 336
43 337
204 337
210 337
229 337
269 337
187 338
224 338
294 338
362 338
433 338
126 339
129 339
187 339
234 339
270 339
316 339
340 339
341 339
41 340
152 341
180 341
243 341
369 341
415 342
34 343
322 343
53 344
105 344
125 344
145 344
283 344
322 344
246 345
283 345
444 345
65 347
138 347
169 347
175 347
326 347
352 347
378 347
400 347
67 348
84 348
260 348
118 349
165 349
353 349
357 349
133 350
135 350
158 350
163 350
166 350
201 350
406 350
206 351
212 351
217 351
219 351
267 351
334 351
359 351
188 352
221 352
300 352
429 352
158 353
228 353
271 353
339 353
156 354
181 354
27 355
152 355
188 355
229 355
279 355
312 355
62 356
344 356
366 356
93 357
178 357
282 357
412 357
76 358
107 358
125 358
126 358
289 358
291 358
394 358
324 359
375 359
319 360
323 360
342 360
438 360
171 361
296 361
297 361
350 361
168 362
298 362
198 363
255 363
380 363
138 364
211 364
120 365
197 365
220 365
258 365
275 365
353 365
355 365
279 366
423 366
51 367
308 367
331 367
37 368
67 368
157 368
232 368
262 368
239 369
407 369
179 370
181 370
283 370
286 370
309 370
80 372
98 372
150 372
317 372
338 372
130 373
273 374
435 374
179 375
209 375
246 375
252 375
375 375
394 375
114 376
294 376
296 376
201 377
255 377
274 377
314 377
319 377
63 378
164 378
168 378
29 379
219 379
254 379
418 379
190 380
329 380
349 380
441 380
162 381
355 381
107 382
138 382
234 382
281 382
43 383
329 383
354 383
122 384
262 384
302 384
304 384
280 385
285 385
288 385
329 385
243 386
308 386
333 386
192 387
411 387
25 388
58 388
248 388
360 388
154 389
176 389
181 389
269 389
430 389
89 390
108 390
184 390
203 390
380 390
129 391
199 391
287 391
318 391
346 391
397 391
311 392
315 392
320 392
293 393
314 393
436 393
254 394
321 394
175 395
220 395
251 395
278 395
71 396
145 396
259 396
278 396
174 397
229 397
254 397
322 397
38 398
177 398
260 398
425 398
121 399
167 399
442 399
242 400
299 400
103 401
170 401
228 401
234 401
298 401
371 401
282 402
393 402
201 403
137 404
163 404
191 404
237 404
263 404
352 404
391 404
47 405
121 405
194 405
238 405
242 405
244 405
335 405
186 406
218 406
248 406
307 406
319 406
412 406
80 407
137 407
139 407
209 407
287 407
395 407
182 408
186 409
289 409
321 409
98 410
116 410
162 410
267 410
310 410
344 410
356 410
360 410
416 410
383 411
398 411
438 411
181 412
249 413
267 413
288 413
364 413
133 414
223 414
293 414
325 414
343 414
345 414
380 414
385 414
221 415
27 417
250 417
309 417
330 417
367 417
383 417
134 418
255 418
271 418
295 418
405 418
422 418
209 419
332 419
43 420
134 420
170 420
198 420
276 420
280 420
93 421
239 421
316 421
369 421
60 422
225 422
200 423
272 423
373 423
227 424
314 424
319 424
128 425
167 425
168 425
182 425
277 425
370 425
393 425
128 426
148 426
261 426
298 426
336 426
276 427
109 428
212 428
195 429
212 429
336 429
360 429
432 429
125 430
164 430
261 430
357 430
378 430
161 431
261 431
322 431
145 432
182 432
307 432
363 432
418 432
192 433
261 433
302 433
325 433
55 434
74 434
307 434
319 434
378 434
265 435
286 435
340 435
147 436
212 437
230 437
234 437
248 437
363 437
403 437
128 438
209 438
211 438
266 438
285 438
368 438
88 439
304 439
384 439
159 440
89 441
104 441
125 441
176 441
157 442
193 442
213 442
327 442
406 442
105 443
145 443
234 443
249 443
305 443
348 443
383 443
292 444
367 444
211 445
389 445
427 445
290 446
330 446
390 446
213 447
267 447
51 448
143 448
157 448
235 449
295 449
309 449
311 449
350 449
367 449
412 449
86 450
129 450
140 450
172 450
279 450
335 451
102 452
126 452
354 452
394 452
99 453
156 453
222 453
335 453
351 453
353 453
356 453
373 453
159 454
208 454
252 454
294 454
297 454
335 454
395 454
69 455
207 455
358 456
378 456
190 457
317 457
358 457
377 457
99 458
111 458
172 458
358 458
375 458
99 459
111 459
141 459
267 459
282 459
298 459
312 460
314 460
153 461
237 461
399 461
417 461
155 462
206 462
296 462
299 462
205 463
221 463
294 463
399 463
96 464
109 464
125 464
143 464
343 464
124 465
235 465
345 465
384 465
99 466
112 466
142 466
202 466
206 466
267 466
364 466
383 466
67 467
143 467
282 467
82 468
100 468
253 468
238 469
126 470
204 470
237 470
285 470
314 470
169 471
189 471
330 471
384 471
333 472
364 472
404 472
63 473
98 473
126 473
217 473
366 473
369 473
333 474
385 474
388 474
203 475
220 475
96 476
331 476
350 476
370 476
251 477
298 477
319 477
144 478
202 478
299 478
393 478
235 479
238 479
281 479
320 479
112 480
239 480
266 480
353 480
394 480
183 481
185 481
266 481
321 481
412 481
252 482
98 483
172 483
202 483
249 483
111 484
283 484
220 485
146 486
285 486
248 487
302 487
316 487
334 487
323 488
339 488
186 489
238 489
337 489
357 489
95 490
321 490
322 490
356 490
130 491
283 491
302 491
218 492
378 492
112 493
324 493
354 493
399 493
196 495
265 495
302 495
305 495
355 495
359 495
168 496
199 496
267 496
197 497
241 497
148 499
316 499
359 499
401 499
262 500
304 500
196 501
347 501
364 501
168 502
242 502
114 503
300 503
335 503
168 504
259 504
284 504
323 505
131 506
181 506
214 507
262 507
305 507
334 507
101 508
163 508
187 508
282 509
282 510
322 510
351 510
243 511
322 511
81 512
239 512
262 512
350 512
279 514
339 514
150 515
260 515
299 515
355 515
264 516
279 517
304 518
116 519
181 519
207 519
401 519
133 520
164 520
350 520
370 520
386 520
340 521
100 522
354 522
228 523
257 523
151 525
317 525
277 528
405 529
233 530
171 531
197 531
295 532
313 532
143 533
221 533
224 534
293 534
274 535
317 535
121 536
338 536
391 536
252 537
374 537
212 539
269 539
355 539
163 541
188 541
211 541
299 541
289 542
311 542
135 543
211 544
289 545
238 546
242 546
299 546
156 547
353 547
292 548
315 548
180 549
213 549
270 549
295 550
206 551
185 552
212 552
233 552
263 552
202 553
211 554
203 555
377 555
238 556
309 556
176 557
222 558
230 558
291 558
314 558
201 559
331 559
282 560
289 560
169 561
196 562
219 563
282 564
242 567
352 567
190 568
159 569
259 570
301 571
182 572
278 572
326 572
232 575
350 575
177 576
225 577
197 579
269 579
295 579
171 581
221 582
319 582
286 587
