348 2
360 2
262 3
332 4
375 4
397 5
410 7
287 8
329 8
431 8
221 9
106 10
320 10
362 12
190 13
161 14
122 15
243 15
275 17
360 17
378 17
211 18
347 18
405 19
305 20
331 21
418 21
92 22
141 22
431 23
174 24
263 24
230 25
321 25
445 25
301 26
200 29
296 29
367 30
355 31
381 31
109 32
130 32
158 33
404 33
61 34
86 34
216 34
249 34
342 34
189 35
421 36
282 37
151 38
327 38
433 38
389 41
100 42
101 42
123 42
146 43
176 43
270 43
447 43
365 44
458 44
74 45
207 46
234 46
304 46
336 47
116 48
118 49
396 49
72 50
164 50
260 50
336 50
90 51
170 51
390 51
418 51
88 52
136 52
203 52
380 52
406 52
410 53
199 54
290 54
435 54
111 55
158 55
320 55
375 55
382 55
432 55
87 56
220 56
255 56
366 56
61 57
181 57
182 57
354 57
440 57
462 57
362 58
174 60
107 61
85 62
306 62
343 62
172 63
240 63
100 64
413 64
76 65
145 65
195 65
392 65
332 66
166 67
327 67
337 67
430 67
210 68
398 68
263 69
120 70
288 70
374 70
382 70
446 70
186 71
230 71
362 71
92 72
322 72
111 73
136 74
311 74
466 74
63 75
113 75
114 75
223 75
360 75
152 76
344 76
345 77
199 78
254 79
174 80
298 80
409 80
418 80
434 80
53 81
404 81
416 81
431 81
258 82
333 82
391 82
413 82
213 83
338 83
431 83
250 84
255 84
381 84
72 85
326 85
447 85
107 86
210 86
372 86
460 86
285 87
329 87
137 88
322 88
358 88
314 89
354 89
163 90
225 90
266 90
276 90
279 91
477 91
182 92
223 92
226 92
346 92
272 93
302 93
134 94
204 94
275 94
402 94
425 94
266 95
237 96
412 96
428 96
291 97
333 97
405 97
414 97
53 98
154 98
264 98
398 98
433 98
288 99
97 100
257 100
289 100
386 100
126 101
171 101
227 101
229 102
318 102
466 102
70 103
191 103
314 104
310 105
218 106
279 106
375 106
479 106
90 107
212 107
242 107
248 107
350 107
144 108
215 108
244 108
361 108
62 109
116 109
164 109
207 109
247 109
348 109
409 109
270 110
347 110
416 110
298 111
404 111
405 111
431 111
421 112
201 113
410 113
201 114
259 114
331 114
443 114
82 115
241 115
268 115
262 116
457 116
152 117
233 117
315 117
224 118
229 118
284 118
104 119
194 119
49 120
475 120
164 121
372 121
382 121
194 122
128 123
361 123
375 123
393 123
166 124
194 124
220 124
245 124
366 124
389 124
271 125
345 125
388 125
397 125
217 126
213 127
413 127
121 128
159 128
293 128
329 128
94 129
436 129
443 129
63 130
233 130
145 131
148 131
182 131
268 131
455 131
231 132
204 133
263 133
470 133
115 134
310 134
373 134
86 135
226 136
476 136
226 137
279 137
351 137
363 137
137 138
226 138
342 138
362 138
372 138
375 138
383 138
389 138
180 139
83 140
163 140
250 140
400 140
251 141
331 141
393 141
220 142
241 142
294 142
80 143
214 143
401 143
454 143
237 144
241 144
268 144
267 145
315 145
413 145
129 146
176 146
208 146
422 146
154 147
188 147
240 147
441 147
282 148
435 148
463 148
77 149
101 149
170 150
371 150
202 151
253 151
351 151
391 151
144 152
382 152
122 153
226 153
340 153
296 154
147 155
197 156
200 156
326 156
451 156
139 157
214 158
218 158
264 158
189 159
157 160
161 160
238 160
46 161
212 161
213 161
278 161
309 161
312 161
476 161
83 162
107 162
427 162
208 163
417 163
396 164
66 165
134 165
180 165
366 165
381 165
432 165
86 166
104 166
157 166
203 166
248 166
340 166
352 166
452 166
128 167
150 167
204 167
153 168
296 168
296 169
146 170
169 170
176 170
219 171
463 171
174 172
266 172
320 172
116 173
198 173
217 173
261 173
478 174
124 175
191 175
282 175
53 176
114 177
138 177
217 177
377 177
394 177
77 178
234 178
302 178
305 178
363 178
411 178
413 178
184 179
356 179
432 179
107 180
139 180
232 180
249 180
299 180
412 180
429 180
162 181
343 181
160 182
273 182
293 183
266 184
331 184
42 185
105 185
132 185
200 185
245 185
440 185
67 186
204 186
222 186
448 186
316 187
92 188
99 188
240 188
260 188
96 189
178 189
280 189
151 190
380 190
236 191
387 191
130 192
172 192
253 192
254 192
305 192
361 192
195 193
232 193
400 193
214 194
297 194
402 194
271 195
340 195
350 195
467 195
60 196
292 196
416 196
423 196
138 197
292 197
53 198
246 198
269 198
332 198
435 198
111 199
141 200
160 200
242 200
184 201
288 201
316 201
449 201
140 202
283 202
205 203
257 203
76 204
218 204
257 204
310 204
315 204
48 205
374 205
236 206
305 206
356 206
381 206
413 206
423 206
302 207
303 208
341 208
250 209
297 209
433 209
435 209
157 210
193 210
269 210
101 211
337 211
66 212
227 212
129 213
208 213
393 213
173 214
223 214
291 214
322 214
403 215
410 215
244 216
265 216
287 216
354 218
373 218
476 218
86 219
359 219
305 220
256 221
274 221
425 221
141 222
215 222
303 222
333 222
336 222
385 222
56 224
228 224
234 224
114 225
294 225
428 225
434 225
438 225
195 226
225 226
270 226
274 226
396 226
83 227
178 227
318 227
448 228
464 228
71 229
244 229
289 229
205 231
263 231
460 231
156 232
241 232
345 232
87 233
258 233
285 233
355 233
379 233
419 233
241 234
243 234
282 234
372 234
422 234
171 235
350 235
424 235
329 236
335 236
388 236
299 237
301 237
437 238
102 239
295 239
435 239
475 239
196 240
255 240
275 240
293 240
403 241
101 242
125 242
133 242
253 242
317 242
179 243
237 243
165 244
206 244
294 244
126 245
238 245
448 245
224 246
283 246
287 246
347 246
411 246
339 247
344 247
357 248
374 248
119 249
157 249
335 249
422 249
70 250
218 250
282 250
338 250
232 251
384 251
465 252
299 254
330 254
155 255
271 255
472 255
211 256
108 257
136 257
294 257
320 257
82 258
172 258
408 258
289 259
292 259
435 259
225 260
266 260
359 261
443 261
241 262
350 262
103 263
130 263
310 263
371 263
53 264
131 264
342 264
334 265
305 266
403 266
182 267
328 267
425 267
454 267
47 268
129 268
200 268
261 268
70 269
300 269
329 269
333 269
149 270
234 270
143 271
233 272
238 272
276 272
387 272
178 273
294 273
327 273
418 273
464 273
349 274
439 274
297 275
190 276
230 276
334 276
339 276
395 276
359 277
86 278
469 278
207 279
209 279
314 279
322 279
366 279
252 280
113 281
189 281
403 281
446 281
474 281
88 282
129 282
158 282
265 282
370 282
402 282
426 282
132 283
117 284
226 284
282 284
303 284
311 284
112 285
171 285
244 285
402 285
430 285
103 286
382 286
452 286
187 288
203 288
228 288
185 289
186 289
435 289
223 290
274 290
308 290
347 290
354 290
167 291
272 291
334 291
336 291
342 291
76 292
144 292
147 292
245 292
294 292
297 292
351 292
393 292
52 293
186 293
416 293
328 294
129 295
360 295
361 295
105 296
163 296
196 296
215 296
292 296
342 296
143 297
146 297
219 297
290 297
440 297
119 298
372 298
94 299
97 299
120 299
125 299
211 299
281 299
320 299
196 300
236 300
423 300
440 300
123 301
141 301
181 301
401 301
143 302
213 302
219 302
232 302
160 303
262 303
175 304
311 304
383 304
407 304
172 305
196 305
264 305
305 305
314 305
450 306
282 307
308 307
431 307
96 308
234 308
362 308
136 309
170 309
206 309
282 309
412 309
90 310
113 310
252 310
388 310
408 310
477 310
59 311
227 311
300 311
82 312
205 312
272 312
277 312
115 313
171 314
206 315
438 315
106 316
151 316
231 316
273 316
297 316
303 316
375 316
126 317
130 317
181 317
331 317
419 317
460 317
133 318
207 318
326 318
126 319
164 319
181 319
79 320
298 320
324 320
353 320
191 321
351 321
379 321
386 321
402 321
246 322
294 322
330 322
384 322
205 323
251 323
363 323
423 323
190 324
225 324
179 325
244 325
99 326
318 326
443 326
176 327
245 327
324 327
364 327
160 328
225 328
265 328
342 329
386 329
139 330
472 330
118 331
216 331
448 331
99 332
240 332
342 332
172 333
243 333
268 333
287 333
336 333
389 333
187 334
245 334
307 334
350 334
173 335
98 336
203 336
376 336
414 336
417 336
201 337
475 337
93 338
218 338
258 338
118 339
453 339
188 341
199 341
222 341
276 341
279 341
326 341
150 342
432 342
83 343
416 343
368 344
433 344
339 345
107 346
165 346
322 346
403 346
436 346
131 347
231 347
323 347
354 347
367 347
216 348
273 348
112 349
185 349
237 349
257 349
101 350
233 350
399 350
405 350
183 351
297 351
321 351
75 352
99 352
336 352
161 353
232 353
384 353
400 353
317 354
438 354
441 354
166 355
231 355
370 355
144 356
162 356
251 356
266 356
297 357
399 357
423 357
72 358
103 358
118 358
245 358
177 359
252 359
332 359
390 359
427 359
120 360
185 360
385 360
160 361
211 361
333 361
351 361
196 362
216 362
263 362
67 363
194 363
309 363
326 363
369 363
288 364
405 364
95 365
159 365
423 365
162 367
179 367
212 367
350 367
197 368
142 369
261 369
200 370
386 370
446 370
243 371
368 371
110 372
281 372
325 373
156 374
129 375
447 375
157 376
196 376
200 376
276 376
302 376
340 376
242 377
367 377
217 378
424 378
124 379
270 379
200 380
126 381
184 381
141 382
223 382
318 382
384 382
83 383
124 383
145 384
155 384
254 384
341 384
407 384
194 385
363 385
447 385
103 386
121 386
182 386
262 386
157 389
244 389
337 389
138 390
198 390
342 390
155 391
201 391
287 391
307 391
78 392
170 392
219 392
225 392
250 392
357 392
155 393
159 393
429 395
450 395
340 396
209 397
378 397
96 398
138 398
155 398
171 398
351 398
186 399
231 399
233 399
240 399
331 399
474 399
233 400
406 400
427 400
117 401
140 401
270 401
357 401
160 402
351 402
155 403
158 403
260 403
157 404
250 404
353 404
432 404
151 405
300 405
140 406
160 406
325 407
395 407
130 408
153 408
221 408
289 408
423 408
175 409
346 409
349 410
155 411
318 411
372 411
426 411
475 411
194 412
395 412
438 413
450 413
319 414
133 416
344 416
99 417
243 417
257 417
377 417
114 418
284 418
181 419
233 419
265 419
392 419
282 420
314 420
368 420
405 420
402 421
133 422
139 422
431 422
250 423
316 423
423 423
163 424
301 424
391 424
477 424
145 425
308 425
208 426
314 426
404 426
292 427
428 427
190 428
310 428
397 429
141 430
326 431
102 432
149 432
224 432
283 432
357 432
389 432
121 433
152 433
292 433
318 433
420 433
235 434
321 434
123 435
294 435
242 437
368 437
437 437
176 438
202 438
310 438
456 438
135 439
257 439
349 439
437 439
435 440
384 441
309 442
317 442
414 444
476 444
95 445
196 446
341 446
360 446
197 447
230 447
297 447
161 448
397 448
236 449
307 449
243 450
250 451
271 452
372 453
265 454
473 454
120 455
279 455
182 456
289 456
326 456
460 456
140 457
355 457
391 457
184 458
388 458
186 459
392 459
438 459
191 460
371 460
314 462
205 463
347 464
380 464
161 465
289 466
298 466
400 466
471 466
397 467
128 468
173 468
179 468
306 468
399 468
407 468
308 469
434 469
267 470
188 472
278 472
290 472
300 472
237 473
281 473
404 473
450 473
148 474
250 474
257 474
369 474
332 475
392 475
166 477
370 477
428 477
396 479
167 480
172 480
214 480
315 480
389 480
123 481
422 483
180 484
284 485
297 486
307 486
354 487
196 488
268 488
274 488
279 488
253 489
256 489
235 490
264 490
335 490
217 491
252 491
241 493
348 493
376 493
439 493
330 494
333 494
351 494
165 495
277 495
413 496
181 500
318 501
211 502
320 502
365 503
264 505
300 506
146 507
259 507
286 507
238 508
197 509
260 509
397 509
265 510
286 510
288 510
159 511
271 511
277 512
279 512
271 513
212 515
330 515
334 516
417 517
175 518
224 518
312 518
358 518
239 519
384 519
192 524
298 525
280 526
375 526
270 527
339 528
366 528
211 529
258 530
251 531
237 533
308 537
353 538
343 542
274 543
