283 1
326 1
174 2
225 2
299 2
423 2
89 3
145 3
446 4
58 5
262 5
346 5
209 6
366 6
158 10
243 10
390 10
106 11
468 11
183 12
408 12
327 13
75 14
219 14
279 15
444 15
124 16
312 16
94 17
300 17
350 17
137 18
265 18
163 19
199 19
245 19
381 19
61 22
228 23
341 23
400 23
149 25
184 25
285 25
419 25
82 26
306 26
327 26
108 28
437 28
463 28
171 29
206 30
244 30
264 30
361 31
287 32
122 33
391 33
157 34
332 34
348 35
408 35
224 36
63 37
269 37
319 37
89 38
421 38
253 39
457 39
183 40
350 40
431 40
109 41
247 41
301 41
350 41
358 41
473 41
104 42
107 42
133 42
205 42
339 43
110 44
328 44
373 44
437 44
234 45
238 45
320 45
332 45
337 45
385 45
325 46
409 46
75 47
151 47
168 47
279 47
301 47
322 47
446 47
47 48
262 48
276 48
301 48
457 48
216 49
219 49
255 49
123 50
259 50
340 52
336 53
362 53
470 53
87 54
90 54
205 54
324 54
341 54
113 55
403 55
86 56
138 56
183 56
232 56
238 56
321 56
384 56
229 57
311 57
425 57
59 58
132 58
308 58
109 59
264 59
440 59
102 60
153 60
169 60
296 60
444 60
50 61
214 61
289 61
251 62
300 62
352 62
351 64
458 64
246 65
279 65
357 65
372 65
98 66
288 66
382 66
280 67
320 67
403 67
419 67
431 67
474 67
119 68
68 69
140 69
188 69
220 70
226 70
90 71
157 71
262 71
319 71
432 71
440 71
206 72
308 72
436 72
295 73
38 74
127 74
216 74
250 74
315 74
333 74
335 74
347 74
358 74
450 74
149 75
249 75
256 75
358 75
368 75
104 76
170 76
387 76
398 76
461 76
247 77
284 77
283 78
419 78
189 79
237 79
243 79
414 80
425 80
473 80
50 81
75 81
224 81
430 81
161 82
187 82
264 82
271 82
428 83
327 84
210 85
313 85
324 85
436 85
440 85
444 85
92 86
124 86
283 86
149 87
296 87
339 87
344 87
359 87
372 87
383 87
250 88
365 88
378 88
395 89
405 89
417 89
172 90
388 90
406 90
459 90
200 91
60 92
239 92
35 93
82 93
140 93
243 93
433 94
475 95
158 96
322 96
329 96
181 97
224 97
292 97
306 97
27 98
183 98
275 98
311 98
359 98
368 98
284 99
365 99
378 99
123 100
269 100
346 100
101 101
211 101
378 101
413 101
452 101
200 102
259 102
49 103
253 103
168 104
68 106
168 106
327 106
362 106
402 106
472 106
237 107
435 107
440 107
111 108
365 108
137 109
155 109
283 109
312 109
447 109
89 110
344 110
381 110
409 110
273 111
319 111
345 111
417 112
217 113
104 114
182 115
365 115
462 115
430 116
434 116
31 117
176 117
248 117
253 117
378 118
438 118
115 119
204 119
317 119
328 119
380 119
383 119
473 119
302 121
450 121
53 122
93 122
153 123
232 123
235 123
365 123
400 123
413 123
267 124
370 124
263 125
423 125
71 126
149 126
226 126
375 126
425 127
426 127
31 128
190 128
127 129
145 129
319 129
321 129
347 129
123 130
161 130
296 130
300 130
11 131
207 131
253 131
348 131
144 132
282 132
289 132
298 132
399 132
139 133
366 133
440 133
441 133
82 134
178 134
263 134
274 134
270 135
457 135
62 136
196 136
224 137
43 138
321 138
383 138
225 139
234 139
331 139
335 139
425 139
98 140
307 140
164 141
348 141
350 141
433 141
111 142
398 142
402 142
262 144
358 144
18 145
123 145
213 145
215 145
273 145
290 145
375 145
400 145
412 145
440 145
469 145
142 146
256 147
410 147
74 148
201 148
214 148
258 148
263 148
50 149
311 149
389 149
450 149
174 150
115 151
246 151
330 151
338 151
150 152
341 152
347 152
394 152
395 152
427 152
27 153
460 153
94 154
355 154
145 155
301 155
432 155
278 156
217 157
288 157
147 158
191 158
276 158
288 158
163 159
258 159
318 159
442 159
473 159
41 160
215 160
408 160
65 161
70 161
105 161
389 161
84 162
111 162
211 162
331 162
413 162
414 162
82 163
204 163
210 163
453 163
247 164
420 164
425 166
16 167
84 167
151 167
236 167
377 167
460 167
228 168
283 168
319 168
173 169
235 169
284 169
351 169
34 171
57 171
61 171
100 171
124 171
266 171
296 171
331 171
406 171
437 171
74 172
191 172
96 173
393 173
414 173
436 173
442 173
303 174
306 174
410 174
58 175
74 175
219 175
339 175
254 176
370 176
449 176
477 176
49 177
208 177
308 177
241 178
183 179
207 179
208 179
116 180
159 180
315 180
111 181
118 181
323 181
426 181
141 182
355 182
432 182
457 182
7 183
115 183
292 183
382 183
72 184
90 184
274 184
297 184
65 185
191 185
203 185
233 185
406 185
23 187
176 187
416 187
441 187
311 188
339 188
468 188
43 190
83 190
151 190
367 190
91 191
109 191
218 191
417 191
61 192
317 192
223 193
427 193
289 194
294 194
353 194
84 195
167 195
303 195
454 195
476 195
220 196
58 197
251 197
383 197
429 197
433 197
79 198
81 198
82 198
128 198
242 198
329 198
104 199
188 199
408 199
410 199
413 199
209 200
415 200
146 201
315 201
364 201
439 201
107 202
15 203
72 203
279 203
228 204
269 204
467 204
146 205
162 205
268 205
35 206
121 206
161 206
183 206
205 206
289 206
395 206
397 206
265 207
275 207
298 207
184 208
327 208
424 208
197 209
449 209
352 210
405 210
140 211
376 211
399 211
100 212
105 212
308 212
122 213
334 213
383 213
417 213
184 214
268 215
359 215
456 215
100 216
156 216
199 216
241 216
254 216
262 216
66 217
221 217
257 217
265 217
279 217
5 218
24 218
46 218
292 218
440 218
68 219
136 219
157 219
178 219
241 219
275 219
392 219
102 220
181 220
198 220
367 220
121 221
322 221
349 221
388 221
81 222
139 222
119 223
120 223
390 223
393 223
408 223
448 223
99 224
140 224
101 225
471 225
99 226
192 226
61 227
123 227
172 227
61 228
171 228
435 228
455 228
48 229
94 229
135 229
335 229
357 229
254 230
259 230
265 230
378 230
418 230
18 231
96 231
133 231
177 231
188 231
217 232
281 232
171 234
279 234
315 234
346 234
79 235
155 235
463 235
155 236
445 236
136 237
193 237
234 237
294 237
368 237
385 237
121 238
187 239
325 239
370 239
76 240
115 240
134 240
57 241
190 241
294 241
301 241
414 241
450 241
94 243
430 243
473 243
176 244
307 244
332 244
15 245
255 245
263 245
270 245
301 245
306 245
306 246
74 247
154 247
131 248
309 248
376 248
438 249
55 250
133 250
155 250
207 250
341 250
422 250
113 251
157 251
188 251
226 251
281 251
309 251
360 251
392 251
172 253
93 254
133 254
151 254
313 254
461 254
168 255
255 255
299 255
138 256
291 256
294 256
331 256
409 256
267 257
446 257
72 258
298 258
429 258
34 259
191 259
195 259
274 259
393 259
136 261
156 261
304 261
235 262
336 262
7 263
172 263
281 263
383 263
474 263
285 264
351 264
223 265
309 265
449 265
370 266
417 266
113 267
196 267
152 268
176 268
178 268
261 268
403 268
51 269
31 270
292 270
325 270
136 271
433 271
465 271
159 272
247 272
358 272
71 273
115 273
142 273
312 273
274 274
182 275
374 275
162 276
237 276
269 276
313 276
392 277
181 278
157 279
261 279
287 279
296 279
361 279
425 279
131 280
271 280
300 280
89 281
96 281
163 281
470 281
28 282
50 282
69 282
378 282
11 283
255 283
409 283
428 283
113 284
139 284
219 284
254 284
315 284
331 284
377 284
90 285
236 285
443 285
93 286
258 286
282 286
363 286
379 286
393 286
302 287
167 288
187 288
220 288
240 288
285 288
397 288
70 289
223 289
228 289
349 290
430 290
276 291
414 291
463 291
51 292
148 292
318 292
384 292
475 292
276 293
281 293
301 293
413 293
434 293
365 294
397 294
400 294
206 295
333 295
418 295
318 296
369 296
416 296
429 296
447 296
195 297
300 297
366 297
401 297
98 298
275 298
383 298
157 299
224 299
256 299
433 299
467 299
250 301
303 301
367 301
399 301
203 302
264 302
351 302
401 302
77 303
215 303
233 303
242 303
245 303
318 303
369 303
227 304
273 304
335 304
452 304
51 305
56 305
118 305
170 305
204 305
298 305
49 306
295 306
318 306
386 306
12 307
290 307
388 307
404 307
58 308
253 308
256 308
367 308
371 308
142 309
469 309
389 310
32 311
56 311
244 311
182 312
283 312
422 312
434 312
62 313
80 313
95 313
194 313
388 313
281 314
229 315
311 315
352 315
423 315
453 315
57 316
63 316
78 316
204 316
407 316
77 317
334 317
421 317
235 318
311 318
314 318
372 318
390 318
403 318
128 319
203 319
309 319
370 319
210 320
369 320
388 320
58 321
105 321
267 321
329 321
440 321
15 322
35 322
113 322
159 322
365 322
160 323
332 323
82 324
64 325
254 325
289 325
291 325
406 325
43 326
116 326
137 326
372 326
457 326
61 327
83 328
141 328
171 328
251 328
243 329
388 329
436 329
437 329
470 329
40 330
183 331
151 332
238 332
288 332
330 332
417 332
425 332
85 333
154 333
202 333
284 333
332 333
145 334
282 334
144 335
302 335
305 335
70 336
127 336
160 336
16 337
126 337
279 337
349 337
123 338
128 338
349 338
438 338
457 338
90 339
107 339
220 339
439 339
71 340
127 340
364 340
256 341
295 341
315 341
68 342
74 342
133 342
163 342
254 342
66 343
111 343
183 344
43 345
68 345
139 345
191 345
197 345
346 345
373 345
473 345
93 346
64 347
112 347
115 347
136 347
4 348
142 348
246 348
328 348
22 349
42 349
286 349
330 349
236 350
49 351
152 351
285 351
309 351
359 351
386 351
49 352
75 352
97 352
123 352
148 352
225 352
279 352
402 352
53 353
152 353
341 353
357 353
208 354
48 355
103 355
122 355
159 355
340 355
80 356
106 356
254 356
276 356
356 356
416 356
306 357
325 357
341 357
388 357
419 357
72 358
133 358
171 358
186 358
197 358
275 358
456 358
272 359
307 359
10 360
56 360
435 360
32 361
267 361
368 361
56 362
387 363
400 363
245 364
470 364
86 365
149 365
214 365
217 365
238 365
300 365
353 365
316 366
317 366
355 366
58 367
338 367
354 367
333 368
452 368
20 369
119 370
301 370
399 370
37 371
70 372
94 372
163 372
175 372
179 372
368 372
196 373
205 373
228 373
281 373
418 373
167 374
182 374
234 374
254 374
255 374
70 376
131 376
257 376
383 376
434 376
218 377
347 377
394 377
71 378
328 378
345 378
398 378
75 379
211 380
219 380
345 380
380 380
107 381
271 381
395 381
450 381
209 382
210 382
285 382
286 383
304 383
414 383
242 384
347 384
348 384
364 384
75 385
196 385
239 385
381 385
469 385
394 386
85 387
121 387
183 387
52 388
169 388
192 388
260 388
29 389
169 389
177 389
279 389
313 389
326 389
224 390
230 390
311 390
323 390
376 391
412 391
448 391
336 392
429 392
219 393
254 393
337 394
339 394
358 394
478 394
139 395
210 395
269 395
271 395
322 396
335 396
68 397
98 397
390 397
319 398
390 399
466 399
44 400
152 400
195 400
203 400
210 400
283 400
107 401
109 401
166 401
178 401
184 401
197 401
204 401
242 401
298 401
402 401
73 402
115 402
425 402
279 403
298 404
22 405
425 406
117 407
126 407
231 407
367 407
477 407
29 408
83 408
348 408
55 409
85 409
309 409
222 410
135 411
217 411
251 411
382 411
461 411
155 413
422 413
99 414
168 414
268 414
174 415
186 415
282 415
320 415
105 416
166 416
284 416
437 416
239 417
243 417
105 418
335 418
476 418
109 419
236 420
47 421
73 421
201 421
314 421
226 423
251 423
221 424
293 424
434 424
454 424
127 425
182 425
331 425
372 425
401 425
407 425
166 426
179 426
218 426
268 426
310 426
353 426
421 426
471 426
84 427
87 427
154 427
33 428
385 428
40 429
161 429
209 430
243 430
303 430
63 431
417 431
200 432
203 432
327 432
431 432
257 433
303 433
278 434
304 434
321 434
464 434
412 435
106 437
115 437
187 437
445 437
221 438
379 439
414 439
125 440
133 440
166 440
170 440
220 440
339 440
392 440
425 440
427 440
156 441
214 441
246 441
411 441
461 441
146 442
265 442
143 443
165 443
289 443
82 444
146 444
208 444
261 444
266 444
313 444
406 445
230 446
441 446
197 447
232 447
281 448
97 449
371 449
423 449
253 450
386 450
457 450
473 450
59 451
303 451
179 452
383 452
388 452
403 452
168 453
169 453
437 453
109 454
138 454
70 455
142 455
122 456
136 456
209 456
153 457
241 457
243 457
267 457
155 458
233 458
265 458
322 458
365 458
418 458
291 459
82 460
379 460
398 460
194 461
230 461
307 461
339 461
376 461
450 461
463 461
226 462
394 462
409 462
412 463
431 463
90 464
222 464
280 464
177 465
226 465
176 466
214 466
223 466
253 466
283 466
355 466
376 466
391 466
47 467
102 467
373 468
405 468
427 468
209 469
59 470
115 470
124 470
210 470
206 471
273 471
457 471
327 472
155 473
162 473
349 473
69 474
132 474
142 474
190 474
230 474
238 474
295 474
398 474
403 474
440 474
268 475
289 475
421 475
318 476
436 476
440 476
382 477
471 477
225 478
365 478
396 478
83 479
258 480
285 480
365 480
380 480
381 480
316 481
396 481
91 482
211 482
281 483
392 483
100 484
133 484
206 484
334 484
358 484
410 484
52 485
108 485
451 485
117 487
164 487
247 487
276 487
372 488
428 488
178 489
189 489
299 489
233 490
323 491
462 491
348 492
444 492
72 493
230 493
293 494
322 494
370 494
290 495
402 495
475 495
259 496
286 496
312 497
366 498
95 499
142 499
214 499
358 499
200 500
417 500
336 501
390 501
282 502
358 502
383 502
435 502
119 503
189 503
357 503
249 504
169 505
383 505
352 506
449 506
238 507
299 507
321 507
323 508
272 509
321 509
348 509
376 509
294 510
344 510
372 510
409 510
467 510
90 511
227 511
293 511
313 511
217 512
347 512
369 513
395 513
138 514
205 514
429 514
259 515
119 516
193 516
170 517
336 517
361 517
359 518
453 518
246 519
423 519
477 520
273 521
298 521
228 523
320 523
225 524
351 524
377 524
204 526
439 526
99 527
206 527
109 528
217 528
267 528
368 528
415 528
174 529
189 529
261 529
312 529
374 529
162 530
342 530
461 530
150 531
256 531
134 532
253 532
334 532
396 532
255 534
361 534
268 536
275 536
388 536
474 536
239 537
246 537
405 537
423 537
251 538
295 538
227 539
447 539
236 541
227 542
312 542
379 542
230 543
106 544
211 544
222 544
398 545
177 546
194 546
274 546
337 546
369 546
432 546
127 548
145 548
159 549
256 549
459 549
364 550
423 550
384 552
350 553
380 553
245 554
312 554
286 556
221 557
270 558
399 560
166 563
121 567
142 567
191 568
421 568
175 571
281 575
441 576
234 577
262 577
318 577
366 578
358 581
426 581
348 582
409 586
399 589
249 592
369 593
381 593
