210 2
311 2
378 2
232 3
247 5
431 5
323 6
471 6
338 8
270 9
401 11
116 12
134 13
289 13
149 14
161 14
364 14
418 14
453 14
182 15
199 15
218 16
235 19
308 19
252 20
429 20
467 21
334 22
391 22
268 23
280 24
354 24
100 25
116 25
130 27
152 28
184 28
167 29
147 30
415 30
449 30
199 31
219 31
373 31
235 32
340 33
260 34
398 37
466 37
96 38
127 38
283 38
112 39
362 39
122 40
296 40
309 40
427 40
412 41
438 42
324 43
139 44
206 44
228 44
379 44
194 45
138 46
150 46
169 46
186 46
188 46
234 46
242 46
137 47
184 47
225 47
260 47
122 48
145 48
232 48
251 48
454 48
120 49
239 49
338 49
95 50
266 51
279 51
406 51
284 52
297 52
350 52
371 54
316 55
373 55
183 56
196 56
312 56
425 56
189 57
211 57
231 57
371 57
473 57
203 58
222 58
224 58
234 58
374 58
127 59
137 59
154 59
174 59
196 59
319 59
391 59
124 60
140 60
238 60
95 61
108 61
124 61
129 61
336 61
380 61
447 61
254 65
355 65
405 66
192 67
201 67
217 67
236 67
286 67
470 67
182 68
288 68
368 68
160 69
200 69
217 69
291 69
305 69
136 70
143 70
161 70
425 70
122 71
131 71
380 71
140 72
105 73
433 73
83 74
95 75
449 75
334 76
397 76
399 76
71 77
76 77
394 77
162 78
211 78
233 78
269 78
151 79
188 79
254 79
347 79
411 79
463 79
143 80
182 80
189 80
239 80
291 81
359 81
363 81
114 84
478 84
125 85
308 85
374 85
388 85
430 85
103 86
383 86
324 87
396 87
87 89
240 89
408 89
450 89
81 90
180 90
198 90
227 90
278 90
348 90
162 91
243 91
249 91
259 91
152 92
208 92
212 92
289 92
209 93
225 93
305 93
143 94
368 94
469 94
129 96
308 96
374 96
313 97
319 97
433 98
102 99
115 99
276 99
380 99
388 99
241 100
254 100
242 101
253 101
332 101
290 102
391 102
404 102
266 103
267 103
286 103
343 103
90 104
193 104
296 104
298 104
444 104
174 105
305 105
145 106
207 106
209 106
224 106
299 106
356 106
159 107
233 107
233 108
136 109
371 109
372 110
258 111
370 111
424 111
462 111
110 112
266 112
368 112
262 113
270 113
281 113
290 114
390 114
93 115
304 115
392 115
229 116
303 116
320 116
396 116
398 116
205 117
222 117
283 117
304 117
336 117
477 117
78 118
178 118
193 118
206 118
210 118
244 118
440 118
72 119
165 119
343 119
154 120
259 120
402 120
157 121
168 121
171 121
339 121
60 122
134 122
142 122
125 123
354 123
266 124
453 124
113 125
124 126
418 126
280 127
230 128
376 128
202 129
218 129
251 129
275 129
304 129
321 129
471 129
95 130
191 130
194 130
289 130
298 130
172 131
336 131
434 131
166 132
174 132
188 132
204 132
210 132
318 132
320 132
335 132
338 132
80 133
149 133
162 133
344 133
135 134
130 135
352 135
399 135
69 136
61 137
446 137
136 138
120 139
121 139
251 139
252 139
283 139
286 139
367 139
227 140
298 140
419 140
106 141
212 141
231 141
239 141
243 141
254 141
266 141
268 141
277 141
238 142
262 142
280 142
178 143
182 143
184 143
199 143
313 143
333 143
169 144
326 144
339 144
427 144
177 145
83 146
92 146
159 146
392 146
431 146
471 146
150 147
163 147
354 148
135 149
151 149
63 150
265 150
72 151
367 151
445 151
122 152
288 152
121 153
224 153
244 153
310 153
412 153
221 154
250 154
257 154
283 154
294 154
208 155
213 155
226 155
311 155
385 155
52 156
108 156
201 156
316 156
83 157
160 157
162 157
181 157
223 157
95 158
344 158
458 158
152 159
176 159
433 160
144 161
81 162
131 162
357 162
257 163
269 163
74 164
138 164
291 164
363 164
366 164
404 164
129 165
205 165
235 165
308 165
113 166
128 166
188 166
222 166
233 166
237 166
240 166
242 166
446 166
119 167
193 167
230 167
322 167
375 167
67 168
98 168
177 168
422 168
477 168
185 169
335 169
383 169
386 169
155 170
159 170
216 170
388 170
159 171
163 171
385 171
56 172
90 172
50 173
87 174
208 174
352 174
92 175
118 175
140 175
399 175
434 175
144 176
200 176
277 176
290 176
464 176
81 177
141 177
198 177
308 177
188 178
191 178
240 178
247 178
264 178
367 178
108 179
227 179
234 179
328 179
170 180
175 180
183 180
223 180
372 180
450 180
115 181
417 181
219 182
66 183
108 183
132 183
383 183
154 184
56 185
106 185
108 185
380 185
389 185
100 186
429 186
200 187
258 187
274 187
322 187
389 187
395 187
99 188
289 188
306 188
399 188
46 189
101 189
237 189
249 189
333 189
462 189
179 190
90 191
148 191
159 191
225 191
358 191
90 192
362 192
367 192
405 192
137 194
155 194
445 194
67 195
206 195
371 195
368 196
378 196
57 197
182 197
265 197
278 197
83 198
120 198
122 198
292 198
423 198
314 199
391 199
252 200
393 200
51 201
262 201
334 201
397 201
110 202
212 202
220 202
314 202
329 202
459 202
72 203
206 203
244 203
361 203
345 204
346 204
435 204
165 205
178 205
185 205
191 205
402 205
42 206
101 206
172 206
204 206
351 206
359 206
398 206
172 207
365 207
149 208
153 208
178 208
479 208
285 209
376 209
380 209
30 210
118 210
121 210
140 210
274 210
294 210
318 210
375 210
251 211
263 211
273 211
283 211
412 211
63 212
313 212
381 212
143 213
239 213
335 213
90 214
236 214
391 214
448 214
238 215
330 215
134 216
191 216
204 216
220 217
227 217
347 217
469 217
54 218
128 218
130 218
207 218
343 218
429 218
79 219
128 219
179 219
115 220
365 220
288 221
360 221
365 221
477 221
43 222
164 222
170 222
269 222
276 223
301 223
375 223
407 223
438 223
457 223
255 224
308 224
243 225
247 225
258 225
314 225
73 226
202 226
236 226
318 226
328 226
379 226
154 227
194 227
384 227
105 228
231 228
337 228
340 228
27 229
148 229
227 229
237 229
468 229
66 230
349 230
142 231
183 231
389 231
450 231
278 232
421 232
175 233
214 233
215 233
268 233
394 233
94 234
131 234
136 234
260 234
357 234
171 235
172 235
257 235
302 235
364 235
122 236
208 236
286 236
296 236
367 236
403 236
52 237
159 237
432 237
457 237
160 238
207 238
241 238
288 238
297 238
236 239
323 239
479 239
337 240
374 240
81 241
116 241
125 241
156 241
160 241
268 241
111 242
114 242
38 243
82 243
183 243
221 243
333 243
383 243
387 243
414 243
110 244
146 244
149 244
257 244
260 244
439 244
443 244
247 245
346 245
385 245
391 245
103 246
472 246
69 247
104 247
111 247
138 247
309 247
28 248
210 248
298 248
393 248
423 248
172 249
285 249
320 249
52 250
246 250
361 250
429 250
453 250
97 251
100 251
132 251
225 251
159 252
198 252
285 252
287 252
398 252
427 252
126 253
265 253
272 253
274 253
404 253
19 254
158 254
241 254
373 254
90 255
128 255
376 255
60 256
92 256
187 256
213 256
328 256
405 256
382 257
434 257
479 257
41 258
305 258
230 259
250 259
254 259
316 259
341 259
409 259
438 259
463 259
81 260
150 260
288 260
317 260
106 261
176 261
292 261
349 261
389 261
104 262
245 262
199 263
220 263
282 263
418 263
51 264
77 264
149 264
276 264
445 264
82 265
398 265
117 266
120 266
139 266
270 266
274 266
471 266
101 267
165 267
237 267
278 267
365 267
365 268
372 269
25 270
260 270
319 270
429 270
47 271
130 271
310 271
331 271
410 271
68 272
93 272
156 272
180 272
250 272
293 272
302 272
404 272
411 272
432 272
92 273
94 273
111 273
153 274
347 274
379 274
154 275
221 275
285 275
406 275
415 275
460 275
479 275
199 276
389 276
391 276
410 276
14 277
63 277
110 277
233 277
286 277
356 277
413 277
38 278
108 278
124 278
151 278
171 278
282 278
416 278
105 279
127 279
256 279
392 279
85 280
107 280
142 280
86 281
168 281
368 281
441 281
259 282
277 282
87 283
164 283
170 283
186 283
210 283
212 283
316 283
398 283
423 283
161 284
249 284
273 284
341 284
427 284
78 285
101 285
187 285
249 285
302 285
375 285
401 285
467 285
54 286
98 286
118 286
219 286
295 286
307 286
317 286
289 287
323 287
77 288
114 288
118 288
264 288
306 288
350 288
449 288
23 289
112 289
240 289
242 289
406 289
134 290
180 290
202 290
287 290
47 291
94 291
156 291
177 291
184 291
279 291
47 292
69 292
72 292
155 292
361 292
45 293
134 293
234 293
236 293
471 293
232 294
391 294
409 294
257 295
70 296
150 296
127 297
154 297
173 297
196 297
232 297
370 297
434 297
15 298
88 298
108 298
149 298
224 298
437 298
270 299
418 299
436 299
83 300
125 300
218 300
335 300
82 301
124 301
146 301
214 301
291 301
318 301
402 301
457 301
33 302
103 302
171 302
192 302
266 302
267 302
297 302
478 302
102 303
188 303
294 303
381 303
422 303
62 304
141 304
169 304
190 304
239 304
286 304
348 304
165 305
184 305
240 305
120 306
210 306
282 306
402 306
422 306
27 307
45 307
47 307
140 307
166 307
289 307
402 307
78 308
160 308
182 308
184 308
204 308
232 308
281 308
403 308
425 308
236 309
254 309
366 309
119 310
204 310
232 310
430 310
43 311
58 311
98 311
101 311
372 311
427 311
430 311
445 311
95 312
136 312
230 312
43 313
162 313
177 313
197 313
311 313
321 313
410 313
466 313
21 314
59 314
72 314
114 314
199 314
253 314
277 314
303 314
337 314
159 315
198 315
278 315
280 315
316 315
382 315
174 316
42 317
73 317
351 317
450 317
38 318
93 318
111 318
224 318
252 318
15 319
71 319
130 319
149 319
270 319
297 319
471 319
87 320
92 320
129 320
135 320
152 320
173 320
197 320
199 320
394 320
68 322
191 323
223 323
362 323
431 323
109 324
212 324
213 324
403 324
125 325
225 325
291 325
472 325
51 326
168 326
315 326
320 326
401 326
455 326
32 327
47 327
240 327
288 327
317 327
324 327
8 328
67 328
85 328
145 328
261 328
293 328
375 328
412 328
63 329
68 329
320 329
336 329
105 330
63 331
186 331
226 331
240 331
123 332
207 332
285 332
347 332
44 333
308 333
26 334
47 334
286 334
390 334
428 334
100 335
166 335
223 335
281 335
306 335
434 335
80 336
239 336
301 336
359 336
442 336
466 336
42 337
151 337
287 337
137 338
181 338
257 338
59 339
407 339
41 340
58 340
78 340
118 340
282 340
323 340
368 340
403 340
94 341
163 341
202 341
237 341
277 341
60 342
79 342
205 342
219 342
236 342
334 342
217 343
412 343
471 343
75 345
202 345
301 345
303 345
340 345
54 346
59 346
76 346
132 346
298 346
379 346
417 346
459 346
35 347
164 347
218 347
346 347
92 348
182 348
478 348
149 349
217 349
14 350
52 350
69 350
205 350
388 350
431 350
9 351
200 351
254 351
353 351
236 352
50 353
110 353
235 353
129 354
269 354
302 354
323 354
395 354
448 354
29 355
48 355
88 355
180 355
286 355
438 355
163 356
220 356
300 356
359 356
408 356
49 357
69 357
147 357
460 357
44 358
66 358
199 358
239 358
62 359
299 359
327 359
371 359
471 359
66 360
218 360
304 360
61 361
102 361
104 361
128 361
64 362
180 362
252 362
413 362
103 363
37 364
62 364
83 364
308 364
348 364
61 365
116 365
160 365
424 365
64 366
116 366
383 366
129 367
286 367
99 368
144 368
314 368
315 368
438 368
60 369
220 369
27 370
200 370
237 370
272 370
60 371
77 371
306 371
391 371
54 372
98 372
304 372
114 373
163 373
180 373
293 373
360 373
454 373
46 374
19 375
79 375
114 375
257 375
339 375
367 375
48 376
323 376
403 376
95 377
127 377
239 377
294 377
344 377
95 378
146 378
310 378
466 378
476 378
44 379
73 379
76 379
112 379
68 380
110 380
201 380
278 380
293 380
69 381
313 381
376 381
411 381
10 383
163 383
44 384
110 384
183 384
224 384
242 384
263 384
283 384
85 385
107 385
303 385
424 385
38 386
83 386
353 386
63 387
205 387
285 387
302 387
335 387
387 387
43 388
148 388
266 388
282 388
66 389
437 389
450 389
61 390
63 390
165 390
32 391
226 391
305 391
465 391
62 392
308 392
479 392
55 393
107 393
59 394
78 394
136 394
401 394
151 395
366 395
121 396
187 396
248 396
310 396
23 397
207 397
374 397
343 398
49 399
107 399
274 399
73 400
295 400
296 400
298 400
317 400
106 401
170 401
232 401
372 401
453 401
91 402
122 402
136 402
415 402
212 403
277 403
355 403
337 404
465 404
74 405
319 405
106 406
432 406
474 407
154 408
234 408
258 408
175 409
40 410
70 410
282 410
306 410
393 410
194 411
395 411
445 411
140 412
367 413
395 414
34 415
224 415
330 415
410 415
241 416
352 416
373 416
178 417
462 417
85 418
266 418
58 419
290 419
161 420
402 420
144 421
337 421
426 421
106 422
125 422
225 422
378 422
184 423
201 423
301 423
384 423
250 424
321 424
365 424
418 424
440 424
102 425
274 425
50 426
362 426
22 427
392 427
79 428
128 428
395 428
167 429
257 429
346 429
44 430
99 430
210 430
228 430
331 430
455 430
146 431
295 431
474 431
78 432
115 432
399 432
113 433
96 434
235 434
261 434
374 434
192 435
279 435
317 435
96 436
338 436
427 436
59 437
96 437
35 438
109 438
129 438
217 438
303 438
359 438
410 438
74 439
152 439
174 439
241 439
379 439
96 440
384 440
439 440
130 441
361 441
89 442
133 442
197 442
344 442
383 442
27 443
131 443
137 443
269 443
416 443
455 443
151 444
309 444
327 444
369 444
416 444
463 444
92 445
109 445
158 445
289 445
473 445
203 446
373 446
425 446
355 447
45 448
375 448
399 448
64 449
183 449
84 450
140 450
145 450
205 450
396 450
336 451
406 451
254 452
398 452
410 452
117 454
164 454
363 454
122 455
440 455
102 456
300 456
385 456
436 457
451 457
69 458
121 458
258 458
44 459
417 459
460 459
230 460
372 460
474 460
173 461
215 461
236 461
283 461
391 461
97 462
91 463
197 463
381 463
389 463
398 463
151 464
401 464
62 465
91 465
108 465
308 465
131 466
220 466
268 466
394 466
155 467
156 467
224 467
86 468
127 468
137 468
292 468
397 468
44 469
184 469
246 469
157 470
134 471
162 471
225 471
408 471
359 472
406 472
438 472
79 473
136 473
207 473
364 473
418 473
447 473
254 474
317 474
338 474
362 474
410 474
455 474
463 474
64 475
100 475
468 475
139 476
211 476
476 476
86 477
94 477
113 477
143 477
169 477
192 477
372 477
148 478
281 478
305 478
381 478
104 479
386 479
108 480
120 480
215 480
232 480
345 480
48 481
175 481
235 481
263 481
285 481
110 482
260 482
290 482
387 482
153 483
285 483
315 483
392 483
261 484
291 484
389 484
177 485
181 485
268 485
356 485
80 486
131 486
245 486
296 486
397 486
65 487
85 487
93 487
182 488
206 488
225 488
244 488
269 488
397 488
407 489
410 489
94 490
138 490
201 490
331 490
364 490
409 490
471 490
479 490
186 491
274 491
301 491
427 491
439 491
444 491
461 491
47 492
144 492
232 492
366 492
415 492
429 492
103 493
227 493
304 493
371 493
253 494
374 494
232 495
279 495
344 495
175 496
381 496
115 497
216 497
231 497
257 497
154 499
282 499
316 499
390 499
392 499
58 501
129 501
198 501
219 501
356 501
390 501
73 502
85 502
245 502
361 502
409 502
197 503
223 503
240 503
406 503
411 503
429 503
165 504
89 505
94 505
262 505
319 505
422 505
424 505
430 505
436 505
96 506
168 506
200 506
364 506
452 506
471 506
329 507
101 508
167 508
228 508
302 508
186 509
372 509
114 510
207 510
379 510
110 511
206 511
268 512
270 512
388 512
121 514
151 514
240 514
402 514
192 515
310 515
216 516
241 516
314 516
343 516
401 516
55 518
284 518
315 518
353 518
396 518
412 518
430 518
73 519
255 519
281 519
422 519
86 520
87 520
134 520
247 520
139 521
170 521
199 521
288 521
317 521
455 521
463 521
476 521
173 522
201 522
315 522
362 522
447 522
99 523
140 523
289 523
324 523
144 524
255 524
149 525
173 525
298 525
321 525
179 526
208 526
214 526
295 526
378 526
211 528
214 528
261 528
268 528
375 528
187 529
337 529
156 530
180 530
230 530
273 530
302 530
392 530
118 531
232 531
299 531
53 532
70 532
156 532
190 532
271 532
348 532
229 533
267 533
303 533
353 533
310 535
317 535
345 535
454 535
469 535
84 536
357 536
359 536
424 536
130 537
131 537
316 537
319 537
321 537
437 537
248 538
318 538
96 539
364 539
174 540
202 540
324 540
373 540
381 541
178 542
330 542
387 542
154 543
214 543
223 543
256 543
337 543
106 544
176 544
225 544
294 544
397 544
408 544
231 545
234 545
301 545
329 545
184 546
339 546
156 547
266 547
442 547
160 548
465 548
64 549
149 549
272 549
426 549
123 550
81 551
191 552
275 552
354 552
367 552
312 553
371 553
169 554
284 554
387 554
100 555
136 555
197 555
284 555
290 555
200 556
214 556
277 556
383 556
394 556
399 556
245 557
378 557
396 557
115 558
292 558
321 558
254 559
151 560
180 560
301 561
461 561
327 562
422 562
260 563
446 563
455 563
342 564
437 564
109 566
164 566
275 566
90 567
366 567
221 568
123 569
199 569
136 572
378 572
178 573
401 574
102 575
239 576
316 576
325 576
449 576
145 577
248 577
424 577
438 578
162 579
206 579
260 580
340 580
274 582
179 584
358 584
117 585
294 585
305 587
379 587
135 589
237 589
392 589
403 589
194 590
210 590
317 590
412 591
151 592
248 592
341 595
268 596
166 597
351 598
283 599
178 600
183 600
362 600
374 600
297 602
218 604
227 604
312 604
206 605
253 608
337 608
268 610
344 610
282 613
