300 139
279 142
263 145
331 146
247 147
310 147
321 147
339 147
231 150
290 151
275 152
209 154
258 157
363 157
318 158
331 158
350 158
374 158
302 159
386 159
243 160
289 161
230 163
271 165
210 169
261 169
328 168
338 169
357 169
374 169
390 169
308 170
320 170
251 171
299 171
399 171
233 175
169 178
217 179
274 179
315 179
329 179
364 179
341 180
354 180
370 180
382 180
254 181
294 182
392 182
399 182
407 182
200 183
242 184
148 187
181 188
229 188
289 190
355 190
166 191
279 191
299 191
309 191
333 191
344 191
365 191
216 192
325 192
379 192
263 193
204 195
245 196
391 196
406 196
415 197
430 198
189 199
230 199
346 199
358 200
169 202
297 202
441 202
375 203
282 204
310 204
382 204
456 204
133 205
269 205
318 205
247 206
326 206
392 206
229 207
336 207
219 208
403 208
150 209
203 209
350 209
419 210
190 212
364 212
431 212
140 213
370 214
439 214
259 215
275 215
168 216
288 216
305 216
447 216
238 217
318 217
326 217
385 217
128 218
230 218
335 218
343 218
399 218
217 219
455 219
406 221
205 222
354 222
365 224
149 225
423 225
468 225
191 226
110 227
174 227
277 227
292 227
309 227
328 227
380 227
437 227
248 228
263 228
128 229
237 229
317 229
392 229
448 230
223 231
339 231
157 232
400 233
209 234
355 234
408 234
458 235
139 236
415 236
190 237
369 237
176 240
257 240
270 240
280 239
306 240
384 240
429 240
124 241
294 241
473 241
231 242
327 242
436 242
219 243
342 243
162 245
357 246
399 246
448 246
209 247
96 248
415 248
124 249
195 249
457 249
279 250
368 250
151 251
183 251
268 251
316 251
296 252
330 252
467 252
242 253
256 253
343 254
135 255
224 255
386 255
430 255
105 256
394 256
210 257
164 258
475 258
362 259
444 259
121 261
191 261
269 261
282 261
407 261
143 262
294 262
453 262
90 263
176 263
251 263
315 264
327 264
375 264
416 264
221 265
231 266
343 266
387 266
461 266
131 267
211 267
355 268
425 268
161 269
98 270
119 271
362 272
403 272
439 272
234 273
245 273
256 273
273 273
285 274
303 274
371 274
446 274
477 274
142 275
181 275
217 276
315 276
415 276
325 277
80 278
336 278
383 278
457 278
199 279
162 280
348 280
395 280
424 280
466 281
100 282
254 282
124 283
234 283
267 283
362 283
437 283
178 284
281 285
141 286
215 286
297 286
311 286
412 286
379 287
197 288
446 288
79 289
111 289
327 289
185 290
261 290
160 291
235 291
350 291
389 291
456 291
176 292
223 292
361 292
249 293
276 293
424 293
99 294
125 294
292 294
315 294
206 295
403 295
147 296
374 296
434 296
467 297
87 298
341 298
183 299
248 300
260 300
388 300
416 300
445 300
236 301
273 301
204 302
220 302
285 302
352 302
167 303
303 303
101 304
315 304
362 304
122 305
329 305
402 305
191 306
430 306
157 307
458 307
377 308
250 309
411 309
141 310
225 310
235 310
266 310
278 310
339 310
438 310
83 311
134 311
179 311
213 311
293 311
386 311
287 312
470 312
161 313
101 314
201 314
422 314
449 314
310 315
399 315
320 316
361 316
187 317
176 318
404 318
143 319
241 319
254 319
270 319
280 319
294 319
303 319
334 319
373 319
225 320
82 321
461 321
205 322
413 322
435 322
101 323
127 324
160 324
348 324
191 325
387 325
443 325
271 326
295 326
317 326
354 326
468 326
149 327
177 327
261 327
88 328
239 328
450 328
231 329
324 329
363 329
106 330
132 330
211 330
402 330
426 330
337 331
77 332
154 332
201 332
282 332
371 332
190 333
288 333
381 333
479 333
296 334
96 335
310 335
437 335
458 335
254 336
344 336
412 336
116 337
270 337
317 337
139 338
174 338
222 339
234 339
353 339
153 340
283 340
328 340
371 340
196 341
398 341
466 341
79 342
102 342
121 343
382 343
168 344
294 344
450 344
138 345
181 345
91 346
245 346
252 346
363 346
155 347
259 346
344 347
411 347
432 347
474 347
230 348
314 348
107 349
216 349
272 349
378 350
206 351
291 351
354 351
399 351
79 352
140 352
188 352
462 352
93 354
125 354
335 354
383 354
448 354
71 355
165 355
371 355
424 355
469 357
113 358
220 358
306 358
452 358
209 359
243 359
260 359
275 359
344 359
411 359
153 360
232 360
284 360
318 360
396 360
84 361
198 361
435 361
142 362
183 362
61 363
101 363
291 363
387 363
130 364
330 364
360 365
422 366
444 366
462 366
69 367
123 367
250 367
306 367
340 367
50 368
259 368
153 369
399 369
89 370
201 370
219 370
232 370
267 370
318 370
114 371
190 371
275 371
384 371
472 371
181 372
429 372
450 371
39 373
141 373
163 374
54 375
249 375
293 375
355 375
409 375
102 376
129 376
155 376
377 377
185 378
196 378
214 378
229 378
258 378
336 378
436 378
417 379
91 380
346 380
399 380
173 381
274 381
370 381
141 382
281 383
54 384
70 384
160 384
323 384
393 384
131 385
298 385
407 385
38 386
105 386
112 386
229 386
238 386
382 386
468 386
195 387
427 387
447 387
209 388
251 388
308 388
336 388
362 388
262 389
78 390
167 391
316 391
475 391
56 392
416 391
454 392
117 393
21 394
40 394
347 394
372 394
437 394
140 395
273 395
298 395
92 396
157 396
405 396
423 396
222 397
233 397
243 397
328 397
207 398
310 398
364 398
396 398
106 399
178 399
197 399
380 399
463 398
48 400
411 400
430 400
64 401
82 401
128 402
165 402
257 402
286 402
337 402
354 402
447 402
12 403
29 403
372 403
468 404
206 405
267 405
319 405
405 405
76 406
95 406
151 406
237 407
435 407
40 408
275 408
344 408
113 409
142 409
380 409
395 409
250 410
306 410
52 411
199 411
350 411
366 411
456 411
16 412
84 412
64 413
177 413
259 413
422 413
167 415
220 414
107 415
130 415
316 415
333 415
30 416
427 415
463 416
157 417
76 418
265 418
302 418
390 418
120 419
229 419
408 419
240 420
469 420
143 421
277 421
362 421
447 421
22 422
46 422
95 422
199 422
346 422
247 423
289 423
310 423
435 423
69 424
327 424
190 425
213 425
19 426
183 426
417 426
133 426
223 427
473 427
169 428
255 428
402 428
103 429
388 429
59 430
81 430
266 430
317 430
369 430
422 430
458 430
14 431
479 431
286 432
337 432
155 433
242 433
122 434
305 434
375 434
442 434
33 435
96 435
181 435
291 435
357 435
52 436
72 436
190 436
201 436
394 436
327 437
411 437
7 438
217 438
252 438
274 438
314 439
428 439
447 439
113 440
466 439
231 441
344 441
24 442
85 442
400 442
133 443
332 443
364 443
168 444
262 444
284 444
416 444
471 444
41 445
180 445
193 445
240 446
433 446
59 447
203 447
386 447
122 448
154 448
212 448
454 448
304 449
96 450
320 450
339 450
421 450
474 450
35 451
270 451
408 451
50 452
221 452
382 452
12 453
144 453
357 452
449 453
72 454
373 454
113 455
245 455
262 455
29 456
228 456
344 456
461 456
138 457
193 457
399 457
439 457
180 458
295 458
277 459
414 459
131 460
171 460
329 460
388 460
86 461
204 461
237 461
426 461
107 462
264 462
301 462
454 462
57 463
159 463
250 463
313 463
349 463
442 464
39 465
78 465
333 465
471 465
366 466
381 466
460 466
120 467
149 467
216 467
97 468
268 468
431 469
183 471
241 471
286 471
371 472
418 472
71 473
114 473
139 473
193 473
305 473
340 473
177 474
446 474
49 475
88 475
225 475
256 475
290 475
318 475
462 475
26 476
169 476
200 476
332 476
358 476
405 476
477 475
109 478
274 478
376 478
418 478
64 479
210 479
44 480
159 480
246 480
346 480
390 480
128 482
422 482
467 482
335 483
363 483
81 484
103 484
292 484
323 484
56 485
230 485
259 485
308 485
378 485
278 486
395 486
440 486
148 487
456 487
183 488
195 488
350 488
15 489
426 488
36 490
471 490
94 491
232 491
247 491
295 491
368 491
70 492
113 492
48 493
264 493
382 493
399 493
412 493
137 494
166 494
311 494
217 496
234 497
326 497
463 497
475 497
159 499
253 499
342 499
110 500
448 500
83 501
201 501
298 501
358 501
386 501
3 502
22 502
41 502
130 502
192 502
267 502
372 502
416 501
183 503
314 503
285 504
434 505
466 505
151 506
205 506
329 506
236 507
54 508
144 508
174 508
253 508
421 508
301 509
374 509
389 509
405 509
74 510
99 510
121 510
452 510
469 510
437 511
30 512
318 512
361 512
239 513
270 513
169 514
289 514
409 515
454 515
13 516
67 516
93 516
114 516
188 516
252 516
301 517
333 517
40 518
220 518
423 519
392 520
162 521
316 521
376 521
439 521
365 522
458 522
61 523
271 523
106 524
201 524
336 524
414 524
429 524
156 525
129 526
28 527
179 527
253 527
475 527
218 528
395 528
53 529
288 529
325 529
443 529
75 532
150 532
209 532
366 532
380 532
176 533
97 534
315 535
435 535
15 536
338 536
398 536
43 537
119 537
193 537
236 537
352 537
420 537
290 538
149 539
171 539
329 539
383 539
276 540
368 540
447 540
217 541
303 541
8 542
189 542
250 542
264 542
412 542
34 544
87 544
203 544
231 544
317 544
341 544
423 544
465 544
437 545
109 546
145 546
387 546
402 546
60 547
165 547
186 547
353 548
449 548
291 549
374 549
79 550
265 550
330 550
135 551
201 551
368 551
213 551
418 553
50 554
230 554
388 554
248 555
17 556
131 556
439 556
453 557
470 557
97 558
180 558
277 558
305 558
331 559
369 559
157 560
222 560
263 560
343 560
378 560
70 561
390 561
39 562
122 562
245 562
321 562
353 562
196 563
7 564
421 564
408 565
440 565
92 566
172 566
473 566
455 567
260 568
276 567
288 568
304 568
332 568
61 570
130 570
380 570
26 571
109 571
227 571
394 571
215 572
321 572
345 572
200 573
355 573
370 573
82 574
148 574
167 574
48 577
256 578
332 578
397 578
412 578
441 578
274 579
424 579
181 580
370 580
223 581
302 581
383 581
13 582
39 582
76 582
122 582
99 583
323 583
344 583
137 584
310 584
478 584
239 585
463 585
191 586
398 586
175 587
115 588
335 588
5 589
324 589
30 590
206 590
384 590
447 590
416 591
60 592
89 592
130 592
269 592
284 592
358 592
430 592
108 593
153 593
252 594
232 595
299 595
402 595
185 596
202 596
310 596
335 596
166 597
121 598
213 598
468 598
372 599
19 600
347 600
393 600
449 600
297 601
48 602
97 602
359 602
384 602
80 603
226 604
283 604
336 605
436 605
452 605
471 605
139 606
38 607
263 607
295 607
69 608
157 609
190 609
308 609
348 609
409 609
455 609
107 610
245 610
373 610
359 611
132 612
208 612
422 612
385 613
60 614
258 614
322 614
398 615
24 616
293 616
334 616
276 617
126 618
196 618
236 618
359 618
375 618
150 619
412 619
94 620
165 620
216 620
54 621
85 622
426 622
305 623
179 624
350 624
388 624
399 624
448 624
13 625
119 625
362 625
374 625
141 626
468 626
79 628
251 628
192 629
229 630
155 631
440 631
453 631
287 632
319 632
336 632
170 633
376 633
420 633
327 634
349 634
365 634
133 635
148 635
205 635
267 635
390 635
405 635
472 635
68 636
103 636
247 637
302 637
184 639
