182 5
299 7
315 7
345 7
148 8
268 8
215 8
362 9
377 11
387 11
202 12
251 12
140 13
194 16
238 16
325 16
398 15
166 17
228 17
311 17
339 17
416 17
287 20
293 20
220 20
125 22
271 22
428 22
151 23
182 24
146 26
249 26
347 26
442 26
360 27
371 27
386 30
313 31
320 31
165 32
194 32
405 32
134 33
223 33
304 33
284 34
212 36
273 36
260 37
154 38
246 38
124 39
423 38
149 41
180 41
110 42
231 43
337 42
352 42
369 43
139 46
171 46
313 46
276 47
291 47
392 47
453 48
131 49
267 50
403 50
161 51
207 51
414 51
122 53
252 53
187 55
330 56
350 56
367 57
432 57
315 58
144 59
229 58
298 58
217 62
285 62
387 62
452 62
266 64
403 64
474 64
134 66
80 67
416 66
248 68
332 68
199 69
294 70
302 70
321 70
343 70
432 71
158 72
188 72
237 72
356 72
92 74
444 74
228 75
367 75
382 77
116 78
145 78
278 78
216 79
303 79
463 79
177 80
269 80
285 80
326 81
398 81
170 83
204 83
258 83
347 83
407 83
473 84
59 86
97 86
196 86
423 86
246 87
161 88
130 89
235 89
88 90
367 90
438 90
376 91
121 92
185 92
218 93
178 94
287 94
268 95
300 95
457 95
320 96
328 96
345 96
206 98
397 98
406 98
107 100
255 100
312 100
415 100
472 100
71 102
165 103
242 103
195 104
431 105
231 106
129 108
188 108
335 109
347 109
58 110
97 110
158 110
315 110
325 110
365 110
376 110
386 110
394 110
448 110
289 111
304 111
152 112
220 111
296 112
280 112
460 113
265 114
398 115
121 116
174 116
255 116
411 116
207 118
471 118
422 120
142 121
243 121
352 122
359 122
430 122
110 123
195 123
438 123
329 124
340 124
236 125
372 125
297 126
319 126
447 126
229 126
305 127
389 127
286 129
155 131
180 131
268 131
406 131
460 130
66 132
95 132
129 133
213 134
260 134
419 135
336 136
346 136
357 136
57 137
248 137
475 137
144 138
203 138
426 138
365 139
120 140
235 140
318 140
379 140
298 141
437 141
276 142
392 142
112 143
163 143
287 143
327 143
399 144
47 145
133 145
270 145
338 145
448 145
190 146
408 147
262 148
347 148
217 149
420 150
250 151
34 153
104 153
360 153
430 153
465 153
172 155
240 155
386 156
444 156
147 157
205 157
299 157
371 157
279 158
314 158
94 159
229 159
272 159
325 159
121 160
402 161
264 162
337 162
163 164
456 164
189 165
217 165
414 165
356 166
135 167
158 167
251 167
244 168
286 167
83 169
107 170
206 170
373 170
428 170
474 170
153 171
181 172
276 172
384 172
236 173
269 173
319 173
327 173
439 173
341 174
300 174
311 174
227 176
262 176
398 176
73 177
125 177
195 177
289 178
348 178
409 178
363 179
449 179
170 180
246 181
274 182
374 182
119 183
142 183
188 183
423 184
459 184
210 185
235 185
387 186
95 187
313 186
58 188
110 188
265 188
303 188
325 188
392 188
338 189
293 190
469 190
254 191
433 191
401 192
222 193
352 193
132 194
178 194
275 194
362 194
411 194
78 195
197 195
442 195
105 197
151 197
236 198
260 200
299 200
309 200
376 199
97 202
127 202
168 202
325 202
387 202
457 202
68 204
348 204
119 205
207 205
228 205
184 206
430 205
398 208
248 209
270 209
358 209
470 210
368 211
90 212
160 212
218 212
411 213
442 213
134 214
314 214
280 215
293 215
477 215
173 216
302 216
331 216
340 216
267 217
381 217
421 217
55 218
193 218
235 218
211 220
108 221
254 221
349 221
392 221
455 221
75 225
128 225
147 226
363 226
433 226
45 228
122 228
299 227
404 228
465 228
95 229
315 229
283 230
289 230
327 230
179 230
196 231
271 231
410 231
217 232
336 232
381 232
343 233
475 234
443 235
156 236
260 236
354 237
452 237
91 238
37 239
66 239
113 239
423 239
135 240
238 240
187 241
288 241
314 241
301 242
393 242
168 243
362 242
109 244
459 244
229 245
329 245
401 246
148 247
272 247
436 247
465 247
33 248
376 248
246 249
345 249
409 250
180 251
103 252
192 253
203 253
353 253
384 253
472 253
218 254
22 255
77 255
276 255
294 255
256 256
323 256
448 256
308 257
173 258
239 258
363 258
268 259
390 259
423 258
455 259
372 260
331 261
432 261
413 262
213 263
340 263
94 264
116 265
231 265
251 265
401 266
11 267
153 267
315 267
438 267
460 267
348 267
168 269
322 269
194 270
285 270
293 270
422 270
63 271
302 271
242 272
178 273
221 273
358 273
387 273
407 273
85 274
266 274
274 274
332 274
206 275
372 275
108 276
394 277
435 277
129 278
312 278
259 279
455 279
214 280
341 280
376 280
471 280
416 281
78 283
289 283
323 283
443 283
232 284
278 285
350 285
368 285
304 286
330 286
100 287
200 287
424 287
122 288
170 288
212 288
405 288
267 289
248 290
316 290
141 291
178 291
376 291
391 291
223 293
458 294
240 295
197 296
280 295
413 296
150 297
274 297
288 296
359 297
168 298
326 298
112 299
136 299
303 299
399 299
364 300
209 301
233 302
256 302
60 303
436 303
218 304
310 304
171 305
337 305
250 306
130 307
146 307
368 307
82 308
194 308
317 308
387 308
285 309
473 309
455 309
161 311
296 311
102 312
181 312
229 313
270 313
355 313
374 313
445 313
52 314
169 314
321 314
343 314
407 315
304 316
74 317
120 318
238 318
326 319
359 319
261 320
156 321
346 321
96 321
168 322
332 322
433 322
288 323
451 323
115 324
132 324
362 324
253 325
416 325
70 326
88 326
200 326
211 326
382 326
396 326
465 326
295 327
45 328
175 328
313 328
224 329
368 329
164 330
154 333
301 333
423 333
244 335
270 335
318 335
386 335
410 335
474 335
126 336
338 336
352 336
84 337
209 337
279 337
219 338
233 338
376 338
59 339
263 339
443 339
150 340
196 340
308 340
425 340
457 339
158 341
399 341
97 343
172 343
366 343
294 344
412 344
184 345
119 346
230 346
284 346
241 347
255 347
79 348
330 348
354 348
380 349
218 350
432 350
194 351
206 351
313 351
343 351
369 351
463 351
48 353
158 354
115 355
130 355
301 355
421 355
218 358
392 358
437 359
126 360
144 360
324 360
371 360
451 360
278 361
288 362
335 362
406 362
108 363
191 363
203 363
261 363
425 363
167 364
315 364
359 364
472 365
155 366
178 366
231 366
244 367
348 367
385 367
303 368
326 370
85 371
425 371
440 371
397 372
458 372
122 373
374 374
410 374
253 375
140 376
153 376
176 376
266 377
348 377
361 377
118 378
164 378
200 378
289 378
313 378
338 378
228 379
387 379
219 380
303 380
102 381
128 381
445 381
79 382
189 384
247 384
285 385
402 385
412 385
464 385
315 386
150 387
265 387
175 388
349 388
327 389
75 390
138 390
221 390
339 390
380 390
206 391
369 391
392 391
428 391
452 392
257 393
297 393
470 393
416 394
126 397
172 397
160 398
249 398
278 398
113 399
68 400
302 400
83 401
147 401
240 401
313 401
395 401
473 401
222 402
406 402
418 402
188 403
197 403
431 403
292 404
339 404
383 404
63 406
374 406
208 407
444 407
135 408
270 408
349 408
362 408
461 408
226 409
326 409
81 410
96 411
249 411
298 411
398 411
159 412
237 412
244 412
112 413
124 415
311 415
385 417
422 415
434 416
448 416
77 418
173 418
413 419
147 420
190 420
359 420
260 421
294 421
215 422
340 422
467 422
92 423
280 423
200 425
135 426
174 426
326 427
159 428
237 428
359 428
228 429
272 429
439 429
73 430
195 430
306 430
347 430
400 430
122 431
90 433
458 432
442 433
185 434
321 434
474 435
103 436
289 436
381 436
414 436
336 437
391 437
162 438
257 438
202 439
447 440
84 441
137 441
146 441
213 441
217 442
429 442
243 443
319 443
301 444
356 444
405 444
191 445
369 445
234 446
120 447
345 447
431 447
476 447
380 448
228 449
179 450
275 450
454 450
417 451
331 452
265 453
295 453
344 453
103 454
202 454
254 455
460 455
77 456
152 456
287 457
315 458
382 458
392 458
240 459
420 459
184 460
230 460
354 462
406 462
440 462
213 463
222 463
342 463
279 464
422 464
466 464
140 465
366 465
89 467
172 467
308 467
192 468
127 469
388 469
423 469
264 470
472 470
68 471
113 471
158 472
254 472
456 472
201 473
327 473
348 473
377 473
434 473
233 474
301 474
242 475
317 475
86 476
410 476
388 477
426 477
447 477
210 478
129 479
162 479
361 479
292 480
334 482
344 482
396 482
451 482
184 483
440 483
465 483
166 484
385 484
116 485
308 485
373 485
151 486
429 486
82 487
286 487
396 488
97 489
135 489
195 489
332 489
341 489
175 490
436 490
317 491
352 493
383 493
462 493
208 494
278 494
368 494
159 496
213 496
295 496
423 496
395 497
315 498
327 498
409 498
222 499
265 500
472 500
120 501
145 501
236 501
165 502
247 502
257 502
446 502
286 503
308 503
360 503
426 503
194 504
343 504
375 506
319 507
403 507
456 507
98 508
204 508
300 509
272 510
386 510
428 510
262 511
295 512
352 512
435 512
158 513
218 513
466 513
134 514
229 514
252 514
333 514
87 515
108 515
189 515
412 515
234 516
396 516
138 517
443 518
168 519
365 520
405 520
327 521
383 521
449 521
286 522
305 522
344 522
200 523
277 523
118 524
271 524
143 525
177 526
209 526
400 526
218 527
265 527
338 527
458 527
128 528
230 528
259 528
373 529
390 529
98 530
186 530
247 530
318 531
415 531
105 532
334 532
422 532
430 532
471 533
162 535
445 535
275 536
350 536
308 537
167 538
205 538
325 538
142 539
366 539
238 540
243 540
266 540
403 541
178 542
225 542
230 542
254 542
381 542
393 543
151 544
456 544
316 545
338 545
447 545
123 546
423 547
434 547
351 549
194 550
160 551
206 551
414 551
225 552
328 552
345 552
371 552
135 553
217 553
231 553
239 553
270 553
244 554
255 554
316 555
404 555
292 556
361 558
397 558
145 559
181 559
191 560
338 560
356 561
379 561
429 561
435 561
447 561
457 561
208 563
320 566
348 566
304 567
367 567
256 568
266 568
280 568
167 569
231 569
246 570
339 572
403 572
177 573
410 573
183 574
424 574
356 576
195 577
386 577
310 579
319 579
369 579
285 580
305 580
296 581
234 583
219 584
407 587
248 588
341 588
395 589
205 592
378 592
305 593
320 593
212 594
362 595
328 596
234 597
314 597
262 603
280 603
207 604
213 604
293 605
224 609
240 609
304 609
316 610
254 613
329 614
275 616
287 617
303 621
319 621
