123 2
159 1
216 2
299 2
288 3
207 4
368 4
452 4
84 5
319 5
420 5
383 6
187 7
112 8
144 8
328 8
347 10
398 10
134 12
468 12
104 13
70 14
171 14
247 14
262 14
276 14
440 14
159 15
126 16
234 16
361 16
222 17
452 17
91 18
296 18
378 18
414 17
212 19
426 19
143 20
317 22
462 21
83 23
194 23
332 23
387 23
184 24
130 26
343 26
402 26
105 27
172 28
443 28
73 29
451 29
358 30
250 31
120 32
160 32
236 33
276 33
304 33
375 33
62 34
209 34
289 34
420 34
387 36
103 37
320 37
88 38
142 38
186 38
326 38
467 39
439 40
127 42
342 42
367 42
45 43
167 43
353 44
71 45
380 45
407 45
455 45
112 46
153 47
243 48
64 49
212 49
224 49
256 49
280 49
422 49
273 50
364 50
291 51
299 51
309 51
94 52
139 53
186 53
198 53
468 53
55 54
435 54
126 55
321 55
333 55
400 55
84 56
175 56
343 57
44 60
448 61
360 62
415 62
70 63
150 64
230 65
243 65
268 65
101 66
215 66
297 66
466 66
142 67
255 67
282 67
315 67
382 67
64 68
329 68
31 69
92 69
132 69
200 69
391 69
430 68
180 70
120 72
343 73
441 73
479 73
54 74
168 74
403 75
109 77
449 77
77 79
152 79
304 79
365 80
375 80
413 80
220 81
230 81
239 81
247 81
262 81
142 82
278 82
287 82
318 82
425 82
195 83
209 83
385 83
37 84
184 84
465 84
67 85
93 85
334 85
130 87
168 87
393 87
476 88
297 89
347 89
158 90
436 90
357 92
314 93
110 94
46 95
409 95
143 96
245 96
260 96
329 96
67 97
455 97
40 98
195 98
207 98
215 98
227 98
178 99
271 99
420 99
286 100
343 101
380 101
94 103
128 103
297 103
353 103
395 104
160 105
317 105
467 105
436 106
84 107
203 107
363 107
52 109
109 109
329 109
476 109
24 110
376 110
191 111
237 111
253 111
411 111
181 112
135 113
221 114
276 114
347 115
68 116
123 116
170 116
451 116
211 117
362 117
288 118
321 118
393 118
94 119
156 120
195 120
299 120
432 120
334 121
461 121
61 122
312 122
84 123
372 123
470 123
113 124
142 124
185 124
175 125
231 125
242 125
347 125
408 125
78 126
220 126
255 126
29 127
210 127
267 127
383 127
104 128
477 128
46 129
129 129
326 129
99 130
282 130
359 130
71 131
298 133
417 133
447 133
338 134
392 134
118 135
149 136
374 136
89 137
143 137
429 137
468 137
57 139
261 139
313 139
347 139
380 139
172 140
272 140
224 141
236 141
249 141
320 141
408 141
105 142
435 142
458 142
51 143
282 143
330 143
31 144
79 144
212 144
359 144
128 145
389 145
479 145
159 146
202 146
417 146
299 148
371 149
150 151
345 151
464 151
246 152
312 152
38 153
64 153
259 153
329 153
448 153
141 154
182 154
233 154
270 154
282 155
380 155
404 155
426 155
220 156
111 157
210 157
356 157
475 157
14 158
337 158
172 159
293 159
455 159
391 160
413 160
25 161
97 161
433 161
197 162
159 163
328 163
371 163
127 164
304 164
400 165
46 166
350 166
444 166
67 167
151 167
235 167
255 167
313 167
183 168
227 168
264 168
424 169
362 170
209 171
281 171
19 172
113 172
407 172
82 173
319 173
342 173
385 173
175 174
200 174
293 174
137 175
169 176
452 176
472 176
54 177
328 177
8 178
161 178
306 178
98 179
247 179
260 179
371 179
392 179
191 180
229 181
238 181
336 181
356 181
436 181
221 182
271 182
416 182
380 183
115 184
131 184
464 184
283 185
362 185
316 186
18 187
88 187
212 187
444 188
148 189
176 189
200 189
388 189
405 189
169 191
248 191
299 191
352 192
121 193
242 193
325 193
373 193
429 193
451 193
105 194
163 195
232 195
271 195
310 195
412 195
475 195
190 196
224 197
278 197
285 197
98 198
357 198
436 198
54 199
399 199
337 200
131 201
383 201
211 202
294 202
27 203
71 203
465 203
153 204
177 205
204 205
322 206
345 206
368 206
255 207
263 207
408 207
422 207
241 208
303 208
19 209
107 209
144 209
197 209
429 209
125 210
161 210
233 210
275 210
281 210
474 211
62 212
83 212
452 212
38 213
225 213
353 213
414 213
189 215
218 215
331 215
459 215
314 216
384 216
398 216
364 217
288 218
152 220
241 221
29 222
205 222
339 222
440 222
94 223
256 223
266 223
300 223
420 223
162 224
320 224
389 224
233 225
372 225
49 226
357 227
225 228
466 228
109 229
128 230
160 230
179 231
199 231
345 231
378 231
425 231
451 233
40 234
216 234
287 234
365 234
307 235
326 235
194 236
255 236
394 236
173 237
351 237
106 238
213 238
122 239
141 239
249 239
411 239
60 240
153 240
264 240
369 240
383 241
77 242
341 242
434 242
457 242
237 243
33 244
167 244
312 245
294 246
94 247
270 247
329 247
116 248
343 248
54 249
418 249
441 249
188 250
205 250
68 251
228 251
252 251
163 252
372 252
388 252
143 253
311 253
403 254
294 255
362 256
21 257
275 257
345 257
451 257
243 258
330 258
135 259
183 259
441 259
312 260
424 260
364 261
144 262
156 262
376 262
220 263
168 264
200 264
334 264
40 265
238 265
392 265
425 265
84 266
109 266
298 266
408 266
62 267
257 267
279 267
128 268
197 270
313 271
13 272
170 272
233 272
348 273
466 273
179 274
218 274
278 274
367 275
381 275
447 275
76 276
411 276
314 277
394 277
97 278
332 279
351 281
216 282
278 282
315 282
367 282
398 282
433 282
239 283
120 284
152 284
255 284
298 284
31 285
137 285
166 286
97 287
384 287
199 288
219 288
237 288
52 289
350 289
370 290
399 290
456 290
416 291
276 292
220 293
315 293
337 294
439 294
137 295
183 295
241 295
295 295
477 295
68 296
115 297
333 299
459 299
266 300
222 301
354 301
370 301
384 301
421 301
199 302
90 303
255 303
207 304
166 305
134 306
152 306
225 306
245 306
332 307
109 308
308 308
288 309
350 309
390 309
38 310
367 310
406 310
448 310
461 310
59 312
182 312
226 312
429 312
209 313
321 313
151 314
84 316
166 316
251 316
403 316
197 317
259 318
372 318
451 318
235 319
418 319
129 321
220 321
273 321
304 321
315 321
353 323
391 322
106 323
407 323
421 323
54 324
254 325
333 325
438 326
183 327
281 327
77 328
149 328
235 328
208 330
225 330
263 330
376 330
457 330
472 330
331 332
196 333
422 333
98 335
316 335
365 335
350 336
182 337
229 337
48 338
71 338
138 338
274 338
256 339
290 339
444 339
213 340
378 340
330 341
408 341
231 342
173 344
394 344
160 345
262 346
199 348
348 348
379 348
413 348
89 349
326 349
447 349
468 349
65 350
185 350
365 350
116 351
171 352
428 352
279 354
235 355
307 355
181 358
197 358
251 358
412 358
447 358
295 359
378 359
474 359
132 360
395 360
105 362
167 362
226 362
270 362
322 362
78 363
53 365
151 365
340 365
432 365
178 367
239 368
283 368
215 369
395 370
415 370
192 372
451 372
209 373
256 373
315 373
45 375
146 375
171 375
229 375
276 375
71 376
357 376
299 377
374 377
343 378
329 379
469 380
91 381
118 382
165 382
184 383
200 383
242 383
431 383
215 384
312 384
410 384
265 385
286 386
134 387
237 387
371 387
395 387
355 388
414 389
436 390
57 391
160 392
306 392
192 393
279 393
339 394
82 396
132 397
317 396
220 397
349 397
397 397
243 398
102 399
367 399
410 401
267 402
71 403
203 403
147 404
441 404
125 405
463 405
236 407
254 408
191 410
287 410
358 410
60 411
328 411
405 411
225 412
339 412
309 414
443 414
183 415
83 416
130 416
275 416
372 417
113 418
209 418
332 419
460 420
265 421
297 422
384 422
404 422
321 423
102 424
177 424
450 424
351 425
197 426
365 426
63 427
242 427
426 427
230 429
290 429
91 431
164 432
282 432
219 434
469 434
271 435
440 435
309 436
335 436
455 436
151 437
371 437
414 437
187 438
80 439
195 439
386 439
256 440
299 441
174 442
323 442
407 442
247 443
349 444
168 445
401 446
286 447
160 449
224 449
428 449
82 450
313 450
209 451
128 452
360 452
260 453
337 453
388 453
273 455
303 455
193 456
244 456
411 456
452 456
71 457
326 457
466 457
168 460
101 461
113 461
351 461
257 462
145 463
159 463
247 463
370 463
430 463
218 464
400 464
211 465
234 465
88 466
199 466
286 466
182 467
417 467
124 470
335 470
278 471
385 471
162 472
172 472
361 472
268 473
304 473
354 475
459 475
104 476
255 476
326 476
92 477
347 477
228 478
242 478
407 478
213 479
433 479
288 480
153 481
171 481
364 481
192 482
135 483
330 485
394 485
357 487
98 488
245 491
263 491
305 491
348 491
452 493
152 494
179 494
202 494
228 494
221 495
362 498
415 498
433 498
130 499
285 502
347 502
397 502
112 503
245 507
192 508
217 508
270 509
362 509
150 510
325 510
179 511
138 512
423 513
304 515
291 516
396 516
340 520
381 520
206 521
238 521
367 522
193 523
326 523
306 525
276 526
292 526
258 529
319 529
414 532
399 533
345 534
378 534
386 534
307 536
355 536
284 539
271 540
