322 2
209 5
256 5
307 5
122 7
163 7
239 8
471 8
282 9
456 10
387 11
109 12
402 12
418 12
227 13
350 13
368 13
432 13
271 14
334 14
442 14
145 15
190 15
323 16
91 18
454 18
259 19
308 19
215 20
295 21
128 22
469 22
172 23
238 24
282 25
374 26
401 26
119 28
197 28
265 28
387 28
419 28
155 29
352 30
183 31
223 31
329 31
344 31
439 31
311 33
454 33
320 34
248 35
98 36
137 36
461 36
476 36
294 37
387 37
165 39
201 39
405 39
270 40
374 40
420 40
159 41
191 41
202 41
229 41
231 41
276 41
367 41
366 42
120 43
123 43
261 43
264 43
352 44
429 44
182 45
346 45
149 46
338 46
448 46
143 47
145 47
325 47
324 48
252 49
286 49
304 49
107 50
142 50
164 52
203 52
396 52
471 52
267 54
367 54
383 54
400 54
405 54
421 54
221 55
226 55
258 56
124 57
131 57
158 57
262 57
340 57
434 57
211 58
248 58
88 59
196 59
302 60
149 61
178 61
193 61
325 61
448 61
152 62
174 62
235 62
150 63
194 63
225 63
288 63
391 63
395 63
192 64
235 64
462 64
137 65
277 65
395 65
73 66
106 66
263 66
266 66
346 66
372 66
374 66
390 66
136 67
256 67
259 67
386 67
394 67
477 67
169 68
208 68
412 68
350 69
426 69
160 70
248 70
325 70
439 71
229 72
236 72
204 73
281 73
304 73
152 74
153 74
121 76
153 76
372 76
453 76
270 77
403 77
88 78
219 78
224 78
184 79
187 79
211 79
221 79
269 79
342 79
366 79
143 80
177 81
417 81
419 81
427 81
250 82
314 82
317 82
78 83
169 83
388 83
435 83
473 83
133 84
136 84
203 84
240 84
293 84
103 85
297 85
401 85
162 86
275 86
132 87
342 87
357 87
360 87
402 87
438 87
156 88
161 88
327 88
334 88
370 88
223 89
257 89
323 89
406 89
455 89
67 90
181 90
370 90
87 91
313 91
316 91
370 91
150 92
246 92
384 92
420 92
425 92
143 93
387 93
115 94
209 94
301 94
434 94
237 95
299 95
397 95
293 96
396 96
274 97
290 97
434 97
472 97
351 98
436 98
189 99
193 99
344 99
408 99
440 99
158 100
362 100
444 100
214 101
339 101
357 101
375 101
258 102
323 102
329 102
376 102
124 103
309 103
319 103
337 103
415 103
240 104
429 104
94 105
121 105
387 105
424 105
428 105
124 106
301 106
432 106
456 106
144 107
399 107
439 107
168 108
285 108
397 108
166 109
171 109
349 109
141 110
197 110
350 110
364 110
191 111
227 111
414 111
473 111
274 112
452 112
418 113
76 114
183 114
186 114
263 114
358 114
368 114
426 114
132 115
332 115
315 116
325 116
328 116
432 116
213 117
382 117
99 118
302 118
400 118
464 118
153 119
177 119
180 119
300 119
402 119
438 119
146 120
400 120
91 121
198 121
252 121
123 122
145 122
252 122
281 122
286 122
356 122
115 123
231 123
367 123
376 123
422 123
165 124
171 124
192 124
246 124
339 124
353 124
369 124
415 124
60 125
112 125
277 125
338 125
351 125
352 125
427 125
316 126
386 126
437 126
477 126
268 127
310 127
327 127
134 128
138 128
186 128
310 128
74 129
180 129
242 129
307 129
398 129
441 129
129 130
214 130
233 130
406 131
418 131
97 132
202 132
259 132
292 132
297 132
299 132
339 132
415 132
455 132
369 133
373 133
172 134
254 134
346 134
125 135
144 135
278 135
288 135
352 135
368 135
371 135
427 135
87 136
146 136
172 136
192 136
218 136
223 136
335 136
350 136
364 136
385 136
425 136
435 136
96 137
122 137
247 137
248 137
278 137
323 137
327 137
332 137
339 137
465 137
87 138
118 138
213 138
60 139
313 139
315 139
398 139
438 139
411 140
214 141
298 142
82 143
105 143
158 143
183 143
227 143
260 143
419 143
129 144
451 144
203 145
360 145
368 145
372 145
378 145
74 146
126 146
152 146
174 146
200 146
329 146
334 146
340 146
378 146
105 147
155 147
176 147
245 147
286 147
430 147
98 148
150 148
279 148
336 148
360 148
145 149
198 149
276 149
316 149
340 149
392 149
397 149
401 150
431 150
466 150
91 151
63 152
305 152
333 152
412 152
115 153
137 153
141 153
189 153
230 153
265 153
303 153
409 153
207 154
346 154
443 154
227 155
419 155
156 156
452 156
85 157
109 157
179 157
254 157
135 158
179 158
249 158
365 158
427 158
195 159
196 159
277 159
286 159
376 159
132 160
152 160
239 160
280 160
390 160
173 161
213 161
217 161
338 161
149 162
171 162
269 162
312 162
325 162
401 162
193 163
213 163
306 163
320 163
331 163
402 163
350 164
433 164
469 164
99 165
171 165
188 165
301 165
360 166
376 166
415 166
63 167
120 167
163 167
165 167
167 167
256 167
383 167
417 167
293 168
375 168
137 169
140 169
199 169
289 169
388 169
163 170
423 170
428 170
448 170
86 171
215 171
239 171
243 171
274 171
426 171
340 172
346 172
134 173
174 173
196 173
313 173
322 173
332 173
341 173
213 174
264 174
311 174
315 174
345 174
405 174
436 174
462 174
190 175
261 175
263 175
323 175
367 175
368 175
415 175
52 176
176 176
228 176
268 176
351 176
360 176
99 177
292 177
423 177
436 177
130 179
148 179
391 179
72 180
188 180
249 180
255 180
388 180
200 181
402 181
440 181
110 182
159 183
333 183
347 183
450 183
185 184
237 184
272 184
279 184
356 184
414 184
315 185
317 185
318 185
370 186
412 186
123 187
194 187
81 188
99 188
152 188
176 188
304 188
388 188
422 188
207 189
432 189
206 190
256 190
293 190
466 190
226 191
149 192
103 193
252 193
285 193
338 193
347 193
350 193
402 193
404 193
69 194
173 194
359 194
443 194
167 195
186 195
279 195
364 195
415 195
213 196
242 196
244 196
377 196
453 196
477 196
36 197
148 197
165 197
166 197
327 197
318 198
428 198
212 199
266 199
325 199
140 200
141 200
156 200
182 200
184 200
309 200
310 200
348 200
84 201
101 201
182 201
235 201
260 201
388 201
46 202
60 202
102 202
208 202
230 202
252 202
294 202
436 202
226 203
249 203
259 203
357 203
399 203
464 203
118 204
156 204
178 204
364 204
175 205
326 205
369 205
409 205
450 205
199 206
246 206
364 206
410 206
199 207
220 207
220 208
238 208
334 208
378 208
150 209
152 209
172 209
242 209
338 209
343 209
414 209
146 210
274 210
315 210
425 210
108 211
191 211
330 211
346 211
386 211
50 212
171 212
233 212
385 212
393 212
422 212
89 213
90 213
301 213
397 213
439 213
69 214
87 214
143 214
466 214
66 215
122 215
208 215
401 215
426 215
444 215
161 216
258 216
288 216
361 216
67 217
141 217
183 217
221 217
400 217
408 217
161 218
452 218
98 219
271 219
274 219
374 219
412 219
40 220
120 220
217 220
324 220
333 220
408 220
59 221
101 221
318 221
330 221
439 221
61 222
93 222
98 222
260 222
415 222
463 222
96 223
178 223
199 223
212 223
237 223
301 223
343 223
385 223
112 224
133 224
348 224
393 224
425 224
449 224
58 225
133 225
135 225
174 225
211 225
231 225
251 225
255 225
286 225
355 225
357 225
390 225
170 226
226 226
349 226
51 227
147 228
221 228
428 228
436 228
31 229
107 229
108 229
206 229
248 229
276 229
368 229
188 230
240 230
306 230
402 230
54 231
199 231
378 231
102 232
213 232
234 232
438 232
48 233
121 233
215 233
258 233
299 233
415 233
459 233
322 234
159 235
193 235
258 235
339 235
445 235
141 236
252 236
290 236
330 236
346 236
348 236
352 236
397 236
424 236
64 237
67 237
116 237
121 237
312 237
425 237
41 238
77 238
119 238
242 238
250 238
283 238
226 239
245 239
452 239
470 239
64 240
93 240
268 240
405 240
407 240
62 241
217 241
244 241
366 241
133 242
173 242
438 242
150 243
251 243
126 244
128 244
330 244
340 244
378 244
421 244
464 244
147 245
215 245
270 245
343 245
351 245
380 245
147 246
200 246
300 246
386 246
235 247
251 247
292 247
421 247
83 248
283 248
302 248
388 248
30 249
106 249
192 249
255 249
279 249
281 249
317 249
362 249
123 250
140 250
208 250
231 250
323 250
364 250
395 250
397 250
428 250
451 250
142 251
166 251
274 251
400 251
409 251
432 251
7 252
52 252
184 252
185 252
189 252
272 252
339 252
160 254
231 254
381 254
435 254
139 255
156 255
205 255
179 256
260 256
347 256
351 256
254 257
20 258
113 258
294 258
363 258
388 258
424 258
91 259
175 259
220 259
250 259
309 259
361 259
408 259
426 259
466 259
43 260
147 260
149 260
181 260
316 260
321 260
391 260
193 261
326 261
369 261
429 261
60 262
246 262
276 262
445 262
176 263
234 263
238 263
450 263
132 264
157 264
159 264
177 264
210 264
274 264
338 264
129 265
155 265
380 265
130 266
141 266
346 266
144 267
231 267
263 267
348 267
405 267
407 267
477 267
208 268
235 268
225 269
415 269
124 270
233 270
286 270
292 270
374 270
438 270
50 271
141 271
170 271
188 271
207 271
248 271
251 271
291 271
358 271
303 272
310 272
334 272
399 272
461 272
246 273
285 273
83 274
105 274
188 274
224 274
419 274
23 275
151 275
277 275
314 275
315 275
342 275
368 275
43 276
201 276
205 276
269 276
325 276
329 276
351 276
366 276
382 276
384 276
425 276
442 276
331 277
387 277
404 277
64 278
132 278
243 278
329 278
120 279
201 279
242 279
370 279
372 279
427 279
198 280
215 280
271 280
340 280
81 281
117 281
147 281
181 281
391 281
458 281
470 281
163 282
197 282
267 282
296 282
361 282
435 282
35 283
75 283
178 283
217 283
282 283
307 283
398 283
53 284
414 284
57 285
178 285
212 285
215 285
258 285
259 285
418 285
436 285
381 286
144 287
158 287
230 287
232 287
353 287
422 287
52 288
70 288
89 288
92 288
93 288
230 288
252 288
322 288
419 288
91 289
109 289
319 289
422 289
75 290
251 290
257 290
275 290
444 290
173 291
228 291
254 291
274 291
325 291
386 291
467 291
24 292
111 292
304 292
391 292
428 292
151 293
152 293
231 293
244 293
290 293
362 293
429 293
67 294
191 294
226 294
360 294
49 295
138 295
156 295
244 295
371 295
397 295
450 295
65 296
204 296
124 297
135 297
202 297
245 297
269 297
270 297
344 297
68 298
414 298
436 298
147 299
346 299
238 300
261 300
264 300
309 300
80 301
116 301
119 301
196 301
349 301
403 301
83 302
117 302
179 302
235 302
312 302
352 302
477 302
13 303
84 303
147 303
224 303
354 303
384 303
407 303
423 303
465 303
36 304
101 304
316 304
384 304
406 304
409 304
443 304
198 305
255 305
288 305
290 305
324 305
356 305
413 305
147 306
179 306
235 306
364 306
409 306
55 307
163 307
191 307
197 307
334 307
411 307
111 308
279 308
128 309
231 309
98 310
231 310
379 310
434 310
26 311
159 311
270 311
397 311
418 311
435 311
455 311
53 312
176 312
187 312
249 312
345 312
473 312
140 313
142 313
208 313
303 313
268 314
313 314
371 314
421 314
443 314
46 315
73 315
223 315
227 315
247 315
351 315
20 316
157 316
188 316
293 316
373 316
324 317
404 317
108 318
170 318
222 318
265 318
319 318
333 318
354 318
464 318
104 319
242 319
288 319
292 319
294 319
357 319
374 319
296 320
374 320
426 320
41 321
118 321
186 321
280 321
430 321
86 322
259 322
336 322
412 322
449 322
62 323
105 323
284 323
13 324
182 324
236 324
259 324
279 324
363 324
395 324
116 325
257 325
359 325
381 325
198 326
219 326
242 326
261 326
291 326
340 326
435 326
278 327
346 327
152 328
282 328
468 328
280 329
317 329
454 329
114 330
229 330
276 330
279 330
369 330
419 330
35 331
56 331
161 331
326 331
351 331
130 332
273 332
401 332
189 333
260 333
271 333
322 333
177 334
325 334
213 335
273 335
349 335
351 335
387 335
441 335
75 336
164 336
240 337
478 337
110 338
254 338
258 338
270 338
332 338
335 338
393 338
460 338
187 339
228 339
273 339
91 340
127 340
253 340
29 341
51 341
187 341
213 341
298 341
357 341
393 341
197 342
330 342
376 342
410 342
424 342
446 342
108 343
173 343
196 343
255 343
291 343
374 343
143 344
393 344
67 345
253 345
119 346
170 346
267 346
288 346
396 346
467 346
158 347
291 347
376 347
377 347
396 347
429 347
171 348
272 348
359 348
87 349
168 349
210 349
295 349
320 349
339 350
119 351
239 351
285 351
322 351
357 351
453 351
208 352
432 352
82 353
97 353
99 353
293 353
314 353
344 353
359 353
415 353
180 354
192 354
224 354
252 354
290 354
323 354
321 355
403 355
444 355
471 355
210 356
212 356
269 356
329 356
43 357
208 357
254 357
308 357
365 357
180 358
239 358
363 358
392 358
118 359
289 359
311 359
458 359
118 360
270 360
150 361
166 361
191 361
325 361
417 361
16 362
97 362
149 362
222 362
292 362
347 362
406 362
407 362
438 362
475 362
75 363
238 363
275 363
379 363
428 363
33 364
189 364
236 364
268 364
289 364
292 364
323 364
345 364
362 364
391 364
95 365
133 365
180 365
238 365
269 365
306 365
56 366
108 366
303 366
346 366
149 367
207 367
208 367
226 367
254 367
113 368
133 368
176 368
393 368
417 368
432 368
454 368
464 368
53 369
129 369
160 369
287 369
366 369
396 369
148 370
179 370
269 370
336 370
393 370
30 371
143 371
253 371
367 371
432 371
160 372
193 372
241 372
346 372
363 372
408 372
53 373
85 373
163 373
205 373
318 373
332 373
334 373
349 373
445 373
51 374
91 374
190 374
220 374
253 374
307 374
7 375
127 375
276 375
314 375
86 376
160 376
219 376
240 376
255 376
421 376
434 376
468 376
223 377
236 377
274 377
398 377
109 378
259 378
332 378
49 379
87 379
155 379
436 379
474 379
106 380
220 380
334 380
424 380
435 380
174 381
327 381
398 381
448 381
458 381
64 382
343 382
352 382
385 382
411 382
423 382
174 383
411 383
22 384
84 384
124 384
154 384
221 384
238 384
259 384
322 384
45 385
123 385
281 385
366 385
376 385
45 386
138 386
223 386
302 386
322 386
347 386
156 387
188 387
263 387
305 387
307 387
425 387
78 388
106 388
192 388
291 388
298 388
312 388
350 388
352 388
438 388
73 389
204 389
238 389
244 389
366 389
477 389
227 390
240 390
292 390
303 390
311 390
341 390
402 390
414 390
78 391
176 391
300 391
401 391
462 391
157 392
265 392
387 392
440 392
455 392
76 393
140 393
388 393
430 393
220 394
90 395
116 395
222 395
416 395
75 396
114 396
173 396
262 396
415 396
34 397
55 397
104 397
111 397
140 397
240 397
279 397
327 397
330 397
353 397
137 398
151 398
69 399
202 399
222 399
245 399
251 399
431 399
169 400
241 400
275 400
281 400
365 400
390 400
83 401
457 401
48 402
189 402
209 402
469 402
7 403
207 403
308 403
377 403
391 403
189 404
222 404
226 404
284 404
292 404
317 404
390 404
432 404
30 405
83 405
171 405
172 405
190 405
224 405
245 405
319 405
365 405
135 406
155 406
157 406
307 406
338 406
403 406
121 407
170 407
192 407
224 407
364 407
82 408
257 408
258 408
260 408
351 408
352 408
135 409
151 409
192 409
64 410
227 410
233 410
475 410
83 411
106 411
173 411
264 411
334 411
362 411
134 412
247 412
461 412
137 413
211 413
269 413
391 413
2 414
84 414
189 414
193 414
206 414
209 414
232 414
379 414
408 414
421 414
80 416
248 416
250 416
120 417
207 417
83 418
158 418
285 418
377 418
58 419
81 419
101 419
136 419
156 419
231 419
296 419
303 419
310 419
348 419
363 419
253 420
323 420
424 420
450 420
478 420
175 421
233 421
17 422
96 422
190 422
235 422
409 422
437 422
38 423
118 423
218 423
255 423
298 423
359 423
99 424
196 424
213 424
235 424
466 424
178 425
208 425
80 426
258 426
337 426
455 426
95 427
121 427
193 427
197 427
236 427
240 427
257 427
398 427
428 427
58 428
81 428
100 428
116 428
153 428
192 428
341 428
353 428
378 428
138 429
265 429
338 429
377 429
388 429
220 430
369 430
139 431
35 432
120 432
164 432
183 432
223 432
269 432
280 432
378 432
442 432
134 433
221 433
331 433
78 435
134 435
244 435
281 435
297 435
326 435
154 436
294 436
311 436
353 436
195 437
323 437
414 437
475 437
100 438
322 438
353 438
431 438
457 438
135 439
183 439
223 439
349 439
362 439
389 439
139 440
120 441
168 441
12 442
137 442
204 442
341 442
400 442
166 443
183 443
232 443
255 443
361 443
363 443
310 444
81 445
121 445
156 445
275 445
303 445
476 445
237 446
266 446
280 446
299 446
307 446
433 446
35 447
167 447
187 447
189 447
337 447
349 447
447 447
102 448
170 448
238 448
264 448
292 448
294 448
333 448
377 448
392 448
79 449
103 450
118 450
120 450
211 450
215 450
243 450
331 450
56 451
97 451
327 451
462 451
8 452
217 452
326 452
373 452
418 452
173 453
62 454
84 454
99 454
187 454
192 454
324 454
373 454
83 455
191 455
217 455
98 456
247 456
314 456
317 456
405 456
435 456
102 457
142 457
157 457
254 457
313 457
36 458
141 458
308 458
369 458
214 459
219 459
223 459
227 459
298 459
311 459
451 459
78 460
84 460
86 460
273 460
362 460
12 461
80 461
125 461
283 461
379 461
422 461
104 462
160 462
162 462
178 462
225 462
264 462
296 462
63 463
175 463
397 463
58 464
103 464
233 464
235 464
361 464
408 464
149 465
237 465
331 465
228 466
392 466
38 467
161 467
182 467
203 467
470 467
10 468
131 468
240 468
350 468
64 469
67 469
81 469
87 469
147 469
322 469
59 470
166 470
179 470
245 470
384 470
454 470
116 471
182 471
269 471
276 471
286 471
313 471
320 471
131 472
133 472
238 472
302 472
86 473
151 473
166 473
184 473
188 473
284 473
314 473
381 473
191 474
413 474
70 475
84 475
113 475
247 475
248 475
340 475
385 475
43 476
90 476
133 476
184 476
193 476
221 476
223 476
382 476
386 476
426 476
460 476
171 477
329 477
367 477
401 477
42 478
43 478
68 478
114 478
136 478
193 478
221 478
293 478
329 478
381 478
191 479
218 479
333 479
324 480
330 480
88 481
167 481
222 481
231 481
257 481
318 481
428 481
143 482
268 482
270 482
284 482
286 482
316 482
322 482
358 482
431 482
277 483
289 483
353 483
449 483
147 484
351 484
203 485
237 485
465 485
173 486
379 486
391 486
418 486
432 486
92 487
148 487
158 487
342 487
402 487
99 488
101 488
124 488
207 488
122 489
299 489
338 489
33 490
181 490
104 491
127 491
131 491
154 491
215 491
245 491
374 491
378 491
103 492
221 492
223 492
367 492
422 492
472 492
67 493
127 493
157 493
247 493
409 493
436 493
453 493
107 494
274 494
279 494
325 494
365 494
162 495
221 495
324 495
393 495
409 495
438 495
77 496
107 496
109 496
259 496
272 496
278 496
112 497
193 497
363 497
47 498
143 498
224 498
313 498
424 498
114 499
141 499
350 499
463 499
233 500
348 500
109 501
201 501
307 501
85 502
117 502
311 502
447 502
56 503
175 503
335 503
381 503
25 504
209 504
248 504
250 504
300 504
303 504
333 504
118 505
119 505
342 505
128 506
245 506
274 506
288 506
334 506
467 506
93 507
123 507
147 507
245 507
402 507
417 507
182 508
254 508
270 509
367 509
370 509
325 510
316 511
359 511
160 512
222 512
226 512
321 512
348 512
356 512
52 513
353 513
354 513
407 513
442 513
455 513
134 514
312 514
350 515
237 516
83 517
84 517
159 517
200 517
396 517
475 517
141 518
202 518
304 518
379 518
388 518
142 519
263 519
267 519
280 519
206 520
243 520
277 520
278 520
291 520
295 520
344 520
380 520
391 520
169 521
254 521
306 521
371 521
92 522
243 522
245 522
439 522
98 523
124 523
213 523
325 523
422 523
97 524
106 524
127 524
146 524
206 524
212 524
329 524
465 524
108 525
361 525
454 525
314 526
356 526
181 527
403 527
150 528
353 528
355 528
78 529
179 529
183 529
409 529
429 529
471 529
83 530
112 530
153 530
221 530
311 530
349 530
447 530
106 531
186 531
216 531
225 531
262 531
434 531
112 532
238 532
86 533
89 533
158 533
222 533
402 533
90 534
159 534
266 534
197 535
248 535
328 535
339 535
409 535
416 535
89 536
126 536
168 536
203 536
239 536
270 536
286 536
324 536
57 537
120 537
201 537
202 537
243 537
329 537
331 537
383 537
88 538
171 538
236 538
324 538
325 538
201 539
367 539
416 539
131 540
176 540
215 540
358 540
213 541
304 541
99 542
179 542
355 542
442 542
461 542
137 543
299 543
307 543
310 543
296 544
350 544
427 544
142 545
189 545
215 545
303 545
341 545
72 546
111 547
241 547
246 547
260 547
268 547
272 547
284 547
344 547
190 548
152 549
191 549
329 549
450 549
274 550
323 550
390 550
116 551
119 551
191 551
194 551
329 551
414 551
416 551
83 552
152 552
409 552
200 553
121 554
211 554
313 554
92 555
129 555
155 555
157 555
207 555
371 555
124 556
175 556
310 556
357 556
134 557
163 557
228 557
59 558
130 558
171 558
288 558
96 559
163 559
233 559
315 559
333 559
337 559
343 559
99 560
242 560
301 560
305 560
308 560
268 561
287 561
107 563
329 563
464 563
261 564
75 565
141 565
190 565
411 565
447 565
472 565
142 566
271 566
387 566
401 566
140 568
201 568
209 568
401 568
380 569
144 570
220 570
223 570
282 570
347 570
362 570
370 570
378 570
158 571
237 571
242 571
337 571
433 571
302 572
332 572
341 572
343 572
359 572
430 572
262 573
351 573
462 573
319 574
101 575
168 575
443 575
417 578
124 579
126 579
389 579
418 579
274 580
400 580
190 581
271 581
78 582
385 582
330 583
335 583
348 583
377 583
404 583
139 584
217 584
259 584
278 584
291 584
346 584
382 584
398 584
400 584
211 585
357 585
367 585
455 585
313 586
403 586
421 586
153 587
206 587
436 587
468 588
97 589
441 589
270 590
110 591
260 592
128 593
183 593
269 594
280 594
138 595
238 595
358 595
369 595
373 595
274 596
276 596
323 596
403 596
130 597
341 597
358 597
374 597
387 597
324 598
327 598
405 598
306 599
395 599
200 600
278 600
369 600
99 601
152 601
446 601
465 601
427 602
210 604
237 604
287 605
167 606
271 606
366 608
124 609
185 609
380 609
315 611
332 613
409 614
423 614
457 614
297 615
96 616
154 616
251 616
226 617
265 617
273 617
447 617
470 617
169 619
191 623
364 624
121 625
349 625
377 625
144 626
201 626
317 626
333 626
213 628
399 628
448 628
156 629
413 629
427 629
237 630
246 630
256 630
391 633
168 634
281 634
290 634
178 636
304 637
