375 1
426 1
257 2
240 3
278 3
230 4
246 4
289 4
305 4
212 5
319 5
130 6
219 6
437 6
392 7
337 8
189 9
121 10
175 11
114 12
162 13
357 13
259 15
274 15
154 16
292 16
456 16
244 17
148 18
222 18
313 18
381 19
421 19
140 20
204 21
472 21
97 22
333 22
132 23
193 23
182 25
122 26
261 26
398 26
438 26
167 27
250 27
276 27
351 28
289 29
156 31
302 31
368 31
416 31
109 32
144 33
148 33
230 33
223 34
211 35
237 35
315 35
379 35
100 37
257 37
439 37
132 38
198 38
281 38
329 38
479 40
181 41
183 41
281 41
330 41
340 41
346 41
395 41
454 41
124 42
127 42
286 43
163 44
176 44
348 44
405 44
165 45
305 45
354 45
357 45
402 45
356 46
360 46
405 46
79 47
423 47
111 48
153 48
315 48
357 48
149 49
161 49
227 49
235 49
242 49
254 49
214 50
221 50
266 50
368 50
154 51
255 51
268 51
425 51
427 51
194 52
244 52
250 52
263 52
287 52
129 53
141 53
200 53
270 53
384 53
436 53
132 54
137 54
188 54
235 54
247 54
278 54
319 54
323 54
96 56
264 56
274 56
285 56
332 56
304 57
351 57
443 57
124 58
127 58
175 58
297 58
343 58
474 58
398 59
166 60
440 60
161 62
354 62
416 62
453 62
121 63
348 63
82 64
357 64
362 64
409 64
229 65
413 65
416 65
214 66
218 66
242 66
224 67
234 67
260 67
372 67
141 68
147 68
198 68
210 68
252 68
272 68
284 68
292 68
296 68
302 68
317 68
414 68
69 69
106 69
184 69
206 69
225 69
259 69
312 69
138 70
315 70
129 71
162 71
210 71
215 71
329 71
425 71
185 72
220 72
327 72
432 72
434 72
132 73
197 73
204 73
389 73
60 74
94 74
174 74
331 74
140 75
168 75
337 75
340 75
131 76
395 76
444 77
475 77
218 78
230 79
236 79
351 79
119 80
169 80
216 80
226 80
269 80
288 80
353 80
407 80
411 80
440 80
239 81
272 81
273 81
365 81
81 82
117 82
158 82
215 82
228 82
262 82
151 83
206 83
248 83
251 83
264 83
306 83
365 83
197 84
81 85
103 85
323 85
378 85
417 85
100 86
103 86
197 86
379 87
102 88
104 88
140 88
144 88
186 88
463 88
333 89
428 89
68 90
178 90
188 90
386 90
390 90
261 91
281 91
339 91
94 92
168 92
174 92
392 92
97 93
130 93
133 93
291 93
173 94
235 94
237 94
246 94
59 95
125 95
163 95
250 95
302 95
397 95
439 95
92 96
153 96
215 96
217 96
227 96
247 96
358 96
87 97
117 97
120 97
201 97
208 97
210 97
236 97
260 97
404 97
152 98
204 98
206 98
216 98
239 98
244 98
312 98
478 98
52 99
119 99
195 99
197 99
268 99
451 99
84 101
145 101
151 101
187 101
259 101
326 101
413 101
78 102
107 102
114 102
144 102
106 103
279 103
385 103
82 104
84 104
377 104
333 105
137 106
288 106
142 107
138 108
221 108
391 108
427 108
463 108
215 109
347 109
383 109
387 109
163 110
164 110
168 110
398 110
124 111
207 111
218 111
304 111
65 112
94 112
127 112
128 112
204 112
238 112
357 112
401 112
152 113
162 113
200 113
201 113
264 113
93 114
151 114
242 114
265 114
151 115
157 115
273 115
316 115
439 115
477 115
369 116
112 117
184 117
186 117
265 117
276 117
368 117
89 118
183 118
146 119
415 119
55 120
171 120
336 120
381 120
82 121
114 121
221 121
340 121
413 121
111 122
136 122
205 122
220 122
298 122
421 122
426 122
455 122
81 123
209 124
295 124
349 124
461 124
159 125
205 125
419 125
161 126
190 126
235 126
238 126
250 126
394 126
160 127
195 127
315 127
45 128
71 128
99 128
127 128
183 128
228 128
233 128
258 128
266 128
356 128
223 129
230 129
359 129
433 129
477 129
98 130
149 130
223 130
235 130
275 130
328 130
428 130
433 130
102 131
179 131
181 131
281 131
334 131
360 131
430 131
178 132
211 132
143 133
205 133
207 133
289 133
333 133
90 134
118 134
340 134
406 134
167 135
375 135
143 136
199 136
303 136
438 136
90 137
167 137
340 137
111 138
416 138
418 138
449 138
457 138
58 139
186 139
239 139
316 139
422 139
235 140
249 140
261 140
353 140
419 140
81 141
217 141
238 141
309 141
350 141
387 141
52 142
106 142
155 142
158 142
228 142
229 142
176 143
274 143
329 143
83 144
128 144
209 144
213 144
327 144
78 145
173 145
282 145
329 145
427 145
100 146
284 146
289 146
395 146
471 146
96 147
122 147
426 147
45 148
174 148
334 148
367 148
144 149
166 149
168 149
197 149
431 149
455 149
71 150
191 150
294 150
301 150
231 151
240 151
252 151
337 151
115 152
190 152
245 152
308 152
345 152
159 153
165 153
221 153
236 153
259 153
401 153
405 153
411 153
437 153
41 154
91 154
159 154
212 154
219 154
347 154
135 155
179 155
273 155
316 155
378 155
112 156
133 156
181 156
182 156
201 156
30 157
113 157
466 157
111 158
352 158
59 159
85 159
175 159
182 159
284 159
327 159
416 159
107 160
149 161
172 161
361 161
447 161
82 162
125 162
225 162
291 162
334 162
360 162
387 162
220 163
297 163
299 163
236 164
248 164
301 164
396 164
426 164
102 165
333 165
478 165
164 166
199 166
255 166
292 166
423 166
120 167
189 167
306 167
337 167
339 167
421 167
427 167
455 167
265 168
136 169
139 169
311 169
339 169
342 169
400 169
91 170
94 170
184 170
275 170
376 170
404 170
277 171
371 171
460 171
41 172
68 172
89 172
285 172
321 172
435 172
131 173
401 173
405 173
433 173
270 174
285 174
354 174
410 174
149 175
230 175
235 175
150 176
232 176
238 176
437 176
38 177
87 177
106 177
172 177
206 177
211 177
220 177
248 177
251 177
295 177
323 177
385 177
412 177
107 178
329 178
331 178
362 178
386 178
418 178
436 178
440 178
469 178
84 179
88 179
160 179
200 179
235 179
298 179
331 179
159 180
257 180
302 180
83 181
124 181
188 181
260 181
337 181
339 181
367 181
391 181
447 181
31 182
55 182
142 182
269 182
120 183
301 183
424 183
475 183
78 184
274 184
397 184
421 184
150 185
308 185
26 186
276 186
317 186
344 186
137 187
184 187
284 187
307 187
315 187
398 187
163 188
216 188
375 188
225 189
244 189
288 189
349 189
112 190
113 190
205 190
287 190
431 190
457 190
244 191
251 191
432 191
174 192
199 192
252 192
377 192
91 193
152 193
155 193
254 193
257 193
260 193
311 193
259 194
295 194
41 195
189 195
334 195
408 195
437 195
295 196
438 196
66 197
324 197
330 197
386 197
437 197
128 198
363 198
387 198
391 198
466 198
102 199
104 199
363 199
440 199
278 200
281 200
307 200
411 200
116 201
147 201
164 201
215 201
305 201
364 201
61 202
127 202
142 202
145 202
207 202
211 202
220 202
228 202
229 202
237 202
309 202
337 202
394 202
58 203
82 203
147 203
185 203
203 203
237 203
283 203
306 203
415 203
418 203
43 204
141 204
188 204
191 204
197 204
236 204
247 204
250 204
77 205
206 205
220 205
285 205
476 205
58 206
126 206
138 206
310 206
419 206
424 206
31 207
96 207
179 207
447 207
55 208
261 208
266 208
293 208
294 208
318 208
346 208
375 208
138 209
157 209
178 209
401 209
54 210
125 210
109 211
271 212
119 213
430 213
48 214
132 214
243 214
271 214
277 214
304 214
326 214
382 214
429 214
458 214
90 215
153 215
167 215
209 215
407 215
212 216
218 216
224 216
248 216
250 216
362 216
150 217
163 217
169 217
199 217
274 217
279 217
303 217
305 217
388 217
389 217
435 217
114 218
191 218
202 218
283 218
50 219
168 219
232 219
253 219
278 219
352 219
466 219
101 220
129 220
145 220
227 220
371 220
48 221
65 221
161 221
313 221
371 221
411 221
142 222
183 222
238 222
262 222
316 222
335 222
287 223
436 223
41 224
142 224
145 224
395 224
79 225
157 225
269 225
395 225
78 226
60 227
247 227
271 227
287 227
318 227
360 227
377 227
143 228
215 228
305 228
394 228
57 229
62 229
203 229
251 229
304 229
439 229
177 230
192 230
214 230
290 230
326 230
384 230
402 230
477 230
55 231
171 231
202 231
228 231
345 231
439 231
226 232
234 232
278 232
308 232
122 233
136 233
257 233
259 233
386 233
455 233
90 234
259 234
261 234
295 234
401 234
420 234
437 234
103 235
136 235
281 235
298 235
440 235
30 236
51 236
152 236
279 236
331 236
55 237
239 237
425 237
55 238
213 238
373 238
463 238
214 239
245 239
314 239
351 239
69 240
163 240
222 240
408 240
50 241
100 241
146 241
197 241
269 241
300 241
394 241
120 242
163 242
189 242
228 242
251 242
269 242
305 242
271 243
289 243
302 243
428 243
22 244
120 244
162 244
192 244
424 244
95 245
180 245
252 245
253 245
321 245
338 245
382 245
130 246
225 246
359 246
67 247
82 247
131 247
144 247
160 247
410 247
271 248
384 248
470 248
141 249
155 249
230 249
236 249
276 249
430 249
130 250
154 250
158 250
173 250
201 250
234 250
172 251
210 251
291 251
344 251
41 252
104 252
242 252
276 252
292 252
362 252
365 252
389 252
62 253
81 253
431 253
113 254
126 254
174 254
203 254
215 254
218 254
261 254
309 254
328 254
412 254
437 254
194 255
209 255
367 255
417 255
434 255
439 255
115 256
239 256
126 257
224 257
243 257
395 257
400 257
418 257
459 257
77 258
126 258
137 258
192 258
246 258
296 258
299 258
314 258
434 258
279 259
350 259
395 259
34 260
183 260
192 260
299 260
315 260
397 260
419 260
56 261
151 261
228 261
249 261
266 261
375 261
87 262
181 262
269 262
283 262
436 262
198 263
200 263
252 263
281 263
371 263
440 263
179 264
182 264
209 265
300 265
150 266
318 266
400 266
405 266
464 266
148 267
186 267
252 267
427 267
72 268
175 268
213 268
284 268
98 269
216 269
256 269
338 269
357 269
373 269
390 269
424 269
426 269
209 270
236 270
272 270
289 270
43 271
133 271
218 271
271 271
378 271
426 271
469 271
170 272
178 272
391 272
108 273
173 273
218 273
325 273
380 273
408 273
429 273
119 274
237 274
257 274
362 274
411 274
426 274
94 275
95 275
122 275
270 275
239 276
363 276
366 276
393 276
396 276
414 276
80 277
95 277
192 277
223 278
226 278
309 278
310 278
362 278
451 278
167 279
200 279
274 279
365 279
158 280
168 280
185 280
242 280
294 280
325 280
347 280
415 280
142 281
186 281
262 281
312 281
128 282
155 282
453 282
477 282
51 283
105 283
399 283
49 284
104 284
386 284
61 285
161 285
203 285
230 285
278 285
313 285
414 285
76 286
164 286
215 286
311 286
435 286
456 286
46 287
105 287
182 287
288 287
437 287
217 288
353 288
401 288
63 289
74 289
103 289
117 289
313 289
417 289
163 290
205 290
300 290
91 291
117 291
154 291
178 291
315 291
328 291
30 292
61 292
75 292
103 292
291 292
292 292
45 293
192 293
314 293
318 293
235 294
389 294
422 294
404 295
142 296
281 296
424 296
45 297
57 297
116 297
237 297
341 297
376 297
441 297
465 297
266 298
295 298
306 298
358 298
173 299
210 299
223 299
236 299
374 299
376 299
23 300
156 300
392 300
409 300
440 300
169 301
307 301
88 302
115 302
319 302
429 302
138 303
378 304
380 304
413 304
167 305
171 305
199 305
212 305
248 305
408 305
298 306
16 307
38 307
87 307
167 307
184 307
415 307
124 308
170 308
238 308
297 308
364 308
365 308
383 308
450 308
84 309
112 309
260 309
319 309
320 309
431 309
432 309
473 309
55 310
111 310
226 310
350 310
381 310
68 311
84 311
210 311
71 312
111 312
53 313
194 313
272 313
299 313
399 313
97 314
224 314
284 314
418 314
434 314
208 315
283 315
225 316
251 316
336 316
457 316
110 317
178 317
240 317
364 317
386 317
434 317
68 318
312 318
353 318
108 319
177 319
284 319
367 319
33 320
193 320
435 320
53 321
55 321
151 321
190 321
385 321
80 322
176 322
209 322
240 322
302 322
335 322
440 322
276 323
52 324
67 324
94 324
189 324
224 324
238 324
274 324
300 324
401 324
26 325
82 325
240 325
325 325
326 325
422 325
438 325
142 326
152 326
172 326
174 326
189 326
274 326
387 326
462 326
171 327
250 327
354 327
370 327
391 327
50 328
139 328
157 328
187 328
289 328
356 328
408 328
445 328
65 329
91 329
207 329
315 329
111 330
253 330
303 330
353 330
371 330
390 330
48 331
93 331
109 331
226 331
372 331
126 332
168 332
239 332
339 332
375 332
51 333
107 333
112 333
186 333
203 333
355 333
431 333
65 334
107 334
128 334
187 334
393 334
471 334
80 335
94 335
251 335
273 335
330 335
357 335
142 336
153 336
343 336
393 336
46 337
77 337
264 337
369 337
412 337
63 338
219 338
452 338
35 339
129 339
179 339
183 339
304 339
329 339
331 339
373 339
380 339
181 340
265 340
376 340
50 341
63 341
124 341
295 341
307 341
317 341
342 341
357 341
360 341
62 342
107 342
308 342
479 342
64 343
93 343
155 343
170 343
203 343
286 343
294 343
319 343
375 343
416 343
433 343
434 343
166 344
200 344
358 344
399 344
436 344
108 345
168 345
223 345
344 345
439 345
163 346
237 346
375 346
61 347
78 347
110 347
360 347
142 348
144 348
237 348
437 348
459 349
129 351
189 351
264 351
361 351
380 351
442 351
92 352
94 352
108 352
223 352
287 352
364 352
48 353
274 354
440 354
106 355
130 355
148 355
190 355
224 355
298 355
311 355
323 355
336 355
385 355
403 355
406 355
177 356
210 356
251 356
300 356
348 356
362 356
385 356
389 356
425 356
468 356
48 357
153 357
188 357
207 357
221 357
311 357
18 358
62 358
107 358
157 358
173 358
249 358
262 358
264 358
287 358
350 358
77 359
119 359
165 359
180 360
235 360
33 361
93 361
218 361
221 361
324 361
337 361
110 362
252 362
363 362
365 362
452 362
106 363
182 363
92 364
199 364
235 364
479 364
90 365
123 365
203 365
351 365
377 365
60 366
122 366
138 366
234 366
183 367
262 367
325 367
217 368
234 368
336 368
377 368
111 369
263 369
432 369
90 370
137 370
142 370
107 371
124 371
139 371
234 371
395 371
170 372
171 372
351 372
363 372
379 372
392 372
75 373
146 373
159 373
249 373
46 374
92 374
158 374
340 374
415 374
193 375
196 375
216 375
437 375
471 375
161 376
230 376
351 376
366 376
197 377
231 377
381 377
33 378
116 378
162 378
274 378
294 378
381 378
118 379
215 379
272 379
285 379
370 379
76 380
273 380
117 381
189 381
212 381
353 382
420 382
246 383
369 383
383 383
44 384
120 384
123 384
225 384
230 384
274 384
329 384
385 384
399 384
172 385
180 385
208 385
331 385
447 385
107 386
185 386
225 386
247 386
372 386
173 387
259 387
261 387
65 388
94 388
135 388
181 388
187 388
308 388
387 388
92 389
201 389
226 389
248 389
319 389
31 390
127 390
132 390
159 390
405 390
152 391
206 391
344 391
377 391
392 391
138 392
143 392
156 392
158 392
164 392
172 392
177 392
258 392
358 392
372 392
144 393
243 393
283 393
148 394
199 394
468 394
136 395
140 395
160 395
378 395
240 396
428 396
115 397
120 397
139 397
144 397
146 397
258 397
270 397
380 397
409 397
442 397
220 398
397 398
82 399
98 399
146 399
188 399
192 399
242 399
295 399
307 399
382 399
394 399
474 399
118 400
68 401
123 402
217 402
334 402
383 402
188 403
256 403
179 404
268 404
347 404
450 404
172 405
173 405
239 405
103 406
53 407
169 407
177 407
211 407
269 407
364 407
33 408
435 408
107 409
156 409
164 409
365 409
414 409
458 409
383 410
88 411
165 411
292 411
389 411
136 412
202 412
279 412
307 412
395 412
145 413
388 413
392 413
394 413
198 414
351 414
90 415
200 415
230 415
265 415
307 415
322 415
468 415
110 416
112 416
293 416
442 416
75 417
250 417
291 417
304 417
336 417
197 418
180 419
320 419
39 420
56 420
250 420
252 420
473 420
179 421
373 421
375 421
250 422
450 422
122 423
101 424
157 424
168 424
185 424
275 424
426 424
180 425
224 425
241 426
376 426
405 426
305 427
339 427
455 427
203 428
138 429
316 430
356 430
65 431
83 431
216 431
286 431
316 431
392 431
429 431
271 432
273 432
284 432
368 432
197 433
342 433
47 434
149 434
232 434
190 435
258 435
270 435
328 435
435 435
89 436
91 436
116 436
179 436
382 436
93 437
163 437
177 437
179 437
313 438
417 439
470 439
99 440
267 440
302 440
316 440
372 440
119 441
166 441
245 441
266 441
75 442
243 442
255 442
364 442
101 443
124 443
134 443
343 443
400 443
130 444
311 444
401 444
477 444
222 445
265 445
296 445
326 445
200 446
222 446
277 446
139 447
195 447
238 447
239 447
453 447
138 448
148 448
192 448
370 448
393 448
146 449
252 449
426 449
353 450
159 451
160 451
252 451
356 451
115 452
169 452
252 452
370 452
145 453
170 453
216 453
271 453
375 453
396 453
171 454
211 454
232 454
434 454
175 455
232 455
248 455
342 455
465 455
127 456
209 456
358 456
359 456
377 456
94 458
100 458
267 458
125 459
71 460
364 460
411 460
445 460
130 461
135 461
196 461
269 461
304 461
363 461
199 462
264 462
384 462
244 463
390 463
144 464
188 464
242 464
337 464
81 465
144 465
161 465
186 465
188 465
201 465
222 465
454 465
110 466
223 466
320 466
177 467
262 467
365 467
373 467
427 467
281 468
395 468
398 468
372 469
213 470
218 470
372 470
211 471
256 471
273 471
93 472
125 472
256 472
280 472
124 473
331 473
352 473
381 473
405 473
470 473
379 474
442 474
210 475
294 475
348 475
99 476
348 476
141 477
272 477
313 477
341 477
384 477
450 477
105 478
141 478
145 478
198 478
173 479
195 479
158 480
162 480
166 480
191 480
423 481
76 482
168 482
246 483
270 483
309 483
225 484
246 484
82 485
221 485
263 485
325 485
400 485
434 485
209 486
372 487
124 488
264 488
362 488
239 489
354 489
200 490
262 490
380 490
411 490
150 491
225 491
281 491
303 491
102 492
167 492
281 492
387 493
255 494
423 494
170 495
173 495
179 495
297 495
252 496
344 496
112 497
247 497
319 497
270 498
291 498
442 498
127 499
315 499
210 500
334 500
449 501
140 503
270 503
312 503
388 503
99 504
164 504
232 504
243 504
289 504
376 504
407 504
156 505
191 505
195 505
198 505
169 506
181 506
182 506
306 506
307 506
424 506
356 507
107 508
221 508
279 508
182 509
228 509
256 509
214 510
243 511
296 512
299 512
345 512
128 513
333 515
320 517
291 518
292 518
319 518
153 519
372 519
383 519
167 520
171 520
177 520
191 520
192 520
226 520
233 521
251 521
410 521
427 521
208 522
214 522
284 523
308 523
123 526
273 527
350 528
354 528
294 531
142 532
158 532
222 532
213 533
263 533
337 533
238 534
252 534
319 534
411 534
174 536
303 536
187 537
215 543
366 543
373 543
348 545
248 546
320 548
336 548
307 550
267 553
