288 1
345 2
406 2
276 3
332 3
420 3
428 3
437 4
320 5
450 5
247 6
459 7
469 8
266 9
307 9
358 10
386 10
479 10
233 12
376 12
296 13
368 13
348 14
399 14
409 14
420 14
255 15
330 16
341 16
430 17
442 18
453 19
280 20
219 21
273 22
317 22
472 22
212 23
240 24
268 24
370 24
389 24
299 25
396 26
404 26
350 27
419 27
432 28
230 29
289 31
337 31
450 31
206 32
252 32
326 32
464 33
179 34
198 35
223 36
246 36
278 36
311 36
378 37
387 37
410 37
369 38
171 39
301 39
360 39
395 39
422 40
436 40
192 42
263 42
296 42
344 42
424 42
449 42
335 43
460 43
234 44
472 45
207 46
161 47
251 47
323 47
479 47
249 48
399 48
389 49
398 49
402 49
368 50
375 50
383 50
384 50
409 50
312 51
366 51
372 51
381 51
430 51
244 52
272 52
248 53
357 53
362 53
365 53
440 53
457 53
265 54
336 54
427 54
173 55
190 55
238 55
270 55
299 55
261 57
211 58
146 59
194 59
473 59
285 60
277 61
380 61
396 61
397 61
186 62
226 62
324 62
444 62
272 63
372 63
390 63
393 63
410 63
452 63
252 64
303 64
354 64
377 64
378 64
419 64
156 65
270 65
176 66
429 67
465 67
139 68
359 68
440 69
195 70
263 70
289 70
433 70
478 70
262 71
147 72
214 72
232 72
263 72
332 72
388 73
257 74
453 74
303 75
185 76
274 76
398 76
411 76
252 77
358 77
373 77
382 77
464 77
365 78
369 78
402 78
420 78
157 79
203 79
271 79
349 79
140 80
434 80
219 81
226 81
343 81
357 81
424 81
219 82
290 82
335 82
338 82
239 83
261 83
325 83
434 83
259 84
323 84
447 84
477 84
173 85
287 85
326 85
314 86
316 86
281 87
192 88
234 88
276 88
376 88
411 88
152 89
208 89
371 89
383 89
388 89
391 89
397 89
407 89
409 89
461 89
207 90
212 90
307 90
372 90
411 90
414 90
226 91
269 91
302 91
359 91
430 91
228 92
271 92
294 92
125 93
301 93
344 93
349 93
431 93
437 93
145 94
162 94
207 94
241 94
295 94
428 94
261 95
337 95
341 95
477 95
323 96
327 96
442 96
286 97
291 97
178 98
199 98
380 99
458 99
137 100
276 100
383 100
396 100
155 101
231 101
273 101
388 101
399 101
311 102
372 102
396 102
406 102
410 102
420 102
231 103
252 103
370 103
372 103
272 104
354 104
411 104
419 104
166 105
225 105
243 105
269 105
416 105
129 106
149 106
187 106
346 106
349 106
430 106
223 107
241 107
263 107
294 107
335 107
357 107
472 107
326 108
440 108
334 109
213 110
216 110
319 110
162 111
258 111
177 112
233 112
239 112
319 112
402 112
452 112
207 113
281 113
320 113
371 113
398 113
260 114
386 114
389 114
140 115
252 115
255 115
459 115
301 116
418 116
310 117
354 117
467 117
173 118
234 118
295 118
430 118
249 119
269 119
337 119
430 119
150 120
335 120
131 121
182 121
290 121
474 121
212 122
377 122
387 122
398 122
440 122
373 123
387 123
195 124
213 124
385 124
390 124
440 124
164 125
166 125
244 125
325 125
404 125
447 125
479 125
309 126
363 126
179 127
261 127
413 127
225 128
311 128
349 128
279 129
345 129
158 130
221 130
257 130
277 130
427 130
173 131
188 131
206 131
234 131
300 131
304 131
335 131
425 131
463 131
219 132
138 133
331 133
233 134
267 134
378 134
202 135
236 135
290 135
372 135
376 135
394 135
431 135
117 136
184 136
215 136
265 136
316 136
322 136
386 136
248 137
265 137
366 137
368 137
436 137
440 137
184 138
357 138
372 138
401 138
165 139
182 139
183 139
227 139
353 139
412 139
477 139
306 140
310 140
445 140
247 141
261 141
281 141
166 142
340 142
344 142
346 142
420 142
452 142
194 143
207 143
179 144
227 144
240 144
328 144
423 144
126 145
191 145
273 145
306 145
429 145
241 146
297 146
329 146
340 146
222 147
390 147
432 147
464 147
156 148
382 148
393 148
396 148
435 148
175 149
200 149
364 149
368 150
375 150
388 150
402 150
439 150
186 151
266 151
322 151
399 151
409 151
199 152
265 152
309 152
318 152
416 152
137 153
153 153
203 153
269 153
287 153
315 153
356 153
472 153
120 154
185 154
318 154
349 154
448 154
309 155
346 155
421 155
232 156
96 157
167 157
305 157
112 158
211 158
280 158
308 158
312 158
337 158
168 159
258 159
389 159
396 159
455 159
164 160
193 160
305 161
308 161
384 161
433 161
130 162
258 162
333 162
377 162
383 162
392 162
242 163
279 163
299 163
361 163
372 163
411 163
305 164
405 164
464 164
240 165
249 165
273 165
302 165
324 165
178 166
190 166
365 166
123 167
220 167
225 167
412 167
205 168
289 168
321 168
352 168
415 168
145 169
160 169
246 169
271 169
292 169
294 169
104 170
249 170
446 170
265 171
417 171
203 172
315 172
474 172
138 173
285 173
339 173
382 173
391 173
171 174
218 174
264 174
374 174
382 174
390 174
427 174
186 175
232 175
258 175
269 175
338 175
454 175
215 176
308 176
363 176
403 176
243 177
402 177
95 178
185 178
197 178
199 178
434 178
438 178
184 179
282 179
410 179
479 179
137 180
212 180
241 180
300 180
327 180
356 180
118 181
134 181
166 181
181 181
355 181
412 181
196 182
323 182
441 182
138 183
165 183
255 183
275 183
417 183
465 183
130 184
149 184
224 184
239 184
315 184
412 184
297 185
449 185
318 186
345 186
374 186
129 187
161 187
223 187
254 187
312 187
375 187
240 188
285 189
366 189
379 189
385 189
394 189
130 190
235 190
363 190
394 190
399 190
400 190
401 190
472 190
175 191
176 191
193 191
250 191
312 191
361 191
371 191
424 191
90 192
333 192
358 192
394 192
396 192
422 192
427 192
432 192
143 193
159 193
235 193
269 193
286 193
454 193
204 194
217 194
235 194
251 194
281 194
325 194
357 194
365 194
386 194
144 195
185 195
290 195
331 195
352 195
428 195
432 195
435 195
479 195
188 196
325 196
172 197
264 197
124 198
141 198
203 198
229 198
234 198
251 198
279 198
305 198
170 199
282 199
302 199
410 199
411 199
438 199
463 199
200 200
246 200
264 200
323 200
345 200
343 201
138 202
152 202
165 202
419 202
469 202
135 203
245 203
214 204
226 204
314 204
363 204
382 204
121 205
136 205
149 205
277 205
333 205
424 205
181 206
248 206
259 206
332 206
340 206
390 206
445 206
196 207
211 207
272 207
332 207
402 207
361 208
426 208
102 209
148 209
241 209
273 209
278 209
329 209
405 209
294 210
426 210
463 210
159 211
244 211
347 211
227 212
256 212
348 212
353 212
432 212
325 213
357 213
362 213
407 213
161 214
239 214
306 214
82 215
223 215
269 215
415 215
436 215
479 215
178 216
193 216
208 216
217 216
243 216
454 216
236 217
288 217
413 217
272 218
96 219
127 219
239 219
218 220
384 220
394 220
110 221
203 221
338 221
372 221
400 221
415 221
423 221
470 221
142 222
174 222
235 222
314 222
382 222
395 222
397 222
216 223
221 223
157 224
368 224
419 224
424 224
154 225
213 225
263 225
335 225
354 225
370 225
389 225
190 226
217 226
284 226
328 226
443 226
457 226
90 227
237 227
305 227
428 227
329 228
345 228
406 228
355 229
429 229
124 230
230 230
256 230
279 230
328 230
327 231
252 232
429 232
475 232
121 233
170 233
191 233
300 233
347 233
413 233
103 234
130 235
394 235
89 236
118 236
248 236
382 236
387 236
135 237
208 237
224 237
450 237
464 237
185 238
321 238
376 238
388 238
135 239
148 239
269 239
274 239
384 239
413 239
374 240
418 240
419 240
433 240
288 241
290 241
165 242
266 242
368 242
132 243
342 243
405 243
205 244
317 244
323 244
375 244
144 245
246 245
385 245
111 246
271 246
345 246
393 246
94 247
203 247
237 247
124 248
127 248
143 248
161 248
221 248
273 248
283 248
356 248
385 248
198 249
289 249
306 249
422 249
438 249
479 249
179 250
259 250
340 250
357 250
395 250
454 250
124 251
144 251
165 251
269 251
282 251
362 251
389 251
409 251
194 252
240 252
309 252
329 252
349 252
468 252
313 253
332 253
351 253
195 254
197 254
163 255
181 255
200 255
423 255
213 256
218 256
373 256
143 257
191 257
334 257
394 257
411 257
283 258
303 258
377 258
397 258
138 259
157 259
278 259
350 259
102 260
441 260
454 260
142 261
267 261
371 261
399 261
412 261
154 262
171 262
195 262
259 262
386 262
118 263
137 263
236 263
341 263
381 263
173 264
207 264
230 264
365 264
385 264
167 265
188 265
280 265
322 265
361 265
366 265
191 266
238 266
425 266
470 266
138 267
166 267
213 267
341 267
389 267
172 268
205 268
300 268
457 268
185 269
236 269
95 270
150 270
239 270
342 270
441 270
249 271
256 271
362 271
151 272
229 272
150 273
276 273
315 273
387 273
391 273
403 273
187 274
247 274
312 274
359 274
377 274
426 274
471 274
130 275
302 275
317 275
392 275
457 275
269 276
392 276
441 276
167 277
204 277
234 277
322 277
387 277
92 278
292 278
376 278
390 278
148 279
207 279
246 279
267 279
337 279
150 280
230 280
235 280
252 280
289 280
319 280
362 280
472 280
269 281
440 281
460 281
106 282
143 282
160 282
292 282
402 282
424 282
426 282
407 283
412 283
209 284
404 284
438 284
160 285
245 285
286 285
359 285
371 285
393 285
426 285
122 286
391 286
402 286
122 287
221 287
242 287
326 287
349 287
428 287
264 288
273 288
274 288
337 288
376 288
162 289
272 289
285 289
289 289
374 289
392 289
441 289
182 290
224 290
353 290
424 290
140 291
262 291
315 291
404 291
457 291
473 291
246 292
271 292
311 292
407 292
420 292
133 293
313 293
376 293
98 294
200 294
365 294
418 294
420 294
243 295
265 295
332 295
352 295
268 296
327 296
370 296
386 296
388 296
424 296
132 297
152 297
154 297
268 297
304 297
322 297
117 298
178 298
220 298
363 298
240 299
285 299
348 299
288 300
130 301
363 301
426 301
156 302
349 302
367 302
372 302
99 303
135 303
198 303
267 303
305 303
309 303
440 303
216 304
130 305
154 305
324 305
349 305
383 305
426 305
470 305
287 306
347 306
417 306
454 306
250 307
258 307
344 307
171 308
209 308
275 308
280 308
398 308
238 310
337 310
364 310
404 310
420 310
436 310
131 311
188 311
232 311
294 311
325 312
415 312
470 312
216 313
360 313
382 313
405 313
440 313
106 314
206 314
301 314
153 315
210 315
295 315
342 315
357 315
437 315
143 316
261 316
271 316
346 316
380 316
401 316
469 316
216 317
254 317
319 317
386 317
186 318
273 318
296 318
334 318
416 318
229 319
290 319
315 319
204 320
232 320
274 320
322 320
324 320
359 320
383 320
439 320
453 320
147 321
177 321
266 321
122 322
163 322
435 322
247 323
374 323
434 323
465 323
121 324
176 324
255 324
318 324
477 324
119 325
136 325
160 325
337 325
395 325
413 325
140 326
399 326
254 327
285 327
374 327
204 328
250 328
356 328
419 328
433 328
287 329
303 329
394 329
429 329
337 330
377 330
285 331
316 331
397 331
416 331
449 331
173 332
302 332
392 332
301 333
320 333
433 333
462 333
310 334
411 334
433 334
220 335
371 335
398 335
409 335
266 336
314 336
318 336
416 336
196 337
297 337
376 337
152 338
247 338
195 339
243 339
333 339
388 339
396 339
431 339
475 339
412 340
106 341
142 341
217 341
395 341
267 342
316 342
429 342
244 343
280 343
391 343
393 343
409 343
413 343
256 344
295 344
371 344
376 344
442 344
275 345
125 346
127 346
254 346
260 346
366 346
404 346
185 347
350 347
386 348
211 349
408 349
101 350
251 350
329 350
186 351
236 351
293 351
368 351
404 351
425 351
152 352
171 352
182 352
305 352
307 352
312 352
383 352
146 353
152 353
261 353
457 353
471 353
275 354
255 355
309 355
422 355
440 355
172 356
207 356
361 356
370 356
289 357
324 357
407 357
137 358
291 358
346 358
366 358
117 359
194 359
276 359
243 360
246 360
140 361
170 361
340 361
388 361
405 361
226 362
242 362
270 362
380 362
199 363
310 363
400 363
479 363
388 364
367 365
164 366
165 366
189 366
197 366
467 366
271 367
306 367
322 367
420 367
193 368
244 368
363 368
375 368
397 368
129 369
199 369
262 369
341 369
451 369
195 370
219 370
283 370
383 370
435 370
398 371
264 372
246 373
414 373
282 374
340 374
356 374
359 374
361 374
281 375
297 375
317 375
383 375
360 376
371 376
477 376
152 377
173 377
177 377
242 377
259 378
370 378
264 379
278 379
299 379
314 379
377 379
416 379
209 380
341 380
463 380
181 381
301 381
260 382
275 382
282 382
332 382
394 382
355 383
141 385
191 385
289 385
431 385
445 385
228 386
255 386
168 387
358 387
460 387
162 388
188 388
190 388
274 388
367 388
374 388
389 388
311 389
394 389
409 389
167 390
269 390
292 390
332 390
471 390
205 391
336 391
356 391
368 391
267 392
306 392
325 392
134 393
250 393
350 393
368 393
248 394
287 394
368 394
390 394
310 395
384 396
428 396
157 397
303 397
367 397
369 397
455 397
200 398
267 398
248 399
383 399
392 399
249 400
341 400
344 400
286 401
437 401
467 401
302 403
211 404
342 404
385 404
479 404
220 405
247 405
284 405
304 405
327 405
404 405
149 406
318 406
363 406
421 406
281 407
398 407
207 408
244 408
462 408
263 409
206 410
243 410
299 410
342 410
398 410
417 410
434 410
182 411
201 411
205 411
230 411
278 411
317 411
327 411
347 411
449 411
339 412
362 412
478 412
241 413
257 413
277 413
296 414
362 414
395 414
400 414
140 415
298 415
379 415
260 416
209 417
227 417
275 417
317 417
338 417
381 417
393 417
207 418
252 418
274 418
232 419
298 420
459 420
473 420
230 421
291 421
309 421
411 421
201 422
252 423
273 423
373 423
391 423
291 424
428 424
226 425
338 425
354 425
441 425
155 426
407 426
284 427
350 427
391 427
218 428
333 428
336 428
356 428
451 428
286 429
373 429
215 430
351 430
212 431
244 431
327 431
144 432
185 432
288 432
309 432
336 432
388 432
210 433
302 433
391 433
277 434
462 434
284 435
302 435
347 435
211 436
262 436
280 436
383 436
478 436
172 437
244 437
344 437
281 438
328 438
367 438
401 438
263 439
270 439
351 439
435 439
257 440
351 440
364 440
415 441
157 442
260 442
415 442
206 443
385 443
290 444
297 444
303 444
471 444
323 445
325 445
427 445
451 445
223 446
250 446
323 446
340 447
285 448
429 448
269 449
294 449
340 449
355 449
410 449
335 450
295 451
360 451
192 452
242 452
311 452
251 453
406 453
401 454
406 454
463 454
280 455
288 455
285 456
308 456
308 457
348 457
379 457
426 457
243 458
275 458
282 458
332 458
418 458
421 458
423 458
270 459
355 459
240 460
276 460
442 460
333 461
395 463
295 464
469 464
265 465
304 465
320 465
303 466
455 466
300 467
345 467
348 467
343 468
350 468
369 468
415 468
200 469
256 469
245 470
319 470
295 471
185 472
283 473
319 473
335 473
280 474
429 474
316 475
355 475
336 476
473 476
309 477
429 477
381 478
449 478
306 479
357 479
251 480
266 480
267 480
269 480
400 480
246 481
403 481
423 481
225 482
372 482
439 482
463 483
297 484
389 485
323 486
369 488
283 489
392 489
415 489
437 489
411 490
270 491
384 491
407 491
450 491
347 492
383 493
309 494
333 494
403 494
378 495
423 496
404 497
427 497
245 498
462 498
221 499
423 499
375 500
387 500
392 500
376 501
369 502
273 503
296 503
319 504
334 504
442 504
285 505
410 505
310 507
345 507
402 507
358 508
436 509
403 510
467 510
427 511
431 511
429 512
393 513
405 513
391 514
420 514
274 516
376 516
459 516
250 517
289 517
300 517
362 517
366 518
336 519
353 522
388 524
445 524
400 526
417 526
455 527
257 533
403 533
274 534
295 534
310 536
392 536
323 537
339 537
348 537
358 537
469 537
374 538
412 538
452 538
430 539
