283 1
326 1
174 2
225 2
299 2
423 2
89 3
145 3
446 4
58 5
262 5
346 5
209 6
366 6
158 10
243 10
390 10
106 11
468 11
183 12
408 12
327 13
75 14
219 14
279 15
444 15
124 16
312 16
94 17
300 17
350 17
137 18
265 18
163 19
199 19
245 19
381 19
61 22
228 23
341 23
400 23
149 25
184 25
285 25
419 25
82 26
306 26
327 26
108 28
437 28
463 28
171 29
206 30
244 30
264 30
361 31
287 32
122 33
391 33
157 34
332 34
348 35
408 35
224 36
63 37
269 37
319 37
89 38
421 38
253 39
457 39
183 40
350 40
431 40
301 41
356 41
473 41
104 42
133 42
177 42
205 42
240 42
178 44
340 44
373 44
374 44
388 44
399 44
234 45
320 45
332 45
385 45
104 46
232 46
386 46
409 46
75 47
151 47
168 47
276 47
446 47
47 48
165 48
276 48
301 48
457 48
97 49
122 49
219 49
255 49
123 50
255 50
277 50
211 51
364 52
348 53
362 53
470 53
90 54
366 54
372 54
141 55
186 55
323 55
400 55
403 55
183 56
232 56
321 56
384 56
429 56
59 58
132 58
308 58
86 59
131 59
264 59
102 60
153 60
169 60
176 60
296 60
444 60
50 61
214 61
251 62
100 63
337 64
351 64
458 64
94 65
101 65
171 65
372 65
329 66
382 66
397 66
95 67
98 67
138 67
193 67
280 67
403 67
419 67
431 67
474 67
117 68
119 68
160 68
68 69
139 69
140 69
185 69
188 69
236 69
190 70
226 70
90 71
157 71
181 71
262 71
319 71
440 71
107 72
184 72
206 72
308 72
132 73
295 73
347 73
38 74
127 74
154 74
211 74
213 74
327 74
332 74
333 74
347 74
357 74
358 74
450 74
151 75
201 75
249 75
367 75
368 75
104 76
170 76
353 76
387 76
398 76
461 76
126 77
284 77
359 77
392 78
165 79
189 79
191 79
237 79
414 80
473 80
50 81
75 81
224 81
95 82
264 82
327 84
210 85
313 85
351 85
444 85
92 86
124 86
283 86
312 86
316 86
336 86
149 87
284 87
296 87
319 87
344 87
356 87
359 87
86 88
250 88
370 88
378 88
395 89
405 89
417 89
172 90
388 90
459 90
60 92
193 92
239 92
414 92
35 93
82 93
116 93
140 93
168 93
237 93
81 94
433 94
84 95
110 95
475 95
87 96
158 96
310 96
329 96
85 97
181 97
188 97
224 97
237 97
292 97
27 98
311 98
355 98
284 99
292 99
365 99
378 99
123 100
212 100
269 100
346 100
101 101
211 101
413 101
452 101
98 102
200 102
213 102
49 103
253 103
168 104
393 104
99 105
206 105
68 106
97 106
327 106
362 106
402 106
472 106
237 107
312 107
435 107
90 108
111 108
117 108
308 108
94 109
112 109
137 109
155 109
189 109
239 109
283 109
289 109
312 109
405 109
447 109
89 110
195 110
368 110
381 110
273 111
319 111
345 111
224 112
104 113
217 113
85 114
104 114
178 115
184 115
365 115
367 115
462 115
379 116
430 116
31 117
176 117
253 117
392 118
434 118
115 119
204 119
289 119
317 119
383 119
387 119
473 119
295 120
309 120
332 120
233 121
289 121
302 121
329 121
343 121
450 121
53 122
71 122
93 122
153 123
232 123
268 123
365 123
400 123
413 123
267 124
53 125
74 125
130 125
220 125
71 126
426 127
31 128
190 128
49 129
71 129
128 129
321 129
332 129
347 129
388 129
123 130
161 130
214 130
300 130
11 131
67 131
122 131
207 131
253 131
299 131
353 131
392 131
289 132
399 132
139 133
366 133
441 133
47 134
82 134
178 134
274 134
290 134
371 134
412 134
153 135
457 135
62 136
196 136
371 136
43 138
309 138
321 138
417 138
225 139
331 139
425 139
98 140
147 140
152 140
307 140
325 140
428 140
164 141
111 142
131 142
360 142
398 142
401 142
220 143
147 144
266 144
274 144
358 144
439 144
18 145
123 145
213 145
264 145
273 145
290 145
296 145
375 145
440 145
469 145
80 146
214 146
250 146
294 146
404 146
75 147
256 147
263 147
310 147
410 147
74 148
201 148
410 148
50 149
123 149
141 149
250 149
258 149
311 149
450 149
71 150
174 150
78 151
115 151
330 151
70 152
341 152
388 152
395 152
427 152
27 153
52 153
76 153
155 153
341 153
399 153
460 153
94 154
232 154
355 154
137 155
145 155
301 155
135 156
401 156
129 157
288 157
299 157
373 157
63 158
149 158
191 158
216 158
220 158
276 158
293 158
371 158
41 159
163 159
258 159
263 159
267 159
298 159
303 159
318 159
442 159
473 159
41 160
64 160
65 161
105 161
190 161
216 161
254 161
389 161
183 162
210 162
211 162
212 162
261 162
331 162
413 162
453 163
87 164
247 164
392 164
424 164
84 165
355 165
204 166
241 166
425 166
16 167
84 167
151 167
236 167
377 167
460 167
195 168
228 168
283 168
319 168
61 169
119 169
173 169
232 169
351 169
272 170
282 170
293 170
34 171
100 171
124 171
266 171
296 171
331 171
406 171
191 172
304 172
385 172
255 173
359 173
365 173
393 173
442 173
94 174
414 174
74 175
252 175
339 175
340 175
56 176
215 176
254 176
313 176
370 176
449 176
477 176
49 177
94 177
211 177
308 177
164 178
238 178
241 178
368 178
183 179
207 179
248 179
397 179
116 180
159 180
186 180
315 180
323 181
426 181
90 182
93 182
97 182
141 182
352 182
355 182
379 182
457 182
7 183
225 183
292 183
296 183
382 183
71 184
90 184
274 184
361 184
65 185
90 185
180 185
191 185
195 185
203 185
233 185
265 185
384 185
406 185
70 186
204 186
23 187
43 187
111 187
176 187
268 187
306 187
412 187
441 187
93 188
311 188
339 188
468 188
48 189
70 189
343 189
43 190
151 190
339 190
367 190
109 191
196 191
218 191
222 191
323 191
417 191
190 192
424 192
64 193
67 193
110 193
170 193
283 193
400 193
43 194
188 194
289 194
290 194
322 194
353 194
167 195
211 195
249 195
303 195
454 195
476 195
42 196
185 196
216 196
58 197
172 197
251 197
383 197
429 197
42 198
82 198
128 198
169 198
242 198
329 198
104 199
188 199
214 199
240 199
358 199
413 199
89 200
189 200
209 200
125 201
146 201
162 201
169 201
315 201
317 201
364 201
390 201
436 201
439 201
146 202
165 202
180 202
363 202
15 203
72 203
121 203
148 203
279 203
414 203
228 204
391 204
467 204
53 205
268 205
282 205
417 205
35 206
121 206
161 206
205 206
289 206
397 206
55 207
187 207
369 207
184 208
288 208
327 208
424 208
147 209
160 209
405 209
449 209
352 210
381 210
405 210
428 210
140 211
143 211
431 211
100 212
308 212
175 213
334 213
383 213
417 213
68 215
309 215
359 215
456 215
199 216
254 216
66 217
221 217
279 217
283 217
312 217
368 217
389 217
437 217
5 218
24 218
46 218
292 218
440 218
136 219
157 219
178 219
197 219
241 219
285 219
371 219
144 220
157 220
367 220
387 220
175 221
179 221
194 221
319 221
322 221
349 221
65 222
81 222
367 222
393 222
120 223
200 223
393 223
408 223
448 223
137 225
196 225
409 225
471 225
99 226
61 227
172 227
378 227
431 227
435 228
455 228
48 229
135 229
335 229
357 229
196 230
259 230
314 230
418 230
18 231
217 232
281 232
61 233
437 233
157 234
315 234
319 234
346 234
463 235
140 236
369 236
445 236
73 237
193 237
234 237
294 237
368 237
385 237
171 238
294 238
325 239
429 239
76 240
77 240
115 240
134 240
174 240
189 240
289 240
408 240
57 241
186 241
211 241
414 241
450 241
194 242
207 242
301 242
94 243
119 243
250 243
388 243
430 243
473 243
96 244
150 244
259 244
329 244
332 244
15 245
91 245
98 245
255 245
270 245
306 245
263 246
416 246
74 247
77 247
117 247
154 247
59 248
376 248
439 248
188 249
438 249
55 250
207 250
222 250
280 250
341 250
343 250
422 250
113 251
177 251
188 251
226 251
230 251
281 251
357 251
360 251
204 252
172 253
58 254
93 254
133 254
220 254
313 254
461 254
114 255
117 255
255 255
426 255
89 256
93 256
331 256
409 256
99 257
273 257
446 257
72 258
118 258
429 258
34 259
273 259
274 259
393 259
191 260
254 260
280 260
136 261
156 261
304 261
399 261
74 262
235 262
336 262
7 263
87 263
109 263
383 263
433 263
474 263
50 264
285 264
351 264
94 265
197 265
215 265
223 265
228 265
309 265
399 265
449 265
89 266
305 266
370 266
417 266
113 267
152 267
175 267
196 267
159 268
178 268
261 268
308 268
403 268
50 269
51 269
97 269
110 269
162 269
174 269
217 269
31 270
255 270
292 270
325 270
404 270
49 271
54 271
68 271
133 271
136 271
196 271
324 271
433 271
465 271
131 272
159 272
247 272
358 272
422 272
435 272
71 273
115 273
221 273
240 273
66 274
181 274
313 274
340 275
374 275
73 276
161 276
197 276
237 276
269 276
313 276
392 277
54 278
181 278
220 278
328 278
261 279
287 279
361 279
425 279
137 280
300 280
427 280
87 281
89 281
132 281
163 281
380 281
395 281
470 281
28 282
50 282
69 282
257 282
264 282
11 283
71 283
85 283
110 283
409 283
113 284
139 284
185 284
218 284
219 284
254 284
267 284
315 284
331 284
332 284
188 285
236 285
443 285
74 286
90 286
263 286
285 286
318 286
364 286
379 286
56 288
69 288
167 288
187 288
223 288
285 288
301 288
365 288
397 288
249 289
281 289
303 289
398 289
151 290
171 290
349 290
430 290
173 291
414 291
463 291
148 292
153 292
201 292
475 292
281 293
297 293
301 293
350 293
413 293
204 294
301 294
400 294
154 295
333 295
364 295
382 295
198 296
209 296
318 296
349 296
416 296
447 296
195 297
366 297
397 297
433 297
98 298
116 298
275 298
298 298
383 298
157 299
317 299
368 299
399 299
413 299
418 299
433 299
467 299
71 300
91 300
206 300
277 300
297 300
299 300
200 301
368 301
351 302
77 303
79 303
113 303
215 303
242 303
369 303
386 303
54 304
242 304
271 304
335 304
452 304
76 305
94 305
118 305
169 305
170 305
298 305
302 305
335 305
371 305
122 306
318 306
419 306
12 307
290 307
404 307
58 308
253 308
367 308
403 308
417 308
142 309
256 309
313 309
469 309
181 310
353 310
435 310
32 311
120 311
244 311
350 311
437 311
144 312
176 312
182 312
283 312
402 312
422 312
194 313
242 313
300 313
355 313
388 313
400 313
62 314
277 314
281 314
353 314
229 315
352 315
372 315
405 315
453 315
57 316
78 316
96 316
121 316
152 316
187 316
274 316
420 316
79 317
219 317
334 317
337 317
221 318
311 318
400 318
403 318
128 319
350 319
210 320
277 320
308 320
369 320
102 321
105 321
133 321
258 321
267 321
15 322
35 322
111 322
159 322
435 322
42 323
264 323
419 323
80 324
113 325
250 325
254 325
289 325
406 325
436 325
60 326
137 326
171 326
293 326
457 326
61 327
83 328
171 328
425 328
172 329
243 329
256 329
388 329
402 329
437 329
470 329
40 330
181 330
188 330
183 331
200 331
241 331
419 331
238 332
330 332
417 332
154 333
202 333
284 333
329 333
142 334
145 334
195 334
153 335
303 335
305 335
16 337
47 337
126 337
279 337
347 337
349 337
438 337
154 338
270 338
457 338
90 339
107 339
169 339
220 339
299 339
439 339
65 340
86 340
360 340
364 340
315 341
343 341
68 342
134 342
163 342
254 342
315 342
183 344
43 345
75 345
134 345
191 345
197 345
317 345
346 345
373 345
403 345
473 345
92 346
183 346
359 346
96 347
290 347
343 347
4 348
142 348
246 348
328 348
22 349
286 349
418 349
421 349
236 350
49 351
309 351
344 351
359 351
386 351
67 352
75 352
123 352
225 352
279 352
402 352
197 354
208 354
103 355
159 355
45 356
97 356
102 356
169 356
192 356
254 356
127 357
256 357
306 357
341 357
419 357
133 358
171 358
186 358
197 358
359 358
437 358
456 358
53 359
272 359
10 360
49 360
435 360
32 361
105 361
108 361
113 361
287 361
56 362
62 362
385 362
368 364
470 364
86 365
149 365
214 365
238 365
300 365
303 365
417 365
59 366
213 366
218 366
238 366
317 366
355 366
207 367
244 367
283 367
383 367
333 368
452 368
20 369
58 369
314 369
436 369
119 370
240 370
399 370
37 371
94 372
163 372
231 372
368 372
196 373
228 373
398 373
418 373
167 374
181 374
182 374
236 374
255 374
277 374
227 375
295 375
397 375
70 376
131 376
179 376
184 376
434 376
435 377
397 379
411 379
68 380
70 380
380 380
107 381
271 381
347 381
416 381
433 381
450 381
209 382
268 382
286 382
327 382
382 382
240 383
266 383
286 383
304 383
414 383
76 384
202 384
242 384
348 384
364 384
196 385
263 385
416 385
429 385
469 385
120 386
360 386
394 386
85 387
113 387
121 387
161 387
169 387
199 387
326 387
416 387
52 388
169 388
190 388
260 388
362 388
396 388
29 389
177 389
185 389
313 389
230 390
297 390
325 390
415 390
312 391
360 391
376 391
412 391
431 391
448 391
92 392
94 392
429 392
66 393
87 393
219 393
254 393
407 393
307 394
339 394
354 394
358 394
370 394
478 394
139 395
210 395
269 395
322 395
319 396
358 396
376 396
96 397
98 397
162 397
267 397
289 397
390 397
44 398
220 398
428 399
466 399
43 400
152 400
203 400
268 400
299 400
430 400
100 401
109 401
110 401
153 401
184 401
242 401
245 401
73 402
279 403
298 404
312 404
405 404
22 405
295 405
124 406
404 406
87 407
117 407
126 407
231 407
367 407
427 407
477 407
29 408
84 408
129 408
348 408
55 409
85 409
309 409
143 410
426 410
135 411
217 411
251 411
382 411
402 411
461 411
155 413
422 413
168 414
268 414
140 415
186 415
265 415
282 415
320 415
424 415
159 416
283 416
437 416
102 417
243 417
100 418
335 418
476 418
102 419
109 419
259 419
236 420
410 420
434 420
47 421
73 421
201 421
408 422
251 423
221 424
293 424
454 424
127 425
331 425
372 425
401 425
120 426
166 426
179 426
268 426
310 426
353 426
435 426
471 426
87 427
134 427
154 427
242 427
33 428
385 428
40 429
415 429
159 430
243 430
284 430
63 431
417 431
203 432
327 432
431 432
257 433
303 433
278 434
321 434
431 434
464 434
106 437
115 437
187 437
250 437
298 437
445 437
221 438
379 439
104 440
125 440
133 440
134 440
166 440
244 440
295 440
339 440
392 440
408 440
427 440
246 441
355 441
411 441
461 441
83 442
265 442
143 443
205 443
213 443
289 443
82 444
148 444
156 444
313 444
205 446
230 446
441 446
94 447
369 447
281 448
93 449
97 449
371 449
423 449
440 449
189 450
253 450
258 450
279 450
350 450
386 450
387 450
457 450
473 450
59 451
92 451
98 451
303 451
170 452
351 452
366 452
401 452
403 452
169 453
172 453
364 453
109 454
302 454
70 455
214 455
270 455
365 455
380 455
386 455
113 456
122 456
136 456
209 456
153 457
238 457
243 457
157 458
164 458
206 458
265 458
322 458
365 458
378 458
291 459
82 460
379 460
194 461
226 461
339 461
450 461
463 461
182 462
226 462
286 462
222 463
358 463
412 463
431 463
90 464
318 464
177 465
105 466
253 466
283 466
301 466
355 466
391 466
47 467
95 467
102 467
175 467
218 467
423 467
370 468
372 468
373 468
427 468
209 469
428 469
59 470
115 470
302 470
386 470
457 471
327 472
155 473
193 473
349 473
69 474
132 474
135 474
185 474
188 474
190 474
238 474
295 474
403 474
138 475
230 475
268 475
368 475
421 475
419 476
440 476
185 477
295 477
471 477
178 478
219 478
225 478
257 478
288 478
361 478
365 478
398 478
83 479
86 479
318 479
438 479
258 480
285 480
289 480
380 480
224 481
316 481
91 482
218 483
392 483
434 483
100 484
133 484
206 484
334 484
356 484
358 484
410 484
431 484
52 485
108 485
215 485
390 485
451 485
208 486
308 486
117 487
130 487
135 487
247 487
276 487
376 487
408 487
140 488
180 488
356 488
428 488
178 489
189 489
247 489
277 489
299 489
240 490
174 491
296 491
323 491
462 491
267 492
273 492
348 492
349 492
444 492
72 493
230 493
293 494
294 494
377 494
396 495
402 495
475 495
259 496
286 496
312 497
286 498
95 499
142 499
214 499
254 499
315 499
337 499
420 499
422 499
149 500
200 500
217 500
417 500
154 501
336 501
355 501
390 501
248 502
282 502
435 502
119 503
189 503
356 503
357 503
249 504
169 505
349 505
299 506
449 506
238 507
352 507
379 507
229 508
233 508
272 509
321 509
349 509
321 510
372 510
409 510
467 510
90 511
227 511
293 511
348 511
217 512
227 512
295 512
347 512
412 512
145 513
395 513
138 514
148 514
205 514
429 514
259 515
406 515
119 516
169 516
193 516
170 517
336 517
361 517
253 518
453 518
246 519
423 519
477 520
273 521
277 521
298 521
357 522
320 523
353 523
225 524
351 524
377 524
215 525
354 525
204 526
439 526
99 527
200 527
109 528
415 528
167 529
174 529
189 529
197 529
261 529
312 529
162 530
180 530
342 530
461 530
150 531
253 531
134 532
334 532
360 533
361 534
273 535
332 535
240 536
275 536
388 536
474 536
246 537
322 537
405 537
423 537
295 538
447 539
235 540
352 541
227 542
233 542
312 542
106 544
211 544
175 545
398 545
177 546
189 546
194 546
274 546
337 546
369 546
432 546
127 548
145 548
159 549
459 549
423 550
257 551
358 551
350 553
380 553
226 554
245 554
312 554
222 555
234 556
236 556
286 556
214 557
166 563
121 567
142 567
191 568
421 568
175 571
281 575
441 576
234 577
262 577
318 577
366 578
358 581
426 581
348 582
409 586
399 589
249 592
369 593
381 593
