282 2
302 2
386 4
407 4
255 5
264 5
274 5
363 5
374 5
394 6
343 7
419 7
433 8
310 10
327 10
293 14
362 15
271 16
370 16
398 16
420 16
382 17
413 17
350 18
391 18
431 18
336 19
254 20
235 21
451 22
317 23
458 23
219 25
301 25
286 27
398 27
474 27
373 29
387 29
418 29
428 29
343 30
359 30
407 30
204 31
266 31
326 31
441 31
447 33
253 34
316 35
239 36
228 38
304 38
463 38
349 39
285 40
370 40
378 40
472 40
358 41
390 41
409 41
423 41
208 42
336 43
369 43
270 44
440 44
448 45
253 46
322 48
378 48
388 48
233 49
304 49
385 49
459 49
465 49
183 50
341 50
373 50
387 50
398 50
293 51
360 51
406 51
220 52
391 52
400 52
471 52
368 53
380 53
424 53
277 54
435 54
444 55
200 56
453 56
252 58
266 58
333 58
373 58
324 59
344 59
353 59
467 59
182 60
362 60
384 60
312 61
364 61
236 62
374 62
397 62
419 62
276 63
291 63
407 63
220 64
165 65
390 65
433 66
374 67
443 69
387 70
394 70
456 70
200 71
290 71
336 71
309 72
355 72
396 72
469 72
323 73
348 73
263 74
364 74
411 74
188 75
248 75
272 75
418 75
235 76
430 76
367 77
369 77
374 78
177 79
437 79
213 81
365 81
387 81
400 82
454 82
463 84
276 85
297 85
341 85
154 86
313 86
325 86
352 86
408 86
474 86
259 87
361 87
380 87
418 87
194 88
247 88
362 88
369 88
276 89
378 89
249 90
266 90
383 90
393 90
435 90
386 91
440 91
141 92
234 92
385 92
172 93
215 93
363 94
397 94
258 95
283 96
312 96
326 96
412 96
458 96
297 97
399 97
245 98
268 98
271 98
341 98
368 98
152 99
199 99
359 99
400 99
469 99
259 100
348 100
423 100
267 101
384 101
397 101
179 102
371 102
478 103
167 104
246 104
367 104
430 104
228 105
255 105
387 105
439 105
215 107
370 107
397 107
249 108
267 108
447 108
247 109
251 109
313 109
361 109
134 110
286 110
299 110
336 110
202 111
263 111
325 111
253 112
353 112
379 112
415 112
459 112
365 113
373 113
396 113
466 113
371 114
119 115
163 115
273 116
278 116
367 116
380 116
243 117
249 117
430 117
187 118
268 118
387 118
477 118
228 119
268 120
297 120
305 120
396 120
444 120
147 121
188 121
218 121
285 122
322 122
343 122
353 122
270 123
312 123
360 123
172 124
192 124
254 124
274 124
335 124
437 124
290 125
128 126
371 126
406 126
421 126
457 126
158 127
242 127
412 127
427 127
197 128
278 128
286 128
422 128
437 128
112 129
289 129
301 129
186 130
292 130
179 131
388 131
418 131
471 131
222 132
291 132
303 132
309 132
295 133
340 133
431 133
479 133
183 134
280 134
321 134
207 135
351 135
401 135
432 135
441 135
136 136
183 136
259 136
315 136
173 137
279 137
368 137
170 138
251 138
305 138
314 138
413 138
424 138
241 139
405 139
422 139
450 139
156 140
189 140
192 140
258 140
379 140
419 141
280 142
428 142
430 142
118 143
289 143
292 143
409 143
428 143
464 143
259 144
301 144
394 144
164 145
166 145
282 145
162 146
210 146
260 146
271 146
310 146
318 146
327 146
473 146
174 147
185 147
253 147
338 147
439 147
102 148
245 148
415 148
417 148
425 148
134 149
167 149
347 149
359 149
406 149
181 150
308 150
415 150
200 151
226 151
243 151
191 152
370 152
413 152
417 152
448 152
156 153
164 153
294 153
319 153
287 154
292 154
298 154
241 155
275 155
280 155
116 156
259 156
282 156
290 156
383 156
420 156
423 156
205 157
307 157
334 157
462 157
470 157
143 158
171 158
321 158
399 158
434 158
181 159
242 159
278 159
298 159
313 159
432 159
435 159
187 160
351 160
123 161
131 161
226 161
295 161
356 161
382 161
384 161
305 162
379 162
478 162
211 163
225 163
367 163
369 163
410 163
385 164
446 164
120 165
157 165
165 165
231 165
275 165
287 165
293 165
382 165
202 166
227 166
248 166
259 166
289 166
304 166
338 166
396 166
94 167
170 167
190 167
220 167
225 167
299 167
316 167
424 167
455 167
285 168
290 168
126 169
384 169
83 170
109 170
176 170
206 170
228 170
363 170
135 171
136 171
168 171
230 171
467 171
186 172
190 172
408 172
153 173
171 173
210 173
275 173
392 173
438 173
123 174
223 174
232 174
284 174
366 174
395 174
150 175
201 175
241 175
259 175
272 175
297 175
310 175
128 176
144 176
303 176
374 176
192 177
223 177
245 177
308 177
325 177
338 177
149 178
422 178
449 178
89 179
133 179
143 179
222 179
300 179
138 180
145 180
217 180
227 180
231 180
280 180
305 180
114 181
307 181
349 181
397 181
430 181
458 181
169 182
215 182
268 182
159 183
247 183
264 183
365 183
127 184
359 184
407 184
130 185
185 185
261 185
273 185
313 185
394 185
470 185
162 186
183 186
204 186
208 186
251 186
288 186
301 186
370 186
447 186
136 187
154 187
192 187
195 187
221 187
300 187
311 187
390 187
147 188
243 188
261 188
374 188
418 188
441 188
150 189
261 189
382 189
397 189
225 190
238 190
330 190
114 191
128 191
210 191
425 191
196 192
213 192
341 192
171 193
295 193
306 193
457 193
132 194
173 194
176 194
291 194
392 194
432 194
124 195
155 195
188 195
221 195
265 195
277 195
302 195
315 195
323 195
203 196
228 196
246 196
353 196
166 197
296 197
464 197
88 198
119 198
154 198
197 198
396 198
128 199
151 199
188 199
233 199
320 199
366 199
407 199
163 200
217 200
224 200
292 200
302 200
400 200
158 201
384 201
390 201
471 201
108 202
137 202
175 202
188 202
375 202
388 202
447 202
78 203
201 203
318 203
381 203
412 203
159 204
173 204
181 204
191 204
295 204
338 204
383 204
422 204
434 204
123 205
254 205
263 205
281 205
283 205
311 205
346 205
159 206
185 206
305 206
323 206
383 206
392 206
457 206
478 206
193 207
224 207
399 207
432 207
94 208
125 208
167 208
181 208
234 208
277 208
306 208
317 208
357 208
362 208
371 208
144 210
215 210
303 210
340 210
402 210
199 211
249 211
317 211
366 211
368 211
166 212
400 212
416 212
190 213
291 213
426 213
141 214
188 214
255 214
330 214
361 214
381 214
108 215
129 215
277 215
293 215
337 215
391 215
79 216
182 216
244 216
253 216
256 216
301 216
347 216
364 216
376 216
419 216
447 216
140 217
353 217
357 217
377 217
393 217
472 217
189 218
231 218
304 218
321 218
336 218
149 219
363 219
405 219
407 219
455 219
120 220
218 220
266 220
297 220
347 220
207 221
274 221
352 221
364 221
385 221
433 221
167 222
196 222
246 222
260 222
286 222
317 222
361 222
68 223
194 223
351 223
375 223
416 223
89 224
269 224
385 224
109 225
136 225
181 225
258 225
270 225
335 225
420 225
437 225
122 226
173 226
276 226
284 226
293 226
345 226
398 226
471 226
144 227
153 227
280 227
401 227
254 228
259 228
293 228
387 228
446 228
59 229
79 229
124 229
229 229
240 229
408 229
101 230
214 230
285 230
325 230
352 230
376 230
157 231
167 231
292 231
392 231
143 232
184 232
316 232
417 232
153 233
171 233
180 233
193 233
364 233
372 233
432 233
67 234
392 234
458 234
140 235
152 235
180 235
289 235
330 235
335 235
388 235
90 236
114 236
252 236
281 237
295 237
348 237
369 237
124 238
169 238
233 238
267 238
341 238
355 238
409 238
244 239
258 239
306 239
369 239
466 239
131 240
222 240
394 240
444 240
79 241
205 241
354 241
156 242
209 242
336 242
384 242
100 243
148 243
315 243
420 243
126 244
193 244
324 244
412 244
223 245
330 245
362 245
423 245
474 245
48 246
68 246
275 246
281 246
406 246
237 247
406 247
410 247
415 247
421 247
453 247
146 248
151 248
178 248
225 248
290 248
432 248
141 249
342 249
395 249
437 249
84 250
155 250
243 250
346 250
41 251
166 251
240 251
301 251
460 251
56 252
157 252
206 252
214 252
217 252
235 252
244 252
212 253
215 253
242 253
380 253
413 253
441 253
154 254
273 254
317 254
427 254
130 255
189 255
205 256
327 256
360 256
421 256
423 256
425 256
435 256
466 256
135 257
156 257
181 257
238 257
283 257
335 257
96 258
119 258
229 258
252 258
69 259
210 259
214 259
220 259
262 259
401 259
429 259
48 260
245 260
252 260
298 260
395 260
82 261
156 261
170 261
198 261
250 261
348 261
372 261
451 261
128 262
140 262
164 262
266 262
333 262
345 262
418 262
159 263
385 263
123 264
318 264
209 265
223 265
326 265
404 265
479 265
132 266
147 266
184 266
272 266
325 266
342 266
355 266
441 266
38 267
253 267
264 267
275 267
327 267
335 267
337 267
346 267
360 267
106 268
145 268
235 268
276 268
343 268
52 269
69 269
85 269
207 269
180 270
216 270
341 270
434 270
463 270
223 271
316 271
333 271
396 271
430 271
143 272
149 272
203 272
291 272
370 272
384 272
446 272
136 273
211 273
216 273
119 274
193 274
300 274
421 274
390 275
405 275
41 276
78 276
166 276
218 276
236 276
322 276
326 276
352 276
412 276
436 276
455 276
59 277
141 277
185 277
260 277
424 277
474 277
151 278
246 278
260 278
271 278
132 279
225 279
232 279
397 279
429 279
93 280
110 280
141 280
207 280
259 280
379 280
115 281
156 281
202 281
241 281
303 281
313 281
336 281
210 282
257 282
285 282
462 282
95 283
189 283
372 283
104 284
346 284
378 284
30 285
175 285
220 285
234 285
295 285
421 285
70 286
123 286
294 286
370 286
380 286
46 287
90 287
177 287
200 287
227 287
246 287
406 287
80 288
141 288
229 288
293 288
448 288
88 289
203 289
234 289
304 289
331 289
390 289
170 290
262 290
376 290
92 291
281 291
309 291
276 292
390 292
455 292
113 293
135 293
189 293
211 293
226 293
280 293
292 293
396 293
430 293
60 294
185 294
203 294
233 294
312 294
476 294
35 295
159 295
182 295
286 295
287 295
326 295
362 295
195 296
230 296
375 296
381 296
103 297
249 297
312 297
346 297
418 297
435 297
464 297
170 298
229 298
240 298
295 298
299 298
331 298
52 299
256 299
183 300
214 300
306 300
317 300
389 300
77 301
106 301
123 301
269 301
407 301
148 302
338 302
380 302
444 302
89 303
95 303
305 303
322 303
355 303
28 304
172 304
176 304
226 304
278 304
362 304
277 305
449 305
45 306
163 306
304 306
430 306
182 307
195 307
216 307
294 307
371 307
88 308
132 308
214 308
242 308
247 308
250 308
415 308
102 309
111 309
179 309
202 309
209 309
233 309
285 309
397 309
252 310
277 310
315 310
347 310
365 310
62 311
158 311
189 311
259 311
295 311
296 311
307 311
421 311
471 311
82 312
101 312
195 312
395 312
398 312
40 313
183 313
378 313
382 313
402 313
439 313
151 314
202 314
102 315
176 315
267 315
294 315
334 315
368 315
388 315
456 315
478 315
81 316
106 316
207 316
217 316
247 316
273 316
122 317
183 317
184 317
229 317
245 317
298 317
315 317
321 317
174 318
219 318
282 318
303 318
354 318
444 318
56 319
212 319
281 319
409 319
428 319
34 320
171 320
190 320
247 320
341 320
374 320
157 321
205 321
141 322
152 322
363 322
463 322
79 323
222 323
224 323
338 323
347 323
71 324
92 324
112 324
204 324
260 324
322 324
394 324
27 325
81 325
132 325
416 325
46 326
61 326
314 326
451 326
92 327
161 327
195 327
209 327
235 327
293 327
380 327
94 328
108 328
223 328
232 328
271 328
374 328
437 328
136 329
212 329
224 329
333 329
352 329
81 330
241 330
328 330
410 330
128 331
151 331
352 331
57 332
81 332
155 332
233 332
340 332
359 332
368 332
387 332
60 333
99 333
129 333
179 333
301 333
374 333
382 333
397 333
403 333
38 334
81 334
94 334
232 334
252 334
340 334
387 334
426 334
469 334
15 335
140 335
348 335
399 335
136 336
172 336
292 336
333 336
457 336
118 337
142 337
278 337
325 337
373 337
444 337
259 338
398 338
322 339
361 339
371 339
384 339
388 339
418 339
44 340
122 340
167 340
115 341
199 341
210 341
215 341
220 341
224 341
309 341
360 341
376 341
474 341
266 342
361 342
135 343
159 343
236 343
354 343
25 344
47 344
86 344
110 344
346 344
394 344
58 345
69 345
110 345
382 345
439 345
49 346
106 346
153 346
190 346
282 346
330 346
413 346
426 346
81 347
218 347
367 347
391 347
462 347
65 348
140 348
179 348
248 348
373 348
127 349
160 349
149 350
303 350
344 350
370 350
100 351
108 351
365 351
448 351
19 352
318 352
340 352
402 352
122 353
467 353
40 354
62 354
78 354
93 354
101 354
144 354
204 354
222 354
225 354
232 354
372 354
58 355
59 355
79 355
128 355
160 355
207 355
274 355
344 355
360 355
435 355
41 356
126 356
170 356
232 357
258 357
289 357
324 357
451 357
112 358
139 358
322 358
351 358
381 358
389 358
407 358
93 359
99 359
116 359
200 359
385 359
72 360
96 360
202 360
400 360
156 361
308 361
377 361
422 361
454 361
32 362
64 362
101 362
175 362
243 362
137 363
160 363
189 363
338 363
44 364
59 364
112 364
133 364
190 364
278 364
353 364
369 364
474 364
9 365
101 366
294 366
326 366
396 366
426 366
440 366
76 367
89 367
262 367
310 367
339 367
355 367
48 368
85 368
106 368
195 368
86 369
150 369
182 369
216 369
357 369
104 370
115 370
227 370
383 370
459 370
59 371
66 371
209 371
446 371
72 372
103 372
152 372
340 372
400 372
431 372
99 373
125 373
173 373
26 374
104 374
205 374
238 374
328 374
359 374
414 374
78 375
263 375
463 375
106 376
131 376
143 376
169 376
281 376
325 376
344 376
60 377
95 377
104 377
197 377
200 377
349 377
18 378
67 378
71 378
298 378
321 378
375 378
107 379
159 379
194 379
251 379
268 380
313 380
60 381
76 381
138 381
139 381
155 381
344 381
360 381
418 381
448 381
35 382
93 382
191 382
231 382
283 382
361 382
405 382
71 383
106 383
115 383
53 384
77 384
391 384
467 384
52 385
176 385
225 385
331 385
87 386
160 386
215 386
119 387
145 387
301 387
318 387
348 387
353 387
454 387
325 388
9 389
83 389
182 389
208 389
236 389
25 390
70 390
406 390
425 390
177 391
252 391
271 391
335 391
363 391
472 391
74 392
131 392
139 392
157 392
286 392
334 392
381 392
439 392
104 394
151 394
178 394
323 394
395 394
55 395
61 395
92 395
147 395
199 395
45 396
105 396
162 396
203 396
321 396
337 396
123 397
236 397
274 397
306 397
443 397
195 398
330 398
349 398
460 398
52 399
55 399
57 399
74 399
97 399
98 399
341 399
476 399
59 400
91 400
125 400
224 400
368 400
427 400
66 401
212 401
287 401
430 401
17 402
50 402
78 402
147 402
253 402
279 402
336 402
382 402
432 402
91 403
167 403
195 403
272 403
322 403
406 403
420 403
36 404
58 404
97 404
177 404
411 404
67 405
227 405
399 405
406 405
219 406
356 406
371 406
466 406
114 407
119 407
137 407
270 407
348 407
351 407
421 407
232 408
361 408
450 408
60 409
166 409
263 409
304 409
426 409
431 409
161 410
175 410
202 410
230 410
83 411
189 411
268 411
338 411
357 411
212 412
276 412
93 413
287 413
106 414
165 414
178 414
253 414
387 414
401 414
407 414
46 415
208 415
314 415
325 415
356 415
425 415
103 416
179 416
183 416
248 416
416 416
433 416
470 416
75 417
244 417
47 418
48 418
126 418
171 418
255 418
272 418
23 419
99 419
359 419
417 419
435 419
151 420
194 420
197 420
204 420
336 420
45 421
65 421
94 421
180 421
227 421
269 421
328 421
364 421
460 421
375 422
404 422
448 422
43 423
387 423
422 423
182 424
221 424
327 424
46 425
65 425
204 425
212 425
237 425
246 425
324 425
422 425
81 426
215 426
225 426
230 426
439 426
474 426
224 427
342 427
359 427
464 427
117 428
256 428
266 428
285 428
313 428
345 428
348 428
421 428
427 428
101 429
200 429
239 429
300 429
378 429
13 430
90 430
115 430
143 430
246 430
264 430
354 430
359 430
424 430
43 431
345 431
410 431
109 432
174 432
220 432
251 432
268 432
337 432
358 432
31 433
104 433
111 433
186 433
199 433
217 433
266 433
392 433
410 433
56 434
112 434
245 434
342 434
413 434
437 434
59 435
68 435
82 435
249 435
366 435
410 435
441 435
468 435
478 435
161 436
184 436
193 436
248 436
301 436
407 436
456 436
47 437
53 437
71 437
177 437
328 437
220 438
252 438
357 438
22 439
133 439
165 439
237 439
263 439
360 439
428 439
75 440
119 440
164 440
174 440
201 440
224 440
203 441
63 442
133 442
212 442
233 442
284 442
343 442
425 442
74 443
99 443
157 443
243 443
287 443
292 443
406 443
190 444
368 444
416 444
430 444
447 444
45 445
205 445
214 445
233 445
237 445
257 445
318 445
383 445
153 446
288 446
39 447
94 447
131 447
461 447
46 448
213 448
279 448
285 448
320 448
358 448
392 448
123 449
282 449
299 449
424 449
68 450
163 450
283 450
294 450
79 451
156 451
205 451
207 451
448 451
58 452
59 452
71 452
91 452
142 452
185 452
228 452
235 452
421 452
149 453
238 453
315 453
370 453
406 453
233 454
295 454
342 454
466 454
69 455
319 455
326 455
25 456
42 456
80 456
114 456
141 456
264 456
275 456
290 456
396 456
409 456
423 456
428 456
133 457
434 457
79 458
223 458
251 458
279 458
359 458
47 459
179 459
231 459
234 459
308 459
385 459
77 460
201 460
291 460
402 460
43 461
53 461
150 461
244 461
262 461
277 461
453 461
45 462
213 462
223 462
16 463
53 463
108 464
142 464
215 464
224 464
249 464
423 464
438 464
67 465
131 465
288 465
314 465
371 465
398 465
59 466
292 466
410 466
468 467
35 468
73 468
169 468
196 468
244 468
259 468
331 468
383 468
42 469
236 469
341 469
361 469
148 470
225 470
69 471
263 471
269 471
276 471
439 471
51 472
206 472
211 472
311 472
350 472
409 472
457 472
60 473
271 473
70 474
92 474
203 474
131 475
288 475
374 475
400 475
407 475
474 475
259 476
268 476
296 476
362 476
387 476
417 476
425 476
120 477
163 477
185 477
240 477
24 478
123 478
203 478
227 478
441 478
126 479
140 479
49 480
124 480
242 480
308 480
403 480
154 481
234 481
236 481
349 481
200 482
218 482
252 482
268 482
306 482
321 482
325 482
150 483
159 483
192 483
208 483
340 483
355 483
375 483
16 484
42 484
78 484
153 484
244 484
413 484
110 485
211 485
238 485
255 485
262 485
289 485
319 485
350 485
460 485
272 486
293 486
401 486
57 487
128 488
205 488
288 488
331 488
362 488
428 488
447 488
263 489
334 489
387 489
478 489
34 490
285 490
52 491
68 491
178 491
244 491
101 492
171 492
263 492
264 492
435 492
189 493
303 493
322 493
72 494
200 494
376 494
124 495
133 495
228 495
309 495
332 495
453 495
27 496
141 496
336 496
355 496
415 496
57 497
172 497
235 497
329 497
56 498
78 498
275 498
283 498
350 498
390 498
466 498
181 499
216 499
270 499
301 499
304 499
322 499
357 499
400 499
426 499
428 499
436 499
90 500
208 500
259 501
319 501
158 502
188 502
294 502
124 503
200 503
207 503
255 503
297 503
84 504
183 504
267 504
298 504
321 504
331 505
338 505
43 506
60 506
159 506
235 506
316 506
360 506
169 507
274 507
330 507
332 507
402 507
456 507
76 508
309 508
342 508
444 508
70 509
150 509
196 509
215 509
254 509
337 509
160 510
257 510
310 510
375 510
45 511
109 511
174 511
336 511
419 511
19 512
32 512
392 512
416 512
429 512
438 512
65 513
349 513
404 513
66 514
228 514
270 514
133 515
144 515
171 515
180 515
222 515
138 516
161 516
291 516
294 516
353 516
429 516
446 516
463 516
187 517
208 517
136 518
185 518
214 518
246 518
255 518
350 518
42 519
96 519
147 519
178 519
271 519
302 519
433 519
203 520
319 520
330 520
419 520
130 521
158 521
165 521
265 521
408 521
430 521
51 522
87 522
153 522
182 522
215 522
241 522
366 522
85 523
158 523
189 523
232 523
327 523
360 523
470 523
117 525
123 525
210 525
221 525
257 525
286 525
153 526
233 526
265 526
272 526
294 526
342 526
423 526
35 527
80 527
178 527
217 527
307 527
180 528
191 528
258 528
368 528
156 529
236 529
271 529
379 529
409 529
436 529
145 530
169 530
264 530
70 531
228 531
233 531
391 531
110 532
216 532
257 532
146 533
200 533
279 533
300 533
426 533
472 533
302 534
322 534
383 534
409 534
424 534
455 534
103 535
205 535
231 535
437 535
55 536
154 536
181 536
201 536
261 536
355 536
385 536
153 538
306 538
310 538
367 538
396 538
410 538
420 538
248 539
86 540
135 540
205 540
253 540
272 540
336 540
381 540
87 541
175 541
214 541
235 541
269 541
272 541
394 541
401 541
479 541
150 542
173 542
295 542
300 542
379 542
388 542
392 542
37 543
102 543
111 543
143 543
193 543
202 543
215 543
223 543
276 543
291 543
311 543
440 543
75 544
95 544
189 544
260 545
283 545
288 545
376 545
404 545
406 545
417 545
458 545
163 546
239 546
241 546
316 546
394 546
410 546
424 546
204 547
208 547
366 547
383 547
65 548
122 548
155 548
167 548
243 548
291 548
353 548
367 548
394 548
439 548
173 549
256 550
266 550
364 550
378 550
397 550
108 551
307 551
333 551
436 551
445 551
92 552
231 552
431 552
51 553
100 553
392 553
173 554
187 554
210 554
221 554
414 554
145 555
307 555
382 555
431 555
150 556
159 556
180 556
316 556
349 556
92 557
126 557
173 557
366 557
379 557
463 557
211 558
232 558
236 558
259 558
311 558
430 558
316 559
328 559
133 560
190 560
249 560
103 561
262 561
267 561
271 561
281 561
302 561
450 561
75 562
115 562
191 562
236 562
280 562
335 562
377 562
426 562
53 563
102 563
155 563
254 563
353 563
411 563
436 563
131 564
201 564
247 564
255 565
362 565
419 565
470 565
129 566
163 566
212 566
221 566
258 566
297 566
338 566
412 566
103 567
123 567
198 567
343 567
95 568
99 568
113 568
184 568
270 568
321 568
389 568
417 568
242 569
270 569
317 569
100 570
176 570
242 570
250 570
295 570
315 570
337 570
404 570
145 571
228 571
444 571
155 572
457 572
88 573
286 573
371 573
415 573
82 574
158 574
235 574
284 574
289 574
326 574
164 575
229 575
272 575
314 575
404 575
53 576
71 576
206 576
354 576
407 576
251 577
107 578
225 578
236 578
331 578
426 578
131 579
216 579
257 579
279 579
295 579
307 579
81 580
145 580
151 580
343 580
348 580
364 580
379 580
424 580
126 581
138 581
268 581
356 581
113 582
127 582
129 582
213 582
228 582
276 582
284 582
437 582
182 583
190 583
452 583
289 584
359 584
412 584
100 585
251 585
437 585
467 585
86 586
110 586
243 586
270 586
411 586
107 587
145 587
152 587
213 587
348 587
353 587
358 587
377 587
418 587
78 588
339 588
400 588
458 588
91 589
297 589
64 590
129 590
165 590
170 590
201 590
286 590
292 590
432 590
118 591
131 591
312 591
355 591
239 592
293 592
425 592
98 593
162 593
239 593
432 593
102 594
150 594
265 594
277 594
96 595
114 595
122 595
127 595
155 595
192 595
136 596
200 596
286 596
292 596
361 596
388 596
416 596
101 597
116 597
129 597
198 597
232 597
264 597
277 597
290 597
336 597
423 597
436 597
468 597
85 598
99 598
103 598
166 598
429 598
453 598
84 599
153 599
185 599
194 599
271 599
398 599
222 600
311 600
255 601
378 601
414 602
329 603
347 604
368 604
174 605
447 605
473 605
279 606
299 606
426 606
161 609
205 609
317 609
79 610
237 610
71 611
271 611
98 612
190 612
459 612
112 613
124 613
136 613
151 613
357 613
435 613
339 614
403 614
379 615
410 615
306 616
256 617
368 618
220 619
422 619
445 619
210 620
297 620
468 620
240 621
284 622
326 622
358 622
146 623
186 623
164 624
347 626
267 627
315 627
99 628
457 628
400 629
413 630
304 631
372 631
423 631
116 632
130 632
387 632
255 633
431 633
235 634
332 634
206 635
289 635
360 635
145 636
218 636
438 636
157 637
346 637
164 638
172 638
195 638
182 639
277 639
