319 11
353 11
336 12
308 13
369 13
287 14
386 14
272 17
403 18
259 20
324 21
418 21
311 22
346 23
362 23
293 24
378 25
274 26
388 27
401 27
435 28
250 30
229 31
444 31
299 33
417 33
329 34
315 35
345 36
266 37
281 37
360 37
367 37
251 41
380 41
437 41
239 42
282 42
309 42
307 43
402 43
311 44
322 44
447 44
282 45
303 45
311 45
322 45
375 45
412 45
302 46
313 46
399 46
218 47
281 47
284 47
290 47
332 47
323 48
344 48
312 49
332 49
344 49
358 49
268 50
362 50
426 50
202 51
391 51
372 52
399 52
252 53
308 53
406 54
464 54
383 55
438 55
240 56
375 56
300 57
317 57
344 57
313 58
330 58
300 59
305 59
322 59
223 60
341 60
474 60
286 61
358 61
343 62
360 62
425 62
292 63
294 63
379 63
396 63
262 64
272 64
410 64
206 65
454 65
255 66
312 66
372 67
246 68
289 68
469 68
193 69
309 69
385 69
436 69
324 70
222 71
234 71
304 71
393 71
184 72
322 72
335 72
348 72
294 73
367 73
394 73
283 74
285 74
207 75
357 75
347 76
364 76
266 77
340 77
414 77
323 78
368 78
370 78
250 79
321 79
330 79
336 79
296 80
311 80
372 80
456 80
197 81
331 81
383 81
423 81
212 82
240 82
230 84
186 85
240 85
342 85
349 85
392 85
203 86
215 86
217 86
437 86
178 87
404 87
295 88
472 88
206 89
307 89
270 90
282 90
370 90
202 91
445 91
165 92
206 93
257 93
316 93
328 93
224 94
244 94
419 94
457 94
386 95
335 96
182 97
211 97
231 99
352 99
396 100
433 100
206 101
362 101
170 102
237 102
240 102
301 102
260 103
274 103
470 103
286 104
316 105
410 105
443 105
191 107
216 107
238 107
250 107
376 107
418 107
330 108
184 111
220 111
344 112
392 112
460 112
176 113
225 113
237 113
358 114
201 115
215 115
266 115
295 115
205 116
211 116
234 116
273 116
286 116
305 116
409 116
252 117
320 118
214 119
374 119
160 120
243 120
445 120
191 121
203 121
241 121
309 121
330 121
207 123
224 123
233 123
240 123
392 123
399 123
425 123
342 124
210 125
222 125
232 125
283 125
234 126
296 126
316 126
355 126
296 127
303 127
259 128
305 128
365 128
433 128
209 129
242 129
270 129
307 129
309 129
313 129
206 130
255 130
300 130
384 130
417 130
465 130
160 131
175 132
212 132
246 132
289 132
321 132
391 132
237 133
244 133
286 133
331 133
348 133
194 134
238 134
264 134
449 134
222 135
231 135
244 135
275 135
430 135
257 136
357 136
148 137
240 137
273 137
306 137
363 137
304 138
405 138
208 139
287 139
342 139
370 139
478 139
158 141
212 141
228 141
264 141
299 142
381 142
174 143
241 143
295 143
464 143
229 144
255 144
291 144
303 144
315 144
354 144
417 144
197 145
220 145
274 145
251 146
267 146
277 146
327 146
391 146
222 147
241 147
289 147
298 147
426 147
447 147
248 148
164 149
216 149
221 149
375 149
403 149
181 150
259 150
276 150
311 150
341 150
476 150
139 151
457 151
207 152
214 152
262 152
311 152
231 153
268 153
288 153
300 153
316 153
198 154
295 154
307 154
350 154
436 154
249 155
386 155
155 156
259 156
274 156
282 156
315 156
357 156
134 157
271 157
313 157
417 157
216 158
243 158
292 158
191 159
364 159
205 160
245 160
333 160
400 160
467 160
165 161
283 161
446 161
247 162
165 163
168 163
232 163
182 164
266 164
279 164
286 164
297 164
345 164
381 164
429 164
175 165
204 165
272 165
455 165
224 166
139 167
263 167
323 167
358 167
415 167
476 167
256 168
314 168
119 169
154 169
195 169
290 169
382 169
439 169
180 170
230 170
261 170
284 170
303 170
306 170
392 170
216 171
255 171
171 172
189 172
276 172
399 172
466 172
246 173
288 173
297 173
334 173
371 173
231 174
268 174
308 174
407 174
428 174
242 175
272 175
380 175
177 176
140 177
182 177
315 177
379 177
388 177
396 177
205 178
351 178
385 178
168 179
170 179
178 179
208 179
231 179
259 179
282 179
370 179
378 179
453 179
121 180
164 180
183 180
363 180
388 180
415 180
170 181
189 181
197 181
248 181
325 181
381 181
383 181
441 181
161 182
168 182
237 182
298 182
156 183
174 183
211 183
223 183
261 183
271 183
281 183
229 184
281 184
466 184
180 185
244 185
370 185
401 185
240 186
298 186
339 186
450 186
128 187
166 187
182 187
189 187
196 187
212 188
281 188
312 188
378 189
430 189
223 190
225 190
227 190
352 190
391 190
321 191
399 191
183 192
411 192
462 192
187 193
277 193
369 193
371 193
380 193
441 193
106 194
137 194
203 194
208 194
246 194
263 194
282 194
387 194
399 194
190 195
214 195
372 195
420 195
172 196
176 196
291 196
293 196
298 196
332 196
177 197
239 197
247 197
248 197
277 197
365 197
382 197
124 198
166 198
294 198
337 198
153 199
200 199
224 199
305 199
361 199
371 199
379 199
399 199
427 200
191 201
206 201
216 201
309 201
317 201
450 201
133 202
284 202
371 202
144 203
157 203
167 203
229 203
269 203
281 203
344 203
350 203
376 203
436 203
261 204
286 204
249 205
297 205
327 205
408 205
424 205
460 205
128 206
130 206
133 206
202 206
205 206
230 206
290 206
427 206
152 207
411 207
160 208
181 208
242 208
305 208
310 208
356 208
385 208
138 209
204 209
231 209
417 209
196 210
210 210
229 210
233 210
323 210
421 210
439 210
467 210
105 211
222 211
224 211
240 211
298 211
333 211
335 211
394 211
409 211
126 212
128 212
290 212
299 212
424 212
144 213
329 213
367 213
382 213
438 213
444 213
282 214
284 214
318 214
320 214
336 214
356 214
415 214
152 215
172 215
332 215
342 215
391 215
189 216
232 216
356 216
404 216
453 216
128 217
130 217
213 217
275 217
385 217
391 217
431 217
252 218
262 218
287 218
294 218
328 218
356 218
204 219
351 219
360 219
390 219
408 219
145 220
228 220
244 220
401 220
457 220
129 221
165 221
209 221
312 221
423 221
128 222
281 222
301 222
314 222
334 222
347 222
379 222
412 222
477 222
232 223
297 223
310 223
110 224
227 224
308 224
346 224
378 224
396 224
437 224
196 225
372 225
397 225
328 226
350 226
364 226
419 226
215 227
266 227
308 227
416 227
301 228
340 228
349 228
464 228
276 229
289 229
317 229
359 229
122 230
353 230
369 230
371 230
389 230
405 230
428 230
136 231
139 231
154 231
174 231
256 231
430 231
249 232
367 232
401 232
187 233
205 233
226 233
296 233
327 233
408 233
429 233
447 233
114 234
121 234
134 234
141 234
219 234
240 234
305 234
309 234
329 234
149 235
288 235
296 235
306 235
372 235
472 235
141 236
308 236
340 236
384 236
146 237
167 237
216 237
280 237
303 237
313 237
351 237
365 237
378 237
122 238
157 238
200 238
292 238
399 238
181 239
229 239
336 239
385 239
405 239
416 239
205 240
231 240
382 240
410 240
436 240
440 240
453 240
478 240
122 241
123 241
191 241
211 241
271 241
326 241
435 241
207 242
341 242
440 242
108 243
121 243
137 243
156 243
253 243
260 243
339 243
374 243
201 244
227 245
335 245
442 245
463 245
239 246
305 246
388 246
424 246
100 247
139 247
179 247
238 247
320 247
371 247
421 247
438 247
141 248
182 248
189 248
209 248
230 248
280 248
289 248
357 248
382 248
404 248
431 248
440 248
114 249
222 249
234 249
339 249
149 250
150 250
171 250
217 250
250 250
345 250
352 250
367 250
145 251
326 251
430 251
436 251
233 252
273 252
334 252
358 252
373 252
405 252
129 253
172 253
183 253
201 253
244 253
296 253
334 253
370 253
470 253
129 254
257 254
350 254
377 254
151 255
208 255
228 255
266 255
345 255
93 256
215 256
246 256
248 256
314 256
322 256
365 256
381 256
400 256
413 256
428 256
122 257
352 257
216 258
382 258
402 258
452 258
121 259
222 259
273 259
381 259
423 259
142 260
147 260
179 260
237 260
303 260
328 260
345 260
366 260
373 260
409 260
438 260
471 260
103 261
161 261
191 261
192 261
213 261
342 261
358 261
375 261
139 262
164 262
318 262
403 262
438 262
152 263
161 263
192 263
218 263
282 263
346 263
455 263
136 264
255 264
370 264
386 264
179 265
230 265
246 265
356 265
360 265
365 265
403 265
423 265
462 265
151 266
181 266
375 266
397 266
269 267
389 267
391 267
413 267
440 268
186 269
221 269
249 269
292 269
307 269
327 269
342 269
189 270
269 270
361 270
443 270
149 271
202 271
219 271
322 271
333 271
364 271
132 272
150 272
349 272
358 272
411 272
91 273
121 273
167 273
200 273
330 273
345 273
410 273
226 274
237 274
268 274
277 274
365 274
379 274
421 274
247 275
260 275
275 275
294 275
381 275
382 275
395 275
430 275
107 276
161 276
343 276
415 276
178 277
311 277
212 278
228 278
242 278
265 278
339 278
386 278
390 278
399 278
433 278
138 279
160 279
186 279
205 279
238 279
352 279
416 279
466 279
195 280
262 280
366 280
160 281
248 281
254 281
262 281
324 281
399 281
453 281
199 282
222 282
339 282
360 282
102 283
121 283
139 283
174 283
335 283
355 283
474 283
123 284
247 284
268 284
437 284
133 285
166 285
386 285
204 286
169 287
188 287
238 287
313 287
329 287
421 287
123 288
263 288
269 288
275 288
301 288
114 289
150 289
267 289
324 289
133 290
142 290
148 290
167 290
175 290
213 290
330 290
198 291
358 291
406 291
196 292
358 292
372 292
459 292
177 293
198 293
288 293
442 293
172 294
263 294
316 294
330 294
333 294
394 294
478 294
89 295
189 295
251 296
208 297
254 297
302 297
326 297
129 298
181 298
228 298
358 298
385 298
428 298
159 299
164 299
127 300
162 300
190 300
341 300
360 300
411 300
462 300
158 301
190 301
192 302
200 302
224 302
277 302
400 302
102 303
141 303
247 303
330 303
255 304
265 304
289 304
337 304
447 304
199 305
376 305
432 305
349 306
240 307
280 307
302 307
174 308
195 308
273 308
344 308
389 308
134 309
174 309
215 309
270 309
329 309
336 309
338 309
465 309
246 310
416 310
87 311
133 311
135 311
154 311
177 311
253 311
259 311
289 311
115 312
146 312
193 312
263 312
404 312
435 312
175 313
352 313
452 313
163 315
168 315
227 315
440 315
181 316
208 316
304 316
359 316
369 316
458 316
330 317
141 318
236 318
332 318
345 318
395 318
421 318
134 319
172 319
187 319
316 319
347 319
271 320
106 321
131 321
147 321
410 321
348 322
461 322
473 322
125 323
190 323
247 323
286 323
379 323
135 324
234 324
285 324
325 324
427 324
181 325
216 325
339 325
370 325
408 325
447 325
141 326
159 326
195 326
210 326
347 326
99 327
119 327
131 327
300 327
308 327
406 327
418 327
168 328
341 328
347 328
144 329
187 329
270 329
307 329
396 329
162 330
199 330
219 330
242 330
253 330
302 330
336 330
349 330
175 331
284 331
329 331
359 331
144 332
307 332
315 332
477 332
93 333
156 333
158 333
180 333
211 333
228 333
312 333
384 333
431 333
124 334
142 334
187 334
300 334
352 335
419 335
435 335
135 336
178 336
210 336
333 336
371 337
110 338
194 338
222 338
152 339
199 339
248 339
264 339
281 339
300 339
304 339
398 339
430 339
314 340
347 340
466 340
184 341
202 341
237 341
295 341
334 341
348 341
163 342
225 342
279 342
285 342
305 342
315 342
347 342
411 342
436 342
165 343
185 343
299 343
335 343
372 344
421 344
199 345
257 345
326 345
361 345
403 345
452 345
127 346
133 346
223 346
233 346
321 346
104 347
169 348
181 348
198 348
219 348
274 348
312 348
329 348
434 348
314 349
412 349
234 350
289 350
300 350
340 350
171 351
182 351
201 351
234 351
255 351
294 351
385 351
401 351
436 351
100 352
121 352
149 352
362 352
406 352
211 353
280 353
339 353
373 353
439 353
143 354
158 354
214 354
409 354
441 354
349 355
354 355
117 356
291 356
300 356
350 356
438 356
152 357
249 357
412 357
458 357
176 358
231 358
285 358
289 358
291 358
426 358
149 359
315 359
472 359
94 360
227 360
325 360
387 360
190 361
192 361
224 362
353 362
376 362
162 363
170 363
337 363
387 363
414 363
215 364
444 364
173 365
207 365
403 365
183 366
208 366
216 366
225 366
244 366
261 366
151 367
167 367
226 367
311 367
178 368
350 368
107 369
131 369
161 369
274 369
461 369
175 370
431 370
166 371
202 371
299 371
327 371
343 371
347 371
353 371
380 371
189 372
198 372
388 372
236 373
415 373
200 374
124 375
204 375
285 375
324 375
339 375
218 376
375 376
385 376
435 376
449 376
168 377
199 377
233 377
253 377
335 377
381 377
99 378
145 378
162 378
311 379
376 379
404 379
157 380
230 380
356 380
420 380
467 380
195 381
199 381
297 381
377 381
166 382
390 382
114 383
171 383
352 383
355 383
195 384
213 384
220 384
238 384
378 384
452 384
179 385
204 385
267 385
325 385
366 385
438 385
173 386
232 386
337 386
347 386
186 387
250 387
338 387
354 387
378 387
132 388
151 388
183 388
187 388
339 388
90 389
310 389
365 389
377 389
421 389
109 390
201 390
323 390
218 391
233 391
296 391
189 392
239 392
244 392
352 392
440 392
161 393
166 393
206 393
280 393
328 393
356 393
407 393
354 394
457 394
307 395
357 395
472 395
198 396
262 396
143 397
236 397
338 397
392 397
395 397
428 397
190 398
217 398
379 398
123 399
158 399
185 399
200 399
223 399
331 399
366 399
180 400
356 400
164 401
241 401
249 401
259 401
276 401
350 401
354 401
368 401
394 401
184 402
202 402
277 402
171 403
441 403
114 404
181 404
292 404
338 404
381 404
173 405
434 405
151 406
278 406
304 406
319 406
330 406
404 406
409 406
171 407
188 407
408 407
255 408
364 408
394 408
396 408
402 408
478 408
172 409
193 409
272 409
406 409
430 409
148 410
331 410
334 410
337 410
363 410
383 410
351 411
463 411
266 412
415 413
447 413
163 414
181 414
270 414
345 414
106 415
145 415
212 415
233 415
254 415
273 415
433 415
176 416
244 416
266 416
386 416
429 416
162 417
396 417
399 417
400 417
126 418
176 418
373 418
465 418
185 419
268 419
319 419
338 419
439 419
246 421
250 421
262 421
273 421
283 421
302 421
364 421
395 421
180 422
184 422
323 422
197 423
242 423
434 423
171 424
195 424
386 424
263 425
378 425
416 425
468 425
153 426
163 426
201 426
251 426
337 426
388 426
403 426
133 427
175 427
326 427
361 427
381 427
416 427
420 427
451 427
187 428
219 428
351 428
430 428
111 429
197 429
241 429
276 429
361 429
435 429
185 430
272 430
330 430
349 430
375 430
389 430
395 430
194 431
317 431
327 431
414 431
403 432
435 432
127 433
177 433
186 433
250 433
297 433
364 433
375 433
413 433
170 434
277 434
194 435
214 435
257 435
431 435
279 436
421 436
261 437
338 437
392 437
186 438
195 438
325 438
354 438
420 438
440 438
143 439
372 439
345 440
360 440
390 440
405 440
120 441
274 441
297 441
332 441
232 442
281 442
283 442
287 442
360 442
98 443
249 443
293 443
295 443
341 443
206 444
301 444
310 444
163 445
344 445
277 446
407 446
255 447
258 447
271 447
299 447
425 447
130 448
249 448
267 448
273 448
292 448
337 448
338 448
182 449
325 449
156 451
199 451
222 451
269 451
351 451
263 452
344 452
395 452
122 453
278 453
286 453
286 454
335 454
341 455
347 455
361 455
252 456
262 456
272 456
378 456
449 456
240 457
249 457
270 457
286 457
412 457
110 458
141 458
171 458
283 458
315 459
337 460
214 461
255 461
288 461
431 462
193 463
234 463
248 463
299 463
307 463
352 463
134 464
256 464
262 464
276 464
398 464
415 464
124 465
161 465
367 465
249 466
384 466
243 468
290 468
345 468
202 469
261 469
290 469
178 470
185 471
286 471
297 471
223 472
251 472
301 472
307 472
313 472
116 473
148 473
333 473
337 473
402 473
255 474
322 474
172 476
266 476
268 476
351 476
422 476
291 477
322 477
294 478
337 478
360 478
193 479
212 479
248 479
282 480
360 480
390 481
240 482
283 482
303 482
165 483
319 483
200 484
408 485
231 486
258 486
358 486
394 487
278 488
341 488
329 489
154 490
376 490
136 492
183 493
249 494
310 496
170 497
212 497
292 497
235 500
268 500
341 500
363 502
158 503
327 505
195 506
263 506
283 506
148 507
226 507
303 507
247 508
184 513
258 513
216 515
309 515
170 517
272 518
232 520
336 520
323 521
288 522
201 524
242 525
183 527
301 529
234 530
258 532
212 535
241 538
