375 1
426 1
257 2
240 3
278 3
230 4
246 4
289 4
305 4
212 5
319 5
130 6
219 6
437 6
392 7
337 8
189 9
121 10
175 11
114 12
162 13
357 13
259 15
274 15
154 16
292 16
456 16
244 17
148 18
222 18
313 18
381 19
421 19
140 20
204 21
472 21
97 22
333 22
132 23
193 23
182 25
122 26
261 26
398 26
438 26
167 27
250 27
276 27
351 28
289 29
156 31
302 31
368 31
416 31
109 32
144 33
148 33
230 33
223 34
211 35
237 35
315 35
379 35
100 37
257 37
439 37
132 38
198 38
281 38
329 38
479 40
183 41
340 41
346 41
395 41
454 41
124 42
127 42
161 42
165 42
211 42
220 42
407 42
183 43
328 43
358 43
164 44
233 44
286 44
301 44
351 44
405 44
165 45
216 45
292 45
345 45
357 45
289 46
79 47
228 47
427 47
111 48
153 48
163 48
196 48
206 48
239 48
438 48
192 49
227 49
235 49
214 50
216 50
221 50
332 50
368 50
426 50
306 51
425 51
430 51
167 52
250 52
263 52
303 52
355 52
141 53
200 53
270 53
384 53
406 53
421 53
438 53
132 54
188 54
278 54
323 54
435 54
282 55
96 56
332 56
402 56
149 57
239 57
443 57
124 58
175 58
293 58
297 58
314 58
343 58
474 58
239 59
398 59
154 60
355 60
205 61
161 62
353 62
354 62
453 62
170 63
82 64
157 64
177 64
209 64
310 64
362 64
318 65
342 65
416 65
129 66
133 66
214 66
242 66
355 66
431 66
206 67
213 67
224 67
234 67
260 67
372 67
438 67
147 68
198 68
272 68
284 68
296 68
338 68
69 69
106 69
206 69
315 69
138 70
198 70
219 70
285 70
315 70
139 71
162 71
225 71
185 72
186 72
327 72
351 72
432 72
132 73
221 73
389 73
60 74
94 74
133 74
174 74
168 75
340 75
130 76
183 76
395 76
428 76
156 77
411 77
444 77
475 77
351 79
415 79
119 80
175 80
193 80
214 80
288 80
407 80
139 81
239 81
273 81
327 81
362 81
365 81
428 81
432 81
81 82
215 82
228 82
243 82
262 82
303 82
368 82
151 83
206 83
248 83
306 83
395 83
328 84
323 85
417 85
103 86
143 86
197 86
321 86
324 86
347 86
154 87
379 87
127 88
140 88
152 88
186 88
336 88
439 88
463 88
123 89
144 89
312 89
333 89
428 89
68 90
133 90
339 90
437 90
241 91
281 91
339 91
355 91
174 92
255 92
392 92
137 93
291 93
336 93
150 94
237 94
369 94
408 94
59 95
163 95
302 95
343 95
426 95
439 95
92 96
126 96
131 96
139 96
144 96
215 96
227 96
247 96
288 96
358 96
375 96
120 97
208 97
260 97
273 97
347 97
367 97
404 97
152 98
242 98
312 98
313 98
378 98
390 98
440 98
478 98
52 99
197 99
268 99
381 99
451 99
294 100
336 100
339 100
415 100
130 101
145 101
187 101
326 101
413 101
78 102
107 102
147 102
127 103
243 103
263 103
279 103
355 103
159 104
294 104
298 104
314 104
377 104
396 104
249 105
333 105
137 106
288 106
336 106
244 107
391 108
427 108
463 108
136 109
215 109
347 109
163 110
264 110
207 111
304 111
413 111
65 112
94 112
121 112
127 112
238 112
357 112
401 112
200 113
253 113
264 113
268 113
151 114
351 114
284 115
314 115
316 115
360 115
439 115
477 115
245 116
369 116
398 116
184 117
276 117
318 117
339 119
386 119
415 119
55 120
158 120
171 120
281 120
328 120
336 120
381 120
421 120
82 121
89 121
221 121
440 121
99 122
111 122
126 122
136 122
141 122
205 122
298 122
425 122
455 122
135 123
159 123
349 124
461 124
107 125
137 125
271 125
311 125
160 126
161 126
238 126
250 126
294 126
394 126
135 127
157 127
195 127
257 127
315 127
45 128
71 128
99 128
121 128
127 128
145 128
258 128
266 128
112 129
173 129
189 129
359 129
433 129
477 129
223 130
275 130
278 130
312 130
328 130
179 131
310 131
421 131
107 132
158 132
211 132
254 132
303 132
410 132
143 133
187 133
289 133
116 134
118 134
264 134
340 134
406 134
426 134
167 135
187 135
269 135
286 135
375 135
106 136
117 136
152 136
199 136
303 136
305 136
90 137
128 137
276 137
176 138
264 138
270 138
449 138
457 138
58 139
186 139
283 139
316 139
87 140
128 140
249 140
261 140
353 140
419 140
311 141
387 141
409 141
428 141
52 142
106 142
155 142
229 142
285 142
297 142
81 143
160 143
194 143
271 143
274 143
128 144
209 144
310 144
327 144
78 145
128 145
173 145
267 145
282 145
427 145
86 146
142 146
278 146
289 146
314 146
395 146
471 146
269 147
300 147
45 148
99 148
108 148
164 148
334 148
367 148
118 149
144 149
168 149
197 149
455 149
71 150
120 150
191 150
301 150
181 151
231 151
240 151
252 151
243 152
245 152
345 152
159 153
221 153
259 153
263 153
405 153
437 153
41 154
91 154
159 154
308 154
157 155
265 155
273 155
277 155
316 155
378 155
405 155
112 156
133 156
182 156
201 156
429 156
30 157
466 157
352 158
59 159
108 159
284 159
327 159
404 159
416 159
431 159
439 159
105 160
293 160
149 161
172 161
295 161
361 161
447 161
82 162
225 162
300 162
305 162
387 162
220 163
297 163
417 163
183 164
236 164
248 164
317 164
426 164
102 165
355 165
478 165
164 166
196 166
199 166
292 166
419 166
120 167
169 167
189 167
194 167
282 167
306 167
339 167
455 167
265 168
388 168
139 169
343 169
382 169
400 169
432 169
94 170
184 170
275 170
371 170
376 170
460 171
41 172
68 172
288 172
293 172
305 172
321 172
435 172
163 173
385 173
270 174
285 174
311 174
354 174
357 174
149 175
230 175
340 175
238 176
38 177
106 177
172 177
206 177
211 177
220 177
248 177
281 177
412 177
331 178
362 178
386 178
440 178
469 178
84 179
187 179
200 179
159 180
302 180
337 180
124 181
188 181
260 181
317 181
387 181
428 181
447 181
31 182
55 182
142 182
269 182
347 182
398 182
197 183
330 183
409 183
427 183
475 183
78 184
183 184
274 184
421 184
150 185
331 185
26 186
167 186
288 186
317 186
344 186
350 186
352 186
393 186
413 186
137 187
184 187
398 187
163 188
164 188
216 188
305 188
375 188
384 188
225 189
244 189
288 189
326 189
349 189
112 190
299 190
305 190
423 190
457 190
251 191
283 191
289 191
368 191
432 191
174 192
199 192
362 192
91 193
155 193
197 193
260 193
311 193
356 193
295 194
426 194
41 195
188 195
189 195
360 195
325 196
391 196
396 196
438 196
66 197
330 197
384 197
386 197
128 198
363 198
466 198
104 199
328 199
400 199
278 200
397 200
63 201
116 201
164 201
210 201
219 201
61 202
97 202
145 202
211 202
220 202
229 202
309 202
337 202
338 202
394 202
82 203
102 203
153 203
203 203
237 203
283 203
418 203
43 204
87 204
118 204
156 204
188 204
197 204
250 204
127 205
476 205
90 206
31 207
56 207
69 207
75 207
96 207
147 207
179 207
447 207
55 208
62 208
96 208
186 208
261 208
294 208
318 208
346 208
375 208
43 209
138 209
157 209
199 209
225 209
401 209
330 210
190 211
160 212
271 212
110 213
116 213
119 213
359 213
430 213
48 214
169 214
243 214
304 214
326 214
458 214
90 215
167 215
209 215
326 215
407 215
109 216
218 216
224 216
250 216
329 216
362 216
145 217
182 217
199 217
279 217
388 217
114 218
191 218
129 219
196 219
216 219
352 219
466 219
101 220
129 220
145 220
146 220
157 220
226 220
345 220
65 221
68 221
135 221
153 221
188 221
313 221
331 221
371 221
411 221
62 222
183 222
238 222
262 222
335 222
41 223
169 223
287 223
436 223
41 224
101 224
142 224
117 225
152 225
157 225
163 225
172 225
192 225
395 225
52 226
64 226
78 226
159 226
80 227
144 227
222 227
271 227
360 227
377 227
158 228
189 228
215 228
233 228
335 228
73 229
251 229
304 229
439 229
95 230
132 230
192 230
225 230
232 230
326 230
477 230
169 231
171 231
228 231
239 231
345 231
50 232
93 232
209 232
308 232
83 233
107 233
122 233
146 233
259 233
455 233
90 234
160 234
203 234
332 234
401 234
420 234
103 235
136 235
149 235
240 235
298 235
440 235
30 236
192 236
197 236
279 236
331 236
55 237
169 237
239 237
99 238
336 238
373 238
463 238
214 239
351 239
158 240
163 240
219 240
222 240
321 240
50 241
74 241
154 241
190 241
197 241
269 241
394 241
189 242
228 242
305 242
381 242
398 242
72 243
289 243
428 243
22 244
120 244
380 244
95 245
160 245
180 245
252 245
321 245
338 245
130 246
140 246
197 246
359 246
67 247
410 247
138 248
179 248
470 248
45 249
141 249
155 249
236 249
430 249
132 250
176 250
188 250
201 250
364 250
48 251
172 251
210 251
308 251
344 251
41 252
104 252
168 252
170 252
192 252
242 252
292 252
389 252
62 253
47 254
218 254
261 254
328 254
367 255
386 255
115 256
133 257
395 257
459 257
77 258
126 258
137 258
192 258
246 258
296 258
434 258
168 259
350 259
34 260
56 260
315 260
419 260
56 261
68 261
151 261
163 261
194 261
228 261
266 261
391 261
87 262
283 262
371 262
135 263
178 263
200 263
252 263
371 263
440 263
155 264
182 264
47 265
71 265
180 265
209 265
300 265
73 266
121 266
188 266
318 266
405 266
464 266
148 267
174 267
192 267
71 268
72 268
175 268
213 268
98 269
186 269
198 269
256 269
338 269
357 269
390 269
424 269
66 270
272 270
289 270
43 271
133 271
218 271
362 271
387 271
469 271
45 272
170 272
142 273
325 273
380 273
408 273
429 273
167 274
237 274
362 274
371 274
381 274
52 275
58 275
95 275
369 275
388 275
167 276
172 276
80 277
192 277
135 278
146 278
223 278
309 278
451 278
167 279
200 279
364 279
365 279
242 280
294 280
325 280
347 280
388 280
142 281
186 281
239 281
242 281
262 281
424 281
128 282
155 282
453 282
477 282
50 283
51 283
105 283
341 283
402 283
252 284
337 284
386 284
42 285
61 285
161 285
206 285
230 285
278 285
313 285
334 285
414 285
76 286
158 286
346 286
435 286
456 286
288 287
59 288
66 288
217 288
353 288
401 288
117 289
133 289
212 289
259 289
334 289
404 289
163 290
205 290
248 290
300 290
91 291
154 291
178 291
315 291
328 291
30 292
71 292
103 292
129 292
291 292
433 292
160 293
244 293
251 293
427 293
235 294
321 294
422 294
216 295
142 296
205 296
279 296
281 296
350 296
45 297
248 297
258 297
341 297
413 297
441 297
465 297
68 298
244 298
266 298
274 298
295 298
358 298
173 299
223 299
342 299
376 299
23 300
67 300
156 300
257 300
270 300
392 300
409 300
417 300
307 301
52 302
228 302
414 302
138 303
140 303
271 303
245 304
57 305
71 305
199 305
212 305
248 305
265 306
277 306
16 307
38 307
152 307
184 307
324 307
46 308
210 308
238 308
297 308
365 308
426 308
450 308
51 309
70 309
84 309
112 309
138 309
260 309
320 309
347 309
403 309
414 309
431 309
473 309
159 310
258 310
326 310
350 310
360 310
381 310
410 310
417 310
166 311
207 311
226 311
71 312
437 312
69 313
194 313
272 313
399 313
97 314
156 314
224 314
284 314
321 314
418 314
208 315
67 316
217 316
240 316
251 316
336 316
457 316
155 317
240 317
427 317
312 318
353 318
60 319
177 319
345 319
367 319
33 320
193 320
151 321
172 321
385 321
80 322
209 322
52 324
67 324
189 324
224 324
274 324
300 324
26 325
139 325
325 325
422 325
142 326
462 326
160 327
171 327
225 327
338 327
354 327
157 328
289 328
408 328
445 328
144 329
207 329
230 329
315 329
126 330
186 330
371 330
153 331
126 332
135 332
165 332
239 332
186 333
203 333
65 334
107 334
204 334
393 334
471 334
94 335
209 335
251 335
273 335
357 335
142 336
227 336
343 336
46 337
122 337
231 337
264 337
150 338
219 338
236 338
452 338
35 339
129 339
134 339
179 339
329 339
376 340
295 341
307 341
342 341
62 342
135 342
141 342
479 342
93 343
158 343
170 343
203 343
319 343
416 343
434 343
151 344
200 344
399 344
108 345
223 345
163 346
237 346
61 347
78 347
360 347
144 348
437 348
459 349
212 350
264 351
380 351
442 351
92 352
108 352
137 352
155 352
287 352
173 353
159 354
274 354
130 355
148 355
190 355
323 355
336 355
406 355
144 356
157 356
167 356
219 356
251 356
300 356
348 356
385 356
425 356
468 356
48 357
132 357
153 357
213 357
221 357
311 357
18 358
173 358
183 358
287 358
77 359
165 359
217 359
225 359
180 360
194 360
33 361
93 361
124 361
272 361
320 361
103 362
153 362
194 362
363 362
404 362
452 362
257 363
259 363
301 363
309 363
313 363
167 364
185 364
235 364
479 364
105 365
128 365
165 365
203 365
277 365
423 365
440 365
60 366
94 366
122 366
141 366
183 366
245 366
272 366
152 367
307 367
325 367
134 368
169 368
217 368
377 368
416 368
91 369
101 369
111 369
179 369
263 369
432 369
137 370
156 371
395 371
165 372
171 372
351 372
379 372
410 372
75 373
93 373
159 373
249 373
296 373
46 374
92 374
315 374
340 374
415 374
439 374
196 375
200 375
437 375
471 375
279 376
283 376
366 376
231 377
381 377
385 377
33 378
116 378
129 378
257 378
294 378
305 378
249 379
272 379
285 379
76 380
405 380
413 380
120 381
134 381
165 381
186 381
411 381
94 382
104 382
162 382
361 382
420 382
425 382
89 383
246 383
264 383
278 383
44 384
123 384
286 384
329 384
362 384
385 384
180 385
182 385
208 385
447 385
88 386
107 386
372 386
394 386
244 387
259 387
65 388
94 388
135 388
308 388
117 389
226 389
258 389
319 389
383 389
396 389
31 390
140 390
146 390
405 390
174 391
254 391
344 391
392 391
395 391
409 391
89 392
126 392
143 392
154 392
164 392
358 392
367 392
403 392
421 392
124 393
139 393
243 393
414 393
108 394
148 394
199 394
384 394
404 394
468 394
115 395
160 395
379 395
429 395
428 396
120 397
191 397
270 397
289 397
390 397
409 397
442 397
82 399
188 399
295 399
307 399
474 399
68 401
123 402
217 402
263 402
334 402
342 402
383 402
258 403
179 404
268 404
347 404
381 404
398 404
450 404
173 405
239 405
324 405
389 405
103 406
112 406
330 406
53 407
211 407
364 407
374 407
393 407
414 407
33 408
435 408
156 409
164 409
261 409
273 409
345 409
414 409
458 409
250 410
326 410
357 410
93 411
389 411
136 412
202 412
279 412
129 413
145 413
154 413
394 413
198 414
351 414
90 415
126 415
230 415
265 415
322 415
398 415
468 415
86 416
109 416
112 416
135 416
442 416
75 417
84 417
265 417
291 417
336 417
378 417
425 417
105 418
246 418
39 420
56 420
409 420
425 420
473 420
142 421
179 421
373 421
250 422
257 422
450 422
105 423
122 423
135 423
263 423
95 424
157 424
275 424
318 424
375 424
426 424
437 424
156 425
224 425
342 425
404 425
137 426
241 426
398 426
405 426
121 427
305 427
339 427
455 427
203 428
406 428
90 429
138 429
381 429
83 430
92 430
130 430
148 430
356 430
65 431
83 431
216 431
286 431
316 431
331 431
392 431
429 431
271 432
324 432
368 432
197 433
330 433
342 433
372 433
47 434
111 434
143 434
149 434
232 434
343 434
411 434
128 435
158 435
190 435
258 435
328 435
331 435
360 435
394 435
435 435
116 436
137 436
382 436
93 437
163 437
179 437
273 437
356 437
259 438
265 438
392 438
124 439
140 439
417 439
470 439
302 440
372 440
119 441
142 441
266 441
371 441
75 442
243 442
364 442
421 442
101 443
136 443
200 443
343 443
409 443
130 444
195 444
311 444
401 444
477 444
159 445
296 445
326 445
200 446
222 446
277 446
139 447
239 447
453 447
148 448
164 448
192 448
370 448
371 448
393 448
400 448
429 448
199 449
376 449
420 449
426 449
292 450
160 451
197 451
115 452
252 452
401 452
428 452
170 453
216 453
373 453
377 453
211 454
434 454
232 455
342 455
465 455
127 456
358 456
377 456
319 457
434 457
94 458
100 458
150 458
267 458
283 459
71 460
154 460
303 460
307 460
369 460
411 460
445 460
130 461
148 461
304 461
363 461
199 462
200 462
319 462
384 462
424 462
121 463
144 464
188 464
242 464
337 464
375 464
81 465
128 465
161 465
222 465
380 465
386 465
389 465
454 465
110 466
138 466
159 466
320 466
130 467
177 467
365 467
427 467
439 467
281 468
370 468
395 468
192 469
379 469
126 470
143 470
213 470
283 470
372 470
376 470
256 471
305 471
93 472
191 472
392 472
414 472
124 473
171 473
352 473
389 473
405 473
470 473
379 474
397 474
419 474
442 474
187 475
198 475
210 475
294 475
348 475
99 476
141 477
152 477
183 477
199 477
272 477
313 477
341 477
450 477
105 478
198 478
293 478
428 478
173 479
316 479
370 479
422 479
158 480
163 480
191 480
194 480
197 480
284 480
307 480
286 481
423 481
76 482
172 482
197 483
309 483
377 483
393 483
246 484
302 484
400 484
82 485
212 485
228 485
285 485
325 485
400 485
434 485
221 486
342 486
265 487
372 487
124 488
227 488
264 488
306 488
362 488
202 489
239 489
354 489
377 489
388 489
200 490
208 490
380 490
411 490
150 491
225 491
281 491
311 491
328 491
396 491
102 492
167 492
192 492
374 492
218 493
220 493
340 493
387 493
172 494
255 494
423 494
179 495
253 495
297 495
272 496
344 496
112 497
164 497
247 497
270 498
314 498
442 498
127 499
164 499
315 499
347 499
372 499
210 500
267 500
334 500
336 500
237 501
334 501
369 501
449 501
161 502
192 502
205 502
297 502
140 503
220 503
357 503
374 503
388 503
99 504
177 504
289 504
310 504
315 504
372 504
376 504
388 504
407 504
156 505
198 505
227 505
397 505
169 506
181 506
253 506
307 506
424 506
191 507
210 507
214 507
261 507
274 507
356 507
379 507
107 508
221 508
279 508
195 509
223 509
227 509
258 509
172 510
187 510
214 510
236 510
350 511
178 512
299 512
345 512
128 513
183 514
335 514
342 514
333 515
246 516
384 516
320 517
324 517
292 518
153 519
191 519
285 519
344 519
372 519
383 519
167 520
177 520
191 520
208 520
226 520
279 520
233 521
251 521
410 521
427 521
208 522
214 522
284 523
308 523
123 526
273 527
350 528
354 528
294 531
142 532
158 532
222 532
213 533
263 533
337 533
238 534
252 534
319 534
411 534
174 536
303 536
187 537
215 543
366 543
373 543
348 545
248 546
320 548
336 548
307 550
267 553
