264 28
328 30
279 33
229 36
291 38
351 38
249 42
356 43
312 44
150 45
156 46
215 46
267 46
365 46
168 47
178 48
271 48
278 50
328 50
189 52
226 52
233 52
378 53
292 54
199 55
209 57
412 57
386 58
120 59
250 59
130 60
143 60
124 61
314 62
163 63
359 63
424 64
175 65
261 65
170 66
181 66
365 67
397 67
213 69
277 69
218 70
403 70
227 72
287 73
103 74
340 75
124 76
295 76
381 76
139 77
303 77
416 77
158 78
246 78
352 78
173 79
308 80
318 80
160 81
185 81
192 82
257 82
393 82
153 83
195 83
172 84
264 84
364 84
194 85
216 86
254 86
257 86
276 86
234 88
279 88
372 88
432 88
90 89
100 89
410 89
115 90
173 90
248 90
256 90
270 90
337 90
128 91
243 92
342 92
164 93
272 93
299 93
156 94
382 94
445 94
180 96
357 96
417 96
190 97
201 97
137 98
254 98
208 99
221 99
316 99
397 100
246 101
249 101
262 101
458 101
70 102
137 102
423 102
90 103
149 103
200 103
233 103
279 103
369 103
104 104
135 104
259 104
464 104
128 105
148 105
332 105
404 105
136 106
135 107
153 107
190 108
290 108
166 109
178 109
433 109
471 109
174 110
440 110
179 111
243 111
193 112
348 112
247 113
476 113
198 114
254 114
358 114
68 115
214 115
272 115
279 115
388 115
446 115
179 116
319 116
58 117
170 117
225 117
79 118
161 118
96 119
153 119
199 119
276 119
457 119
117 120
246 120
373 120
97 121
253 121
94 122
268 122
277 122
111 123
167 123
335 123
435 123
128 124
162 124
185 124
411 124
427 124
295 125
85 126
140 126
181 126
405 126
385 127
97 128
134 128
347 128
117 129
182 129
308 129
441 129
97 130
106 130
129 130
138 130
439 130
70 131
167 131
196 131
54 132
88 132
156 132
159 132
177 132
208 132
358 132
430 132
135 133
220 133
433 133
114 134
119 134
148 134
178 134
320 134
397 134
438 134
160 135
200 135
232 135
176 136
241 137
253 137
160 138
437 138
144 139
265 139
336 139
378 139
131 140
165 140
422 140
473 140
88 141
272 141
409 141
110 142
130 142
448 142
174 143
291 143
103 144
124 144
151 144
352 145
390 145
187 146
397 146
415 146
22 147
58 147
315 147
37 149
93 149
105 149
147 149
72 150
115 150
156 150
176 150
192 150
204 150
363 150
373 150
83 151
100 151
132 151
166 151
182 151
330 151
432 151
222 152
429 152
237 153
256 153
102 154
175 154
177 154
122 156
176 156
174 157
179 157
193 157
134 158
342 158
383 158
412 158
417 158
289 159
388 160
395 160
165 161
216 161
229 161
301 161
126 162
223 162
305 162
352 162
394 162
415 162
448 162
208 163
56 164
66 164
73 164
75 164
109 164
175 164
315 164
350 164
363 164
414 164
56 165
155 165
353 165
396 165
10 166
50 166
184 166
238 166
327 166
371 166
41 167
354 167
423 167
201 168
64 169
198 169
220 169
257 169
346 169
369 169
374 169
460 169
360 170
363 171
221 172
239 172
270 172
343 173
71 174
191 174
386 174
408 174
174 175
213 175
287 175
64 176
392 176
474 176
48 177
81 177
295 177
375 177
425 177
443 177
191 178
409 178
95 179
104 179
141 179
331 179
400 179
434 179
125 180
197 180
240 180
310 180
154 181
340 181
361 181
173 182
178 182
191 182
388 182
396 182
427 182
183 183
193 183
412 183
417 183
459 183
18 184
24 184
216 184
326 184
437 184
49 185
165 185
206 185
224 185
392 185
4 186
61 186
201 186
243 186
378 186
255 187
265 187
323 187
343 187
73 188
184 188
233 188
238 188
326 188
424 188
470 188
67 189
190 189
280 189
357 189
374 189
56 190
180 190
387 190
413 190
219 191
228 191
379 191
43 192
184 192
371 192
430 192
291 193
350 193
403 193
474 193
68 194
158 194
212 194
361 194
384 194
393 194
437 194
211 195
329 195
400 195
435 195
100 196
127 196
138 196
167 196
304 196
403 196
111 197
166 197
176 197
198 197
317 197
42 198
175 198
189 198
202 198
78 199
230 199
396 199
403 199
418 199
448 199
182 200
338 200
402 200
58 201
190 201
242 201
305 201
309 201
336 201
64 202
131 202
205 202
299 202
316 202
321 202
327 202
28 203
254 203
415 203
462 203
14 204
228 204
233 204
417 204
303 205
364 205
154 206
180 206
265 206
432 206
286 207
362 207
133 208
308 208
317 208
373 208
432 208
436 208
89 209
351 209
379 209
398 209
141 210
169 210
283 210
319 210
320 210
422 210
82 211
128 211
136 211
149 211
195 211
212 211
214 211
327 211
372 211
407 211
136 212
158 212
307 212
388 212
395 212
397 212
98 213
113 213
158 213
233 213
335 213
385 213
419 213
181 214
219 214
394 214
424 214
94 215
99 215
313 215
331 215
432 215
446 215
86 216
341 216
453 216
225 217
299 217
333 217
398 217
93 218
100 218
121 218
238 218
314 218
393 218
408 218
427 218
25 219
68 219
292 219
302 219
307 219
320 219
371 219
375 219
396 219
64 220
94 220
99 220
183 221
279 221
327 221
10 222
39 222
49 222
56 222
99 222
187 222
191 222
209 222
225 222
237 222
255 222
266 222
294 222
369 222
32 223
158 223
174 223
299 223
366 223
411 223
216 224
247 224
288 224
317 224
383 224
387 224
419 224
127 225
198 225
305 225
323 225
339 225
348 225
369 225
468 225
148 226
175 226
311 226
377 226
135 227
151 227
195 227
220 227
332 227
385 227
435 227
128 228
347 228
120 229
326 229
479 229
402 230
407 230
440 230
124 231
147 231
361 231
102 232
129 232
182 232
188 232
341 232
377 232
397 232
445 232
85 233
104 233
192 233
271 233
288 233
346 233
357 233
30 234
170 234
202 234
84 235
109 235
152 235
313 235
73 236
288 236
298 236
329 236
359 236
14 237
104 237
116 237
166 237
186 237
202 237
229 237
318 237
393 237
411 237
429 237
457 237
199 238
217 238
305 238
315 238
344 238
415 238
61 239
68 239
153 239
168 239
247 239
292 239
437 239
227 240
317 240
322 240
466 240
143 241
376 241
53 242
140 242
142 242
160 242
246 242
270 242
424 242
253 243
263 243
128 244
135 244
258 244
310 244
330 244
389 244
477 244
48 245
103 245
281 245
307 245
83 246
138 246
42 247
205 247
211 247
342 247
441 247
113 248
234 248
84 249
353 249
33 250
200 250
242 250
340 250
358 250
407 250
103 251
179 251
185 251
217 251
238 251
304 251
319 251
210 252
366 252
172 253
230 253
243 253
96 254
158 254
248 254
285 254
374 254
461 254
141 255
145 255
153 255
272 255
322 255
69 256
95 256
151 256
207 256
419 256
89 257
217 257
426 257
5 258
328 258
86 259
128 259
273 259
63 260
83 260
131 260
241 260
341 260
434 260
268 261
284 261
391 261
475 261
53 262
139 262
141 262
217 262
232 262
261 262
301 262
47 263
96 263
153 263
289 263
311 263
355 263
440 263
199 264
237 264
287 264
314 264
333 264
86 265
188 265
201 265
225 265
228 265
242 265
250 265
115 266
173 266
204 266
211 266
219 266
260 266
328 266
449 266
146 267
161 267
274 267
326 267
354 267
406 267
107 268
349 268
30 269
277 270
332 270
342 270
346 270
461 270
96 271
97 271
131 271
291 271
383 271
418 271
22 272
84 272
355 273
12 274
104 274
151 274
215 274
308 274
65 275
76 275
115 275
145 275
249 275
314 275
357 275
394 275
157 276
326 276
475 276
58 277
134 277
151 277
236 277
282 277
325 277
340 277
154 278
164 278
231 278
263 278
432 278
137 279
250 279
303 279
443 279
141 280
191 280
201 280
215 280
247 280
265 280
336 280
137 281
148 281
184 281
189 281
225 281
274 281
126 282
216 282
218 282
409 282
46 283
122 283
131 283
181 283
364 283
453 283
245 284
268 284
291 284
383 284
192 285
207 285
312 285
371 285
78 286
428 287
467 287
25 288
360 288
18 289
255 289
11 290
103 290
206 290
242 290
257 290
324 290
396 290
60 291
213 291
225 291
230 291
476 291
146 292
160 292
165 292
188 292
199 292
242 292
271 292
286 292
437 292
95 293
180 293
201 293
213 293
374 293
151 294
262 294
270 294
339 294
146 295
259 295
90 296
180 296
302 296
453 296
270 297
384 297
418 297
185 298
349 298
133 299
312 299
391 299
14 300
77 300
235 300
264 300
377 300
122 301
360 301
395 301
465 301
46 302
165 302
201 302
256 302
185 303
214 303
276 303
428 303
174 304
192 304
113 305
133 305
167 305
243 305
476 305
38 306
232 306
374 306
160 307
192 307
306 307
331 307
407 307
441 307
452 307
154 308
262 308
250 309
242 310
346 310
208 311
265 311
266 311
280 311
362 311
29 312
140 312
155 312
216 312
227 312
241 312
242 312
251 312
367 312
214 313
267 313
389 313
22 314
78 314
132 314
293 314
387 314
146 315
17 316
254 316
308 316
399 316
176 317
198 317
315 317
362 317
366 317
441 317
472 317
7 318
119 318
152 318
168 318
226 318
363 318
66 319
205 319
216 319
236 319
342 319
368 319
376 319
115 320
185 320
197 320
257 320
267 320
46 321
213 321
277 321
399 321
156 322
227 322
259 322
55 323
107 323
191 323
247 323
281 323
300 323
375 323
429 323
292 324
305 324
328 324
347 324
353 324
367 324
75 325
107 325
148 325
308 325
415 325
66 326
104 326
173 326
213 326
226 326
236 326
299 326
349 326
458 326
34 327
92 327
205 327
381 327
384 327
54 328
143 328
219 328
243 328
312 328
391 328
119 329
314 329
358 329
365 329
436 329
344 330
375 330
154 331
216 331
54 332
75 332
121 332
264 332
299 332
392 332
405 332
23 333
45 333
257 333
274 333
292 333
311 333
372 333
378 333
264 334
305 334
346 334
479 334
11 335
103 335
114 335
253 335
264 335
351 335
376 335
447 335
65 336
229 336
288 336
339 336
58 337
104 337
174 337
304 337
49 338
79 338
139 338
188 338
199 338
236 338
285 338
44 339
159 339
203 339
224 339
235 339
311 339
373 339
393 339
360 340
458 340
127 341
324 341
69 342
91 342
312 342
351 342
362 342
369 342
104 343
106 343
142 343
148 343
359 343
209 344
386 344
430 344
465 344
36 345
81 345
148 345
208 345
225 345
309 345
370 345
377 345
112 346
139 346
141 346
204 346
284 346
339 346
362 346
82 347
195 347
222 347
269 347
281 347
326 347
108 348
123 348
232 348
254 348
271 348
281 348
349 348
399 348
408 348
28 349
71 349
129 349
243 349
247 349
293 349
186 350
311 350
41 351
64 351
118 351
135 351
150 351
181 351
257 351
304 351
324 351
93 352
149 352
292 352
336 352
338 352
18 353
55 353
124 353
316 353
332 353
363 353
396 353
444 353
96 354
101 354
310 354
326 354
329 354
11 355
231 355
272 355
277 355
347 355
361 355
382 355
400 355
422 355
220 356
235 356
325 356
343 356
387 356
392 356
55 357
84 357
119 357
240 357
259 357
270 357
383 357
470 357
45 358
88 358
124 358
248 358
277 358
96 359
274 359
290 359
342 359
3 360
148 360
209 360
288 360
428 360
200 361
309 361
387 361
409 362
105 363
245 363
254 363
356 363
464 363
104 364
192 364
266 364
34 365
82 365
103 365
133 366
162 366
231 366
276 366
28 367
66 367
238 367
472 367
86 368
94 368
178 368
221 368
226 368
372 368
24 369
50 369
64 369
74 369
124 369
330 369
420 369
87 370
89 370
215 370
449 370
56 371
84 371
172 371
208 371
403 371
341 372
44 373
115 373
162 373
166 373
412 373
55 374
288 374
298 374
46 375
138 375
184 375
188 375
350 375
78 376
99 376
160 376
164 377
170 377
172 377
240 377
271 377
388 377
63 378
72 378
247 378
259 378
313 378
41 379
364 379
403 379
99 380
437 380
30 381
35 381
63 381
77 381
82 381
229 381
231 381
470 381
106 382
169 382
218 382
327 382
126 383
76 384
194 384
204 384
281 384
376 384
22 385
292 385
416 385
445 385
88 386
118 386
143 386
343 386
72 387
76 387
119 387
193 387
51 388
191 389
207 389
247 389
308 389
385 389
454 389
11 390
65 390
107 390
153 390
234 390
258 390
355 390
427 390
280 391
313 391
405 391
59 392
234 392
49 393
201 393
226 393
302 393
325 393
40 394
41 394
71 394
105 394
132 394
216 394
466 394
106 395
171 395
217 395
368 395
55 396
166 396
188 396
335 396
398 396
58 397
204 397
64 398
72 398
125 398
182 398
49 399
96 399
188 399
207 399
445 399
29 400
347 400
56 401
202 401
286 401
302 401
390 401
421 401
452 401
88 402
177 402
193 402
226 402
259 402
263 402
273 402
297 402
364 402
118 403
234 403
384 403
397 403
406 403
64 404
248 404
290 404
298 404
456 404
20 405
317 405
42 406
69 406
144 406
223 406
241 406
296 406
305 406
319 406
360 406
15 407
163 407
206 407
362 407
435 407
462 407
106 408
257 408
391 408
392 408
49 409
329 409
418 409
474 409
209 410
216 410
243 410
400 410
73 411
367 411
40 412
49 412
156 412
447 412
42 413
129 413
299 413
310 413
363 413
373 413
243 414
343 414
389 414
400 414
250 415
254 415
262 415
280 415
387 415
35 416
122 416
188 416
198 416
232 416
277 416
382 416
427 416
29 417
62 417
355 417
43 418
91 418
169 418
114 419
140 419
240 419
278 419
301 419
58 420
262 420
311 420
86 421
213 421
366 421
391 421
465 421
175 422
372 422
416 422
50 423
276 423
309 423
442 423
41 424
80 424
107 424
157 424
202 424
306 424
316 424
288 425
328 425
477 425
193 426
268 426
64 427
125 427
242 427
258 427
280 427
283 427
41 428
234 428
245 428
252 428
276 428
296 429
360 429
68 430
146 430
224 430
245 430
409 430
94 431
224 431
340 431
376 431
164 432
434 432
460 432
182 433
211 433
288 433
312 433
69 434
115 434
216 434
278 435
370 435
400 435
58 436
355 436
396 436
131 437
251 437
387 437
27 438
231 438
245 438
263 438
306 438
381 438
422 438
447 438
471 438
61 439
149 439
190 439
236 439
363 439
80 440
395 440
77 441
111 441
124 441
225 441
249 441
265 441
319 441
353 441
103 442
91 443
140 443
46 444
72 444
216 444
340 445
371 445
84 446
97 446
160 446
436 446
130 447
131 447
37 448
66 448
247 448
328 448
344 448
395 448
6 449
117 449
149 449
445 449
64 450
90 450
150 450
270 450
76 451
185 451
193 451
250 451
355 451
62 452
83 452
238 452
267 452
296 452
354 452
88 453
174 453
257 453
285 453
331 453
334 453
28 454
57 454
128 454
143 454
310 454
141 455
226 455
320 455
356 455
107 456
279 456
387 456
409 456
217 457
334 457
67 458
122 458
436 458
129 459
135 459
159 459
209 459
129 460
160 460
369 460
20 461
58 461
104 461
122 461
443 461
91 462
197 462
325 462
345 462
139 463
151 463
263 463
68 464
114 464
128 464
248 464
280 464
426 464
100 465
121 465
187 465
239 465
257 465
269 465
271 465
277 465
352 465
380 465
15 466
301 466
400 466
39 467
92 467
129 467
48 468
62 468
148 468
338 468
456 468
223 469
259 469
317 469
172 470
253 470
388 470
85 471
122 471
273 471
334 472
363 472
2 473
340 473
440 473
53 474
81 474
269 474
106 475
132 475
184 475
256 475
332 475
335 475
25 476
160 476
117 477
197 477
340 477
421 477
473 477
135 478
348 478
97 479
114 479
246 479
281 479
287 479
139 480
144 480
304 480
377 480
399 480
450 480
226 481
16 482
68 482
94 482
219 482
230 482
265 482
267 482
312 482
313 482
41 483
149 483
342 483
354 483
372 483
209 484
210 484
263 484
381 484
457 484
45 485
68 485
176 485
235 485
263 485
292 485
435 485
59 486
61 486
210 486
239 486
386 486
170 487
385 487
52 488
61 488
105 488
247 488
283 488
396 488
337 489
362 489
392 489
200 490
369 490
377 490
443 490
234 491
367 491
375 491
49 492
159 492
307 492
344 492
217 493
272 493
290 493
394 493
130 494
211 494
213 494
261 494
303 494
419 494
472 494
75 495
305 495
340 495
350 495
151 496
183 496
354 496
356 496
77 497
106 497
384 497
88 498
122 498
318 498
249 499
269 499
306 499
319 499
336 499
370 499
395 499
40 500
202 500
231 500
323 500
458 500
284 501
353 501
379 501
405 501
59 502
141 502
223 502
327 502
116 503
170 503
280 503
369 503
378 503
11 504
67 504
223 504
237 504
258 504
314 504
338 504
340 504
361 504
239 505
321 505
349 505
390 505
51 506
203 506
190 507
258 507
292 507
385 507
438 507
75 508
78 508
130 508
211 508
236 508
274 508
326 508
332 508
417 508
52 509
97 509
287 509
291 509
301 509
341 509
348 509
246 510
249 510
351 510
357 510
156 511
244 511
300 511
313 511
335 511
370 511
470 511
201 512
372 513
49 514
66 514
205 514
231 514
238 514
252 514
295 514
391 514
451 514
45 515
288 515
42 516
398 516
84 517
114 517
220 517
228 517
328 517
139 518
190 518
224 518
290 518
45 519
163 520
212 520
245 520
302 520
379 520
405 520
91 521
157 521
211 521
217 521
312 521
78 522
134 522
340 522
408 522
83 523
104 523
179 523
384 523
58 524
143 524
203 524
263 524
272 524
284 524
299 524
314 524
438 524
67 525
111 525
126 525
297 525
93 526
124 526
152 526
229 526
285 526
305 526
306 526
351 526
373 526
382 526
404 526
409 526
97 527
136 527
259 527
353 527
398 527
440 527
59 528
119 528
173 528
181 528
193 528
287 528
336 528
395 528
414 528
422 528
369 529
383 529
390 529
229 530
300 530
447 530
328 531
363 531
377 531
116 532
186 532
284 532
315 532
426 532
81 533
83 533
88 533
112 533
244 533
396 533
474 533
154 534
324 534
370 534
111 535
135 535
213 535
402 535
426 535
44 536
239 536
416 536
157 537
172 537
202 537
234 537
438 537
80 538
152 538
458 538
95 539
173 539
195 539
215 539
285 539
341 539
220 540
226 540
271 540
294 540
374 540
89 541
124 541
147 541
193 541
230 541
321 541
373 541
24 542
97 542
145 542
181 542
192 542
238 542
262 542
292 542
304 542
357 542
383 542
72 543
134 543
150 543
201 543
313 543
351 543
96 544
221 544
420 544
428 544
108 545
118 545
166 545
212 545
216 545
254 545
405 545
442 545
66 546
183 546
204 546
249 546
407 546
467 546
92 547
127 547
154 547
293 547
356 547
380 547
433 547
436 547
52 548
114 548
135 548
181 548
207 548
322 548
356 548
79 549
115 549
137 549
371 549
38 550
86 550
115 550
236 550
328 550
374 550
385 550
426 550
41 551
323 551
380 551
405 551
429 551
473 551
62 552
70 552
154 552
193 552
221 552
237 552
281 552
290 552
362 552
366 552
392 552
77 553
92 553
138 553
198 553
203 553
303 553
351 553
396 553
105 554
208 554
225 554
274 554
414 554
195 555
410 555
411 555
434 555
52 556
90 556
100 556
135 556
332 556
339 556
455 556
79 557
120 557
125 557
147 557
348 557
392 557
409 557
416 557
124 558
145 558
191 558
251 558
334 558
369 558
73 559
182 559
342 559
408 559
416 559
439 559
87 560
160 560
166 560
336 560
373 560
27 561
47 562
190 562
194 562
242 562
420 562
95 563
184 563
113 564
376 564
74 565
88 565
92 565
99 565
206 565
306 565
315 565
136 566
174 566
352 566
437 566
468 566
278 567
323 567
99 568
173 568
191 568
366 568
403 568
412 568
430 568
447 568
52 569
72 569
173 569
270 569
151 570
262 570
85 571
106 571
108 571
118 571
187 571
334 571
384 571
423 571
430 571
60 572
171 572
221 572
360 572
402 572
63 573
251 573
386 573
95 574
402 574
416 574
476 574
89 575
163 575
165 575
184 575
215 575
237 575
417 576
457 576
55 577
77 577
100 577
123 577
143 577
164 577
179 577
192 577
345 577
366 577
388 577
420 577
408 578
33 579
100 579
168 579
415 579
438 579
307 580
369 580
60 581
208 581
231 581
298 581
313 581
157 582
392 582
444 582
94 583
137 583
326 583
431 583
50 584
113 584
225 584
353 584
427 584
46 585
172 585
288 585
374 585
366 586
393 586
396 586
427 586
428 586
45 587
59 587
200 587
332 587
390 587
414 587
63 588
65 588
129 588
151 588
165 588
77 589
470 589
43 590
85 590
88 590
197 590
240 590
277 590
395 590
418 590
62 591
107 591
163 591
183 591
256 591
63 592
399 592
92 593
343 593
392 593
440 593
189 594
198 594
452 594
42 595
97 595
124 595
192 595
297 595
305 595
419 595
160 596
196 596
384 596
35 597
56 597
100 597
162 597
165 597
218 597
402 597
89 598
105 598
233 598
364 598
42 599
140 599
169 599
175 599
181 599
206 599
265 599
288 599
9 600
96 600
346 600
440 600
478 600
18 601
94 601
330 601
337 601
153 602
72 603
187 603
211 604
136 605
198 605
320 605
166 606
392 606
410 606
427 606
43 607
228 607
148 608
304 608
462 608
257 609
81 610
117 610
240 610
374 610
181 611
226 611
130 612
11 613
160 613
446 613
59 614
340 614
358 614
468 614
254 615
318 615
347 615
72 616
144 616
412 616
122 618
392 618
107 619
252 619
297 619
269 620
155 621
167 621
433 621
370 622
304 623
2 624
47 624
207 624
220 624
193 625
251 625
268 625
364 625
390 625
283 626
452 626
64 627
462 627
97 628
204 628
358 628
416 628
314 629
177 630
297 630
127 631
135 631
40 632
77 632
150 632
219 632
250 632
268 632
288 632
332 632
12 633
57 633
163 633
385 633
188 636
409 636
235 637
374 637
431 637
452 637
