369 1
154 2
173 2
266 2
431 2
106 3
126 3
141 3
233 3
96 4
194 4
216 4
247 4
258 4
379 4
445 5
283 6
84 7
393 7
302 9
327 12
337 14
417 14
468 14
354 15
433 16
174 17
248 17
119 18
156 18
197 18
227 18
136 19
216 19
261 19
99 20
167 20
378 20
89 21
110 21
445 21
285 22
408 25
305 26
325 29
351 29
371 30
468 30
153 32
202 32
218 32
237 32
270 32
430 32
167 33
181 33
254 33
392 34
103 35
120 35
136 35
287 35
301 35
336 36
87 38
78 39
416 39
358 40
282 41
301 41
457 41
124 42
190 42
200 42
433 43
175 44
177 44
255 45
383 45
138 46
188 46
205 46
240 46
280 46
285 46
153 47
190 47
221 47
403 47
469 47
477 47
122 48
126 48
316 48
306 49
331 49
106 50
169 50
191 50
344 51
128 52
175 52
89 53
148 53
162 53
360 54
427 54
68 55
78 55
130 55
160 56
163 56
460 56
447 57
143 58
250 58
294 58
373 58
149 59
152 59
161 59
168 59
265 59
122 60
230 60
283 60
318 60
394 60
471 60
137 61
303 61
320 61
196 62
210 62
121 63
184 63
415 63
111 64
137 64
194 64
140 65
175 65
150 67
164 67
166 67
344 67
361 67
436 67
93 68
149 69
454 69
178 70
80 71
121 71
240 71
260 71
380 71
126 72
142 72
310 72
68 73
216 73
304 73
406 74
475 74
111 75
201 75
139 76
281 76
143 77
183 77
196 77
288 77
313 77
309 78
315 78
332 78
426 78
154 79
166 79
155 80
167 80
200 80
246 80
266 80
436 80
288 81
137 82
109 83
125 83
205 83
312 83
360 83
89 84
212 84
231 84
288 84
375 84
457 84
99 85
260 86
323 86
387 86
189 87
243 87
358 87
416 88
205 89
298 89
321 89
168 90
270 90
478 90
75 91
152 91
285 91
436 91
64 92
262 92
308 92
339 92
358 92
244 93
303 93
354 93
137 94
220 94
378 94
194 95
209 95
247 95
451 95
115 96
127 96
232 96
326 97
350 98
462 98
176 99
245 99
268 99
320 99
103 100
220 100
310 100
402 100
258 101
292 101
336 101
229 103
276 103
420 103
478 103
147 104
158 104
326 104
352 104
435 104
87 105
202 106
213 106
228 106
233 106
249 106
259 106
213 107
241 107
259 107
306 107
364 107
377 107
138 108
242 108
244 108
71 109
187 109
199 109
247 109
337 109
445 109
65 110
124 110
310 110
339 110
392 110
178 111
289 111
323 111
451 111
459 111
116 112
205 112
227 112
264 112
337 112
339 112
258 113
275 113
406 113
54 114
251 114
302 114
165 115
280 115
299 115
359 115
220 116
426 116
473 116
243 117
312 118
98 119
153 119
202 119
229 119
335 119
140 120
243 120
253 120
261 120
262 120
301 120
86 121
142 121
238 121
267 121
268 121
285 121
415 121
440 121
133 122
149 122
212 122
327 122
357 122
383 122
421 122
74 123
139 123
255 123
306 123
373 123
182 124
196 124
244 124
416 124
128 125
154 125
252 125
272 125
340 125
65 126
222 126
230 126
455 126
87 127
290 127
383 127
428 127
85 128
112 128
216 128
391 128
174 129
439 129
95 130
103 130
267 130
283 130
306 130
414 130
118 131
149 131
225 131
279 131
431 131
472 131
130 132
159 132
220 132
296 132
219 133
245 133
429 133
213 134
231 134
272 134
304 134
397 134
120 135
204 135
82 136
125 136
133 136
344 136
359 136
439 136
87 137
114 137
303 137
375 137
399 137
138 138
194 138
244 138
277 138
314 138
328 138
369 138
134 139
215 139
364 139
390 139
69 140
119 140
182 140
237 140
292 140
318 140
82 141
175 141
261 141
459 141
205 142
271 142
291 142
407 142
428 142
144 143
244 143
255 143
405 143
235 144
245 144
254 144
277 144
100 145
101 145
155 145
472 145
120 146
432 146
91 147
229 147
279 147
369 147
89 148
217 148
327 148
339 148
106 149
205 149
375 149
439 149
62 150
138 150
191 150
243 150
305 150
308 150
355 150
361 150
430 150
110 151
141 151
211 151
252 151
294 151
426 151
275 152
395 152
420 152
454 152
118 153
173 153
233 153
245 153
271 153
282 153
408 153
123 154
243 154
118 155
132 155
255 155
393 155
434 155
92 156
97 156
302 156
369 156
382 156
396 156
410 156
86 157
112 157
162 157
226 157
242 157
245 157
424 157
113 158
207 158
254 158
387 158
77 159
81 159
86 159
304 159
428 159
105 160
151 160
215 160
219 160
270 160
354 160
435 160
476 160
310 161
199 162
250 162
257 162
333 162
340 162
368 162
190 163
194 163
327 163
388 163
222 164
225 164
268 164
324 164
62 165
104 165
215 165
289 165
293 165
372 165
377 165
92 166
138 166
237 166
275 166
358 166
449 166
128 167
201 167
271 167
283 167
327 167
410 167
181 168
319 168
375 168
168 169
242 169
255 169
267 169
314 169
365 169
379 169
467 169
329 170
117 171
169 171
307 171
49 172
227 172
109 173
240 173
257 173
268 173
337 173
353 173
368 173
433 173
78 174
155 174
209 174
220 174
262 174
274 174
304 174
315 174
191 175
248 175
383 175
200 176
445 176
205 177
233 177
252 177
372 177
67 178
130 178
142 178
167 178
193 178
214 178
217 178
253 178
291 178
397 178
100 179
239 179
253 179
268 179
192 180
194 181
242 181
266 181
271 181
296 181
322 181
173 182
228 182
242 182
400 182
414 182
464 182
177 183
228 184
287 184
324 184
347 184
354 184
55 185
123 185
163 185
170 185
338 185
362 185
256 186
270 186
349 186
377 186
390 186
477 186
85 187
145 187
178 187
209 187
257 187
325 187
253 188
314 188
226 189
390 189
439 189
116 190
289 190
298 190
172 191
274 191
319 191
396 191
140 192
191 192
300 192
324 192
247 193
272 193
275 193
348 193
375 193
454 193
73 194
104 194
161 194
169 194
234 194
303 194
330 194
333 194
337 194
356 194
370 194
355 195
405 195
210 196
350 196
383 196
218 197
260 197
270 197
294 197
303 197
309 197
325 197
326 197
339 197
68 198
129 198
220 198
273 198
324 198
166 199
228 199
375 199
427 199
473 199
63 200
184 200
192 200
205 200
275 201
301 201
90 202
289 202
442 202
159 203
201 203
278 203
279 203
83 205
116 205
232 205
245 205
105 206
276 206
150 207
200 207
213 207
229 207
365 207
318 208
330 208
385 208
453 208
259 209
344 209
397 209
96 211
143 211
205 211
306 211
412 211
191 212
233 212
463 212
204 213
292 213
68 214
427 214
38 215
275 215
118 216
174 216
261 216
83 217
136 217
109 218
372 218
443 218
230 219
239 220
348 220
387 220
479 220
62 221
163 221
276 221
103 222
227 222
318 222
326 222
233 223
306 223
401 223
127 224
210 224
229 224
231 224
252 224
155 225
243 225
294 225
222 226
461 226
54 227
94 227
174 227
197 227
419 227
211 228
219 228
248 228
249 229
262 229
276 229
221 230
432 230
345 231
83 232
145 232
357 232
117 233
202 233
269 233
384 233
325 234
370 234
445 234
474 234
41 235
185 235
237 235
313 235
392 235
228 236
177 237
211 237
266 237
403 237
135 238
172 238
269 238
106 239
202 239
230 239
262 239
301 239
411 239
458 239
176 241
252 241
422 241
65 242
189 242
338 242
365 242
89 243
213 243
287 243
308 243
330 243
420 243
29 244
96 244
97 244
182 244
286 244
362 244
369 244
385 244
404 244
129 245
162 245
322 245
120 246
200 246
242 246
275 246
316 246
328 246
355 246
367 246
470 246
289 247
297 247
351 247
417 247
438 247
53 248
97 248
200 248
303 248
373 248
375 248
383 248
347 249
357 249
384 249
81 250
122 250
190 250
230 250
351 250
393 250
414 250
150 251
167 251
267 251
360 251
412 251
112 252
195 252
298 252
329 252
448 252
179 253
220 253
312 253
99 254
181 254
254 254
354 254
397 254
404 254
70 255
93 255
110 255
319 255
360 255
42 256
109 256
282 256
287 256
409 256
418 256
459 256
190 257
362 257
370 257
390 257
417 257
243 258
308 258
137 259
210 259
288 259
358 259
102 260
173 260
381 260
91 261
119 261
161 261
272 261
286 261
317 261
328 261
346 261
33 262
468 262
63 263
82 263
88 263
199 263
232 263
353 263
380 263
439 263
161 264
163 264
282 264
288 264
94 265
260 265
303 265
329 265
336 265
474 265
29 266
187 266
318 266
327 266
447 266
105 267
128 267
194 267
200 267
325 267
388 267
221 268
352 268
400 268
157 269
276 269
407 269
84 270
109 270
115 270
326 270
367 270
379 270
56 271
189 271
195 271
248 271
314 271
432 271
85 272
118 272
166 272
294 272
328 272
351 272
455 272
21 273
199 273
321 273
46 274
149 274
189 274
75 275
118 275
211 275
283 275
344 275
424 275
427 275
435 275
438 275
181 276
237 276
263 276
337 276
368 276
405 276
338 277
366 277
430 277
467 277
98 278
142 278
167 278
316 278
330 278
301 279
372 279
437 279
84 280
270 280
290 280
302 280
343 280
374 280
437 280
78 281
228 281
255 281
57 282
130 282
200 282
325 282
381 282
393 282
446 282
109 283
123 283
179 283
314 283
356 283
473 283
65 284
137 284
289 284
366 284
378 284
408 284
36 285
56 285
275 285
373 285
382 285
162 286
243 286
265 286
305 286
397 286
415 286
51 287
194 287
286 287
83 288
132 288
261 288
422 288
63 289
141 289
155 289
216 289
127 290
147 290
172 290
248 290
298 290
323 290
427 290
456 290
53 291
105 291
137 291
257 291
289 291
294 291
319 291
28 292
54 292
151 293
234 293
382 293
436 293
245 294
252 294
341 294
80 295
285 295
379 295
464 295
124 296
205 296
275 296
314 296
372 296
403 296
24 297
52 297
185 297
366 297
442 297
97 298
146 298
224 298
247 298
251 298
284 298
360 298
387 298
409 298
63 299
256 299
369 299
381 299
276 300
44 301
163 301
284 301
305 301
329 301
350 301
148 302
266 302
19 303
71 303
388 303
423 303
450 303
476 303
60 304
176 304
197 304
284 304
152 305
219 305
241 305
273 305
314 305
65 306
113 306
131 306
138 306
259 306
310 306
395 306
430 306
136 307
286 307
297 307
322 307
54 308
60 308
156 308
370 308
261 309
268 309
296 309
379 309
33 310
76 310
83 310
107 310
130 310
214 310
237 310
310 310
316 310
284 311
440 311
131 312
137 312
290 312
365 312
396 312
397 312
170 313
71 314
189 314
284 314
459 314
102 315
150 315
210 315
253 315
270 315
52 316
304 316
352 316
410 316
75 317
76 317
272 317
274 317
326 317
128 318
145 318
229 318
263 318
274 318
386 318
346 319
426 319
432 319
469 319
94 320
166 320
397 320
123 321
366 321
385 321
392 321
24 322
41 322
108 322
168 322
183 322
337 322
295 323
72 324
114 324
295 324
140 325
199 325
222 325
306 325
373 325
382 325
385 325
441 325
42 326
66 326
155 326
229 326
237 326
242 326
264 326
329 326
390 326
398 326
89 327
161 327
195 327
318 327
342 327
87 328
322 328
452 328
121 329
164 329
335 329
342 329
386 329
391 329
410 329
76 330
116 330
176 330
215 330
289 330
291 330
394 330
63 331
64 331
194 331
359 331
38 332
134 332
237 332
311 332
334 332
381 332
87 333
103 333
168 333
217 333
368 333
461 333
83 334
117 334
157 334
193 334
340 334
422 334
80 335
144 335
150 335
186 335
256 335
277 335
285 335
470 335
88 336
94 336
125 336
289 336
307 336
193 337
318 337
332 337
373 337
62 338
129 338
138 338
171 338
207 338
284 338
434 338
30 339
89 339
98 339
110 339
112 339
188 339
201 339
353 339
364 339
375 339
65 340
75 340
130 340
166 340
232 340
348 340
366 340
383 340
396 340
208 341
324 341
175 342
221 342
304 342
320 342
345 342
382 342
446 342
143 343
251 343
271 343
102 344
111 344
145 344
371 344
373 344
406 344
51 345
149 345
345 345
22 346
148 346
230 346
287 346
311 346
322 346
331 346
375 346
70 347
88 347
109 347
129 347
168 347
186 347
231 347
284 347
399 347
52 348
70 348
92 348
101 348
159 348
225 348
290 348
325 348
344 348
362 348
417 348
464 348
157 349
196 349
203 349
115 350
123 350
175 350
185 350
246 350
286 350
162 351
199 351
313 351
319 351
340 351
475 351
68 352
73 352
205 352
224 352
239 352
265 352
293 352
335 352
39 353
104 353
283 353
86 354
108 354
126 354
141 354
152 354
211 354
227 354
291 354
325 354
338 354
383 354
65 355
146 355
176 355
180 355
110 356
152 356
188 356
221 356
299 356
129 357
192 357
398 357
438 357
84 358
117 358
157 358
187 358
384 358
394 358
120 359
178 359
236 359
358 359
445 359
41 360
100 360
291 360
368 360
31 361
136 361
245 361
280 361
287 361
333 361
176 362
195 362
211 362
227 362
236 362
263 362
317 362
351 362
453 362
169 363
337 363
411 363
54 364
154 364
214 364
219 364
352 364
114 365
203 365
275 365
287 365
298 365
439 365
96 366
259 366
418 366
218 367
226 367
330 367
381 367
417 367
428 367
191 368
244 368
359 368
470 368
22 369
74 369
171 369
201 369
210 369
286 369
432 369
169 370
261 370
280 370
327 370
428 370
439 370
150 371
174 371
247 371
293 371
348 371
109 372
130 372
191 372
256 372
279 372
285 372
388 372
89 373
242 373
314 373
315 373
352 373
244 374
299 374
313 374
362 374
438 374
104 375
190 375
317 375
404 375
199 376
216 376
231 376
419 376
43 377
165 377
166 377
331 377
411 377
261 378
405 378
449 378
67 379
178 379
221 379
439 379
215 380
297 380
345 380
357 380
414 380
217 381
259 381
281 381
373 381
97 382
122 382
146 382
207 382
213 382
243 382
260 382
302 383
329 383
331 383
340 383
242 384
257 384
362 384
416 384
460 384
60 385
160 385
253 385
348 385
167 386
226 386
336 386
33 387
192 387
283 387
310 387
394 387
426 387
174 388
175 388
338 388
88 389
137 389
226 389
470 389
478 389
113 390
268 390
298 390
316 390
351 390
380 390
400 390
207 391
261 391
27 392
174 392
197 392
323 392
403 392
432 392
133 393
155 393
188 393
233 393
261 393
289 393
319 393
337 393
419 393
53 394
80 394
171 394
369 394
184 395
241 395
243 395
404 395
225 396
283 396
408 396
103 397
205 397
232 397
254 397
408 397
444 397
48 398
194 398
225 398
21 399
301 399
391 399
129 400
189 400
209 400
266 400
143 401
194 401
226 401
322 401
358 401
166 402
172 402
221 402
295 402
460 402
73 403
98 403
169 403
183 403
284 403
343 403
186 404
192 404
226 404
421 404
39 405
122 405
209 405
362 405
377 405
196 407
209 407
304 407
475 407
67 408
153 408
246 408
297 408
166 409
265 409
367 409
93 410
138 410
173 410
234 410
386 410
400 410
36 411
117 411
180 411
433 411
329 412
382 412
156 413
301 413
350 413
165 414
188 414
229 414
288 414
308 414
58 415
84 415
150 415
366 415
397 415
268 416
314 416
331 416
411 416
181 417
196 417
370 417
108 418
168 418
209 418
373 418
452 418
161 419
176 419
229 419
233 419
319 419
354 419
290 420
310 420
150 421
175 421
212 421
320 421
471 421
78 422
132 422
165 422
178 422
210 422
235 422
313 422
424 422
52 423
172 423
273 423
336 423
360 423
387 423
229 424
231 424
250 424
460 424
169 425
204 425
224 425
147 426
197 426
228 426
305 426
180 427
272 427
298 427
386 427
408 427
162 428
205 428
279 428
101 429
436 429
479 429
72 430
123 430
174 430
185 430
234 430
294 430
361 430
394 430
45 431
183 431
320 431
345 431
370 431
181 432
216 432
393 432
143 433
201 433
422 433
199 434
285 434
386 434
93 435
177 435
118 436
181 436
208 436
227 436
279 436
288 436
297 436
356 436
393 436
64 437
185 437
206 437
239 437
257 437
302 437
315 437
376 437
234 438
185 439
310 439
328 439
368 439
460 439
34 440
87 440
159 441
405 441
419 441
109 442
184 442
386 442
434 442
94 443
185 443
282 443
311 443
138 444
188 444
194 444
221 444
354 444
201 445
264 445
348 445
83 446
126 446
182 446
338 446
348 446
418 446
81 447
315 447
443 447
92 448
96 448
183 448
247 448
323 448
333 448
373 448
430 448
478 448
105 449
171 449
175 449
274 449
289 449
404 449
50 450
106 450
155 450
270 450
341 450
87 451
137 451
401 451
420 452
73 453
178 453
184 453
191 453
228 453
270 453
321 453
338 453
341 453
402 453
175 454
208 454
275 454
296 454
325 454
384 454
410 454
434 454
455 454
119 455
134 456
323 456
365 456
96 457
161 457
178 457
252 457
265 457
270 457
342 457
83 458
189 458
191 458
414 458
467 458
182 459
276 459
425 459
165 460
61 461
148 461
189 461
351 461
38 462
88 462
106 462
281 462
395 462
422 462
265 463
307 463
334 463
168 464
172 464
239 464
257 464
99 465
116 465
192 465
198 465
218 465
447 465
105 466
143 466
329 466
376 466
103 467
262 467
412 467
84 468
124 468
256 468
332 468
53 469
77 469
109 469
262 469
351 469
348 470
431 470
315 471
456 471
96 472
159 472
272 472
292 473
365 473
414 473
87 474
180 474
183 474
185 474
189 474
250 474
257 474
270 474
343 474
353 474
424 474
70 475
99 475
230 475
106 476
113 476
128 476
178 476
206 476
249 476
251 476
412 476
470 476
175 477
259 477
275 477
359 477
390 477
414 477
253 478
325 478
350 478
421 478
90 479
360 479
101 480
149 480
428 480
123 481
167 481
207 481
263 481
247 482
301 482
324 482
88 483
311 483
333 483
376 483
399 483
79 484
238 484
241 484
281 484
395 484
53 485
263 485
365 485
398 485
436 485
192 486
217 486
250 486
284 486
309 486
364 486
360 487
452 487
94 488
105 488
335 488
340 488
350 488
407 488
84 489
228 489
266 489
300 490
393 490
464 490
140 491
201 491
225 491
252 491
250 492
297 492
419 492
475 492
125 493
162 493
172 493
272 493
274 493
283 493
293 493
316 493
348 493
374 493
54 494
103 494
229 494
266 494
350 494
369 494
92 495
115 495
323 495
430 495
232 496
257 496
203 497
211 497
217 497
379 497
181 498
234 498
275 498
278 498
338 498
102 499
109 499
315 499
323 499
356 499
398 499
437 499
226 500
250 500
260 500
278 500
328 500
393 500
116 501
190 501
264 501
308 501
338 501
447 501
101 502
283 502
373 502
75 503
253 503
277 503
141 504
240 504
291 504
338 504
408 504
457 504
197 505
243 505
268 505
335 505
373 505
474 505
55 506
87 506
101 506
126 506
154 506
235 506
295 506
318 506
353 506
210 507
227 507
325 507
386 507
201 508
380 508
248 509
295 509
423 509
108 510
110 510
164 510
357 510
374 510
378 510
214 511
244 511
310 511
304 512
78 513
176 513
279 513
323 513
352 513
212 514
240 514
258 514
99 515
100 515
394 515
439 515
188 516
221 516
235 516
290 516
311 516
322 516
365 516
281 517
455 517
117 518
121 518
284 518
364 518
398 518
400 518
62 519
148 519
236 519
472 519
82 520
135 520
363 520
374 520
127 521
229 521
232 521
332 521
160 522
246 522
308 522
410 522
106 523
203 523
261 523
270 523
347 523
376 523
344 524
370 524
123 525
152 525
271 525
302 525
327 525
171 526
291 526
429 526
214 527
255 527
277 527
284 527
328 527
137 528
204 528
337 528
399 528
83 529
206 529
209 529
391 529
395 529
439 529
182 530
241 530
313 530
235 531
247 531
348 531
394 531
448 531
65 532
359 532
155 533
224 533
266 533
361 533
460 533
233 534
244 534
261 534
349 534
353 534
402 534
119 535
127 535
197 535
301 535
305 535
387 535
136 536
291 536
326 536
109 537
152 537
315 537
331 537
100 538
211 538
237 538
261 538
280 538
288 538
417 538
132 539
243 539
265 539
336 539
340 539
151 540
163 540
249 540
322 540
369 540
81 541
142 541
290 541
295 541
337 541
386 541
171 542
208 542
325 542
429 542
217 543
222 543
379 543
399 543
143 544
363 544
254 545
273 545
296 545
326 545
442 545
71 546
151 546
283 546
134 547
183 547
297 547
346 547
348 547
392 547
331 548
345 548
467 548
118 549
135 549
142 549
147 549
152 549
223 549
313 549
107 550
392 550
86 551
94 551
234 551
269 551
299 551
321 551
362 551
324 552
365 552
409 552
149 553
194 553
248 553
281 553
331 553
206 554
243 554
332 555
363 555
395 555
423 556
161 557
227 557
301 557
132 558
466 558
170 559
220 559
296 559
324 559
341 559
441 559
254 560
383 560
87 563
101 563
114 563
352 563
189 565
233 565
263 565
130 566
370 566
148 567
294 567
461 567
282 568
397 568
203 569
218 571
411 571
166 572
249 572
328 572
180 573
340 573
435 573
426 574
448 575
354 576
101 578
86 579
132 579
267 579
364 579
115 580
231 580
289 580
385 581
142 582
156 582
188 582
173 583
248 583
317 584
204 586
329 587
410 587
426 588
212 590
265 590
276 590
345 590
168 591
229 591
105 593
122 594
135 594
365 594
147 596
247 596
387 597
167 598
187 598
202 599
279 600
317 601
262 602
336 603
217 605
350 605
231 608
147 609
368 609
382 609
181 610
250 612
287 613
261 614
320 614
198 618
215 619
183 620
