423 1
71 2
184 2
195 2
267 2
434 2
150 3
305 3
114 5
412 5
446 5
221 6
287 6
59 7
465 7
178 8
335 9
207 10
276 10
102 11
136 11
245 12
324 12
306 14
163 16
399 17
427 17
358 18
414 18
46 19
69 19
233 19
288 19
376 19
433 19
118 20
344 20
387 20
186 21
140 23
220 23
448 23
469 24
327 25
106 26
205 27
317 27
61 28
478 28
242 29
29 30
95 31
123 31
173 31
387 31
402 31
261 32
414 32
427 32
444 32
74 33
229 33
294 33
349 33
361 33
144 36
461 36
186 37
336 37
44 38
246 38
323 40
61 43
83 43
107 43
409 43
260 44
309 44
195 45
389 45
373 46
444 46
126 47
166 48
290 48
28 50
74 51
98 51
239 52
338 52
178 54
262 54
390 54
46 55
139 55
228 55
319 55
436 57
194 58
305 58
83 60
161 60
57 61
456 61
251 62
357 62
287 63
380 63
472 63
334 64
104 65
126 65
278 65
33 66
159 66
349 66
176 67
397 67
416 67
200 68
227 68
414 68
145 69
262 70
391 70
117 71
315 71
459 74
64 75
86 75
295 75
212 76
378 77
164 78
132 79
363 79
415 79
272 80
401 80
180 82
296 82
98 83
254 83
74 84
153 84
453 84
47 86
123 86
341 86
392 86
255 87
277 90
205 91
239 91
317 91
141 92
152 92
165 94
398 94
433 94
226 95
247 96
442 96
94 97
108 97
261 97
340 97
459 97
31 98
54 98
80 98
381 98
181 101
215 101
278 101
475 101
125 102
322 102
352 102
71 104
306 104
149 105
95 106
401 106
425 107
437 107
382 108
193 110
289 110
370 110
39 111
163 111
86 112
110 113
210 113
227 113
137 114
348 114
275 115
310 115
397 115
412 115
114 117
394 117
438 117
178 118
374 118
411 118
136 119
132 120
25 121
78 121
240 121
47 122
289 122
122 123
149 123
240 124
348 124
191 126
420 126
93 127
143 127
164 127
192 127
209 127
228 128
268 128
302 128
66 129
437 129
457 129
257 130
470 131
438 133
83 134
76 135
119 135
201 135
32 136
373 136
130 137
281 137
410 137
152 138
217 138
319 138
362 138
135 139
423 139
122 140
181 140
282 140
350 140
50 141
104 141
441 141
451 141
305 142
464 142
142 143
46 144
164 144
226 144
71 145
179 146
304 146
339 146
93 147
372 147
18 148
72 148
246 149
320 149
381 150
399 151
266 152
339 152
350 152
241 153
414 153
431 153
459 153
470 153
60 154
152 154
268 154
186 155
37 156
73 157
230 157
306 157
87 158
148 159
360 160
126 161
129 162
198 162
421 162
26 163
250 163
354 163
366 163
398 163
464 163
144 164
339 164
433 164
47 165
279 165
217 166
324 166
343 166
96 167
380 167
236 168
130 169
163 169
367 169
184 170
381 170
457 170
398 171
66 172
114 172
225 172
382 172
416 172
15 173
256 173
303 173
98 174
140 174
249 174
35 175
87 175
133 175
363 176
435 176
152 178
342 178
127 179
194 179
213 179
253 179
329 179
60 180
245 180
49 182
76 182
306 183
455 186
259 187
468 187
198 188
314 188
324 188
330 188
405 188
121 189
176 189
419 190
211 191
237 191
89 192
262 192
291 192
32 193
323 193
182 194
376 194
279 195
281 195
309 195
399 196
453 196
402 197
47 198
63 198
262 198
82 199
328 199
184 200
218 200
342 201
19 203
108 203
145 203
437 203
196 204
227 204
376 205
389 205
40 206
210 206
401 206
452 206
282 207
57 208
412 208
171 209
128 210
156 210
60 211
70 211
222 211
465 211
471 211
88 212
29 214
246 214
275 214
312 214
478 214
149 215
376 215
118 216
399 216
47 217
135 217
3 218
60 218
297 218
56 219
233 219
259 219
397 219
448 219
411 220
420 220
96 221
173 221
154 222
62 224
344 224
468 224
204 225
223 226
443 226
17 227
128 227
179 227
316 227
76 228
107 228
163 228
332 228
37 229
185 230
478 230
170 231
265 231
304 232
398 232
431 233
143 234
459 234
209 235
146 236
293 236
375 236
63 237
229 237
98 238
433 238
29 239
153 239
282 239
351 239
377 239
420 240
446 240
5 242
47 242
63 242
175 242
136 243
424 243
43 244
112 244
364 244
394 244
309 245
174 246
372 246
456 247
194 248
239 248
297 248
355 248
76 249
438 249
286 251
347 251
126 252
148 252
161 252
91 253
257 254
393 254
419 254
36 255
366 255
107 256
472 256
268 258
275 258
70 259
165 259
454 259
206 260
48 262
221 262
404 262
245 263
344 263
139 264
356 264
293 265
437 265
26 266
140 266
269 266
304 266
386 266
417 266
467 266
82 267
145 267
160 267
221 267
198 268
368 268
451 269
99 270
197 270
262 270
180 271
332 272
196 273
321 273
282 274
477 274
94 275
214 275
406 276
457 277
36 278
275 278
361 279
389 279
468 279
308 280
12 281
252 282
415 282
436 282
107 283
73 284
190 284
332 284
292 285
304 285
476 285
269 286
337 286
347 286
137 287
143 287
373 287
184 288
270 288
421 288
249 289
91 290
151 290
363 290
169 291
228 291
447 291
50 292
205 293
462 293
189 294
84 295
222 295
387 295
65 296
412 296
267 298
380 298
313 299
334 299
26 300
170 300
181 300
187 300
367 300
454 300
62 302
166 302
396 302
131 303
238 303
437 304
114 305
344 305
419 305
43 306
105 306
178 306
377 306
79 307
186 307
259 307
313 308
297 309
465 309
383 310
317 311
59 312
127 312
247 313
184 314
236 314
53 315
362 315
427 315
129 317
274 317
300 317
333 317
221 318
445 318
13 320
69 320
91 320
145 320
163 320
282 320
472 320
392 322
252 323
303 323
366 323
71 325
202 325
323 325
182 326
462 326
447 327
285 329
140 330
270 330
387 330
161 331
334 331
431 331
89 332
105 332
401 332
73 333
222 333
356 333
420 333
142 334
192 334
307 334
149 335
248 336
468 336
130 337
183 337
341 337
162 338
439 338
453 338
106 340
283 341
381 341
44 342
317 342
346 342
25 343
71 343
362 343
140 344
141 344
87 345
104 345
124 345
286 345
392 345
441 345
196 346
202 346
208 346
227 346
308 346
161 347
264 348
347 348
54 349
379 349
473 349
460 351
105 352
301 352
362 352
314 353
331 353
379 353
230 354
392 354
56 355
38 356
394 356
68 357
386 358
296 359
326 359
346 359
378 359
421 360
218 361
476 361
363 362
446 362
463 362
143 363
413 363
427 363
86 364
163 364
321 364
13 365
320 365
180 366
247 366
283 366
123 367
202 368
258 369
395 369
212 370
414 370
115 371
303 371
342 371
378 371
187 372
43 373
333 373
222 375
33 376
51 376
396 376
414 376
446 376
108 377
286 377
360 377
108 378
124 378
363 378
431 378
64 379
377 379
266 380
466 380
88 381
322 381
171 382
403 382
71 383
68 384
201 384
250 384
308 385
11 386
150 386
447 386
212 388
325 388
375 388
109 389
411 389
33 390
294 390
329 390
128 391
450 392
90 393
224 393
284 393
320 394
430 394
99 395
188 396
195 397
242 397
335 398
71 400
87 400
259 400
344 401
33 403
131 403
133 403
202 403
91 404
114 404
294 404
282 406
230 407
361 407
387 407
222 408
55 409
283 409
182 410
190 410
96 411
274 411
118 412
17 414
48 414
160 414
443 414
166 415
261 415
144 416
123 417
185 417
246 417
318 417
39 418
426 418
234 419
293 419
339 419
223 421
19 422
102 422
342 422
81 423
122 423
378 423
308 424
441 425
129 427
277 427
24 428
150 428
300 428
458 428
58 430
337 430
157 431
243 431
48 432
85 432
371 432
315 433
351 433
66 434
200 434
28 435
266 435
76 436
219 436
227 436
111 437
439 437
170 438
291 438
405 438
137 439
54 440
63 440
74 440
457 440
146 441
366 443
472 443
384 444
124 445
152 445
417 445
276 446
230 447
321 447
381 449
400 449
160 450
295 450
211 451
256 451
451 451
167 452
372 452
431 452
336 453
51 455
288 455
417 455
124 456
244 456
374 456
174 457
59 458
136 458
86 459
100 459
187 459
301 459
393 459
412 459
445 459
145 461
147 461
282 461
466 461
116 462
203 463
34 464
439 464
152 465
242 465
330 466
313 467
98 468
161 469
212 469
228 469
168 472
380 472
438 472
341 473
399 473
182 474
106 475
191 475
217 476
300 476
25 477
84 477
414 477
317 478
112 479
123 479
304 481
313 481
458 481
62 482
368 482
233 483
164 484
429 485
253 486
324 486
98 487
164 487
212 487
473 487
74 488
125 488
168 488
188 488
105 489
200 489
97 490
363 490
404 490
104 492
417 494
202 496
369 496
421 496
449 497
214 498
465 498
262 499
305 499
157 501
166 501
185 501
370 502
248 503
275 503
297 505
319 505
409 506
262 507
329 507
343 507
349 507
387 507
402 507
425 507
461 507
260 509
94 510
130 511
234 511
48 512
283 512
155 515
427 515
107 516
140 516
202 516
328 516
381 516
415 516
170 517
186 517
240 517
334 517
64 518
431 518
28 519
115 520
352 520
245 521
294 521
70 522
224 522
321 522
37 523
254 523
78 524
391 524
261 525
86 526
161 526
207 526
251 526
347 526
408 526
135 528
241 528
265 528
310 528
440 530
463 530
51 531
97 531
145 531
240 532
458 532
161 534
417 534
104 535
219 536
295 536
323 537
381 537
430 539
254 540
69 541
284 542
450 542
470 542
343 543
85 544
130 544
234 545
138 546
360 546
408 546
47 547
197 547
274 547
334 547
435 547
206 548
350 549
384 549
418 550
105 551
302 551
61 554
74 554
348 555
82 556
319 556
374 556
400 556
458 556
126 558
170 558
239 558
256 559
286 559
426 559
472 559
230 561
338 561
149 563
361 563
218 564
276 564
308 564
446 564
146 566
383 566
318 567
326 567
399 568
435 569
464 569
476 569
94 570
121 570
297 570
129 571
252 571
263 571
348 571
409 571
243 572
375 572
318 573
372 574
398 574
434 574
232 575
420 575
148 576
208 576
219 576
400 576
166 577
195 577
455 578
269 581
421 582
429 582
299 583
254 584
258 584
323 584
411 584
345 585
251 586
475 586
319 587
373 587
126 588
135 589
189 589
200 589
402 589
216 590
235 591
336 591
163 592
444 592
467 592
282 593
365 593
420 593
76 595
164 595
358 595
300 596
274 597
457 597
89 598
385 598
410 598
434 598
100 600
174 600
352 600
319 601
111 602
126 602
252 602
341 603
450 603
237 604
474 604
373 605
203 606
221 606
429 606
157 609
173 609
187 609
297 609
394 609
423 609
360 610
460 610
450 613
272 614
375 615
310 616
337 616
407 616
244 618
111 623
194 625
130 627
151 627
170 630
308 636
288 638
260 639
