283 1
326 1
174 2
225 2
299 2
423 2
89 3
145 3
446 4
58 5
262 5
346 5
209 6
366 6
158 10
243 10
390 10
106 11
468 11
183 12
408 12
327 13
75 14
219 14
279 15
444 15
124 16
312 16
94 17
300 17
350 17
137 18
265 18
163 19
199 19
245 19
381 19
61 22
228 23
341 23
400 23
149 25
184 25
285 25
419 25
82 26
306 26
327 26
108 28
437 28
463 28
171 29
206 30
244 30
264 30
361 31
287 32
122 33
391 33
157 34
332 34
348 35
408 35
224 36
63 37
269 37
319 37
89 38
421 38
253 39
457 39
183 40
350 40
431 40
301 41
473 41
104 42
133 42
205 42
109 43
208 43
373 44
163 45
234 45
320 45
332 45
385 45
166 46
409 46
75 47
446 47
47 48
276 48
301 48
457 48
219 49
288 49
123 50
115 52
333 53
362 53
470 53
90 54
156 54
284 54
341 54
209 55
262 55
403 55
183 56
316 56
321 56
384 56
228 57
59 58
308 58
102 60
153 60
169 60
189 60
296 60
444 60
50 61
214 61
439 61
251 62
162 63
239 63
371 63
351 64
458 64
372 65
297 66
382 66
415 66
280 67
403 67
419 67
431 67
474 67
119 68
68 69
140 69
188 69
397 69
90 71
157 71
262 71
319 71
440 71
206 72
308 72
295 73
314 73
38 74
333 74
347 74
358 74
450 74
368 75
104 76
170 76
387 76
398 76
461 76
133 77
284 77
189 79
237 79
414 80
473 80
50 81
75 81
81 81
224 81
138 83
428 83
327 84
210 85
313 85
444 85
92 86
124 86
183 86
283 86
149 87
223 87
275 87
296 87
344 87
359 87
250 88
378 88
395 89
405 89
417 89
172 90
388 90
459 90
60 92
239 92
35 93
82 93
213 93
396 93
433 94
269 95
475 95
87 96
158 96
329 96
181 97
224 97
292 97
27 98
258 98
311 98
284 99
365 99
378 99
123 100
269 100
346 100
101 101
211 101
413 101
452 101
238 102
49 103
253 103
391 103
168 104
68 106
327 106
362 106
402 106
472 106
193 107
435 107
111 108
155 109
189 109
283 109
312 109
447 109
381 110
243 111
277 111
319 111
217 113
104 114
355 115
462 115
139 116
430 116
31 117
253 117
115 119
204 119
317 119
383 119
473 119
302 121
450 121
93 122
153 123
232 123
365 123
413 123
267 124
71 126
175 126
426 127
31 128
190 128
321 129
347 129
123 130
161 130
300 130
11 131
178 131
207 131
253 131
289 132
399 132
139 133
441 133
82 134
178 134
274 134
161 135
366 135
457 135
62 136
196 136
399 136
321 138
225 139
331 139
425 139
98 140
307 140
164 141
111 142
334 144
358 144
18 145
123 145
213 145
273 145
290 145
375 145
440 145
469 145
340 146
256 147
410 147
74 148
201 148
50 149
311 149
450 149
174 150
251 150
115 151
330 151
341 152
395 152
427 152
27 153
460 153
94 154
232 154
145 155
301 155
404 155
288 157
191 158
244 158
276 158
163 159
258 159
318 159
442 159
473 159
41 160
65 161
105 161
389 161
211 162
331 162
453 163
245 164
247 164
366 166
425 166
16 167
151 167
236 167
460 167
228 168
283 168
319 168
428 168
296 169
313 169
351 169
34 171
100 171
124 171
163 171
266 171
296 171
331 171
191 172
393 173
442 173
74 175
339 175
254 176
370 176
449 176
477 176
49 177
308 177
299 178
183 179
207 179
116 180
159 180
315 180
432 180
219 181
323 181
426 181
141 182
355 182
457 182
7 183
292 183
90 184
274 184
65 185
233 185
23 187
176 187
441 187
311 188
339 188
468 188
43 190
151 190
236 190
367 190
218 191
417 191
250 192
110 194
289 194
353 194
167 195
303 195
454 195
476 195
58 197
251 197
315 197
366 197
383 197
388 197
429 197
82 198
93 198
128 198
224 198
242 198
329 198
104 199
146 201
364 201
439 201
15 203
72 203
279 203
153 204
160 204
228 204
467 204
139 205
268 205
35 206
121 206
161 206
205 206
289 206
397 206
127 207
309 207
117 208
327 208
181 209
184 209
449 209
405 210
54 211
222 211
100 212
308 212
59 213
158 213
220 213
334 213
383 213
88 214
148 215
321 215
359 215
456 215
254 216
66 217
70 217
221 217
279 217
5 218
24 218
46 218
292 218
433 218
440 218
136 219
157 219
241 219
437 220
322 221
349 221
81 222
393 223
408 223
448 223
363 224
471 225
99 226
333 226
61 227
172 227
378 227
435 228
455 228
48 229
135 229
335 229
357 229
108 230
112 230
259 230
418 230
18 231
217 232
70 233
315 234
346 234
155 235
463 235
330 236
445 236
193 237
234 237
368 237
385 237
325 239
76 240
115 240
134 240
136 240
57 241
414 241
450 241
94 243
430 243
473 243
176 244
332 244
15 245
255 245
270 245
154 247
438 249
55 250
422 250
83 251
113 251
188 251
281 251
360 251
392 251
172 253
306 253
93 254
133 254
461 254
202 255
255 255
307 256
331 256
446 257
56 258
429 258
34 259
46 259
274 259
136 261
235 262
336 262
7 263
295 263
383 263
474 263
71 264
285 264
351 264
105 265
309 265
449 265
370 266
417 266
113 267
196 267
60 268
178 268
261 268
403 268
51 269
363 269
31 270
155 270
292 270
325 270
136 271
217 271
433 271
465 271
159 272
247 272
358 272
71 273
111 274
269 276
313 276
363 276
428 276
181 278
261 279
287 279
298 279
361 279
425 279
159 280
300 280
89 281
163 281
428 281
470 281
28 282
50 282
11 283
114 284
139 284
219 284
254 284
315 284
331 284
236 285
443 285
379 286
167 288
187 288
285 288
393 289
349 290
430 290
360 291
463 291
148 292
475 292
235 293
281 293
301 293
400 294
318 296
416 296
447 296
195 297
366 297
98 298
275 298
383 298
157 299
433 299
467 299
62 300
233 300
77 303
215 303
242 303
369 303
335 304
452 304
118 305
170 305
57 306
318 306
398 306
12 307
404 307
58 308
107 308
253 308
142 309
469 309
32 311
113 311
206 311
437 311
182 312
422 312
194 313
264 313
388 313
281 314
352 315
453 315
57 316
78 316
73 318
311 318
403 318
128 319
408 320
105 321
267 321
317 321
15 322
35 322
123 323
289 325
406 325
457 326
61 327
83 328
171 328
243 329
323 329
388 329
437 329
470 329
40 330
113 330
276 330
168 331
183 331
330 332
398 332
417 332
154 333
202 333
259 333
284 333
145 334
305 335
16 337
126 337
279 337
349 337
356 337
457 338
90 339
107 339
220 339
439 339
225 340
364 340
315 341
336 341
68 342
163 342
254 342
183 344
431 344
43 345
191 345
197 345
346 345
373 345
473 345
217 347
4 348
142 348
246 348
291 348
328 348
22 349
286 349
348 349
236 350
49 351
152 351
205 351
309 351
359 351
386 351
75 352
123 352
225 352
208 354
103 355
159 355
174 355
254 356
306 357
341 357
419 357
133 358
171 358
186 358
197 358
254 358
456 358
92 359
132 359
272 359
10 360
435 360
32 361
56 362
84 364
470 364
86 365
238 365
300 365
355 366
412 366
218 368
319 368
452 368
20 369
119 370
156 370
399 370
37 371
47 371
163 372
368 372
196 373
418 373
182 374
255 374
277 375
70 376
131 376
434 376
156 381
169 381
271 381
450 381
110 382
209 382
286 383
304 383
414 383
88 384
242 384
348 384
364 384
196 385
267 385
469 385
394 386
85 387
272 387
52 388
169 388
260 388
29 389
177 389
313 389
391 389
203 390
230 390
323 390
330 391
376 391
412 391
448 391
429 392
254 393
349 393
122 394
339 394
358 394
478 394
139 395
142 395
210 395
98 397
172 397
466 399
152 400
320 400
184 401
242 401
292 401
73 402
279 403
298 404
405 404
22 405
99 407
117 407
231 407
477 407
29 408
348 408
55 409
309 409
313 410
217 411
251 411
382 411
461 411
155 413
422 413
168 414
422 414
320 415
437 416
243 417
257 417
385 417
335 418
476 418
109 419
112 419
124 419
236 420
47 421
73 421
201 421
251 423
289 423
221 424
454 424
115 425
127 425
331 425
372 425
401 425
166 426
179 426
268 426
282 426
310 426
353 426
471 426
87 427
103 427
33 428
385 428
40 429
186 429
307 429
243 430
63 431
417 431
203 432
327 432
165 433
257 433
303 433
278 434
464 434
331 435
115 437
187 437
445 437
165 438
221 438
379 439
386 439
125 440
133 440
185 440
339 440
392 440
427 440
246 441
461 441
265 442
143 443
289 443
82 444
313 444
230 446
441 446
244 447
345 447
281 448
97 449
365 449
371 449
412 449
423 449
119 450
253 450
457 450
473 450
59 451
303 451
422 451
336 452
403 452
169 453
109 454
70 455
122 456
209 456
153 457
243 457
322 458
365 458
291 459
82 460
415 460
194 461
339 461
450 461
463 461
226 462
431 463
177 465
83 466
253 466
283 466
355 466
47 467
102 467
373 468
427 468
209 469
59 470
115 470
457 471
327 472
368 472
155 473
69 474
132 474
238 474
295 474
268 475
408 475
421 475
440 476
471 477
225 478
365 478
83 479
258 480
285 480
316 481
91 482
392 483
100 484
133 484
206 484
216 484
334 484
358 484
410 484
52 485
108 485
451 485
117 487
164 487
247 487
276 487
307 487
376 487
428 488
299 489
359 489
287 491
323 491
462 491
166 492
356 492
444 492
72 493
230 493
293 494
241 495
402 495
475 495
259 496
312 497
95 499
142 499
214 499
200 500
417 500
336 501
390 501
201 502
435 502
119 503
189 503
357 503
249 504
215 505
449 506
238 507
269 509
272 509
321 509
380 509
372 510
409 510
467 510
90 511
227 511
293 511
217 512
347 512
382 513
138 514
157 514
205 514
219 514
429 514
119 516
193 516
361 517
453 518
423 519
477 520
273 521
320 523
225 524
351 524
377 524
256 526
439 526
99 527
109 528
415 528
174 529
189 529
261 529
298 529
162 530
210 530
461 530
150 531
134 532
334 532
361 534
275 536
388 536
474 536
246 537
405 537
423 537
447 539
227 542
312 542
249 543
106 544
398 545
177 546
194 546
337 546
369 546
432 546
127 548
145 548
159 549
459 549
341 550
345 550
423 550
350 553
380 553
286 556
260 558
394 559
166 563
121 567
142 567
191 568
421 568
175 571
281 575
441 576
234 577
262 577
318 577
366 578
358 581
426 581
348 582
409 586
399 589
249 592
369 593
381 593
