335 1
364 2
159 3
180 3
262 3
324 3
479 3
307 5
221 6
145 7
174 8
296 8
410 10
139 11
246 12
277 12
235 14
367 14
385 14
428 14
200 15
269 15
440 15
336 16
354 16
378 16
394 17
408 17
453 18
329 19
319 20
467 20
250 21
478 21
186 22
306 23
296 24
147 25
236 26
178 28
224 28
278 28
141 29
267 29
348 29
366 29
388 30
334 31
380 31
419 31
130 33
340 33
361 33
395 33
410 33
436 33
168 34
252 34
205 35
319 35
451 36
304 38
468 38
119 39
155 39
293 40
188 41
234 41
321 42
251 43
147 44
228 44
279 44
407 46
354 47
365 47
405 47
418 47
135 48
174 48
262 48
332 48
345 48
401 48
423 48
380 49
440 49
431 50
454 51
315 52
122 53
467 54
292 56
414 56
195 57
154 58
233 58
234 58
361 58
113 59
281 59
320 59
184 60
240 61
411 61
105 62
219 62
264 62
293 62
276 63
353 63
438 64
133 65
363 65
379 65
438 65
342 66
369 66
404 66
452 66
325 67
391 67
168 68
206 69
278 69
385 69
308 70
421 70
159 72
238 72
124 73
197 73
288 73
336 73
438 73
473 73
230 74
306 74
374 75
147 76
418 76
108 77
269 77
219 79
255 79
345 79
347 80
358 80
433 80
364 81
382 81
171 82
329 82
395 82
134 83
143 83
322 83
453 83
308 84
243 85
136 86
404 86
470 86
147 87
202 87
292 87
233 88
190 89
479 89
154 91
276 91
112 92
250 93
360 93
327 94
350 94
433 94
362 95
136 96
379 96
444 96
205 97
303 97
127 98
173 98
372 98
101 99
238 99
163 100
392 100
285 101
405 101
464 102
260 103
116 104
192 104
478 105
220 106
250 106
273 106
418 106
187 107
346 107
440 107
105 109
97 110
309 110
316 110
336 110
410 110
240 111
329 111
362 111
378 112
444 112
291 113
203 114
277 114
168 115
388 115
452 115
123 116
220 117
357 117
400 117
467 118
195 119
462 119
473 119
250 120
415 121
75 122
149 122
108 124
305 124
427 124
320 125
332 125
362 125
232 126
446 126
102 127
139 127
179 127
284 127
293 127
224 129
270 129
259 131
387 131
460 131
214 132
399 133
124 134
403 134
91 136
142 136
119 137
335 137
474 137
84 138
192 138
298 138
321 138
420 138
153 139
197 139
237 139
318 139
287 140
182 141
230 141
356 141
440 142
112 143
146 143
322 143
366 143
73 145
259 145
375 145
383 145
398 145
454 145
470 147
170 148
104 149
131 149
213 149
241 149
343 150
417 150
196 151
316 151
358 151
62 152
201 152
299 152
160 153
286 153
291 153
97 154
363 155
436 155
187 156
200 156
266 156
382 156
393 157
147 158
186 158
220 158
91 160
406 160
113 161
410 161
241 162
320 163
350 163
418 163
65 164
164 164
356 164
452 164
303 165
337 165
348 165
362 165
368 165
465 165
438 166
229 167
307 167
206 168
162 169
263 169
274 169
101 170
158 170
75 171
154 171
193 171
390 171
403 171
404 171
245 172
341 172
415 173
238 174
173 175
284 176
440 176
221 177
352 177
144 178
294 178
337 178
46 179
170 179
236 179
324 179
69 180
114 180
366 180
453 180
262 181
88 182
384 182
461 182
210 183
261 183
80 184
245 184
282 184
291 184
401 184
478 185
159 186
411 187
126 188
217 188
299 188
99 190
340 190
426 190
183 191
225 191
241 191
286 191
312 191
355 191
445 191
47 192
269 192
296 192
435 192
307 193
354 193
272 194
320 194
370 194
261 195
389 195
461 195
68 196
142 196
174 196
213 196
255 196
359 196
380 197
114 198
247 198
333 199
55 200
132 200
205 200
403 200
473 200
166 201
203 201
236 201
134 202
412 202
430 202
83 203
96 203
50 204
79 204
160 204
417 204
140 205
364 205
406 206
450 206
127 207
187 207
308 207
287 208
256 209
274 209
215 210
320 210
329 210
67 211
122 211
289 211
424 211
143 212
177 212
275 212
287 213
434 213
339 214
464 214
117 215
453 215
204 216
230 217
406 217
249 218
350 218
424 218
88 219
364 219
191 220
309 220
279 221
415 221
473 221
152 222
379 222
402 222
143 223
91 224
290 224
314 224
51 225
77 225
146 225
233 225
324 225
34 226
81 226
187 226
208 226
436 226
445 226
163 227
236 227
430 227
395 228
119 229
179 229
87 230
350 230
236 231
265 231
456 232
276 233
409 234
115 235
133 235
91 236
194 236
275 236
365 236
471 236
228 237
265 237
291 237
19 238
60 238
170 238
218 238
302 238
378 238
148 239
201 239
258 239
36 240
84 241
324 241
106 242
209 242
247 242
293 242
340 242
393 242
184 243
77 244
122 246
354 246
102 247
239 247
274 247
450 247
140 248
277 248
287 248
57 249
197 249
233 249
437 249
192 250
259 250
366 250
463 250
212 251
419 251
312 252
170 253
223 253
382 253
425 253
439 253
471 253
20 254
74 254
94 254
151 254
330 254
479 254
320 255
43 256
394 257
432 257
66 258
285 258
342 258
88 259
401 259
443 259
254 260
58 261
126 261
39 262
245 262
199 263
107 264
266 264
371 264
57 265
142 265
230 265
238 265
278 265
455 265
325 266
363 266
157 267
190 267
200 267
418 267
30 268
60 268
77 268
385 268
270 269
337 269
463 269
52 270
170 270
194 270
134 271
345 271
170 272
214 272
95 273
291 273
475 273
48 274
270 274
282 274
358 274
397 274
98 275
114 275
347 275
303 276
441 276
18 278
314 278
147 279
181 279
238 279
370 280
327 281
335 281
67 282
156 282
200 282
229 282
452 282
388 283
125 284
348 284
431 284
38 285
158 285
364 285
102 287
259 287
283 287
427 287
60 288
296 288
350 288
461 288
6 289
272 289
402 289
54 290
80 290
170 290
213 290
312 290
373 290
128 291
431 291
319 292
474 292
171 293
437 293
359 294
410 294
94 295
150 295
324 295
23 296
251 296
329 296
344 296
232 297
263 297
113 298
182 298
367 298
418 298
71 299
459 299
392 300
44 301
162 301
200 301
214 301
266 301
290 301
146 302
258 302
299 302
447 302
17 303
347 303
467 303
177 304
248 304
427 304
12 305
64 305
473 305
320 306
377 306
86 307
105 308
124 308
190 308
456 308
250 309
434 309
282 310
57 311
269 311
335 311
30 312
177 312
209 312
243 313
365 313
136 314
290 314
352 314
416 314
152 315
390 315
444 315
184 316
319 316
370 316
77 317
117 317
250 317
346 317
21 318
203 318
221 318
260 318
432 318
468 318
300 319
403 319
102 320
285 320
327 320
150 321
426 321
45 322
71 322
353 322
379 322
478 322
239 323
309 323
340 323
198 324
273 324
452 324
350 325
433 325
132 326
161 326
176 326
278 326
333 326
234 327
361 327
422 327
413 328
464 328
111 329
144 329
297 329
437 329
85 330
440 330
193 331
212 331
340 331
366 331
383 331
35 333
161 333
253 333
405 333
421 333
3 334
127 334
474 334
226 335
345 335
74 336
82 336
208 336
302 336
321 336
350 336
431 336
450 336
78 337
249 337
370 337
75 339
154 339
240 339
138 340
265 340
391 340
459 340
79 341
90 341
189 341
348 341
371 341
429 341
24 342
231 342
411 342
52 343
225 343
271 343
307 344
379 344
99 345
466 345
69 346
257 346
446 346
291 348
328 348
414 348
359 349
475 349
44 350
114 350
452 350
15 351
94 351
203 351
311 351
75 352
107 352
155 352
237 352
176 353
379 353
128 354
170 354
180 354
184 354
393 354
439 355
460 356
5 357
34 357
141 357
265 357
272 357
327 357
479 357
106 359
346 359
113 360
261 360
466 361
68 362
140 362
446 362
310 363
329 363
82 364
170 364
211 364
302 364
382 364
46 365
123 365
154 365
23 366
244 366
401 366
194 367
368 367
470 367
162 368
298 368
432 368
452 368
234 369
348 369
169 370
329 370
226 371
267 371
289 371
371 371
70 372
97 372
118 372
137 372
205 372
422 372
304 373
387 373
454 373
11 374
263 374
46 375
77 375
266 375
373 375
231 376
34 377
291 377
7 378
113 378
135 378
460 378
173 379
254 379
261 379
262 379
365 379
443 379
479 379
155 380
51 381
73 381
425 382
243 383
91 384
189 384
281 384
301 384
69 386
395 386
77 387
198 387
295 387
448 387
466 387
106 389
361 389
41 390
122 390
209 390
366 390
378 390
163 391
349 391
412 391
279 392
14 393
450 393
472 393
34 395
247 395
290 395
58 396
80 396
170 396
176 396
210 397
237 397
202 398
305 398
220 399
98 400
146 400
200 400
344 400
50 401
73 401
263 401
419 401
207 402
282 402
322 402
338 402
363 402
392 402
478 402
458 403
3 404
44 405
336 405
438 405
22 406
159 406
82 407
167 407
293 407
408 407
87 408
128 408
159 408
274 408
294 408
81 409
174 409
363 409
16 410
449 410
465 410
36 411
89 411
206 411
287 411
422 411
342 412
50 413
107 413
189 413
293 413
358 413
260 414
439 414
77 415
104 415
279 415
314 415
328 415
7 416
233 416
350 416
407 417
28 418
148 418
221 419
259 420
342 420
375 420
250 421
373 421
394 421
159 422
207 422
215 422
278 422
321 422
357 422
424 422
472 422
93 423
172 423
335 423
92 424
199 424
45 425
58 425
185 425
305 425
438 425
18 426
127 426
243 426
370 426
13 428
112 428
407 428
457 428
116 429
228 429
230 429
391 429
310 430
7 431
294 431
40 432
128 432
137 432
148 432
305 433
422 433
74 434
373 435
445 435
210 436
239 436
161 437
308 437
101 438
175 438
185 438
193 438
282 438
325 438
339 438
331 439
31 440
93 440
231 441
468 441
116 442
182 442
297 442
380 442
126 443
333 444
44 445
266 445
421 445
67 446
223 446
317 446
351 446
137 447
223 447
377 448
203 449
286 449
400 449
149 450
162 450
255 450
405 450
428 450
186 451
451 451
460 451
75 452
94 452
172 452
278 452
86 453
102 453
240 453
69 454
110 454
304 454
325 454
348 454
368 454
413 454
65 455
82 455
404 455
436 455
55 456
71 456
271 456
44 457
48 457
467 457
124 458
39 459
137 459
227 459
261 459
390 459
27 460
295 460
341 460
433 460
316 461
409 461
474 461
216 462
18 463
205 463
449 463
210 464
429 464
6 465
179 465
281 465
84 466
190 466
244 466
63 467
191 467
308 467
379 467
91 468
226 468
402 468
100 469
135 469
330 469
443 469
52 470
222 470
234 470
422 470
107 471
116 472
204 472
268 472
295 472
439 472
437 473
455 473
469 473
372 474
210 475
320 475
344 475
220 476
237 476
389 476
24 477
256 477
14 478
169 478
180 478
190 478
50 479
201 479
249 479
280 479
431 479
461 480
74 481
181 481
333 481
7 482
67 482
447 484
95 485
106 486
388 488
347 489
370 489
16 490
133 490
170 490
219 490
327 490
476 490
38 491
52 491
69 491
118 491
193 491
340 491
394 491
353 492
141 493
182 493
247 493
421 493
463 493
64 494
216 494
280 494
321 494
50 495
362 495
276 496
63 497
89 497
100 497
214 498
232 498
242 498
269 498
304 498
390 498
446 498
233 499
252 499
326 499
329 499
406 499
89 501
155 501
433 501
262 502
325 502
340 502
117 503
319 503
328 503
132 504
149 504
177 504
468 504
22 505
189 505
368 505
372 505
36 506
66 506
199 506
239 506
249 506
324 506
51 507
217 507
362 507
30 508
149 508
413 508
67 509
113 509
144 509
228 509
72 511
77 511
303 511
361 511
161 512
297 512
440 512
458 512
476 512
266 513
300 513
185 514
397 514
108 515
236 515
254 515
321 515
116 516
332 516
202 517
128 518
192 518
426 518
438 518
226 519
378 519
207 520
289 520
315 520
338 520
369 520
413 521
147 522
39 523
153 523
232 523
301 523
461 523
52 524
64 524
302 524
362 524
450 524
73 525
163 525
403 525
445 525
180 526
350 526
81 527
165 527
203 527
370 527
268 528
188 529
338 529
422 529
89 530
117 530
192 530
221 530
230 530
317 530
373 530
389 530
197 531
214 531
131 534
138 534
143 534
151 534
206 534
467 536
414 538
424 538
432 538
450 538
346 539
32 540
198 540
233 540
240 540
251 540
45 541
73 541
84 541
171 541
178 541
274 541
402 541
57 542
92 542
189 542
383 543
373 545
326 546
116 547
200 547
316 547
415 547
475 547
103 548
466 548
297 549
345 549
351 549
359 549
457 549
131 550
145 550
307 550
277 551
289 551
411 551
439 551
448 551
242 552
410 552
424 552
158 553
172 553
256 553
279 553
267 554
394 554
181 555
252 555
343 555
41 557
419 557
470 557
58 558
88 558
317 558
75 559
86 559
175 559
331 559
454 559
95 560
262 560
309 560
357 560
109 561
342 561
103 562
123 563
138 563
286 563
294 563
325 563
157 564
280 564
316 564
197 565
205 565
206 565
231 565
250 566
217 567
218 567
395 567
434 567
180 568
382 568
422 568
447 568
171 569
372 569
464 569
362 570
272 574
295 574
337 574
48 575
69 575
286 575
80 576
110 576
349 576
330 577
136 579
268 579
398 579
367 580
151 581
183 581
471 581
428 582
161 583
255 583
375 583
441 583
454 583
264 584
173 586
272 586
285 587
298 588
309 588
70 589
277 589
319 590
85 591
105 592
119 592
326 592
129 593
150 593
209 594
352 594
159 595
203 595
363 595
402 595
136 596
168 596
175 596
220 596
463 596
253 597
381 597
417 597
434 597
244 598
452 598
164 599
261 599
131 600
278 603
298 603
85 605
98 605
330 605
128 607
373 607
114 608
347 608
152 609
386 609
161 610
419 610
186 611
220 611
233 611
195 612
208 612
245 612
410 612
267 615
277 618
285 619
301 620
313 621
350 621
338 622
146 623
375 623
137 624
216 624
231 624
238 624
169 625
186 627
260 627
273 630
204 634
233 636
357 636
302 637
317 639
