305 29
322 32
339 36
254 38
276 41
353 43
297 45
365 45
224 48
317 48
375 50
240 52
257 53
269 56
292 60
305 61
210 63
313 64
369 64
195 65
229 65
257 67
329 67
269 69
283 71
348 73
399 74
409 75
162 76
305 76
175 77
190 78
214 78
236 79
319 79
255 80
417 82
295 86
431 87
166 91
182 91
395 91
145 92
199 92
443 92
338 96
454 100
412 101
465 104
184 105
154 106
171 106
137 109
425 109
402 115
321 117
200 119
444 119
262 121
156 122
137 123
122 124
338 124
295 126
220 128
236 130
360 131
466 134
157 137
331 137
211 140
233 141
127 142
450 148
111 150
177 151
207 152
227 152
143 154
301 154
464 156
127 158
439 162
87 163
114 163
183 164
393 166
476 167
169 168
448 168
349 171
378 174
103 175
113 175
400 176
461 176
193 178
364 178
91 179
168 180
180 180
79 184
271 184
411 184
378 187
473 187
112 188
98 192
181 192
451 192
195 193
396 193
168 197
368 197
85 199
406 201
118 202
377 203
465 204
101 207
144 207
381 207
169 211
476 211
90 213
367 214
455 215
321 218
118 219
347 219
394 219
109 224
71 225
379 225
270 226
469 227
98 228
210 229
284 231
364 232
125 233
389 233
451 235
478 236
251 238
113 239
335 241
310 242
203 244
71 245
106 245
422 246
463 246
401 247
322 248
446 249
359 250
246 251
334 252
58 253
262 253
296 253
468 253
408 255
431 255
86 256
118 256
275 257
310 259
347 259
47 260
478 260
417 262
289 263
78 264
241 265
458 265
104 266
253 266
333 266
42 267
264 267
356 267
438 268
66 269
211 270
277 270
421 271
339 273
381 273
401 273
87 274
467 275
321 276
450 277
117 278
299 278
57 279
345 279
428 280
225 282
161 283
220 284
235 284
52 285
75 286
407 286
209 287
172 289
433 290
455 290
414 293
46 294
145 295
185 295
66 296
167 296
442 297
231 298
201 299
318 299
40 301
420 302
463 302
178 304
218 304
265 305
445 305
161 306
76 308
240 308
276 308
403 308
33 310
53 311
115 313
426 314
284 315
171 316
478 316
184 317
214 317
453 317
327 318
198 319
231 319
403 319
352 321
45 325
335 326
64 327
86 327
105 328
460 328
358 332
317 334
376 336
77 337
337 338
468 341
360 343
92 344
102 345
348 346
449 346
32 347
71 348
117 348
54 349
477 354
86 355
350 356
454 356
69 359
98 359
440 362
84 363
112 365
289 367
427 369
464 369
411 371
96 372
37 375
448 376
214 377
197 378
431 381
469 381
93 382
111 385
165 388
453 389
416 390
147 392
434 392
29 396
93 396
204 396
476 396
226 397
110 399
406 400
129 404
72 406
91 406
24 409
461 409
444 411
428 412
324 413
470 421
349 423
17 426
38 427
341 427
476 433
456 435
336 436
34 438
136 438
53 441
461 445
443 447
275 448
72 450
94 451
114 451
32 452
466 454
51 456
350 457
216 459
447 460
74 462
31 463
470 463
340 466
119 468
451 468
97 469
58 472
78 474
302 476
100 477
155 481
44 482
247 482
348 483
462 483
446 485
401 487
431 487
65 489
418 489
332 490
158 491
324 491
132 492
451 497
473 497
416 498
434 500
46 502
352 502
142 504
70 505
269 506
325 510
201 514
412 515
434 515
447 516
153 517
462 517
357 518
403 518
51 519
78 523
188 523
397 524
163 526
470 526
199 530
384 530
113 531
62 532
455 532
94 534
372 536
189 539
225 540
107 544
396 544
171 545
118 546
386 549
463 549
341 550
181 551
161 552
285 552
449 552
275 553
374 553
88 555
232 559
102 561
425 562
147 568
410 568
116 569
400 570
159 573
442 575
90 577
126 578
425 580
104 582
146 585
412 587
287 588
370 589
402 589
160 593
107 595
444 595
120 597
428 599
133 601
296 601
378 602
418 602
271 603
251 604
200 605
233 605
154 608
401 608
460 608
160 609
220 609
354 611
172 613
332 614
443 614
315 615
300 616
380 617
189 619
253 619
266 619
282 619
421 620
202 621
141 622
362 623
227 625
408 625
163 627
398 627
339 629
241 630
384 633
320 634
309 635
299 636
370 636
265 637
282 637
