264 28
328 30
279 33
229 36
291 38
351 38
249 42
356 43
312 44
150 45
156 46
215 46
267 46
365 46
168 47
178 48
271 48
278 50
328 50
189 52
226 52
233 52
378 53
292 54
199 55
209 57
412 57
386 58
120 59
250 59
130 60
143 60
124 61
314 62
163 63
359 63
424 64
175 65
261 65
170 66
181 66
365 67
397 67
213 69
277 69
218 70
403 70
227 72
287 73
103 74
340 75
124 76
295 76
381 76
139 77
303 77
416 77
158 78
246 78
352 78
173 79
308 80
318 80
393 82
364 84
372 88
432 88
90 89
100 89
410 89
115 90
299 93
382 94
445 94
417 96
397 100
458 101
70 102
423 102
90 103
369 103
104 104
464 104
128 105
404 105
153 107
433 109
471 109
440 110
476 113
68 115
388 115
446 115
58 117
79 118
96 119
457 119
117 120
373 120
167 123
411 124
295 125
426 128
308 129
441 129
70 131
196 131
54 132
135 133
114 134
148 134
320 134
160 135
176 136
473 140
409 141
448 142
291 143
352 145
22 147
58 147
315 147
37 149
147 149
72 150
192 150
373 150
132 151
166 151
182 151
432 151
289 159
126 162
448 162
414 164
155 165
10 166
460 169
343 173
474 176
443 177
95 179
141 179
125 180
154 181
361 181
459 183
18 184
24 184
4 186
255 187
470 188
280 189
474 193
158 194
127 196
138 196
448 199
58 201
64 202
28 203
462 203
14 204
265 206
233 213
446 215
453 216
25 219
68 219
320 219
64 220
279 221
10 222
39 222
49 222
56 222
32 223
468 225
479 229
445 232
30 234
73 236
14 237
457 237
217 238
61 239
68 239
466 240
376 241
389 244
477 244
281 245
441 247
33 250
217 251
304 251
210 252
366 252
158 254
285 254
374 254
461 254
145 255
322 255
5 258
391 261
475 261
301 262
355 263
314 264
228 265
211 266
219 266
328 266
449 266
30 269
461 270
291 271
383 271
22 272
12 274
308 274
394 275
475 276
231 278
443 279
201 280
215 280
453 283
291 284
467 287
25 288
18 289
11 290
476 291
95 293
453 296
384 297
14 300
465 301
476 305
38 306
441 307
452 307
29 312
22 314
17 316
441 317
472 317
7 318
46 321
281 323
236 326
299 326
458 326
34 327
312 328
23 333
380 334
479 334
11 335
447 335
288 336
304 337
188 338
159 339
224 339
458 340
465 344
36 345
281 347
28 349
293 349
304 351
18 353
316 353
444 353
101 354
11 355
119 357
470 357
3 360
288 360
309 361
245 363
356 363
464 363
104 364
34 365
28 367
472 367
86 368
94 368
24 369
330 369
449 370
341 372
115 373
46 375
138 375
350 375
99 380
437 380
30 381
35 381
229 381
470 381
327 382
126 383
22 385
292 385
416 385
445 385
88 386
118 386
343 386
454 389
11 390
153 390
355 390
302 393
325 393
40 394
105 394
132 394
466 394
335 396
96 399
445 399
29 400
347 400
452 401
259 402
273 402
248 404
456 404
20 405
15 407
163 407
462 407
474 409
73 411
40 412
447 412
243 414
254 415
262 415
280 415
35 416
29 417
86 421
465 421
416 422
442 423
107 424
477 425
268 426
242 427
252 428
68 430
460 432
27 438
263 438
277 438
447 438
471 438
225 441
319 441
103 442
216 444
97 446
37 448
6 449
445 449
90 450
185 451
193 451
238 452
28 454
226 455
107 456
217 457
209 459
129 460
20 461
443 461
263 463
100 465
239 465
352 465
15 466
39 467
92 467
456 468
223 469
2 473
81 474
106 475
25 476
473 477
97 479
450 480
16 482
313 482
354 483
457 484
337 489
443 490
344 492
290 493
394 493
472 494
305 495
350 495
356 496
318 498
40 500
231 500
458 500
284 501
327 502
116 503
170 503
11 504
338 504
291 509
301 509
348 509
156 511
313 511
470 511
201 512
451 514
328 517
139 518
229 526
353 527
447 530
116 532
474 533
438 537
458 538
24 542
442 545
467 546
38 550
385 550
473 551
303 553
455 556
27 561
184 563
136 566
468 566
323 567
173 568
447 568
151 570
334 571
360 572
251 573
476 574
165 575
184 575
457 576
123 577
143 577
192 577
345 577
33 579
157 582
444 582
137 583
172 585
288 585
374 585
129 588
151 588
165 588
470 589
197 590
107 591
452 594
124 595
192 595
160 596
35 597
233 598
140 599
175 599
9 600
478 600
18 601
94 601
330 601
337 601
153 602
72 603
187 603
211 604
136 605
198 605
320 605
166 606
392 606
410 606
427 606
43 607
228 607
148 608
304 608
462 608
257 609
81 610
117 610
240 610
374 610
181 611
226 611
130 612
11 613
160 613
446 613
59 614
340 614
358 614
468 614
254 615
318 615
347 615
72 616
144 616
412 616
122 618
392 618
107 619
252 619
297 619
269 620
155 621
167 621
433 621
370 622
304 623
2 624
47 624
207 624
220 624
193 625
251 625
268 625
364 625
390 625
283 626
452 626
64 627
462 627
97 628
204 628
358 628
416 628
314 629
177 630
297 630
127 631
135 631
40 632
77 632
150 632
219 632
250 632
268 632
288 632
332 632
12 633
57 633
163 633
385 633
188 636
409 636
235 637
374 637
431 637
452 637
