165 3
189 4
212 5
231 5
252 5
322 5
284 6
352 8
427 9
443 11
225 12
417 12
337 13
401 13
456 13
174 14
269 14
304 14
387 14
467 15
374 16
472 16
194 17
238 18
362 19
214 20
290 21
317 21
257 22
163 25
249 25
337 25
406 26
142 27
424 27
447 27
178 28
391 28
225 29
280 29
464 29
201 30
323 31
372 31
238 32
310 33
274 34
359 34
134 36
351 36
165 39
251 39
300 39
407 39
434 40
189 41
338 41
446 41
128 43
207 43
462 43
227 44
159 45
326 45
477 48
355 50
121 51
151 53
340 53
214 54
441 55
331 57
464 57
457 58
229 60
474 60
142 61
351 66
336 68
442 69
215 70
451 71
129 72
471 75
152 77
237 77
347 79
118 83
205 83
172 85
329 86
447 86
224 87
140 88
460 89
468 90
161 93
186 94
233 97
332 99
178 100
284 100
434 100
208 101
443 102
368 103
124 104
388 104
455 104
192 105
222 105
244 106
148 108
168 109
231 115
179 116
400 117
153 122
313 122
455 123
283 125
475 127
300 129
140 132
320 132
269 134
132 136
451 137
308 139
284 140
129 142
157 142
121 144
298 145
469 146
117 147
122 150
147 150
290 150
113 153
310 153
349 153
457 154
138 158
393 159
471 160
237 163
455 165
182 167
216 167
290 167
246 168
128 169
154 171
306 171
197 172
228 172
244 172
447 177
238 178
276 178
456 180
166 181
292 182
107 183
202 183
141 184
216 184
247 184
266 185
309 185
470 186
287 187
441 188
181 190
115 193
196 194
458 195
238 196
297 196
316 197
129 199
219 199
275 200
470 202
259 203
445 205
305 206
459 214
109 217
467 217
450 223
102 224
477 224
411 227
374 231
441 231
463 231
123 232
451 238
117 239
141 241
184 242
159 244
476 245
458 246
442 250
321 251
396 254
465 255
132 257
126 259
148 260
170 262
118 265
456 266
475 266
141 270
442 270
119 271
464 273
443 274
158 276
108 279
250 286
452 286
470 286
127 287
270 288
187 290
313 290
146 293
244 299
264 301
114 302
444 302
462 304
137 306
157 308
242 310
131 312
259 314
278 315
467 315
450 317
149 320
242 322
358 322
337 323
431 323
122 326
241 330
334 330
470 331
141 333
225 333
352 333
158 336
328 336
451 336
270 339
244 341
324 342
346 343
155 345
133 347
472 347
273 351
278 351
253 353
336 353
455 354
476 358
125 359
360 360
435 361
300 362
147 363
325 367
337 367
425 368
402 371
455 372
186 375
347 377
476 379
128 380
144 380
420 381
261 382
337 386
451 386
427 390
324 391
417 391
448 394
356 395
164 402
464 402
478 402
441 406
391 408
373 409
189 410
229 412
194 414
148 415
301 416
385 419
213 420
169 421
460 423
376 426
279 427
192 428
146 429
158 430
168 434
457 434
430 435
363 437
400 437
177 438
472 438
197 444
247 445
446 448
304 454
296 455
405 458
461 458
196 460
476 468
175 469
331 469
317 471
447 474
188 475
194 476
305 476
470 476
197 479
465 480
254 481
205 483
407 484
433 487
221 488
454 492
239 494
201 496
274 496
422 496
265 498
208 500
215 502
469 502
411 505
246 510
254 513
262 514
425 514
275 518
295 521
359 523
410 525
443 528
433 530
257 531
426 533
305 536
380 536
298 538
335 538
356 538
312 539
325 540
