258 6
274 8
324 10
287 12
220 14
238 15
304 15
344 17
255 18
315 20
275 21
364 22
206 24
188 25
224 26
291 26
335 27
307 29
243 30
267 31
379 31
346 32
321 36
392 36
292 38
305 40
369 40
333 41
406 42
199 44
183 46
351 47
387 47
421 47
363 48
165 50
401 52
152 53
332 53
135 54
381 54
343 56
193 60
361 61
419 61
170 62
398 64
429 64
149 67
127 68
275 68
336 68
217 69
382 69
418 71
180 72
393 74
327 76
353 76
133 78
142 78
438 78
407 80
450 81
211 82
108 83
418 84
158 87
139 89
281 90
428 91
439 94
123 95
409 96
106 98
452 99
424 103
147 104
304 104
196 107
465 107
129 108
115 110
437 110
414 112
259 113
104 115
91 116
421 116
295 117
154 118
456 119
401 120
324 122
126 123
335 126
470 126
109 129
350 129
187 130
449 130
91 132
363 134
463 136
77 138
332 138
118 142
342 142
357 144
478 145
452 146
99 147
311 148
83 152
334 153
464 153
351 156
106 159
474 160
202 162
92 164
454 164
154 165
141 166
234 166
82 169
128 171
218 171
203 172
72 173
444 174
156 175
307 176
469 176
111 177
148 178
478 178
230 180
133 181
97 182
220 182
339 182
457 183
84 184
206 184
273 187
68 189
418 189
423 189
151 190
231 190
122 191
467 191
115 192
139 193
176 193
102 195
217 195
210 198
227 199
80 200
118 200
202 201
253 201
437 201
322 202
71 203
458 203
449 206
248 209
455 210
346 211
435 211
474 212
396 213
78 217
450 217
63 220
340 220
462 226
470 230
77 232
448 235
103 237
338 240
434 241
454 241
271 243
246 245
265 245
258 247
467 249
448 252
277 257
302 257
256 259
79 260
268 260
456 260
242 262
415 263
64 264
465 268
128 269
217 269
266 271
274 272
408 273
350 274
235 275
248 275
450 276
59 279
478 280
219 282
133 283
415 284
436 284
157 285
404 287
465 288
66 289
84 291
146 291
442 292
425 293
409 294
451 294
133 297
158 298
281 299
475 299
74 300
211 301
416 302
96 303
122 304
435 304
445 305
463 305
149 308
54 310
422 310
114 311
452 311
371 312
408 312
469 313
134 315
456 317
440 318
474 318
73 319
102 319
157 319
328 319
396 321
206 322
254 323
61 324
460 324
96 325
336 325
442 325
58 329
86 329
114 330
81 334
468 335
106 336
449 337
72 340
430 340
371 341
95 342
455 345
476 346
86 347
260 349
415 350
55 351
107 351
76 356
98 358
462 358
276 360
66 361
144 361
264 361
58 363
384 364
115 365
446 366
198 367
470 367
87 368
108 371
330 373
412 373
454 376
71 377
96 379
167 379
120 380
113 385
462 386
79 388
444 392
101 393
128 393
466 393
67 397
449 400
471 400
88 402
366 403
116 404
78 408
457 409
103 411
333 412
116 414
465 418
90 419
64 420
242 420
375 420
109 422
443 422
99 426
77 428
169 428
113 433
408 434
455 434
292 436
87 441
462 441
104 446
250 446
268 446
281 448
306 451
471 452
445 453
254 454
372 457
89 458
212 458
114 459
356 461
260 463
279 463
313 465
460 466
103 467
242 467
82 469
465 469
442 474
224 475
94 476
112 476
270 476
248 477
142 478
478 478
450 479
254 483
99 484
178 484
279 484
399 485
124 486
308 486
431 486
155 488
465 488
144 489
112 492
262 492
285 492
438 493
473 493
131 494
101 497
339 498
420 499
269 500
315 500
395 500
292 501
250 502
119 503
131 504
454 505
150 506
275 507
107 508
299 508
402 508
261 513
284 514
409 514
435 514
306 517
116 518
130 519
448 521
368 522
145 523
392 523
197 526
258 526
426 526
159 528
402 531
169 532
377 533
303 534
434 534
180 536
386 536
119 538
331 538
413 538
133 540
141 541
189 541
392 543
337 545
370 545
150 546
426 549
238 550
163 551
379 552
178 555
390 557
188 559
285 559
251 560
367 560
261 562
138 564
233 564
197 565
148 566
272 567
293 567
344 567
160 568
208 569
308 569
245 571
380 571
277 572
322 572
360 572
221 573
256 574
396 577
182 578
231 578
293 578
341 578
319 580
249 584
195 585
359 585
330 586
205 587
216 590
280 590
339 590
292 591
224 592
233 594
305 594
321 596
362 596
279 606
293 608
