145 2
399 2
258 3
300 3
436 4
166 6
214 6
379 6
343 7
277 9
412 9
186 10
231 10
351 10
455 10
286 12
323 12
243 13
394 13
200 15
135 16
368 16
425 16
149 17
165 17
260 18
212 19
182 20
304 20
343 21
384 22
441 22
228 23
271 23
315 24
411 24
245 26
108 27
129 27
288 27
361 27
396 28
473 28
144 29
261 31
375 31
162 32
179 32
199 32
335 32
423 32
216 34
460 35
352 36
236 38
427 38
284 39
390 39
106 41
125 41
144 41
464 41
203 44
157 50
236 50
328 50
109 52
128 52
140 52
357 53
454 53
163 62
134 63
471 65
99 66
112 66
216 68
340 68
301 69
229 70
448 70
359 74
318 75
132 77
145 77
157 77
115 78
101 79
404 81
293 83
467 85
350 86
192 89
306 89
176 90
450 90
109 91
119 91
96 93
290 97
320 97
374 98
195 100
433 100
169 102
303 102
110 103
94 106
444 107
316 109
471 109
196 110
290 114
104 118
174 119
302 119
459 119
94 120
196 121
383 122
78 124
214 124
413 124
445 126
465 127
228 128
284 128
319 128
370 129
147 130
160 130
174 130
127 131
240 131
294 132
190 133
396 133
91 135
202 135
478 135
427 136
331 137
221 138
72 139
308 140
407 140
234 141
385 141
459 141
141 142
162 144
197 144
282 144
180 145
442 145
124 146
113 147
212 147
318 147
362 147
469 147
100 148
420 148
76 149
373 150
89 151
232 151
298 151
398 152
62 153
134 155
151 155
161 156
178 156
454 156
194 157
304 157
205 158
114 159
384 159
431 159
216 160
285 160
407 160
315 162
339 162
466 163
439 164
68 166
419 167
447 168
138 169
158 170
331 172
355 172
67 174
406 176
477 176
434 179
174 181
456 181
345 182
70 186
328 186
419 186
275 188
109 189
469 190
450 192
50 193
427 194
340 196
83 197
123 199
461 201
67 203
243 205
146 206
193 206
444 206
51 209
252 209
199 210
471 210
114 212
215 212
263 212
405 214
229 216
38 217
74 217
242 219
277 219
457 219
65 222
104 224
208 224
49 226
262 227
92 228
442 228
220 229
470 232
77 233
237 233
277 233
447 234
168 237
252 237
64 238
217 239
58 240
266 243
376 244
46 245
77 246
277 246
462 247
195 248
176 249
210 249
164 250
68 251
444 251
27 253
267 254
340 255
57 256
87 256
47 258
200 258
370 258
392 258
472 258
175 260
186 260
162 261
215 261
74 263
35 265
252 265
378 265
315 266
453 266
63 267
260 268
404 269
54 272
166 272
181 272
199 272
215 272
270 272
365 272
386 273
147 274
442 274
17 275
467 275
244 276
280 277
42 278
67 280
450 281
427 282
94 283
356 283
393 283
201 284
217 284
375 284
187 285
28 286
234 289
346 290
478 290
321 291
382 291
418 292
457 292
107 293
20 294
148 294
439 294
329 295
403 295
214 298
283 298
38 299
354 300
372 300
390 301
229 302
467 302
86 304
413 306
14 307
430 307
98 308
339 308
472 308
395 309
451 309
362 310
112 312
214 313
322 313
382 313
87 316
346 316
222 317
400 317
478 317
366 318
458 318
40 319
18 320
101 320
328 320
406 320
440 320
195 326
115 327
184 328
332 329
354 330
466 330
167 331
293 331
314 331
448 331
33 332
25 338
47 338
297 338
322 340
454 340
183 341
235 341
345 341
478 344
19 346
404 349
170 350
461 350
36 351
245 351
316 352
332 353
145 355
299 355
463 355
285 356
349 356
8 359
447 359
30 362
158 362
398 362
351 363
124 364
142 364
188 364
413 364
430 365
472 365
5 366
82 366
457 368
42 369
169 369
202 369
154 371
22 374
121 374
138 374
418 374
450 374
479 374
402 375
435 375
173 377
236 379
188 380
178 381
220 381
322 381
308 382
422 384
162 385
16 386
36 386
387 386
406 387
439 387
82 388
136 388
149 388
118 389
179 390
12 393
196 393
473 394
101 395
428 396
456 397
446 399
136 400
410 400
118 402
479 402
30 403
10 404
170 405
310 405
190 406
465 407
431 408
192 411
14 413
98 414
179 414
119 415
310 415
414 415
252 416
437 416
453 417
472 418
33 419
97 422
185 423
416 423
14 425
119 425
162 426
432 426
190 427
444 430
247 432
478 433
422 434
464 434
171 435
35 437
435 437
98 438
15 441
78 441
124 441
306 441
454 446
37 447
248 448
286 449
190 450
319 450
471 450
103 452
306 452
58 453
78 454
201 455
16 456
38 457
478 458
120 460
440 462
459 462
108 463
297 465
315 465
60 466
80 469
291 469
43 470
94 470
466 472
288 475
64 477
454 478
101 479
311 479
441 481
478 484
46 485
251 485
180 486
26 487
139 488
67 489
242 489
461 489
404 494
337 495
278 496
122 497
263 497
148 498
468 498
71 499
86 499
448 499
34 502
126 504
252 504
367 507
435 508
131 509
58 511
95 512
243 512
39 513
454 514
136 515
157 515
279 515
79 516
209 516
270 518
141 520
438 520
372 521
421 521
64 523
460 523
47 526
85 526
310 531
370 531
405 532
468 532
73 533
385 533
442 533
166 535
55 537
423 537
305 539
248 541
448 541
427 542
364 543
320 544
396 547
378 552
411 554
458 554
72 555
118 555
393 555
427 555
444 558
412 559
100 561
159 562
302 562
57 563
132 563
272 563
167 564
347 564
445 564
389 565
81 566
366 566
295 567
64 570
251 570
313 570
185 571
111 572
146 572
406 572
89 573
242 573
199 574
281 574
333 574
380 574
72 577
433 577
419 578
350 580
98 581
297 581
373 581
187 582
321 582
255 583
151 584
109 586
85 588
174 588
401 588
282 589
337 589
304 591
145 592
268 592
363 593
96 594
356 594
254 595
323 596
420 596
137 598
379 598
406 599
349 600
271 601
370 603
159 604
264 604
398 605
145 608
248 608
214 609
385 610
276 612
349 612
163 614
373 614
316 617
258 618
180 619
358 619
234 620
383 621
278 624
333 626
307 630
354 632
330 638
