419 1
141 2
254 2
336 2
370 2
318 3
348 3
399 3
360 4
386 4
431 4
169 6
245 6
306 6
201 7
233 9
448 11
273 12
285 12
193 13
222 13
152 15
406 15
216 16
475 16
260 17
332 17
420 17
255 19
366 19
380 19
325 20
343 20
351 20
391 20
177 21
246 21
314 21
437 21
335 22
290 23
199 24
298 24
138 25
168 25
273 25
446 25
235 26
194 27
401 27
462 29
262 30
417 30
220 31
154 32
179 34
213 34
249 34
366 34
433 35
302 37
314 37
320 37
331 37
348 37
446 38
388 39
375 40
139 41
170 41
198 41
285 42
454 42
267 43
190 46
254 47
154 48
308 48
477 49
242 50
297 50
286 51
450 52
381 54
178 55
274 56
316 57
391 57
258 59
302 59
471 60
291 62
158 63
185 64
190 65
247 65
127 66
282 66
334 66
448 66
461 67
369 68
316 69
149 70
264 70
379 70
387 71
176 72
301 75
307 75
475 75
194 76
292 76
250 77
450 78
479 78
129 81
356 81
369 81
289 82
374 82
464 82
379 84
426 84
386 85
152 86
446 90
474 90
479 92
138 94
372 96
459 96
383 98
387 100
125 102
395 102
399 102
473 103
154 105
234 106
450 106
148 108
462 110
365 111
117 112
384 113
443 114
396 116
133 117
206 120
155 121
298 121
224 122
352 122
328 123
334 123
343 123
437 124
458 124
237 125
283 127
319 127
466 127
116 128
145 128
219 128
170 130
306 131
182 133
453 133
206 134
299 134
344 134
474 134
111 135
227 135
352 135
137 136
336 136
358 136
106 138
374 138
459 138
329 139
157 140
323 141
238 143
286 143
126 144
316 144
395 145
307 147
447 147
281 148
118 149
143 150
357 150
344 151
210 152
302 152
335 152
231 153
328 155
458 155
277 158
295 158
131 159
320 160
390 161
126 163
237 163
154 165
345 166
474 166
400 167
359 168
365 168
444 170
479 171
329 172
119 173
377 173
465 173
142 175
469 179
111 181
138 181
386 181
345 182
355 182
181 183
455 183
253 185
338 185
129 186
157 188
361 188
237 189
471 189
430 191
442 191
372 192
123 194
326 194
354 194
306 196
460 197
145 199
347 199
239 200
342 200
393 200
323 201
446 202
477 202
461 204
141 205
212 206
284 206
412 206
299 207
318 208
365 208
336 210
394 210
166 211
355 212
107 213
183 213
450 213
298 214
412 214
479 214
465 215
206 216
317 216
181 219
333 219
130 221
297 221
413 221
154 222
314 223
450 223
335 225
374 226
221 228
339 229
396 230
149 231
316 232
447 232
123 233
298 234
372 234
216 235
337 235
207 237
193 238
318 238
282 240
338 240
413 240
467 240
393 241
364 243
430 243
449 243
111 244
166 244
137 248
351 248
370 248
189 249
210 249
447 249
466 249
322 251
340 251
469 252
403 253
430 253
157 254
307 254
416 254
363 255
182 256
250 256
134 257
204 258
468 259
125 260
346 260
448 260
328 263
152 265
176 265
400 265
370 266
121 267
411 267
315 268
220 270
427 270
473 270
199 271
304 271
378 271
149 272
319 274
338 275
359 276
394 276
445 277
167 278
141 279
197 279
477 281
307 282
350 282
278 283
169 284
427 284
160 285
190 285
327 285
254 286
267 287
442 288
477 288
359 290
460 290
134 293
210 293
154 294
336 294
184 297
266 297
350 298
252 299
146 301
275 302
457 302
228 303
291 303
126 304
198 304
320 304
339 307
144 308
172 308
243 308
360 310
221 311
308 311
162 313
330 314
452 315
285 316
303 317
135 318
472 318
192 319
219 319
266 319
240 320
320 320
364 322
211 323
407 324
293 326
308 327
447 327
181 329
354 329
468 329
147 330
418 330
377 331
431 334
284 335
320 336
136 339
245 339
441 339
170 341
192 341
335 341
303 342
411 342
272 343
461 343
265 347
157 348
180 348
291 348
452 348
420 350
433 350
151 352
322 352
343 352
404 352
447 356
141 357
172 358
311 358
466 358
240 363
386 364
160 365
190 366
459 366
154 367
149 372
177 372
225 372
319 374
300 377
172 380
240 380
463 380
204 381
442 381
162 383
284 383
335 384
478 384
190 387
255 388
230 389
312 389
457 389
292 391
449 393
214 394
172 395
479 396
326 398
159 400
202 400
437 401
378 402
230 404
315 404
463 404
187 405
303 406
457 406
284 407
171 409
211 412
246 413
349 413
341 414
193 416
472 416
311 417
298 418
324 418
175 421
235 421
214 425
449 425
330 429
352 429
359 429
394 429
194 431
289 432
316 432
305 433
464 434
234 435
262 435
214 440
429 443
199 446
479 446
276 447
258 449
409 450
236 451
376 453
393 453
446 453
221 455
363 457
207 460
411 462
463 463
275 464
447 464
382 465
370 467
399 467
219 469
404 474
388 477
439 478
455 478
472 479
229 481
262 482
278 482
299 482
317 484
340 484
332 485
441 494
473 495
265 496
454 496
310 498
289 499
352 499
359 499
329 500
384 500
415 503
409 504
430 507
318 510
456 511
371 517
359 518
396 518
400 518
378 520
420 520
439 524
458 524
