205 1
466 1
474 2
134 3
275 3
415 4
159 5
232 5
405 5
191 6
340 6
349 7
367 7
434 7
120 8
264 8
379 8
395 8
450 9
325 10
216 11
109 12
179 12
248 12
309 12
292 14
140 15
412 17
472 18
273 20
335 21
222 22
342 22
350 22
370 22
384 22
429 22
189 23
313 24
394 24
451 24
119 25
153 25
214 25
253 25
181 27
306 27
292 28
468 28
143 29
238 29
408 29
202 30
275 32
427 32
478 32
133 34
228 34
318 34
333 34
350 34
368 35
440 36
96 37
156 37
261 37
383 37
217 38
396 38
186 40
288 40
120 41
242 41
233 42
146 43
463 43
268 45
334 45
222 47
139 48
134 50
294 52
449 52
240 53
124 54
459 54
150 55
233 55
275 55
94 56
203 57
474 57
260 58
88 59
112 59
222 59
249 61
139 62
366 62
443 62
106 63
290 63
203 67
234 67
459 67
269 68
125 69
154 69
85 71
256 72
475 72
216 73
110 74
146 75
245 75
359 75
369 77
136 78
453 78
228 79
199 80
275 80
470 82
338 83
64 85
325 86
359 86
392 86
438 86
290 87
214 88
406 90
228 94
347 94
423 94
456 95
335 96
360 96
440 96
470 98
298 99
75 100
157 100
405 100
232 103
121 106
208 106
353 106
446 106
64 107
309 107
149 108
337 108
458 109
221 110
323 110
137 111
54 112
404 112
467 112
416 114
230 115
431 117
344 118
359 118
82 120
451 120
313 121
120 124
323 124
145 125
469 125
58 127
272 127
94 129
260 130
112 132
70 133
245 133
458 133
107 137
275 138
433 138
442 139
103 141
176 141
257 142
462 142
40 143
61 143
474 143
120 144
75 145
168 146
93 149
246 149
331 150
271 152
454 152
112 155
43 156
86 156
107 157
256 157
64 158
419 158
468 159
80 161
190 163
211 164
163 165
46 166
75 166
448 168
94 169
186 170
363 171
254 172
417 172
64 173
222 173
282 173
460 173
321 177
473 177
213 178
86 179
240 180
57 183
444 183
74 185
230 185
453 185
38 186
187 186
203 186
309 188
382 188
419 188
49 189
253 190
114 191
467 192
216 193
23 194
146 194
242 194
247 195
476 197
207 198
441 198
62 200
230 200
154 202
324 202
453 202
37 204
104 204
223 204
14 205
197 205
337 205
423 205
214 208
348 208
433 208
466 208
374 210
177 211
239 211
360 211
97 212
113 212
439 212
146 213
163 213
271 213
323 213
283 214
412 214
475 214
130 215
209 215
188 216
231 216
24 217
91 218
334 219
421 219
450 219
109 220
224 220
199 222
428 222
139 223
350 223
15 224
311 224
154 225
404 225
471 225
167 227
238 227
359 227
458 227
80 228
180 229
439 229
331 230
414 230
479 230
99 231
34 232
116 232
193 232
445 232
212 233
231 233
468 234
132 235
147 235
345 235
26 238
351 238
248 239
401 239
426 239
159 240
173 240
330 240
358 241
455 241
90 242
202 242
382 242
311 243
340 245
415 245
436 246
364 247
321 248
391 248
285 250
464 250
59 251
292 251
444 251
9 252
373 252
405 253
425 254
212 255
310 255
476 255
299 256
351 256
395 257
452 257
163 258
416 259
432 259
30 260
190 261
314 261
333 261
382 261
462 262
113 264
174 264
361 264
23 265
340 266
299 267
402 267
440 267
471 267
18 268
319 269
423 269
285 270
388 270
478 273
411 274
459 274
39 275
304 275
373 275
6 276
323 276
465 277
338 278
431 278
390 279
30 280
204 280
354 280
405 280
104 281
139 282
323 282
450 282
122 283
230 283
340 283
436 283
287 284
154 285
360 285
470 285
27 286
282 286
99 289
341 289
323 290
132 291
430 291
458 291
478 291
117 293
94 294
21 295
361 295
343 296
445 296
381 298
251 299
302 299
91 300
144 300
159 300
400 301
128 302
467 303
35 304
108 305
328 306
157 307
472 307
361 309
455 309
81 310
343 310
438 311
122 312
315 312
25 314
140 314
226 315
407 315
157 317
325 317
461 318
309 319
479 319
16 320
341 320
446 321
97 322
77 323
463 324
268 326
321 326
60 327
36 328
113 328
358 328
258 330
338 330
4 331
299 331
156 332
282 332
92 333
243 333
231 334
216 335
472 335
223 336
311 336
450 336
70 337
270 337
24 338
291 338
377 338
48 340
90 340
109 340
308 341
253 342
290 342
462 342
67 343
87 344
478 344
346 346
452 346
15 347
230 347
300 347
373 347
39 348
224 348
467 348
58 350
213 350
315 351
257 352
372 352
99 353
75 355
245 355
453 355
30 356
118 356
51 357
151 357
240 357
274 357
366 359
69 360
91 360
300 360
140 361
408 361
268 362
473 363
439 364
20 365
82 365
107 365
255 367
126 368
459 368
426 370
10 371
33 372
247 372
97 373
378 374
144 375
91 376
276 376
154 377
270 377
347 377
422 377
25 378
135 379
468 379
265 380
297 380
117 381
399 381
12 383
370 384
437 385
247 386
254 386
107 387
416 387
455 387
37 388
395 388
367 389
31 390
280 390
96 392
153 392
429 392
475 392
26 393
126 393
364 393
142 394
387 394
268 395
451 395
88 396
408 398
463 398
361 399
426 400
52 401
255 401
67 404
445 405
463 405
39 406
163 407
243 407
136 408
126 409
272 409
23 410
111 410
460 410
474 410
33 411
150 411
416 412
438 412
262 413
470 415
79 417
457 417
429 418
62 421
248 422
448 422
244 424
272 424
405 424
40 425
125 426
87 427
132 427
143 427
473 427
32 428
156 429
461 429
21 430
258 433
65 434
448 435
246 436
37 439
47 439
409 439
475 439
273 440
434 441
357 442
27 443
131 444
258 444
459 444
326 445
293 446
349 446
422 447
167 448
177 450
445 450
339 451
39 452
188 453
438 453
20 454
407 454
333 455
54 456
93 456
29 457
359 457
427 457
471 459
325 460
141 461
453 462
346 463
170 464
412 464
446 465
186 467
341 467
438 467
35 469
394 469
21 470
336 470
357 470
89 471
327 472
425 472
321 475
474 475
418 476
458 476
445 479
403 480
434 480
292 481
170 482
177 482
45 483
187 483
63 484
194 484
70 485
96 485
269 485
34 486
39 486
76 486
80 487
86 488
253 488
385 488
479 488
139 489
100 490
112 490
379 490
462 490
453 491
365 492
429 492
168 493
437 493
311 494
416 494
282 496
178 497
254 497
273 497
293 497
405 497
193 498
398 498
36 500
199 500
388 500
479 500
52 501
381 502
66 503
79 503
94 503
106 503
115 503
470 503
369 505
452 505
316 506
363 506
426 506
310 507
438 507
298 509
167 510
244 510
263 510
277 510
287 510
408 510
193 513
181 514
392 514
468 514
383 515
61 518
374 518
42 519
79 520
96 520
107 520
305 521
285 522
298 522
116 523
447 523
459 523
161 524
409 524
396 525
477 525
178 526
219 526
237 526
190 527
200 528
211 528
380 528
387 529
328 534
366 534
69 536
75 536
56 537
118 537
89 538
100 538
383 538
230 539
238 539
441 539
454 539
467 539
392 540
172 541
188 541
204 541
218 541
60 550
116 551
89 552
73 553
104 553
400 553
365 554
380 554
465 554
447 555
170 556
205 556
219 556
225 556
457 556
180 557
238 557
187 558
376 566
74 567
88 567
100 567
126 567
389 568
407 568
147 569
133 570
169 570
442 570
423 571
226 572
239 572
204 573
215 573
467 574
90 582
99 582
362 582
391 582
466 582
107 583
121 583
134 583
331 583
383 583
149 584
232 584
114 585
400 586
434 586
457 586
129 587
141 587
155 587
416 587
277 588
204 589
228 597
259 601
350 601
376 601
388 601
424 601
124 602
141 602
148 602
364 602
403 603
190 607
202 609
215 611
303 612
237 613
255 614
277 614
290 614
312 614
321 614
334 615
179 621
194 623
219 627
312 627
261 629
282 630
305 630
