377 1
438 2
313 3
335 3
392 3
326 4
400 4
452 4
282 5
298 5
343 5
263 6
354 7
412 7
464 8
420 9
369 10
381 11
439 13
388 14
477 14
318 15
351 15
402 15
448 15
289 16
303 16
331 16
457 17
251 18
274 18
341 18
359 18
367 20
418 20
468 20
424 21
381 23
396 26
477 26
289 27
305 27
321 27
442 27
341 28
260 29
274 29
331 29
248 30
352 30
408 30
455 31
415 33
235 34
371 34
424 34
465 35
381 36
430 37
478 38
220 39
293 40
317 40
399 40
278 41
282 41
336 41
443 41
200 42
355 42
241 43
244 43
356 43
452 43
229 46
372 46
415 46
382 48
463 48
428 49
287 50
288 50
294 50
344 50
219 51
305 51
338 51
471 52
319 53
204 54
248 54
319 54
352 54
356 55
397 55
443 55
408 56
191 57
232 58
372 58
457 60
218 61
303 61
286 62
341 62
418 62
464 62
323 63
336 63
387 63
286 64
350 64
427 64
275 65
398 65
259 66
354 66
197 67
244 67
364 67
436 68
238 69
405 69
414 69
476 69
184 71
228 71
217 72
311 72
451 72
308 73
381 73
277 74
281 74
302 74
261 75
284 75
293 75
394 75
426 75
313 76
460 76
170 77
264 77
239 78
247 78
254 78
355 78
356 78
405 79
468 79
224 80
434 80
187 81
370 82
204 85
260 85
319 85
334 85
387 85
422 85
450 85
477 85
280 86
305 86
203 87
241 87
290 87
333 87
459 87
247 88
341 88
166 89
221 91
366 91
435 92
467 92
180 93
210 93
203 94
257 94
281 94
323 94
371 94
412 94
311 95
336 95
378 95
256 96
299 96
382 96
444 96
226 98
353 98
479 98
189 99
400 99
426 99
165 100
360 100
397 100
455 100
178 101
207 101
363 101
360 102
281 103
295 103
362 103
374 103
409 103
267 104
310 104
253 105
374 105
151 106
240 106
324 106
438 106
468 106
336 107
420 107
189 108
388 109
448 109
209 110
209 111
202 112
365 112
296 113
363 113
407 113
194 114
254 114
285 114
434 114
459 114
230 115
271 115
370 115
317 116
225 117
242 117
414 117
327 118
383 118
146 119
182 119
469 119
209 120
217 120
302 120
347 120
380 120
339 121
447 121
138 122
167 122
248 122
265 122
276 122
288 122
310 122
261 123
303 123
430 123
453 123
191 124
358 124
396 124
434 125
229 126
227 127
309 127
363 127
461 127
478 127
145 128
182 128
403 128
303 129
324 129
372 129
438 129
213 130
413 130
438 130
334 131
417 131
246 133
382 133
469 133
236 134
239 134
391 134
423 134
448 134
234 135
177 136
309 137
320 138
363 139
204 140
323 140
382 140
410 140
478 140
285 141
336 141
136 142
158 142
196 142
437 142
395 143
244 144
290 144
461 144
223 145
226 146
445 146
211 147
304 147
315 147
375 147
423 147
321 148
143 149
199 149
158 150
270 150
409 150
258 151
275 151
332 151
391 151
184 152
263 152
287 152
366 152
474 152
459 153
126 154
178 154
296 154
337 154
397 154
438 154
143 155
345 155
384 156
423 156
465 156
158 157
408 157
209 158
221 158
209 159
317 159
320 159
113 160
327 160
449 160
193 161
328 161
286 162
263 163
293 164
343 164
383 164
171 165
226 165
406 165
457 165
241 166
302 166
373 166
132 167
202 167
215 167
353 167
156 168
160 168
398 168
330 169
411 169
414 169
416 169
152 170
116 171
187 171
268 171
445 171
464 171
276 172
287 173
384 173
423 173
171 175
226 175
372 175
103 176
295 176
453 176
208 177
431 177
436 177
125 178
309 178
316 178
350 178
185 180
476 180
195 181
324 181
360 181
385 181
146 182
270 182
403 182
457 182
90 183
116 183
143 183
248 183
279 183
167 185
234 185
285 185
309 185
339 185
443 185
133 186
201 186
221 186
380 187
398 187
192 188
432 188
159 189
325 189
352 189
104 190
154 190
158 190
419 190
146 192
179 192
248 192
270 192
333 192
470 192
94 193
237 193
389 193
174 194
218 194
422 194
453 194
286 195
311 195
362 195
376 195
115 196
409 196
413 196
441 196
164 197
204 197
342 197
478 197
319 198
156 199
314 199
399 199
107 200
291 200
417 200
174 201
231 201
372 201
448 201
258 202
354 202
247 203
356 203
388 203
216 204
306 204
80 205
271 205
119 206
208 206
411 206
454 206
92 207
141 208
192 208
283 208
362 208
398 208
415 208
434 208
437 209
474 209
170 211
219 211
232 211
323 211
383 211
369 212
173 213
250 213
84 214
106 214
132 214
133 214
64 215
265 215
405 215
303 216
156 217
275 217
354 217
424 217
76 218
199 218
212 218
337 218
408 218
428 218
447 218
195 219
219 219
97 220
321 220
468 220
123 221
145 221
185 221
235 221
381 221
116 223
147 223
245 223
364 223
399 223
418 223
455 223
142 224
172 224
178 224
330 224
136 225
257 225
311 225
330 225
65 226
86 226
295 226
349 226
109 227
329 227
136 228
265 228
422 228
212 229
407 229
443 229
352 230
390 230
405 230
408 230
228 231
272 231
316 231
201 232
76 233
98 233
193 233
240 233
338 233
430 233
462 233
246 234
285 234
304 234
343 234
375 234
394 236
431 236
185 237
325 237
69 238
284 238
311 238
345 238
379 238
261 239
399 239
174 240
469 240
270 241
366 241
108 242
110 242
215 242
366 242
435 242
112 243
130 243
164 243
408 243
60 244
84 244
234 244
353 244
386 245
454 245
157 246
246 246
273 246
302 246
385 246
390 246
409 246
387 248
475 248
372 249
52 250
75 250
147 250
258 250
442 250
179 251
208 251
305 251
402 251
413 251
195 252
222 252
228 252
287 252
323 252
360 252
396 252
430 252
91 253
342 253
433 253
469 253
109 256
111 256
141 257
266 257
87 258
163 258
460 258
88 259
130 259
437 259
447 259
64 260
157 260
266 260
282 260
297 260
314 260
42 261
130 261
83 262
154 263
266 263
300 263
351 263
438 263
475 263
211 264
38 265
120 265
147 265
197 265
337 265
54 266
122 266
221 266
303 266
372 266
439 266
464 266
185 267
320 267
72 268
223 268
252 268
357 268
406 268
432 268
95 269
271 269
257 270
259 270
452 270
173 271
235 271
309 271
419 271
362 272
394 272
89 273
134 273
142 273
376 273
439 273
440 273
237 274
308 274
241 275
470 275
88 276
164 276
278 276
60 278
84 278
261 278
262 278
326 278
380 278
428 278
41 279
104 279
129 279
204 279
342 279
368 279
382 279
458 279
108 280
196 280
219 280
296 280
277 281
278 281
311 281
329 281
383 281
414 281
104 282
186 282
370 282
385 282
445 282
125 283
152 283
181 283
246 283
297 283
177 284
413 284
97 286
230 286
280 286
387 286
75 287
477 287
175 288
346 288
418 288
91 289
117 289
316 289
51 290
250 290
251 290
283 290
299 290
331 290
141 291
174 291
362 291
374 291
117 292
202 292
392 292
214 293
435 293
465 293
69 294
93 294
250 294
318 295
46 296
86 296
91 296
222 296
89 297
105 297
365 297
378 297
425 297
131 298
269 298
285 298
335 298
252 299
274 299
102 300
111 300
185 300
453 300
59 301
271 301
410 302
426 302
152 303
238 303
269 303
304 303
353 303
470 303
107 304
241 304
273 304
101 305
352 305
397 305
124 306
395 306
429 306
39 307
76 307
219 307
321 308
338 308
53 309
203 309
211 309
292 309
398 309
456 309
69 310
445 310
309 311
326 311
398 312
118 313
141 313
224 313
430 313
475 313
89 314
166 314
259 314
323 314
339 314
193 315
274 315
275 315
358 315
461 315
88 316
356 316
339 317
342 317
44 318
341 319
403 319
415 319
87 320
222 320
294 320
431 320
433 320
27 321
477 321
131 322
293 322
416 322
59 323
108 324
126 324
241 324
277 324
312 324
389 324
449 324
245 325
262 325
372 325
465 325
79 326
108 326
155 326
289 327
323 327
82 328
127 328
150 328
220 328
102 329
205 329
239 329
419 329
453 329
34 330
145 330
181 330
219 330
260 330
314 330
273 331
292 331
330 331
363 331
72 332
220 332
351 332
353 332
255 333
47 334
173 334
406 334
466 334
197 335
276 335
377 335
67 336
88 336
117 336
434 336
123 337
147 337
240 337
300 337
311 337
391 337
242 338
314 338
420 338
122 339
231 339
260 339
194 340
219 340
422 340
457 340
168 341
341 341
132 342
392 342
242 343
365 343
411 343
33 344
59 344
129 344
215 344
257 344
275 344
407 344
410 344
470 344
213 345
227 345
254 345
379 345
410 345
446 345
82 346
87 346
105 346
314 346
134 347
165 347
190 347
216 347
437 347
106 348
278 348
330 348
356 348
426 349
250 350
274 350
288 350
300 350
304 350
331 350
270 351
289 351
367 351
450 351
151 352
225 352
238 352
253 352
458 352
48 353
427 353
76 354
203 354
302 354
331 354
399 354
160 355
184 355
208 355
270 355
355 355
383 355
22 356
134 356
292 356
302 356
357 356
123 357
132 357
395 357
95 358
202 358
403 358
205 359
222 359
235 359
315 359
442 359
473 359
39 360
252 360
402 360
144 361
454 362
463 362
146 363
67 364
347 364
394 364
90 365
266 365
271 365
231 366
288 366
346 366
359 366
433 366
174 367
198 367
287 367
301 367
357 367
369 367
407 367
112 368
289 368
304 368
370 368
302 369
358 369
360 369
58 370
244 370
346 370
445 370
219 371
304 371
331 371
132 372
269 372
78 373
137 373
462 373
190 374
328 374
358 374
407 374
432 374
146 375
301 375
386 375
287 376
316 376
328 376
127 377
283 377
50 378
72 378
103 378
312 378
384 378
421 378
433 378
252 379
270 379
303 379
397 379
409 379
450 379
249 381
251 381
347 381
348 381
358 381
359 381
208 382
237 382
122 383
165 383
70 384
187 384
221 384
314 384
421 384
423 385
136 386
300 386
411 386
423 386
464 387
384 388
409 388
412 388
450 388
34 389
335 389
202 390
349 390
361 390
410 390
412 390
282 391
55 392
153 392
181 392
230 392
384 392
411 392
86 393
247 393
262 393
362 393
425 393
111 394
211 394
133 395
197 396
361 397
374 397
468 397
280 398
350 398
385 398
410 398
226 399
349 399
398 399
47 400
129 400
143 400
21 401
363 401
146 402
210 402
310 402
387 402
295 403
170 404
454 404
101 405
222 405
254 405
362 405
373 405
400 405
71 406
122 406
236 406
252 406
337 406
137 407
40 408
185 408
375 408
388 408
385 410
410 410
442 410
472 410
399 412
308 414
230 415
232 415
250 415
458 415
58 416
91 416
109 416
290 416
399 416
155 418
194 418
322 418
336 418
475 418
30 419
321 419
373 419
124 420
173 420
336 420
385 420
432 420
375 421
411 422
209 423
304 423
445 423
49 424
80 424
359 424
264 425
346 425
464 425
284 426
323 426
401 426
318 427
361 427
385 427
143 428
206 429
225 429
333 429
359 429
167 430
220 430
185 431
376 431
436 431
38 432
72 432
108 432
239 432
235 433
263 433
332 433
424 433
358 434
411 434
65 435
135 435
159 436
200 436
374 436
386 436
98 437
276 437
218 438
215 439
424 439
239 440
374 440
472 440
363 441
93 442
128 442
400 442
413 442
459 442
190 443
387 443
188 444
250 444
313 444
343 444
227 445
413 445
151 446
167 446
325 446
166 447
271 447
292 447
427 447
429 447
48 448
116 448
376 448
415 448
163 449
447 450
79 451
183 451
364 451
429 451
204 452
223 452
460 452
178 453
139 454
176 454
266 454
428 454
106 455
243 455
200 456
288 456
310 456
323 456
340 456
35 457
154 457
377 457
176 458
349 458
415 458
431 458
218 459
430 459
65 460
320 460
390 460
97 461
131 461
192 461
449 461
258 462
283 462
365 462
53 465
236 465
418 466
89 467
303 467
157 468
178 468
210 468
391 468
404 468
422 468
453 468
336 469
376 469
122 470
293 470
350 470
360 470
42 471
197 471
317 471
434 471
276 472
471 472
252 473
72 474
143 474
229 474
110 476
394 476
63 477
172 477
409 477
420 477
349 478
192 479
190 480
330 480
476 480
94 481
247 481
289 481
306 481
314 481
219 482
360 482
408 482
436 482
461 482
52 483
266 483
268 483
97 484
198 484
215 484
184 485
279 485
344 485
129 486
237 487
306 487
396 487
198 488
325 488
232 489
235 489
322 489
339 489
79 490
385 490
455 490
413 491
445 491
143 492
240 492
285 492
301 492
370 492
283 493
297 493
172 494
230 494
278 494
320 494
355 494
469 494
64 495
111 495
117 495
174 495
292 495
55 496
166 496
299 496
402 496
201 497
387 497
109 498
171 498
205 498
417 498
100 499
224 499
231 499
432 499
315 500
360 500
459 501
349 502
227 503
274 503
294 503
406 503
152 504
161 504
331 504
360 504
316 505
391 505
266 506
288 506
76 507
221 507
237 507
340 507
257 508
267 508
330 508
308 509
327 509
357 509
425 509
139 510
182 510
188 510
304 510
440 510
467 510
60 511
126 511
238 511
255 511
379 511
413 511
181 512
309 512
324 512
339 512
396 512
175 513
283 513
101 514
106 514
166 514
434 514
319 516
326 516
456 516
92 517
94 517
164 517
162 518
341 518
94 519
159 519
403 519
295 520
317 521
340 521
369 521
440 521
218 522
293 522
66 523
151 523
333 523
380 523
414 524
312 525
316 525
130 526
243 526
248 526
392 526
470 526
180 527
185 527
245 527
398 527
330 528
210 529
265 529
286 529
331 529
348 529
390 529
448 529
166 530
175 530
423 530
109 531
282 531
401 531
93 532
285 532
300 532
163 533
164 534
337 534
477 534
194 535
319 535
453 535
265 536
195 537
225 537
300 537
319 537
322 537
369 537
152 538
410 538
436 538
153 539
367 539
322 540
357 540
461 540
356 541
318 542
348 542
86 543
125 543
141 543
386 543
389 543
470 543
282 544
363 544
70 545
101 545
124 545
419 545
112 546
339 546
443 546
201 547
343 547
229 548
268 548
312 548
337 548
270 550
326 551
448 551
159 552
301 552
323 552
328 552
169 553
376 553
382 553
429 553
475 553
159 554
254 554
165 555
171 555
398 555
286 556
388 556
280 557
296 557
350 557
378 557
407 558
439 558
282 559
362 559
364 559
393 559
459 559
313 560
338 560
415 560
239 561
314 561
71 562
90 562
118 562
239 562
214 563
273 563
326 563
106 564
211 564
325 565
470 565
127 566
210 566
221 566
423 566
183 567
261 567
301 567
447 567
135 568
371 568
384 568
388 568
154 569
170 569
373 569
147 570
289 570
364 570
399 570
247 571
433 571
356 572
384 572
410 573
344 574
459 574
234 575
278 575
475 575
232 576
328 576
351 576
237 577
420 577
261 578
438 578
91 579
221 579
115 580
200 581
307 581
147 582
201 582
131 583
139 583
164 583
298 583
446 583
468 583
180 584
384 584
291 585
400 585
362 586
387 586
282 587
372 587
455 587
355 589
364 589
401 590
414 590
256 591
342 591
369 591
327 592
429 592
476 592
330 593
197 594
228 594
317 594
217 595
226 596
306 596
322 596
439 596
462 596
237 597
120 598
138 599
292 600
153 601
275 601
358 601
445 601
473 601
164 602
371 602
401 602
389 603
176 604
415 605
187 607
206 608
336 608
463 609
240 610
298 610
321 610
222 611
232 611
352 611
313 612
435 613
468 613
364 614
376 614
262 615
166 617
387 617
442 617
476 617
186 618
275 618
395 618
285 619
454 620
199 621
215 622
296 623
307 623
405 623
233 625
322 625
418 626
332 627
340 627
245 628
429 629
181 631
257 631
352 631
440 631
192 632
366 632
376 632
271 634
385 635
283 636
408 636
222 637
397 637
