259 24
266 24
284 25
296 26
308 26
324 27
337 29
352 30
366 35
236 38
384 38
217 39
228 39
249 39
196 40
256 40
263 40
203 41
276 41
428 41
191 42
396 42
302 43
436 44
321 45
175 46
338 48
349 48
362 49
236 50
368 51
412 52
226 56
234 56
420 56
217 57
247 57
260 57
375 57
256 58
281 58
385 58
144 59
209 60
267 61
294 61
302 61
312 61
197 62
188 63
432 63
327 64
173 67
341 68
164 69
444 69
353 70
397 70
405 70
357 71
416 72
252 73
270 73
365 73
234 74
246 74
138 75
193 75
265 75
281 75
301 76
204 77
292 77
220 78
334 78
375 78
128 79
310 79
384 79
428 79
462 80
188 81
328 81
119 82
201 82
323 82
177 84
342 84
403 84
475 84
171 85
397 85
441 86
101 87
157 88
357 88
276 89
271 90
282 90
284 90
250 91
410 91
257 92
269 92
276 92
299 92
418 92
445 92
230 93
374 93
381 93
139 94
313 94
272 95
214 96
453 96
325 97
390 98
123 99
200 99
387 99
479 99
191 100
339 100
115 101
184 101
396 101
108 103
463 103
355 104
424 104
163 105
245 105
256 105
434 105
249 106
438 106
238 107
362 107
468 107
150 108
224 108
255 108
312 108
376 108
94 109
437 109
84 110
215 110
75 112
140 112
201 112
208 112
328 113
130 114
385 114
398 114
191 115
333 115
341 116
449 116
289 117
119 118
183 118
297 118
101 119
414 121
159 122
225 122
245 122
257 122
272 123
216 124
233 124
366 124
371 124
150 125
426 125
465 125
220 126
254 126
291 126
136 127
302 127
473 127
195 128
216 128
348 129
397 129
324 130
182 131
404 132
172 133
334 133
110 134
159 135
342 135
94 136
360 136
249 137
261 137
277 137
369 137
452 137
224 138
228 138
363 138
83 139
234 139
294 139
214 140
229 140
221 141
378 141
142 142
307 142
65 143
123 143
136 143
198 143
322 143
463 143
183 145
191 145
336 145
394 146
430 147
344 148
352 148
469 148
397 149
257 150
405 150
97 151
226 151
271 151
283 151
164 152
243 152
373 152
445 152
152 153
238 153
296 153
83 154
204 154
421 154
142 155
320 155
222 156
125 158
189 158
334 158
391 160
106 161
112 161
178 161
278 161
280 161
355 161
183 162
258 162
399 162
460 162
93 164
98 164
359 164
407 164
363 165
249 166
362 166
144 167
469 167
86 168
215 168
300 168
415 168
333 169
80 170
286 170
312 170
383 170
420 170
473 170
58 171
124 171
207 171
280 171
66 172
190 172
199 172
479 172
277 173
432 173
109 174
114 174
175 174
188 174
394 174
397 174
437 174
111 175
338 175
350 175
112 176
175 176
262 176
338 176
442 176
106 177
252 177
94 178
163 178
354 179
402 179
222 180
223 180
147 181
232 181
453 181
206 182
226 182
301 182
369 182
82 183
211 183
289 183
372 183
138 184
411 184
313 185
327 185
424 185
75 186
132 186
197 186
325 186
384 186
415 186
419 186
127 187
268 187
328 187
462 187
336 188
432 188
55 189
179 189
258 189
426 189
469 189
248 190
345 190
435 190
112 191
116 191
183 191
432 191
41 192
240 192
432 192
437 192
365 193
369 193
403 193
475 193
212 194
240 194
375 195
88 196
152 196
416 196
445 196
90 197
214 197
268 197
288 197
410 197
415 197
302 198
314 198
130 200
258 200
266 200
326 200
265 201
334 201
81 202
88 202
138 202
256 202
424 202
121 203
248 203
365 203
425 203
460 204
178 205
223 205
433 205
226 206
231 206
427 206
227 207
405 207
437 207
156 208
374 208
406 208
282 209
294 209
302 209
470 209
70 210
201 210
382 210
264 211
440 211
443 212
182 213
227 213
327 213
139 214
180 214
330 214
89 215
333 215
179 216
245 216
344 216
295 217
86 218
126 218
172 218
176 218
273 218
454 218
51 219
92 219
167 219
348 219
395 220
115 221
196 221
204 221
163 222
368 222
426 222
115 223
311 223
282 224
298 224
76 225
226 225
380 225
142 226
188 226
220 226
263 226
268 226
273 226
292 226
327 226
410 226
336 227
101 228
185 228
466 228
103 229
145 229
386 229
440 229
245 230
247 230
367 230
139 231
206 231
211 231
241 231
370 231
389 231
421 231
442 231
238 232
347 232
127 233
239 233
163 234
196 235
227 235
301 235
449 235
191 236
313 236
316 236
362 236
117 237
291 237
292 237
358 237
64 238
112 238
280 238
282 238
299 238
308 238
151 239
217 239
429 239
110 240
284 240
330 240
365 240
342 241
374 242
460 242
77 244
203 244
380 244
171 245
347 245
412 246
235 247
467 247
99 248
130 248
297 248
416 248
440 248
414 249
416 249
419 249
291 250
293 250
394 250
96 251
159 251
160 251
263 251
274 251
281 251
319 251
473 251
188 252
227 252
282 252
422 252
158 253
334 253
371 253
179 254
344 255
255 256
403 256
452 256
149 257
477 257
146 258
355 259
205 260
232 260
381 260
411 260
133 262
164 262
314 262
135 263
168 263
295 263
73 264
323 264
366 264
415 264
461 264
68 265
97 265
192 265
272 265
333 265
389 265
99 266
343 266
127 267
263 268
401 268
441 268
217 269
240 269
255 270
351 270
426 270
56 271
252 271
467 271
150 272
306 273
309 273
447 273
203 274
232 274
309 274
363 274
328 275
43 276
198 276
248 276
399 276
417 276
430 276
223 277
246 277
452 277
244 278
248 278
344 279
404 279
419 279
473 279
137 281
239 281
402 281
435 281
27 282
69 282
197 282
266 282
354 283
103 284
162 284
259 284
309 284
109 285
294 285
411 285
440 285
102 286
319 286
185 287
279 287
427 287
460 287
211 288
332 288
333 288
414 288
51 289
204 289
205 289
245 289
94 291
149 291
223 291
332 291
338 291
397 291
417 291
222 292
401 293
98 294
177 294
269 294
347 294
386 294
86 295
197 295
449 295
232 296
35 297
106 297
388 297
435 297
173 298
251 298
298 298
303 298
314 298
469 298
211 299
234 299
393 299
409 299
452 299
139 300
215 300
260 300
290 300
358 300
473 300
329 301
395 301
164 302
209 302
328 303
334 303
338 303
429 303
110 304
186 304
243 304
381 304
454 304
78 305
163 305
190 305
277 305
384 305
113 306
417 306
72 307
105 308
268 308
347 308
479 308
157 309
387 309
403 309
458 309
441 310
43 311
200 311
261 311
294 311
306 311
216 312
378 312
102 313
176 313
196 313
200 313
317 313
369 313
149 314
324 314
354 314
425 314
193 315
283 315
322 315
356 315
411 316
60 317
75 317
191 317
228 317
335 317
467 317
120 318
209 318
274 318
337 318
397 318
448 318
144 319
191 319
209 319
94 320
95 321
343 321
385 321
431 322
362 323
24 324
188 324
237 324
264 324
345 324
404 324
418 325
88 326
219 326
321 326
113 327
138 327
435 327
405 328
457 328
257 329
278 329
367 329
164 330
232 330
81 331
160 331
197 331
383 331
273 332
442 332
61 333
179 333
355 333
102 334
309 334
334 334
411 334
109 335
428 335
175 336
265 336
238 337
324 337
360 337
414 337
447 337
73 338
225 338
413 338
467 338
373 339
138 340
284 340
243 341
400 341
93 342
122 342
206 342
388 342
256 343
436 343
451 343
149 344
171 344
238 344
418 344
433 344
47 345
91 346
186 346
198 346
354 346
112 347
216 347
226 347
269 347
272 347
333 347
474 347
145 348
269 348
300 348
330 348
406 348
61 349
250 349
273 349
455 349
380 350
421 350
438 350
291 351
304 351
318 351
407 351
108 353
195 353
340 353
394 353
109 355
136 355
178 355
193 355
264 355
283 355
292 355
364 355
461 355
67 356
209 356
411 356
277 357
347 357
46 358
73 358
218 358
425 358
259 359
332 359
150 360
228 360
413 360
202 361
399 361
315 362
467 362
42 363
97 363
129 363
245 363
353 363
447 363
243 364
64 365
123 365
149 365
166 365
302 365
373 365
327 366
405 366
430 366
240 367
340 367
360 367
390 367
296 368
374 368
168 369
182 369
79 370
227 370
379 370
103 371
145 371
181 371
472 371
139 374
394 374
454 374
211 375
274 375
307 375
119 376
193 376
313 376
407 376
440 376
99 377
248 378
259 378
303 378
320 378
366 378
155 379
347 379
381 379
423 379
478 379
196 380
210 380
463 380
397 381
398 383
399 383
412 383
268 384
350 384
383 384
232 385
246 385
256 385
47 386
94 386
283 386
296 386
371 386
86 387
130 387
320 387
464 387
445 388
233 389
331 389
430 389
107 390
193 390
229 390
281 390
321 390
87 391
278 391
312 391
417 391
358 392
387 392
291 393
371 393
389 393
402 393
43 394
123 394
147 394
240 394
229 395
338 395
389 396
215 397
375 397
451 397
98 398
173 398
304 398
391 398
213 399
374 399
423 399
170 400
300 400
343 400
408 400
200 401
473 401
76 402
154 402
184 402
365 402
116 403
209 403
218 403
219 403
340 403
381 403
90 404
347 404
393 404
33 405
88 405
169 405
321 405
377 405
324 406
345 406
393 406
197 407
249 407
297 407
365 407
199 408
227 408
208 409
328 409
382 409
90 410
106 410
237 410
228 411
430 411
50 412
417 412
463 412
270 413
80 414
218 414
282 414
437 414
121 415
23 416
399 416
331 418
464 418
99 419
176 419
191 419
217 419
399 419
422 419
148 420
334 420
390 420
246 421
259 421
270 421
309 421
281 422
339 422
353 422
39 423
224 423
234 423
400 423
213 424
294 424
184 426
187 426
234 426
336 426
370 426
61 427
91 427
442 427
173 428
211 428
323 428
382 428
428 428
157 429
186 429
342 429
222 430
294 430
325 430
344 430
381 430
279 431
341 431
198 432
310 432
371 432
393 432
416 432
223 433
224 433
104 434
266 434
25 435
52 435
105 435
384 437
393 437
89 438
328 438
105 439
196 439
295 439
402 440
419 440
208 441
252 441
375 441
121 442
333 442
384 442
66 443
268 443
329 443
436 443
149 444
266 444
281 444
314 444
374 444
42 445
189 445
254 445
333 445
363 445
128 446
347 446
365 446
63 447
220 447
397 447
101 448
176 448
350 448
418 448
455 448
298 449
330 449
397 450
186 451
316 451
366 451
376 451
232 452
386 452
35 453
57 453
385 453
440 453
174 454
322 455
477 455
319 456
353 456
398 456
77 457
299 457
389 457
461 457
52 458
143 458
205 458
338 458
111 459
158 459
324 459
341 459
367 460
94 461
243 461
341 461
73 462
206 462
400 462
182 463
270 464
380 464
268 465
466 465
139 466
305 466
256 467
362 467
430 467
126 469
291 470
383 470
104 471
308 471
391 471
271 472
350 472
136 473
191 473
328 473
242 475
243 475
336 475
406 475
420 475
311 476
456 476
85 477
190 477
244 477
151 478
227 478
356 478
371 478
165 479
174 479
425 479
438 479
102 480
228 480
281 480
360 480
152 481
393 481
203 482
338 482
295 483
439 483
257 484
284 484
360 484
426 484
215 485
283 487
377 487
176 488
188 488
299 488
112 489
326 489
73 490
143 490
228 490
259 490
313 490
130 491
142 493
353 493
405 493
401 494
403 494
449 494
273 495
258 496
338 497
385 497
407 497
289 498
336 499
410 499
434 499
81 500
290 500
320 500
127 501
293 501
335 501
305 502
389 502
203 503
217 503
233 503
363 503
325 504
342 504
59 505
107 505
245 505
276 505
328 506
439 507
120 508
172 508
396 508
154 509
158 509
311 509
172 510
310 510
138 511
69 512
330 512
376 512
203 513
282 513
298 513
267 514
430 514
249 515
352 515
427 515
154 516
251 516
423 516
233 517
383 517
250 518
316 518
449 518
338 519
137 520
139 520
222 520
268 520
96 521
339 521
389 521
411 521
204 522
387 522
436 522
153 524
289 524
303 524
75 526
369 526
170 527
252 528
330 528
256 530
312 530
314 530
193 531
268 531
377 531
236 532
189 533
188 534
258 534
91 535
226 535
447 535
354 536
137 537
301 537
390 537
175 538
272 538
210 539
359 539
308 540
192 541
290 541
323 541
138 542
154 542
366 542
368 543
367 544
469 544
192 545
245 545
118 546
139 546
194 546
378 547
174 548
258 548
282 549
283 549
258 550
316 550
340 550
87 551
175 551
269 553
391 553
242 554
229 555
288 555
307 555
309 555
362 555
401 556
311 557
356 557
459 557
121 558
142 559
290 559
203 560
276 562
376 562
105 563
253 563
424 563
329 566
386 566
190 567
298 567
396 567
146 568
209 568
123 569
411 569
441 570
264 571
196 572
347 572
447 572
364 574
239 575
169 576
320 577
379 577
133 578
153 578
223 579
282 579
392 579
205 580
417 581
336 584
293 585
431 585
141 586
344 586
166 589
195 589
301 589
356 589
215 590
363 590
371 590
393 590
380 591
279 592
408 592
150 593
180 593
237 593
260 593
285 593
317 596
270 598
334 599
188 601
405 602
378 603
390 603
357 604
362 604
256 605
305 606
