317 1
133 2
235 2
308 2
172 3
326 3
415 3
127 4
222 4
334 4
344 4
89 5
400 6
160 7
371 7
357 8
117 9
212 9
379 11
429 11
78 13
187 14
266 14
434 14
104 15
250 15
302 15
134 16
278 16
177 17
237 17
292 17
332 17
396 17
317 18
164 19
214 19
349 20
449 20
365 21
126 22
155 23
205 24
417 24
86 25
422 25
147 27
189 28
427 28
262 29
381 29
110 30
255 30
338 30
297 31
274 32
281 32
177 33
265 33
311 33
322 33
352 33
437 33
102 34
129 35
220 35
230 35
246 35
296 35
400 35
203 36
410 36
126 37
165 37
369 37
418 40
449 40
89 41
326 41
332 41
333 42
144 43
182 43
379 43
350 44
110 45
297 45
175 46
244 46
253 46
234 47
348 47
427 47
230 48
252 48
270 48
394 48
248 49
291 49
75 50
102 51
127 51
289 51
322 51
365 51
436 51
165 52
212 52
198 53
320 53
190 54
330 54
404 55
446 55
121 56
377 56
414 56
183 57
58 58
87 58
191 58
238 58
455 58
146 59
187 59
350 59
386 59
179 60
233 60
177 61
218 61
397 61
260 63
275 63
428 63
459 63
284 64
289 64
362 64
257 65
159 67
311 67
247 68
409 68
132 69
191 69
326 69
380 69
186 70
188 70
189 70
445 70
227 71
96 72
336 72
390 72
149 73
356 73
116 74
89 75
120 75
366 76
62 77
211 77
256 77
275 77
165 78
402 78
81 79
208 79
133 80
165 80
295 80
344 80
426 80
378 82
197 83
243 83
309 83
464 83
237 84
317 84
231 85
470 85
123 86
154 86
392 86
441 86
98 87
180 87
223 87
47 88
185 88
331 89
474 89
91 90
370 90
89 91
171 91
278 91
424 91
91 92
207 92
301 92
63 93
254 93
261 93
269 93
305 93
449 93
167 94
251 94
430 94
250 95
288 95
305 95
349 95
85 96
164 96
195 96
306 96
310 96
380 96
166 97
357 97
386 97
410 97
461 97
355 98
164 100
362 100
101 101
394 101
152 102
180 102
228 102
466 102
330 103
332 103
121 104
217 104
49 105
69 105
97 105
291 106
375 106
282 107
346 107
151 108
266 108
277 108
292 108
338 108
90 109
177 109
248 109
303 109
402 109
425 109
207 110
310 110
343 110
169 111
408 111
58 112
137 112
138 112
196 112
428 112
39 113
113 113
107 114
389 114
433 114
369 115
133 116
331 116
104 117
164 117
158 118
188 118
269 118
271 118
78 119
221 119
463 120
150 121
401 121
443 122
49 123
247 123
296 123
176 124
178 124
212 124
28 125
119 125
205 125
315 125
141 126
237 126
311 126
428 126
65 127
392 128
475 128
40 129
138 129
199 129
453 129
87 130
194 130
284 130
130 131
228 131
330 131
351 131
374 131
415 131
437 131
154 132
264 132
294 132
108 133
258 133
275 133
283 133
337 133
339 133
360 134
399 134
124 135
300 135
149 136
304 136
335 136
381 136
303 137
342 137
76 138
214 138
249 138
385 138
147 139
426 139
99 140
342 140
366 140
206 141
238 141
448 141
48 142
73 143
116 143
410 143
430 143
228 144
275 144
373 144
470 144
68 145
134 145
198 145
176 146
267 146
329 146
377 147
259 148
352 148
356 148
417 148
381 149
436 149
88 150
107 151
152 151
189 151
252 151
305 151
39 152
169 152
403 152
167 153
216 153
459 153
58 154
189 154
246 154
318 154
365 154
146 155
124 156
148 156
240 156
317 156
322 156
368 156
212 157
388 157
442 157
99 158
468 159
53 160
75 160
180 160
429 160
55 161
161 161
231 161
274 161
26 162
117 162
195 162
265 162
296 162
375 162
413 162
45 163
139 163
159 163
333 163
48 164
350 164
138 165
93 166
258 166
306 166
399 166
230 167
312 167
452 167
225 168
250 170
360 170
63 171
107 171
152 171
382 171
408 171
167 172
188 172
341 172
421 172
459 172
40 173
150 173
224 173
319 173
424 173
133 174
426 174
443 174
128 175
393 175
84 176
365 176
411 176
275 177
197 178
219 178
428 178
217 179
238 179
288 179
259 180
295 180
329 180
30 181
268 181
163 182
195 182
350 182
52 183
96 183
177 183
299 183
233 184
308 184
417 184
450 184
470 184
122 185
228 185
72 186
76 186
156 187
251 187
372 187
118 188
314 188
436 189
25 190
47 190
175 190
405 190
227 191
422 191
61 192
110 192
230 192
276 192
286 192
334 192
392 192
434 192
18 193
352 193
455 193
204 194
246 194
315 194
152 196
206 196
220 196
268 196
61 197
396 197
131 198
167 198
200 198
382 198
424 198
87 199
291 200
436 201
223 202
440 202
102 203
197 203
398 203
33 204
219 204
301 204
341 204
460 204
150 205
283 205
358 205
127 206
178 206
237 206
369 207
75 208
398 209
428 209
54 210
167 210
253 210
254 210
273 210
234 211
279 211
305 213
327 213
429 214
446 214
163 215
192 215
269 215
342 215
388 215
142 216
339 216
401 216
74 217
114 217
117 218
231 218
431 218
21 219
248 219
340 219
358 219
418 219
200 220
266 220
294 220
375 220
403 220
94 221
305 221
272 222
388 222
430 222
452 222
46 223
116 223
120 223
183 223
228 223
285 223
323 223
470 223
66 224
111 224
198 225
359 225
49 226
135 226
339 226
247 227
250 227
419 227
14 228
157 228
170 228
305 228
433 228
454 228
262 229
377 229
417 229
208 230
325 230
41 231
43 231
230 231
473 231
64 232
86 232
108 232
170 232
322 232
325 232
391 232
404 232
224 233
345 233
405 233
244 234
285 234
340 234
438 234
167 235
169 236
264 236
320 236
151 237
441 237
250 238
304 238
268 239
321 239
328 239
341 239
32 240
127 240
283 240
474 240
326 241
340 241
376 241
377 241
81 242
246 242
324 242
423 242
439 242
199 243
228 243
340 243
57 244
102 244
168 245
267 245
339 245
136 246
145 246
301 246
444 246
409 247
458 247
337 248
356 248
408 248
122 249
212 249
373 249
184 250
293 250
359 250
246 251
266 251
322 252
407 252
426 252
97 253
339 253
250 254
47 255
21 257
139 257
182 257
293 257
408 257
393 258
466 258
161 259
181 259
298 259
336 259
428 259
118 260
357 260
212 261
280 261
282 261
297 261
344 261
375 261
409 261
429 261
69 262
226 262
269 262
251 263
296 263
370 263
445 263
236 264
179 265
392 265
89 266
357 266
469 266
162 267
191 267
192 267
291 267
331 267
42 268
113 268
133 268
412 268
67 269
208 269
330 269
371 269
390 269
60 270
343 270
357 270
292 271
343 271
428 271
430 271
276 272
310 272
315 272
377 272
389 272
473 272
156 273
196 274
340 274
179 275
191 275
258 275
308 275
83 276
194 276
356 276
453 276
394 277
105 278
176 278
221 278
298 278
397 278
174 279
244 279
375 280
127 281
150 282
233 282
358 282
81 283
108 283
207 283
478 283
250 285
412 285
32 286
58 286
189 286
374 286
445 286
145 287
221 287
267 287
316 289
398 289
96 290
163 290
324 291
461 291
24 292
54 292
237 292
351 292
69 293
77 293
207 293
411 293
45 294
120 294
278 294
417 294
184 295
282 295
446 295
196 296
371 296
334 297
386 297
137 298
257 298
296 298
68 299
91 299
402 300
50 301
99 301
248 302
286 302
334 302
430 302
50 303
70 304
223 304
69 305
369 305
469 305
40 306
63 306
141 306
265 306
306 306
86 307
163 307
196 307
331 307
334 307
417 307
182 308
402 308
430 308
114 309
386 309
278 310
305 310
438 310
60 311
77 311
322 311
434 311
36 312
64 312
349 312
438 312
454 312
205 313
299 313
61 314
112 314
157 314
221 314
347 314
469 314
55 315
250 315
130 316
314 316
63 317
440 317
30 318
172 318
79 319
104 319
434 319
267 320
242 321
383 321
432 321
199 322
151 323
287 323
362 323
263 324
399 324
25 325
50 325
120 325
472 325
259 326
303 326
343 326
215 327
324 327
96 328
278 328
71 329
101 329
196 329
455 329
170 331
278 331
416 331
94 332
123 332
274 332
42 333
379 333
437 333
272 334
316 334
340 334
87 336
142 336
287 337
293 337
365 337
91 338
223 338
269 338
398 338
59 339
237 339
318 339
433 339
456 339
203 340
264 340
331 340
473 341
111 342
159 342
161 342
286 342
184 343
282 343
416 343
231 344
308 344
89 345
107 345
185 346
375 346
432 346
455 346
133 347
214 347
181 348
249 348
434 348
154 349
326 349
394 349
161 350
357 350
75 351
176 351
193 351
269 351
415 351
52 352
120 352
232 353
296 353
126 354
408 354
192 355
204 355
265 355
357 355
461 356
68 357
96 357
479 357
100 358
317 358
367 358
146 359
196 359
290 359
322 359
96 360
99 360
164 360
188 360
417 360
62 361
223 361
284 361
387 361
114 362
167 362
250 362
317 362
433 362
249 364
34 365
182 365
210 365
407 365
252 366
272 366
430 366
331 367
403 367
412 367
303 368
461 368
78 369
107 370
183 370
401 370
134 371
178 371
229 371
241 371
263 371
154 372
325 372
329 372
54 373
428 374
201 375
232 375
293 375
356 375
376 375
393 375
432 375
228 377
372 377
393 377
171 378
199 378
322 378
91 379
97 379
124 379
221 379
464 379
405 380
46 381
255 381
273 381
450 381
313 382
39 383
86 383
260 383
475 383
209 384
339 384
404 384
60 385
160 385
165 385
201 385
387 385
114 386
162 387
184 387
268 387
331 387
332 389
365 390
249 391
302 391
109 393
288 393
355 393
72 394
172 394
445 394
100 395
206 395
279 395
327 395
437 395
140 396
214 397
420 397
397 398
126 399
318 399
325 399
60 400
277 400
129 401
169 401
265 401
437 401
407 402
463 402
309 403
478 403
48 404
82 404
188 404
301 404
184 405
243 405
251 405
261 406
403 406
76 407
110 407
335 407
149 408
226 408
237 408
304 408
387 408
460 408
151 409
422 410
211 411
379 411
450 411
99 412
351 412
61 415
124 415
138 415
411 415
91 416
188 416
257 416
320 416
439 416
186 417
288 417
323 417
286 418
435 418
168 419
124 420
177 420
242 420
279 420
340 420
431 420
171 421
237 421
252 421
284 421
368 421
109 422
162 422
218 422
335 422
473 422
263 423
395 423
164 424
218 424
238 424
156 425
200 425
84 426
218 426
389 426
459 426
423 427
139 428
182 429
128 430
351 431
282 432
115 434
247 434
274 434
341 434
342 434
437 434
286 435
403 435
213 436
257 436
282 436
224 437
234 437
314 437
237 438
267 438
366 438
429 438
149 440
183 441
301 442
458 442
427 443
79 444
382 444
432 444
127 445
344 446
128 447
286 448
117 449
262 449
182 450
267 450
294 450
327 450
329 450
338 450
365 450
414 450
170 451
194 451
198 451
298 451
396 451
200 452
210 452
250 452
271 452
96 453
192 453
224 453
238 453
276 453
246 454
150 455
154 455
179 455
188 455
360 455
81 456
143 456
165 456
184 456
321 457
142 458
382 459
443 460
452 460
138 461
306 461
333 462
364 462
373 463
117 464
267 464
327 464
414 464
432 464
210 466
277 466
224 467
100 468
173 468
240 468
250 468
256 468
289 468
192 469
290 469
84 470
156 470
199 470
344 471
320 472
119 474
139 474
328 474
382 474
312 475
335 476
272 480
296 480
414 480
362 481
369 481
442 481
185 482
260 482
274 482
200 483
212 483
227 483
346 483
382 483
155 484
166 484
245 484
398 484
163 485
172 485
288 487
253 488
312 488
127 489
297 489
338 489
137 490
277 490
148 493
187 496
405 497
179 498
362 498
375 498
163 499
212 500
325 500
291 501
232 503
253 503
275 504
130 505
144 505
112 506
121 506
151 509
172 510
161 512
199 514
376 514
202 516
389 516
195 517
242 517
221 519
290 520
320 520
345 524
141 525
362 526
175 528
235 528
198 530
251 531
303 536
291 538
329 538
310 539
176 542
200 544
272 544
233 545
253 546
