275 46
288 47
306 48
322 48
262 49
339 51
353 52
218 53
185 59
288 60
298 61
237 63
361 63
270 64
316 64
331 64
218 67
151 68
197 70
385 71
136 73
267 76
359 76
236 77
249 77
402 77
296 78
313 78
163 80
119 81
221 81
333 82
219 83
202 84
149 85
204 86
205 88
388 88
254 89
134 90
286 90
370 90
227 91
308 91
401 91
229 94
240 94
328 94
336 94
169 96
115 98
158 98
207 98
397 99
343 100
269 101
198 102
97 103
141 103
252 103
233 104
262 104
277 104
299 105
316 105
285 106
129 107
220 107
330 107
378 107
420 108
171 110
208 110
396 112
156 113
436 114
106 115
190 115
76 116
240 116
257 116
278 116
297 116
318 116
347 116
98 118
231 118
286 118
331 118
346 118
143 119
410 120
212 122
200 123
85 124
376 124
159 125
117 126
388 127
432 128
105 129
142 129
309 129
332 129
76 130
142 130
174 130
241 130
139 131
230 131
262 131
249 132
399 132
280 133
345 133
450 133
415 134
129 135
206 135
366 135
125 136
59 138
90 138
122 139
159 140
387 140
291 141
312 141
112 143
190 143
257 145
333 145
406 145
246 146
274 146
177 147
347 147
440 147
426 148
50 149
69 149
141 149
136 150
169 150
213 150
225 150
234 150
303 151
321 151
366 151
200 153
380 153
57 154
92 154
389 154
121 155
120 156
458 158
110 159
401 159
142 160
154 160
186 160
264 160
280 160
181 161
191 161
239 161
250 161
287 161
353 161
141 162
341 162
344 162
355 162
418 162
42 163
71 163
298 163
315 163
341 163
354 163
473 163
331 164
185 165
361 165
138 166
167 166
172 166
213 166
375 166
129 167
135 167
167 168
376 168
94 169
209 169
438 169
123 170
124 170
125 170
267 170
203 171
84 172
91 172
300 172
57 173
121 173
291 173
315 173
156 174
314 174
400 174
232 175
235 175
246 175
260 175
302 175
396 175
119 176
151 176
306 176
316 176
342 176
353 176
224 177
229 177
331 177
355 177
410 177
461 177
82 178
185 178
359 178
419 178
187 179
224 179
366 179
108 180
472 180
75 181
204 182
375 182
141 183
167 183
168 183
274 183
293 184
439 184
263 185
39 186
249 186
392 186
193 187
233 187
341 189
127 190
190 190
221 191
224 191
346 191
91 192
119 192
180 192
339 192
355 192
177 193
267 193
406 193
58 194
170 194
360 194
458 194
146 195
286 195
290 195
369 196
119 197
198 197
205 197
253 197
374 197
475 197
136 198
423 198
21 199
79 199
141 199
202 199
238 199
323 199
190 200
375 200
161 201
431 201
111 202
340 202
451 202
268 203
46 204
72 204
402 204
99 206
355 206
28 207
176 208
154 209
208 209
418 209
148 210
212 210
306 210
38 211
62 211
201 211
447 211
467 211
288 212
120 213
195 213
201 213
321 213
165 214
229 214
319 215
426 215
79 217
135 217
333 217
393 218
350 219
398 219
458 220
181 221
361 221
204 222
470 222
108 223
241 223
247 223
251 223
278 223
446 223
29 224
232 224
256 224
272 225
12 226
49 226
204 226
375 226
418 226
145 227
174 227
315 227
103 228
124 228
326 229
431 229
89 230
222 230
23 233
166 233
210 233
270 233
355 233
392 233
465 233
188 234
60 235
256 235
304 235
407 235
441 235
337 236
367 236
35 237
116 238
421 238
55 239
198 240
451 240
132 241
229 241
326 241
192 243
356 243
89 244
108 244
149 244
174 244
190 244
351 244
388 244
433 244
262 245
357 245
15 246
192 246
265 246
291 246
296 246
334 246
71 247
87 248
410 248
467 248
28 249
204 249
241 249
161 250
183 250
371 250
180 251
315 251
429 251
201 252
425 252
401 253
451 254
100 255
171 256
217 256
285 256
407 256
43 257
60 258
115 258
137 258
171 258
263 258
267 258
283 258
288 258
336 258
441 258
15 259
153 259
159 259
252 259
258 259
364 259
388 259
77 260
337 260
184 261
113 262
152 262
378 262
37 263
207 263
230 263
307 263
110 264
308 264
315 264
461 264
127 265
68 267
329 267
268 269
263 270
334 270
410 270
415 270
469 270
86 271
167 271
194 271
281 271
294 271
364 271
388 271
438 271
166 272
249 272
264 272
446 272
86 273
121 273
339 273
340 273
63 274
164 274
296 274
28 275
207 275
211 275
235 275
309 275
85 276
139 277
317 277
321 277
376 277
227 278
160 279
226 279
326 280
77 281
334 281
363 281
389 281
456 281
477 281
219 282
256 282
259 282
278 282
292 282
330 282
18 283
79 283
285 283
335 283
389 283
437 284
212 285
296 285
246 286
306 286
91 287
41 288
372 288
374 288
439 288
57 289
312 289
166 290
354 290
149 291
185 291
423 291
128 292
199 292
228 292
13 293
109 293
268 293
385 293
402 293
470 293
31 294
272 294
384 294
53 295
217 295
281 297
387 297
145 298
267 298
126 299
296 299
365 299
434 299
451 299
476 299
175 300
294 300
303 300
341 300
46 301
121 301
143 301
46 302
85 302
169 303
209 303
236 303
415 303
308 304
26 305
100 306
64 307
227 307
186 308
202 308
179 309
288 309
422 309
154 310
167 310
285 310
339 310
59 311
116 311
196 311
292 311
405 311
463 311
447 313
247 314
263 314
301 314
304 314
371 314
425 315
14 316
55 316
196 316
410 316
57 317
114 317
370 318
395 318
455 318
54 319
94 319
171 319
189 319
392 319
431 319
315 320
394 320
132 321
163 321
235 321
361 321
414 321
417 321
148 322
338 322
200 323
209 323
232 323
315 323
283 324
291 324
294 324
70 325
318 325
182 326
184 327
279 327
439 327
109 328
423 328
224 329
249 329
263 329
347 330
389 330
404 330
463 330
26 331
87 331
210 331
308 331
194 332
221 332
224 333
140 334
260 334
330 334
144 335
313 335
430 335
194 336
266 336
124 337
357 337
359 337
187 338
261 338
217 339
434 339
97 340
313 340
475 340
48 341
202 341
217 341
455 341
155 342
185 342
253 342
294 342
364 342
234 343
401 343
345 344
322 345
118 346
341 346
214 347
385 347
199 348
212 348
307 348
78 349
182 349
425 349
154 350
245 350
45 351
465 351
373 352
127 353
153 353
269 353
278 353
309 353
330 353
90 354
409 354
410 354
304 355
306 355
331 355
61 356
331 356
355 356
449 356
125 357
241 357
263 357
347 357
410 357
207 358
313 358
395 358
467 358
311 359
376 359
100 360
191 360
362 360
176 362
206 362
219 362
238 362
453 362
111 363
125 363
364 363
433 363
44 364
113 364
296 364
335 364
136 366
162 366
252 366
315 366
99 367
401 367
414 367
474 367
149 368
353 368
364 368
368 368
84 369
110 369
202 369
277 369
396 369
456 369
173 370
81 371
136 373
163 373
190 373
230 373
247 373
303 373
68 374
123 374
339 374
108 375
111 375
187 375
358 375
59 376
184 376
200 376
95 377
147 377
423 377
476 377
160 378
326 378
369 378
41 379
80 379
134 379
265 379
461 379
111 380
172 380
344 380
376 381
171 382
196 382
308 382
386 382
282 383
375 383
95 384
226 384
257 384
310 384
313 384
119 385
239 385
412 385
61 386
92 386
184 386
211 386
401 386
417 387
160 388
273 388
348 388
429 389
402 390
448 390
90 391
361 391
378 391
77 392
171 392
257 392
90 393
104 393
169 393
224 393
144 394
297 394
332 394
120 395
318 395
91 396
211 396
253 397
196 398
319 398
132 399
181 399
390 399
238 400
436 400
75 402
299 402
351 402
420 402
423 402
182 403
281 403
394 403
116 404
156 404
209 404
223 404
407 404
452 405
266 406
383 406
423 407
322 408
425 408
90 409
311 409
337 409
368 409
473 410
143 411
196 411
283 411
132 412
426 412
427 412
169 413
224 413
295 413
55 414
103 414
324 414
353 414
412 414
239 415
427 416
442 416
72 417
89 417
353 417
368 417
297 418
458 418
116 419
371 419
380 419
282 420
398 420
235 422
143 423
370 423
397 425
52 427
224 427
394 427
427 427
70 428
87 428
198 428
240 428
253 428
445 428
275 429
294 429
403 429
310 430
391 430
366 431
413 431
152 432
194 432
337 432
339 432
341 432
383 433
460 433
473 433
100 434
165 434
184 435
356 436
141 437
243 437
390 437
112 438
260 438
290 438
324 438
126 440
166 440
196 440
351 440
366 440
84 441
165 441
229 441
264 441
369 441
165 442
210 442
126 443
153 443
186 443
321 444
337 444
389 444
97 445
154 445
268 445
339 445
248 446
68 447
123 447
269 447
356 447
448 447
475 447
109 448
138 448
154 448
303 448
186 449
366 449
418 449
461 449
214 450
251 450
277 450
391 451
229 452
275 453
282 453
178 454
334 454
219 455
276 455
317 455
375 455
391 455
63 456
214 456
232 457
404 457
81 458
94 458
106 458
189 458
404 458
217 459
232 459
430 459
367 460
389 460
433 460
201 461
250 461
314 461
351 461
393 461
137 462
295 462
450 462
380 463
190 464
120 466
258 466
263 466
466 466
157 467
192 468
203 468
272 468
350 468
56 469
148 469
190 469
241 469
333 469
313 471
228 472
263 472
334 472
167 473
169 473
103 474
284 474
334 474
379 474
390 474
434 474
147 475
218 475
230 475
367 475
403 475
415 475
79 476
134 476
182 476
279 476
330 476
438 476
451 476
332 477
346 477
405 477
147 478
208 478
248 478
304 478
94 479
254 479
117 480
161 480
137 482
147 482
170 482
246 482
257 482
423 482
245 483
58 484
418 484
172 486
182 486
362 486
377 486
436 486
439 486
185 487
284 487
393 487
135 488
318 488
405 488
267 489
296 491
454 491
288 492
76 495
202 495
139 496
151 496
362 497
405 497
471 497
138 498
173 498
150 499
190 499
108 501
120 501
140 501
165 501
245 501
276 501
309 501
324 501
405 501
441 501
149 502
178 502
263 502
271 502
95 503
262 503
273 503
57 504
106 504
103 505
362 505
164 506
226 506
250 507
335 507
357 507
427 507
178 508
348 508
78 509
287 511
90 513
304 513
361 513
441 513
130 514
155 514
233 514
373 514
204 515
264 515
314 515
343 515
358 515
423 516
218 517
328 517
156 518
387 518
422 518
326 519
455 519
169 520
220 522
309 522
406 523
421 523
286 524
324 524
355 524
319 525
351 525
355 525
207 526
250 526
132 528
184 528
423 528
314 529
335 530
407 530
170 531
260 532
173 535
294 535
203 536
231 536
285 536
92 537
132 537
147 537
216 537
272 537
135 538
280 539
348 539
370 539
278 540
305 540
221 541
331 541
334 541
419 541
106 542
253 542
366 542
400 542
151 543
165 543
384 544
150 545
191 545
195 545
397 545
429 545
176 546
399 546
364 547
459 547
78 548
426 548
245 549
317 549
95 550
137 551
165 551
265 551
402 551
415 551
109 552
210 552
287 552
435 552
229 554
231 554
242 554
257 554
393 555
126 556
227 556
215 557
199 558
139 559
321 559
142 560
187 560
299 560
202 561
455 561
189 562
250 562
334 562
176 563
235 563
221 565
288 565
335 565
337 565
270 566
81 568
288 568
409 569
144 570
353 570
97 571
129 572
245 572
309 572
370 572
197 573
211 573
308 573
197 575
325 575
229 576
407 576
299 577
119 580
259 580
273 581
358 582
363 582
204 584
220 585
174 586
241 586
329 586
191 587
156 589
297 589
350 589
293 590
365 591
379 591
198 592
124 593
175 593
214 594
275 594
394 594
232 595
260 595
332 595
371 595
312 596
355 598
304 599
340 599
355 599
407 601
243 602
297 602
189 604
152 605
320 605
130 606
113 607
262 609
397 609
231 610
378 614
141 615
197 615
333 615
297 616
166 617
283 617
355 617
184 618
204 618
394 619
268 620
124 621
226 622
209 623
346 623
192 626
313 626
162 628
365 628
266 630
336 630
137 631
298 631
281 633
176 637
