180 2
214 3
260 4
406 4
443 4
164 5
278 5
291 5
364 5
255 6
370 6
416 7
203 8
305 9
319 9
230 10
379 10
191 12
337 12
386 12
145 13
428 13
218 14
395 15
178 16
294 16
438 16
137 17
270 17
283 17
349 17
238 18
253 18
304 18
405 18
312 20
164 22
216 22
368 22
447 22
203 23
419 23
328 24
268 25
380 25
194 26
342 27
256 28
391 28
430 28
180 29
240 29
278 29
294 29
350 29
440 29
224 30
140 31
306 31
317 32
450 33
410 34
166 35
208 35
331 35
366 35
126 36
248 36
259 36
268 37
239 38
282 38
226 39
381 39
424 39
191 40
468 40
346 41
151 42
305 42
315 42
431 42
437 42
142 43
213 43
436 43
112 45
326 45
363 45
404 45
364 46
439 46
444 46
337 47
374 47
169 48
258 49
259 49
263 49
286 49
415 49
269 50
128 51
232 51
385 51
413 51
157 52
221 52
187 53
305 53
316 53
349 53
464 54
364 56
174 57
211 57
214 57
425 57
434 57
330 58
387 58
389 58
439 58
394 59
135 60
257 60
267 60
280 60
166 61
263 61
342 61
408 61
439 61
114 62
257 62
292 62
448 62
197 63
159 64
231 64
403 64
305 65
377 65
321 66
356 66
419 66
144 67
184 67
225 67
382 68
332 70
361 70
434 70
435 70
469 70
133 72
170 72
366 72
397 72
206 73
270 73
273 73
283 73
370 73
299 74
406 74
196 75
310 75
409 75
119 76
158 76
448 76
318 77
358 78
154 79
186 79
221 79
424 80
461 80
427 81
106 82
337 82
386 82
468 82
141 83
269 83
173 84
261 84
294 84
249 85
277 85
304 85
397 85
434 85
438 85
478 85
357 87
405 87
314 88
439 88
193 89
236 89
448 90
123 91
220 91
328 91
159 92
212 92
219 92
416 92
379 93
181 94
269 94
340 94
256 95
355 96
423 96
237 97
247 97
285 97
105 98
147 98
201 98
393 98
437 98
170 99
298 99
310 99
232 100
365 100
136 101
216 101
408 102
328 103
375 103
93 104
122 104
130 104
341 104
414 104
188 105
261 105
451 105
270 106
355 106
157 107
204 107
236 107
286 107
225 108
247 108
229 109
466 109
118 110
307 110
362 110
388 110
173 112
143 113
320 113
345 113
369 114
398 114
441 114
107 115
211 115
210 116
250 116
259 116
199 117
204 117
268 117
332 117
351 117
278 118
288 118
128 119
157 119
188 119
302 119
452 119
359 120
386 121
88 122
316 122
475 122
218 123
150 124
369 125
424 125
113 126
177 126
460 126
206 127
258 127
323 127
324 127
398 127
355 128
435 128
137 129
277 129
287 129
197 130
239 130
249 130
266 130
335 130
381 130
102 131
267 131
193 132
230 132
298 132
407 132
158 133
344 133
473 134
94 135
126 135
181 135
186 135
409 135
218 136
313 136
374 137
454 137
179 138
147 139
174 139
208 139
109 141
401 141
429 141
140 142
198 143
247 143
253 143
278 143
386 143
229 144
238 144
244 144
266 144
281 144
293 144
342 144
468 144
101 145
273 145
195 146
345 146
371 146
158 147
191 147
346 147
130 148
188 148
220 148
309 148
410 148
178 149
378 149
183 150
329 150
86 151
207 151
321 151
418 151
452 151
148 152
317 152
121 153
175 153
415 153
420 153
250 155
390 155
170 156
324 156
348 156
424 156
258 157
281 157
344 157
346 157
198 158
230 158
239 158
257 158
290 158
328 158
76 159
162 159
274 159
131 160
192 160
220 160
221 161
233 161
298 161
333 161
468 161
103 162
181 162
434 162
225 163
382 163
407 163
129 164
154 164
212 164
206 165
310 165
91 166
345 166
362 166
122 167
315 167
170 168
447 168
144 169
198 169
394 169
117 170
278 170
372 170
243 171
256 171
263 171
274 171
352 171
190 172
230 172
243 172
325 172
424 172
221 173
283 173
401 173
404 173
428 173
461 173
77 174
271 174
135 175
210 175
292 175
361 175
106 176
179 176
212 176
435 176
155 177
209 177
299 177
470 177
304 178
341 178
384 178
199 179
437 179
414 180
173 181
312 182
266 183
373 183
252 184
273 184
120 185
221 185
261 185
273 185
354 185
429 185
450 185
91 186
189 186
216 186
243 186
397 186
469 186
140 187
280 187
210 188
232 188
233 188
273 188
323 188
364 188
380 188
216 189
290 189
161 190
297 190
139 191
179 191
333 191
82 192
369 192
436 192
479 193
133 194
157 194
198 195
346 195
71 196
132 196
100 197
173 197
246 197
257 197
267 197
311 197
375 197
218 198
393 198
463 198
241 199
268 199
319 199
259 200
358 200
381 200
448 200
97 201
122 201
280 201
64 202
145 202
209 202
231 202
290 202
88 203
184 203
229 203
209 204
163 206
201 206
371 206
434 206
301 207
386 207
138 208
332 208
338 208
352 208
155 209
375 209
439 209
175 210
254 210
313 210
339 210
474 210
86 211
132 211
155 211
218 212
243 212
269 212
321 212
341 212
358 212
154 213
191 213
216 213
259 213
264 213
275 213
323 213
227 214
277 214
346 214
357 214
423 214
426 214
76 215
382 215
447 215
187 216
209 216
213 216
382 216
102 218
165 218
285 218
293 218
325 218
428 218
430 218
458 218
126 219
368 219
93 221
181 221
89 222
160 222
203 222
244 222
299 222
336 222
433 222
436 222
92 224
265 224
271 224
335 224
226 225
314 225
414 225
175 226
229 226
357 226
358 226
65 227
219 227
375 227
377 227
470 227
115 228
276 228
394 228
424 228
108 229
136 229
192 229
325 229
343 229
156 230
383 230
447 230
171 231
212 231
341 231
102 232
403 232
80 233
129 233
289 233
103 234
150 234
184 234
312 234
386 234
478 234
238 235
258 235
204 236
389 236
260 237
267 237
317 237
119 238
122 238
145 238
147 238
371 238
375 238
460 238
127 239
129 239
354 239
393 239
436 239
120 240
124 240
299 240
376 240
165 241
94 242
95 242
415 242
219 243
68 244
91 244
195 244
442 244
344 245
383 245
398 245
173 246
447 246
108 247
155 247
246 247
253 247
105 248
111 248
233 248
289 248
310 248
331 248
425 248
102 249
189 249
350 249
471 249
215 250
259 250
366 250
84 251
119 251
155 252
169 252
224 252
406 252
58 253
211 253
269 254
334 254
335 254
115 255
183 255
205 255
372 255
455 255
111 256
132 256
315 256
339 256
354 256
394 256
434 256
72 258
199 258
322 259
323 259
478 259
304 260
419 260
441 260
202 261
342 261
360 261
462 261
241 262
381 262
125 263
256 263
308 263
158 264
330 264
403 264
192 265
219 265
286 265
327 265
446 265
122 266
141 266
173 266
218 266
291 266
105 267
427 267
215 268
366 268
469 268
267 269
331 269
57 270
350 270
78 271
155 271
297 271
205 272
206 272
317 272
388 272
412 272
120 273
183 273
297 273
301 273
275 274
338 274
93 275
460 275
166 276
307 276
201 277
70 278
201 278
239 278
244 278
341 278
375 278
392 278
440 278
132 279
153 279
230 279
258 279
281 279
96 280
151 280
224 280
242 280
257 280
295 280
358 280
422 280
177 281
225 281
398 281
89 282
194 282
114 283
470 283
145 284
401 284
428 284
264 285
299 285
378 285
450 285
159 286
217 286
330 286
431 286
225 287
287 287
107 288
173 288
316 288
346 288
475 288
124 289
365 289
127 290
415 290
433 290
62 291
403 291
436 291
186 292
203 292
213 292
272 292
417 292
457 292
104 293
241 293
306 293
387 293
156 294
237 294
336 294
292 295
75 296
252 296
209 297
323 297
140 298
275 298
355 298
373 298
444 298
117 300
180 300
258 300
391 300
408 300
96 301
202 301
224 301
121 302
133 302
179 302
312 302
429 302
297 303
161 304
164 304
202 304
217 304
219 304
225 304
241 304
280 304
342 304
408 304
434 304
471 304
360 305
134 306
240 306
430 306
194 307
262 307
329 307
92 308
175 308
193 308
398 308
458 308
161 309
212 309
246 309
414 309
437 309
178 310
284 310
302 310
380 310
109 312
264 313
191 314
318 314
64 315
367 315
171 316
204 316
211 316
232 316
303 316
86 317
127 317
188 317
288 317
387 318
428 318
451 318
351 319
104 320
252 320
407 320
425 320
222 321
277 321
292 321
334 321
370 321
472 321
239 322
322 322
123 323
140 323
434 323
79 324
307 324
431 324
164 325
201 325
456 325
126 326
183 326
254 326
267 326
293 326
410 326
141 327
199 327
292 327
137 328
240 328
241 328
392 328
326 329
339 329
360 329
94 331
118 331
122 331
213 331
282 331
326 331
420 331
464 331
214 332
417 332
444 332
378 333
178 334
238 334
312 334
70 335
268 335
349 335
400 335
150 336
224 336
238 336
426 336
112 337
209 337
348 337
166 338
366 338
63 339
192 339
419 339
422 339
450 339
87 340
287 340
332 340
406 340
132 341
432 341
284 342
333 342
272 343
406 343
476 343
271 344
287 344
388 344
431 344
162 345
147 346
201 346
401 346
104 347
456 347
189 348
233 348
125 349
173 349
253 349
360 349
291 350
378 350
75 351
336 352
442 352
159 353
362 353
407 353
307 354
158 355
390 355
326 356
97 357
184 357
231 357
366 357
427 357
431 357
470 357
139 358
245 358
264 358
294 358
450 359
122 360
198 360
231 360
296 360
312 360
229 361
116 362
151 362
350 362
436 363
473 363
66 364
132 364
150 364
267 364
374 364
417 364
226 365
111 366
87 367
334 367
355 367
211 368
281 368
315 368
335 368
223 369
359 369
226 370
264 370
462 370
207 371
338 371
380 371
355 372
424 372
445 372
257 373
146 374
302 374
336 374
128 375
359 375
429 375
80 376
234 376
288 376
321 376
385 376
103 377
157 377
240 377
323 377
342 377
191 378
278 378
348 378
409 378
310 379
364 379
176 380
370 380
472 380
453 381
251 382
274 382
294 382
345 382
100 383
231 384
394 384
400 384
72 385
315 385
373 385
392 385
459 385
184 386
199 386
418 386
118 387
267 387
298 387
215 388
443 388
479 388
138 389
248 389
269 389
90 390
184 390
354 390
357 390
66 391
186 391
265 391
425 391
228 392
261 392
358 392
401 392
195 393
197 393
305 393
260 394
331 394
131 395
285 395
336 395
363 395
429 395
161 396
293 396
343 396
455 396
82 397
341 397
385 397
386 397
253 398
366 398
108 399
130 399
146 399
176 399
256 399
315 399
191 400
200 400
222 400
254 400
368 400
413 400
437 400
464 401
127 402
173 402
371 402
218 403
273 403
251 404
322 404
375 404
470 404
142 405
191 405
214 405
395 405
353 406
72 407
168 407
174 407
98 408
153 408
265 408
329 408
447 408
242 409
477 409
424 410
205 411
208 411
308 411
296 412
117 413
232 413
282 413
407 413
454 413
388 414
261 415
286 415
342 415
62 416
135 416
203 416
160 417
301 417
305 417
311 417
82 418
255 419
292 419
318 419
108 420
177 420
276 420
224 421
442 421
470 421
198 422
249 422
351 422
421 423
173 424
224 424
272 424
71 426
126 426
190 426
358 426
172 427
212 427
246 427
384 427
98 428
217 428
265 428
147 429
197 429
334 429
411 429
366 430
116 431
167 431
220 431
217 432
233 432
296 432
367 432
309 433
342 433
209 434
283 434
296 434
316 434
419 434
439 434
86 435
164 435
300 435
320 435
166 436
279 436
288 436
401 436
113 437
228 437
310 437
329 437
470 437
136 438
378 438
287 439
351 439
199 440
228 440
400 440
425 440
446 440
252 441
268 441
377 441
477 441
176 442
385 443
411 443
172 444
180 445
100 447
221 447
249 447
367 447
149 448
126 450
464 450
94 451
189 451
308 451
320 451
297 453
336 453
88 454
211 454
437 454
475 454
117 455
163 455
246 455
285 455
408 455
163 456
185 456
346 456
200 457
204 457
236 458
356 458
109 459
139 459
198 459
275 460
398 460
78 461
180 461
155 462
266 462
365 462
422 462
456 462
227 463
176 464
175 466
256 466
380 467
95 468
127 468
471 468
151 469
214 469
249 470
322 470
437 470
167 471
333 471
169 472
288 472
304 472
312 472
345 472
387 472
160 473
205 473
357 474
396 474
400 474
408 474
279 475
237 476
450 476
197 477
366 477
112 478
184 478
231 478
149 479
419 479
187 480
262 481
385 481
138 482
377 482
424 482
100 483
222 483
423 483
175 484
215 484
219 484
472 485
128 486
219 486
329 486
209 487
211 487
254 487
353 487
221 488
296 488
346 488
400 488
440 488
201 489
325 489
344 489
299 490
302 490
314 490
359 490
403 490
119 491
194 491
190 492
201 492
303 492
195 493
267 493
278 493
371 493
398 493
405 493
151 494
187 495
230 495
242 495
387 495
176 496
179 496
183 496
410 496
457 496
103 497
230 497
424 497
230 498
180 499
425 499
166 502
426 502
471 502
129 503
160 503
162 503
335 503
438 503
215 504
441 504
315 505
478 505
307 506
323 506
391 506
188 507
304 507
331 507
347 507
204 508
270 508
281 508
287 508
382 508
447 508
184 509
260 509
312 509
380 509
382 509
200 510
410 510
454 510
106 511
190 511
249 511
190 512
389 512
424 513
230 514
158 516
466 516
141 517
223 517
364 519
429 519
219 520
330 520
447 520
126 521
322 521
336 522
340 522
354 522
379 522
391 522
323 523
355 523
367 523
283 524
299 524
308 524
324 524
119 525
200 525
238 525
257 525
290 525
311 525
390 525
174 526
190 526
208 526
270 526
300 526
197 527
244 527
172 528
201 528
172 529
188 529
161 530
411 530
431 530
142 532
182 532
185 532
362 533
380 534
453 535
329 536
337 536
130 537
330 537
236 538
246 539
281 539
335 539
472 539
220 540
280 541
301 541
269 542
317 542
387 542
253 543
205 544
201 545
309 545
403 545
157 546
394 546
362 547
410 547
178 548
184 548
337 548
351 548
371 548
376 548
391 548
424 548
351 549
363 549
439 551
141 552
223 553
227 553
237 553
239 553
454 553
235 554
270 555
257 556
196 558
313 558
287 560
302 560
312 560
326 560
174 562
158 563
210 563
348 564
366 564
402 564
388 565
145 566
417 566
236 567
431 569
263 571
284 573
299 573
319 574
327 574
339 574
355 575
184 578
199 578
212 578
368 578
168 579
380 579
237 581
401 582
258 583
396 583
408 583
273 585
315 585
331 585
300 586
359 586
215 591
202 592
242 594
258 596
299 596
323 596
353 596
373 596
275 597
333 599
220 606
337 607
252 608
302 611
321 611
255 612
285 612
