133 1
263 1
276 2
118 3
286 3
328 3
370 3
410 5
103 7
190 7
201 7
211 8
226 8
303 8
387 8
160 9
175 9
348 9
237 10
250 10
145 12
264 12
318 12
90 13
80 14
362 14
405 15
127 16
278 17
287 17
115 18
180 19
190 19
335 19
172 20
213 20
299 20
199 21
246 21
308 21
345 21
383 21
105 22
159 22
235 23
258 23
426 23
151 24
93 25
268 25
320 25
140 26
359 28
401 28
438 28
283 29
122 31
202 31
298 31
371 31
216 32
330 32
70 33
190 33
109 34
172 34
246 34
415 34
165 35
235 35
154 36
307 36
340 36
386 36
101 37
93 38
261 38
273 39
356 39
80 40
144 40
354 42
203 43
288 43
321 43
438 43
188 44
210 44
226 44
294 44
407 44
68 45
131 45
178 45
193 45
218 45
372 45
451 45
118 46
332 46
121 47
234 47
249 47
168 48
302 48
262 49
297 49
426 49
104 50
386 50
92 52
99 52
153 52
276 52
315 52
148 53
355 54
398 54
139 55
289 55
369 55
87 56
193 56
205 57
229 57
321 57
406 57
73 58
130 58
214 58
240 58
247 58
332 58
169 59
179 59
339 59
341 59
268 60
417 60
455 60
298 61
339 61
120 62
169 62
304 62
346 62
162 63
289 63
56 64
345 64
428 64
106 65
385 65
140 67
142 67
213 67
313 67
193 68
225 68
400 68
193 69
208 69
411 69
93 70
245 70
373 70
259 71
331 71
448 71
270 72
343 72
330 73
335 73
128 74
169 74
422 74
79 75
292 75
335 75
466 75
153 76
347 76
351 76
69 77
115 77
304 77
201 78
310 78
388 78
436 78
478 78
63 79
189 79
190 79
231 79
241 80
177 81
195 81
230 81
243 81
318 81
406 82
100 83
136 83
168 83
271 83
287 83
365 83
404 83
248 84
50 85
161 85
151 86
162 86
295 86
335 86
379 86
380 86
409 86
455 86
90 87
421 87
89 88
153 88
342 88
126 89
180 89
194 89
203 89
218 90
75 91
123 91
139 91
180 91
239 91
356 91
473 91
170 92
277 92
350 92
389 92
134 93
164 93
249 93
258 93
318 93
160 94
323 94
60 95
107 95
255 95
413 95
439 95
264 96
363 96
395 96
102 98
335 99
145 100
185 100
202 100
222 100
311 100
341 100
402 100
192 101
194 101
235 101
333 101
370 101
373 101
46 102
95 102
135 102
173 102
211 102
275 102
123 103
250 103
316 103
464 103
82 104
168 104
287 104
345 104
408 104
157 105
122 107
412 107
69 108
154 108
155 108
294 108
388 108
394 108
417 109
447 109
112 110
145 110
333 110
221 111
58 112
184 112
200 112
201 112
212 112
279 112
309 112
367 112
232 113
338 113
92 114
178 114
401 114
462 114
185 115
288 115
323 115
374 115
435 115
43 116
166 116
247 116
377 116
408 116
432 116
433 116
263 117
472 117
250 118
258 118
349 118
411 118
80 119
87 119
117 119
299 119
155 120
72 121
117 121
307 121
384 121
279 122
314 122
358 122
110 123
145 123
210 123
216 123
385 123
479 123
109 124
224 124
422 124
451 124
183 125
216 125
228 125
238 125
63 126
136 126
189 126
214 126
223 126
291 126
295 126
92 127
182 127
244 127
263 127
329 127
333 127
238 128
373 128
432 128
53 129
91 130
252 130
343 130
126 131
157 131
302 131
469 131
83 132
119 133
279 133
346 133
408 133
259 134
380 134
145 135
320 135
35 136
109 136
383 136
479 136
269 137
179 138
214 138
218 138
353 138
360 138
63 139
355 139
167 140
211 140
235 140
300 140
450 140
179 141
334 141
362 141
425 141
96 142
129 142
281 142
158 143
246 143
342 143
251 144
311 144
341 144
403 144
433 144
49 146
119 146
289 146
312 146
341 146
345 146
144 147
377 147
467 147
262 148
413 148
78 149
119 149
292 149
384 149
38 151
82 151
138 151
182 151
194 151
201 151
212 151
221 151
181 152
220 152
327 152
109 153
169 153
193 153
229 153
388 153
130 154
160 154
162 154
236 154
277 154
305 154
447 154
70 155
308 155
241 156
312 156
340 156
390 156
393 156
338 157
344 157
370 157
430 157
454 157
412 158
91 159
149 159
250 159
291 159
320 159
320 160
373 160
139 161
251 161
321 161
53 162
86 162
379 162
191 163
357 163
262 164
308 164
423 164
464 164
218 165
160 166
175 166
183 166
228 166
271 166
135 167
172 167
333 167
76 168
131 168
236 168
406 168
156 169
284 169
337 169
104 170
447 170
322 171
243 172
249 172
394 172
433 172
34 173
67 173
246 173
297 173
121 174
478 174
374 175
378 175
30 176
91 176
94 176
139 176
196 176
207 176
264 176
266 176
186 177
188 177
308 177
358 177
56 178
137 178
140 178
160 178
112 179
196 179
221 179
404 179
418 179
461 179
229 180
171 181
175 181
292 181
338 181
277 182
81 183
150 183
167 183
176 183
339 184
448 184
126 185
298 185
345 185
469 185
324 186
428 186
144 187
165 187
196 187
347 187
402 187
46 188
74 188
119 188
327 188
374 188
102 189
195 189
204 189
209 189
353 189
117 190
267 190
287 190
310 190
380 190
37 191
97 191
160 191
174 192
218 192
89 193
111 193
336 193
358 193
381 193
385 193
388 193
410 193
226 194
273 194
233 195
62 196
110 196
441 196
466 196
90 197
150 197
240 197
299 197
390 197
393 197
416 197
111 198
133 198
25 199
108 199
340 199
51 200
83 200
125 200
186 200
255 200
257 200
283 200
396 200
125 201
131 201
348 201
368 201
372 201
144 202
207 202
304 202
53 203
102 203
217 203
288 203
307 203
169 204
268 204
451 204
48 206
118 206
162 206
266 206
334 206
478 206
74 207
159 207
405 207
406 207
430 207
135 208
231 208
254 208
274 208
409 208
154 209
296 209
318 209
360 209
361 209
430 209
459 209
38 211
151 211
195 211
200 211
259 211
434 211
66 212
136 212
181 212
114 213
212 213
240 213
279 213
133 214
175 214
344 214
92 215
280 215
327 215
146 216
286 216
370 216
265 217
414 217
55 218
169 218
395 218
444 218
29 219
53 219
221 219
416 219
162 220
252 220
309 220
352 220
432 220
477 220
107 221
273 221
292 221
82 222
231 222
400 223
43 224
139 224
190 224
257 224
274 224
339 224
435 224
202 225
419 225
437 225
178 226
195 226
456 226
76 227
119 227
240 227
277 227
319 227
409 227
26 228
98 228
138 228
213 228
365 228
133 229
388 229
169 230
261 230
326 230
348 230
370 230
425 230
463 230
304 231
408 231
408 232
444 232
113 233
222 233
352 233
48 234
70 234
155 234
287 234
393 234
192 236
308 236
145 237
186 237
289 237
312 237
416 237
42 238
200 238
272 238
360 238
173 239
335 239
434 239
235 240
63 241
87 241
295 241
473 241
138 242
60 243
211 243
261 243
103 244
241 244
314 244
81 245
279 245
319 245
322 246
388 246
445 246
458 246
35 247
56 247
139 247
220 248
281 248
285 248
370 248
410 248
155 249
266 249
350 249
53 250
58 250
250 250
346 250
410 250
130 251
151 251
196 251
131 252
226 252
418 252
112 253
352 253
397 253
461 253
204 254
241 254
130 255
147 255
173 255
442 255
32 256
55 256
275 256
403 256
77 257
171 257
245 257
26 258
148 258
211 258
292 258
326 258
346 258
385 258
52 259
142 259
262 259
141 260
233 261
351 261
53 262
174 262
369 262
89 263
410 263
47 264
282 264
122 265
219 265
252 265
282 265
431 265
105 266
167 266
318 266
337 266
340 266
454 266
66 267
88 267
153 267
185 267
190 267
303 267
358 267
393 267
62 268
140 268
239 268
270 268
119 269
156 269
199 269
100 270
186 270
434 270
223 271
419 271
59 272
304 272
345 272
421 272
462 272
324 273
342 273
102 274
179 274
207 274
258 274
308 274
442 274
97 275
133 275
150 275
175 275
245 275
327 275
348 275
406 275
468 275
34 276
131 276
348 276
387 276
425 276
77 277
184 277
229 277
277 277
58 278
326 278
329 278
130 279
188 279
144 280
313 280
388 280
211 281
246 281
451 281
231 282
354 282
30 283
110 283
173 283
329 283
433 283
378 284
416 284
142 285
161 285
316 285
435 285
160 286
213 286
266 286
335 286
123 287
252 287
300 287
399 287
419 287
213 288
236 288
333 288
420 288
476 288
50 289
73 290
383 290
182 291
268 291
287 291
422 291
440 291
25 292
89 292
103 292
323 292
404 292
255 293
363 293
426 293
138 294
154 294
327 294
119 295
170 295
202 295
256 295
273 295
429 295
44 296
172 296
229 296
465 296
173 297
310 297
218 298
369 298
64 299
171 299
393 299
89 300
275 300
278 300
189 301
294 301
329 301
432 301
435 301
113 303
133 303
149 303
216 303
350 303
166 304
262 304
317 304
374 305
458 305
36 306
85 306
301 306
61 307
105 307
165 307
204 307
400 307
419 307
206 309
382 309
190 310
306 310
130 311
238 311
284 311
339 311
421 311
55 312
160 312
219 312
424 312
162 313
465 313
143 314
406 314
447 314
98 315
222 315
406 315
77 316
256 316
341 316
209 317
241 317
329 317
409 317
175 318
375 318
432 318
173 319
291 319
201 320
362 320
392 320
413 320
314 321
113 322
154 322
206 322
342 322
457 322
142 323
228 323
434 323
45 324
440 324
298 325
399 325
126 326
173 326
365 326
69 327
247 327
399 327
462 327
95 328
199 328
383 328
109 329
201 329
386 330
108 331
248 331
325 331
351 331
40 332
86 332
286 332
368 332
384 332
137 333
151 334
166 334
251 334
411 334
426 334
447 334
249 335
219 336
371 336
411 337
62 338
234 338
268 338
287 338
332 338
274 339
474 339
119 340
133 340
162 340
165 340
193 340
314 340
395 340
56 341
398 341
432 341
380 342
416 342
255 343
80 344
338 344
210 346
294 346
361 346
460 346
419 347
192 348
228 350
248 350
73 351
98 351
345 351
50 352
96 352
144 352
365 352
206 353
248 353
326 353
446 353
128 355
284 356
411 356
45 357
429 357
220 358
283 358
375 358
89 359
155 360
312 360
352 360
456 360
66 361
197 361
261 361
292 362
167 363
381 363
183 364
214 364
265 364
35 365
294 365
406 365
318 366
321 366
363 366
461 366
239 367
249 367
193 368
232 368
263 368
301 368
341 368
413 368
438 368
155 369
387 369
298 370
53 371
82 371
103 371
268 371
300 371
322 371
345 371
58 372
179 372
326 372
347 372
116 373
206 373
227 373
348 373
132 374
274 374
306 374
132 375
282 375
397 375
55 376
448 376
46 377
149 377
376 377
426 378
77 379
145 379
170 379
219 379
248 379
477 379
94 381
197 381
244 381
359 381
264 382
290 382
320 382
403 382
45 383
432 383
69 384
108 384
149 384
462 384
242 385
266 386
324 386
325 386
437 386
67 388
256 388
329 388
392 388
303 389
212 390
232 390
88 391
116 391
334 391
372 391
419 391
473 391
161 392
181 392
285 392
160 393
450 393
228 394
311 394
58 395
308 395
311 395
362 396
381 396
288 397
429 397
204 398
341 398
222 399
319 399
340 399
78 400
148 400
152 400
175 400
129 401
295 401
269 402
407 402
103 403
95 404
217 404
254 404
353 404
439 404
99 405
282 405
417 405
236 406
167 407
126 408
305 408
97 409
120 409
375 409
395 409
418 409
448 409
230 410
476 410
363 411
64 412
188 412
209 412
226 412
338 412
342 412
404 412
206 413
211 413
428 413
90 414
161 415
319 415
339 415
431 415
344 416
115 417
214 418
326 418
412 418
407 419
463 419
256 420
263 420
275 420
180 421
86 422
107 422
112 422
289 422
416 422
102 423
129 423
153 423
248 423
276 423
386 423
80 424
135 424
337 424
357 424
358 424
244 425
300 425
338 425
239 426
253 426
171 427
205 427
309 427
342 427
235 429
247 429
452 429
69 430
102 430
218 430
317 430
216 431
374 431
404 432
95 434
159 434
225 434
381 434
61 435
89 435
98 435
188 435
218 436
409 436
388 439
419 439
476 439
275 440
286 440
268 441
297 441
346 441
387 441
82 442
176 442
208 442
258 442
309 442
447 442
252 443
393 443
111 444
360 444
259 445
393 445
128 446
167 446
400 446
235 447
321 447
120 448
232 448
364 448
157 450
366 450
435 450
192 451
232 451
466 451
67 452
109 452
144 452
374 452
221 453
334 453
97 456
135 456
447 456
217 457
263 457
298 457
278 458
305 458
420 458
183 459
214 459
217 459
262 459
276 459
349 459
85 460
173 460
252 460
267 460
268 460
290 460
463 460
122 461
235 461
258 461
264 462
164 463
236 463
325 463
363 463
237 464
397 464
371 465
152 466
229 466
435 466
468 466
109 467
404 467
374 469
141 470
384 471
194 472
382 473
383 473
100 474
314 474
419 474
89 475
178 476
240 476
245 476
285 476
295 476
425 476
455 476
120 477
216 477
261 477
332 477
342 477
354 478
230 479
259 479
434 480
162 481
221 481
343 481
260 482
402 482
198 483
210 483
365 483
469 483
348 484
354 484
151 485
137 486
379 486
445 487
414 488
116 489
184 490
331 490
395 491
330 492
293 493
306 493
318 494
327 494
277 495
266 496
340 496
216 497
229 497
241 497
428 497
192 498
438 498
167 499
264 499
159 500
246 500
250 500
348 500
132 502
117 503
147 503
379 503
448 504
326 505
355 505
314 506
301 507
101 508
283 508
292 508
322 508
400 508
329 509
196 511
237 512
418 512
180 513
256 513
267 513
211 514
227 514
246 514
247 514
244 515
354 516
164 517
266 517
435 517
130 518
149 519
322 519
111 520
290 520
322 520
333 520
341 520
373 520
340 521
346 522
295 523
385 524
196 525
402 525
238 527
184 528
215 528
227 528
414 528
268 531
254 532
269 532
430 532
145 533
271 533
277 533
279 533
281 533
260 534
288 534
322 534
128 535
308 535
349 535
301 536
165 537
316 537
308 538
332 538
341 538
364 539
323 540
348 540
192 541
379 542
220 544
249 544
396 544
239 546
385 546
412 548
305 549
316 550
310 551
152 552
164 552
342 552
355 552
191 555
336 555
371 555
351 556
211 557
345 557
356 558
357 558
382 558
246 559
283 559
227 560
309 560
253 561
401 561
168 567
195 569
209 570
323 570
345 570
250 571
302 571
226 572
274 572
334 572
353 572
284 573
359 573
288 582
205 583
218 584
274 586
298 586
328 586
237 587
248 587
254 587
