178 5
304 5
262 6
196 7
350 7
377 9
215 10
281 10
230 12
323 14
256 15
294 15
392 16
363 17
162 18
182 19
204 19
333 19
307 20
145 21
281 23
232 24
379 24
414 25
190 27
214 27
248 27
295 27
319 27
354 27
174 29
263 29
158 30
390 30
278 31
142 33
339 34
373 34
300 36
349 36
407 36
227 38
242 38
384 38
211 39
319 39
198 40
259 41
388 41
174 42
203 42
276 42
332 42
394 43
418 43
158 44
173 44
365 44
398 44
291 45
161 46
137 47
150 47
347 48
402 49
242 51
303 51
206 52
415 52
434 52
215 53
263 53
178 54
274 54
169 55
202 55
324 55
366 55
392 56
167 58
290 58
401 59
373 60
133 61
149 61
378 61
123 62
311 62
341 62
255 63
269 65
186 66
285 66
420 66
174 67
197 68
355 68
145 69
177 69
393 69
127 70
157 70
303 70
395 70
433 70
402 72
328 73
111 74
213 75
221 75
259 75
444 76
199 77
218 77
249 77
268 77
281 77
342 78
413 78
157 81
175 81
306 82
308 82
423 83
304 84
356 84
389 84
136 85
320 85
394 85
369 87
212 88
396 88
434 88
226 89
240 89
256 89
119 90
200 90
284 90
104 91
274 91
281 91
334 91
375 91
380 91
408 91
279 92
171 93
290 93
184 94
385 94
88 95
343 95
301 96
448 96
152 97
354 98
395 98
204 99
224 99
316 99
388 99
420 99
139 100
309 100
395 100
125 101
245 101
255 101
325 101
398 101
266 103
402 103
335 104
463 104
114 106
170 106
282 106
439 108
94 110
153 110
210 110
234 110
307 110
197 111
200 111
417 111
197 112
308 112
134 113
79 114
164 115
172 115
318 115
453 115
358 116
246 117
257 117
429 117
127 118
332 118
156 119
268 119
372 119
217 120
226 120
276 120
113 121
141 121
405 121
438 121
123 122
106 123
288 123
302 123
285 124
344 124
408 124
468 125
438 126
385 127
85 128
242 128
310 128
353 128
419 128
155 129
163 129
233 129
234 129
161 130
224 130
395 130
72 131
210 132
322 132
422 132
363 133
197 134
334 134
427 134
130 135
456 135
177 136
290 136
168 137
281 137
434 137
102 138
404 138
431 138
164 140
210 140
295 140
379 140
86 141
255 141
411 141
206 142
228 142
237 142
312 142
314 142
204 143
446 143
136 144
196 144
348 144
423 144
76 145
318 145
421 146
472 146
324 147
418 147
124 148
170 148
331 148
395 148
66 149
251 149
368 149
112 150
239 150
275 150
427 151
454 151
209 152
244 152
288 152
374 152
407 152
215 153
255 153
434 153
197 154
199 155
300 155
351 155
406 155
150 156
313 156
316 156
323 157
411 157
91 158
194 158
386 158
467 159
128 160
169 160
414 160
80 161
257 161
262 161
359 161
257 162
113 163
166 163
259 163
396 163
478 163
65 164
228 164
249 164
261 164
270 164
340 164
421 164
448 164
213 165
287 165
373 165
288 166
351 167
149 168
192 168
202 168
304 168
349 169
385 169
359 170
309 171
105 172
314 172
435 172
131 173
356 173
432 173
94 174
176 174
251 174
80 175
171 175
231 175
275 175
465 175
174 176
362 176
416 176
116 177
210 177
337 177
157 178
289 178
297 178
342 178
422 178
446 179
297 180
347 180
402 180
59 181
196 181
144 182
309 183
314 183
95 184
130 184
183 184
317 184
184 185
209 185
246 185
408 185
230 186
384 186
431 186
247 187
250 187
256 187
259 187
332 187
411 187
268 188
337 188
431 188
77 189
282 189
159 190
171 190
284 190
323 190
465 191
113 192
294 192
300 192
296 193
379 193
101 194
145 194
397 194
58 195
331 195
213 196
226 196
312 196
427 196
194 197
199 197
257 197
356 197
357 197
130 198
267 198
323 198
363 198
182 199
88 200
350 200
386 200
412 200
449 200
277 201
121 202
287 202
368 203
370 203
169 204
113 205
335 205
426 205
307 206
373 206
70 207
155 207
259 207
428 207
430 207
201 208
436 208
241 209
265 209
380 209
53 210
143 210
342 210
274 211
318 211
460 211
100 212
352 212
401 212
430 212
326 213
388 213
412 213
438 213
176 214
185 214
288 214
387 214
435 214
132 215
389 215
119 216
374 216
417 217
165 218
232 218
310 218
414 218
80 219
252 219
262 219
392 219
472 219
209 220
223 220
230 220
341 220
444 220
225 221
397 221
105 222
197 222
212 222
276 222
326 222
383 222
425 222
150 223
277 223
428 223
60 224
189 224
287 224
366 224
355 225
134 226
196 226
404 226
374 227
386 227
388 227
302 228
88 229
391 229
407 229
430 229
458 229
156 230
248 230
259 230
119 231
164 231
233 231
313 231
342 231
222 232
104 233
212 233
325 233
76 234
218 234
223 234
393 234
204 235
382 235
383 235
65 236
142 236
198 237
290 237
168 238
332 238
443 238
469 238
299 239
440 239
354 240
420 240
54 241
91 242
155 242
311 243
174 244
233 244
265 244
308 244
309 244
321 244
364 244
381 244
242 245
217 246
279 246
346 246
407 246
80 247
106 247
284 247
270 248
430 248
143 249
163 250
205 250
291 250
392 250
435 250
454 250
332 251
352 251
412 251
374 252
67 253
195 253
94 255
307 255
94 256
181 256
239 256
316 256
357 256
255 257
263 257
317 257
318 257
396 257
439 257
54 258
122 258
145 258
222 259
244 259
470 259
170 260
382 260
109 261
209 262
326 262
81 263
288 263
347 263
425 263
105 264
369 264
76 265
106 265
298 265
428 265
130 267
165 267
192 267
103 268
353 268
96 269
97 269
158 269
411 269
251 270
252 270
390 270
453 270
61 271
183 271
234 271
412 271
121 272
263 272
337 272
211 273
225 273
362 273
260 274
271 274
278 274
377 274
204 275
314 275
316 275
318 275
83 276
91 276
141 276
284 276
313 276
83 277
87 277
343 277
82 278
283 279
397 279
463 279
108 280
164 280
190 280
323 280
367 280
425 280
47 281
131 281
383 281
328 283
416 283
71 284
163 284
255 284
303 284
351 284
218 285
255 285
266 285
471 285
236 286
250 286
96 287
151 287
184 287
211 287
231 287
352 287
372 287
448 287
429 288
208 289
276 289
311 289
122 290
230 290
337 290
391 290
420 290
90 292
407 292
196 293
283 293
435 293
58 294
142 294
218 294
477 294
107 295
279 295
409 295
168 296
194 296
251 296
289 296
396 296
164 297
191 297
381 297
162 298
187 298
219 298
261 298
458 298
48 299
75 299
159 299
264 299
413 299
426 299
185 300
241 300
399 300
128 301
234 301
273 301
414 301
232 302
229 303
322 303
444 303
300 304
71 305
205 305
95 306
117 306
228 306
348 306
415 306
431 306
206 307
330 307
386 307
369 308
449 308
137 309
177 309
220 309
257 309
432 309
470 309
87 310
172 310
271 310
60 311
332 311
352 311
148 312
309 312
436 312
188 313
166 314
167 314
420 314
53 315
128 315
278 315
359 315
374 315
215 316
392 316
456 316
79 317
107 317
233 318
423 318
339 319
157 320
288 320
316 320
122 321
202 321
359 321
229 322
291 322
95 323
191 323
298 323
317 323
68 324
223 324
301 324
345 324
380 324
423 324
137 325
151 326
215 326
249 326
261 326
295 326
344 326
403 326
300 327
345 327
363 327
467 327
60 328
211 328
189 329
197 329
238 329
274 329
164 330
306 330
385 330
105 331
241 331
80 332
184 332
407 332
429 333
188 334
50 335
126 335
144 335
225 335
350 335
387 336
99 337
180 337
371 337
283 338
69 339
178 339
201 339
454 339
182 340
311 341
328 341
353 341
411 341
156 342
349 342
116 343
260 343
436 343
236 344
249 344
191 345
333 345
89 346
293 346
318 346
395 346
60 347
130 347
173 347
235 347
375 348
274 349
105 350
171 350
313 350
147 351
229 351
293 351
417 351
80 352
459 352
124 353
345 353
225 354
319 354
192 355
228 355
254 355
340 355
186 356
279 356
302 356
301 357
379 357
444 357
67 358
181 358
220 358
297 358
346 358
117 359
139 359
206 359
218 359
243 359
182 360
324 360
342 360
93 361
301 361
471 361
164 362
249 362
325 362
386 362
403 362
422 362
426 362
266 363
367 363
431 363
286 364
305 364
407 364
110 365
160 365
231 365
180 366
198 366
285 366
409 366
83 367
215 367
312 368
328 368
372 368
406 368
452 368
132 369
159 369
255 369
290 370
349 370
412 370
312 371
431 371
270 372
311 372
391 373
74 374
243 374
371 374
417 374
101 375
229 375
211 376
141 377
295 377
331 377
258 378
276 378
435 378
171 379
195 379
463 379
122 380
316 380
413 380
117 381
154 381
396 382
422 382
60 383
356 383
135 384
228 384
393 384
300 385
320 385
376 385
87 386
195 386
396 386
424 386
212 387
279 387
443 387
166 389
320 389
338 389
178 390
233 391
251 391
286 391
427 391
105 392
268 392
472 392
74 393
145 393
364 393
428 393
196 394
307 394
423 394
403 395
143 396
145 396
178 396
286 396
306 396
428 396
87 397
237 397
363 397
408 397
147 398
367 398
163 400
408 400
454 400
103 401
143 401
215 401
217 401
388 401
389 401
434 401
347 402
84 403
192 403
257 403
123 404
230 404
274 404
346 404
368 404
392 404
306 405
328 405
434 405
230 406
291 406
326 406
333 406
219 407
389 407
414 407
96 408
419 408
462 408
219 410
244 410
294 410
352 410
415 410
419 410
370 411
72 412
116 412
349 412
143 413
175 413
196 413
280 413
394 413
424 413
333 414
265 415
442 415
201 416
222 416
282 416
421 416
423 416
85 417
158 417
394 417
109 418
196 418
473 418
129 419
429 419
334 420
380 421
249 422
272 422
301 422
322 422
336 422
362 422
427 422
141 423
176 423
289 424
203 425
401 425
199 426
405 426
78 427
122 427
242 427
203 428
254 429
457 429
97 430
156 431
291 431
406 431
415 431
433 431
366 432
408 432
324 433
118 434
224 434
294 434
228 435
350 435
135 436
201 436
388 436
418 436
204 437
207 437
225 437
351 437
283 438
325 438
372 438
421 438
163 439
229 439
114 440
394 440
414 440
422 440
87 441
278 441
346 441
368 441
442 441
474 441
329 442
393 442
207 443
208 443
248 443
253 443
305 443
213 444
350 444
422 444
186 445
254 446
104 447
144 447
209 447
236 447
452 447
287 449
126 450
150 451
215 451
431 451
219 453
334 453
404 453
468 453
168 455
192 455
215 455
258 455
272 455
275 455
314 455
380 455
437 455
243 456
294 458
356 458
115 459
200 460
389 460
137 461
339 461
413 461
177 464
248 464
323 464
152 465
209 465
299 465
449 465
227 466
253 466
98 467
423 468
123 469
204 469
228 469
278 469
211 470
351 470
461 470
233 471
130 472
160 472
238 472
117 473
235 473
305 473
401 473
430 474
185 475
211 475
284 475
441 476
136 477
261 477
379 477
409 479
194 480
172 481
198 481
310 481
359 481
291 482
147 483
172 483
244 483
341 483
221 484
418 484
450 484
245 485
243 486
265 486
344 486
103 487
392 487
343 488
121 489
249 489
318 489
427 489
250 490
371 491
133 492
204 493
275 493
300 493
346 494
176 496
185 496
257 496
234 497
347 498
150 499
305 499
188 500
214 500
264 502
356 502
410 502
285 503
158 504
262 504
190 505
223 505
355 506
246 507
173 508
359 508
423 508
127 509
247 509
367 509
292 510
314 510
397 510
173 511
202 511
177 512
269 512
432 512
250 513
142 514
184 515
277 515
150 517
324 517
373 517
279 518
351 518
352 518
180 519
407 519
156 520
276 520
350 520
218 522
243 523
284 525
391 526
198 527
230 529
344 529
368 529
289 530
138 532
319 532
177 533
211 534
378 534
398 534
275 535
353 536
249 538
404 538
149 539
328 540
194 541
298 541
222 542
158 543
258 544
283 544
365 545
206 546
233 546
305 546
343 547
169 548
379 550
180 551
245 551
320 551
267 552
219 554
252 554
295 556
334 556
356 556
195 557
341 559
205 561
370 562
315 563
237 564
267 564
291 565
332 567
304 570
252 572
295 579
