150 1
164 1
237 3
113 4
259 4
380 4
127 5
226 5
283 6
300 7
398 8
211 9
317 9
456 9
95 10
353 11
417 11
201 12
336 12
187 14
374 15
150 17
168 17
259 17
274 17
288 17
442 18
400 19
304 20
133 21
119 23
226 23
323 24
342 24
107 26
469 26
372 27
188 29
93 30
395 30
250 32
264 32
283 32
420 32
437 32
174 33
273 33
300 33
84 34
148 35
158 35
320 35
341 35
366 35
234 36
451 36
136 39
215 39
461 39
121 40
211 41
398 42
110 44
411 44
173 45
423 45
259 47
306 47
256 48
260 48
270 48
284 48
266 49
355 49
234 50
273 50
327 50
340 50
445 50
91 51
370 51
149 53
470 54
78 55
132 55
209 55
387 55
194 58
199 58
290 59
431 59
182 60
277 61
109 62
305 62
442 62
316 63
165 64
258 64
360 64
337 65
454 66
93 67
122 67
148 67
209 67
379 67
141 68
147 68
219 69
397 69
121 70
191 70
186 71
276 73
422 73
270 74
291 74
307 74
320 74
425 74
438 74
132 75
342 75
272 76
445 76
246 77
250 77
360 79
411 79
232 80
380 80
110 81
380 81
85 82
389 82
460 82
170 85
244 86
266 86
282 86
329 86
397 86
434 86
73 87
215 87
304 87
446 88
344 89
352 89
403 89
361 91
187 94
362 94
468 94
117 96
144 96
300 96
430 96
394 97
259 98
276 98
169 99
224 99
233 99
246 99
134 100
399 100
83 101
324 101
154 102
454 102
107 103
204 103
71 104
311 105
415 105
350 106
362 106
296 107
380 107
440 107
95 108
286 108
377 108
260 109
392 109
476 109
173 110
223 110
84 112
241 112
408 113
123 114
213 114
111 116
299 116
317 116
150 117
283 117
333 117
352 118
424 118
474 118
364 119
74 120
197 120
379 120
245 121
383 122
229 123
135 124
94 125
179 125
295 125
306 126
416 127
59 128
271 128
167 129
325 129
339 129
472 129
117 130
246 131
351 131
203 132
212 132
360 132
430 132
236 133
374 133
371 134
442 134
144 135
367 135
73 136
378 136
399 136
104 137
186 137
384 137
397 138
214 139
283 139
421 139
302 140
466 140
172 141
264 141
320 141
219 142
237 142
209 143
332 143
342 143
443 143
212 144
233 144
92 145
125 145
204 146
358 146
158 147
111 148
281 149
458 149
194 150
306 150
141 151
259 151
398 152
395 153
417 153
97 154
232 154
321 155
338 155
472 155
176 156
233 156
339 157
165 158
348 158
127 159
431 159
454 159
213 161
270 161
381 161
195 162
148 163
111 164
313 164
399 164
246 165
76 166
477 166
101 167
137 167
233 168
220 169
333 169
445 169
177 170
344 170
63 171
422 171
274 172
205 173
288 173
382 173
264 174
290 174
304 174
365 174
457 174
124 176
195 176
250 176
82 177
159 177
430 177
104 179
445 179
236 180
332 180
225 181
349 182
411 182
461 182
287 184
93 185
124 186
144 186
174 186
430 186
365 187
375 187
164 188
208 188
274 188
442 189
257 190
391 190
135 192
242 192
412 193
78 194
329 194
346 194
190 195
293 195
228 196
363 196
146 197
279 197
121 199
178 199
376 199
432 199
473 199
209 200
265 200
91 201
208 201
217 201
68 202
131 202
202 204
249 205
160 206
455 206
104 207
292 207
309 207
227 208
232 208
306 208
326 208
353 208
74 209
191 209
236 209
278 209
368 209
379 210
182 211
469 211
89 212
146 212
374 212
392 212
145 213
264 213
433 213
124 214
220 214
393 214
175 215
403 215
211 216
104 218
248 218
412 218
418 218
451 218
135 219
160 219
167 219
319 219
416 219
63 220
236 220
366 220
297 221
365 221
129 222
285 222
377 222
425 222
277 223
282 223
464 223
72 225
85 225
263 225
382 225
151 226
152 226
212 226
435 226
52 227
182 227
210 227
101 228
208 228
477 228
148 229
343 229
115 230
325 230
404 230
204 231
321 232
457 232
281 233
291 233
139 234
187 234
193 234
227 234
364 234
373 234
274 235
381 235
431 235
69 236
104 236
86 237
308 237
378 237
320 238
391 238
256 239
407 239
149 240
183 240
177 241
118 242
345 242
235 243
281 243
294 243
445 243
476 243
60 244
71 244
112 244
356 244
361 244
190 245
321 245
365 245
95 246
159 246
265 246
305 246
315 247
328 247
373 248
384 248
404 249
463 249
219 250
51 251
149 251
243 251
121 252
150 252
399 252
104 253
205 253
301 253
77 254
143 254
176 254
426 254
284 255
341 255
351 256
272 257
63 258
134 258
161 258
226 258
327 258
334 258
425 258
477 258
158 260
387 261
309 262
457 262
183 263
209 263
297 263
82 264
245 264
427 264
123 265
401 265
283 266
266 267
346 267
124 268
171 268
397 268
402 268
437 268
48 269
141 269
327 269
407 269
233 270
346 270
474 270
92 271
112 271
119 271
194 271
445 271
222 272
331 272
363 272
89 273
111 273
255 273
155 274
305 274
381 274
186 275
282 275
416 275
68 276
103 276
108 276
133 276
104 277
111 277
422 277
82 278
393 278
241 279
268 279
429 279
438 281
53 282
202 282
360 282
467 282
173 283
331 283
345 283
396 283
434 283
224 284
140 285
321 285
255 286
44 288
275 288
417 288
449 288
69 289
190 290
242 290
272 291
107 292
156 292
128 293
204 293
293 293
361 293
258 294
76 295
229 295
264 295
334 295
358 295
393 295
38 296
103 296
205 296
462 296
107 298
121 298
56 299
174 299
198 299
89 300
316 300
30 301
143 301
413 302
439 302
66 303
99 304
164 304
215 304
415 304
472 304
263 305
449 305
97 306
185 306
346 306
418 306
44 307
95 307
360 307
204 308
388 308
79 309
134 310
454 310
394 311
205 312
228 312
247 312
386 312
329 313
429 313
108 314
433 314
86 315
148 315
195 315
316 315
35 316
51 316
67 316
168 317
300 317
303 317
462 318
438 319
234 320
433 320
440 320
48 321
186 321
355 321
370 321
410 322
97 324
158 324
117 325
159 325
265 325
382 325
44 326
246 326
225 327
393 327
468 327
30 328
178 328
41 329
204 329
225 329
242 329
129 330
159 330
204 330
208 330
240 330
303 330
326 330
417 330
39 331
55 331
187 332
128 333
170 333
204 333
317 333
87 334
448 335
141 336
257 336
109 337
165 337
359 337
426 337
32 338
215 338
316 338
369 338
431 338
46 340
66 340
82 340
133 340
346 340
364 340
406 340
411 340
167 341
325 341
343 341
385 341
403 341
61 342
196 342
285 342
400 342
432 342
95 343
245 343
453 343
179 344
245 344
429 344
161 345
192 345
227 345
288 345
378 345
45 346
179 346
224 347
261 347
105 348
117 348
147 349
286 349
298 349
202 350
237 350
242 350
54 351
75 351
474 351
196 352
405 352
20 353
190 353
276 353
314 353
213 354
218 354
409 355
170 356
191 356
150 357
86 358
331 358
456 359
34 360
347 360
430 360
250 361
271 361
275 361
114 362
215 362
66 363
270 363
292 363
390 363
48 364
99 365
128 365
143 365
160 365
202 366
411 366
205 367
245 367
349 367
372 367
435 367
273 368
181 369
144 370
159 370
317 370
62 371
314 371
332 371
78 372
144 372
292 372
222 373
239 373
271 373
42 374
265 375
292 375
143 376
366 376
139 377
197 377
311 377
332 377
407 377
259 378
271 378
274 378
158 379
261 379
295 379
59 380
91 381
141 381
174 381
243 381
427 381
216 382
140 383
72 384
244 384
381 385
448 385
258 386
344 386
103 387
158 387
196 387
236 387
237 387
466 387
370 388
33 389
53 389
121 389
259 389
244 390
273 390
85 391
214 391
274 391
395 391
219 392
253 393
303 394
424 394
64 395
213 395
242 395
257 395
297 395
237 396
240 397
256 397
304 397
211 398
277 398
38 399
195 399
115 400
218 400
341 401
86 402
100 402
168 402
309 402
330 402
27 403
363 403
367 403
443 403
234 404
352 404
113 405
310 405
314 405
436 405
50 406
177 406
234 406
285 406
464 406
236 407
278 407
411 407
314 409
132 410
150 410
269 411
322 411
33 412
385 412
408 412
443 412
57 413
163 413
113 414
320 416
379 416
110 417
181 417
334 417
377 417
149 419
386 419
336 420
357 420
84 421
135 421
167 421
404 421
239 423
264 423
350 423
34 424
402 424
69 425
218 425
441 425
112 426
417 426
453 426
96 427
123 427
265 427
43 428
97 428
203 428
251 428
395 428
470 428
411 429
167 431
202 431
252 431
432 431
229 432
56 433
30 434
327 434
414 434
431 434
318 435
152 436
276 436
283 436
344 437
430 437
82 438
187 438
252 438
287 438
347 438
351 438
360 438
124 439
252 439
97 440
370 440
209 441
83 442
98 442
111 442
230 442
428 442
431 442
171 443
295 444
82 445
94 445
259 445
407 445
302 446
67 447
125 447
152 447
94 448
98 449
298 449
30 450
188 450
209 450
443 450
141 451
47 452
83 452
113 452
143 452
218 452
306 452
461 452
80 453
127 453
332 454
375 454
218 455
235 455
243 455
439 455
112 456
273 456
358 456
64 457
174 459
81 460
410 461
143 462
156 462
66 463
250 463
116 464
289 464
397 464
227 465
282 465
283 465
406 465
230 467
157 468
294 468
48 469
132 469
315 469
179 470
313 470
426 470
403 471
81 472
118 472
220 472
262 472
357 472
380 472
102 473
146 473
326 473
101 474
201 474
203 474
343 474
452 474
240 475
423 475
119 476
404 477
64 478
204 478
221 478
271 478
103 479
171 479
281 479
34 480
246 481
50 483
250 483
415 483
190 484
388 484
87 485
416 485
441 485
464 485
123 486
210 486
71 488
260 488
339 488
344 488
378 489
219 490
301 490
321 490
108 491
363 491
142 492
455 493
106 495
232 495
54 496
127 496
429 496
143 497
180 497
394 498
429 498
244 499
114 500
163 500
115 501
292 501
299 501
39 502
191 502
289 502
135 504
412 504
421 504
297 505
381 505
469 505
59 506
132 506
346 506
272 507
339 507
408 507
97 508
357 508
441 508
322 509
333 510
330 512
328 513
44 514
289 514
196 515
260 516
115 517
216 517
293 517
365 517
158 518
304 518
393 518
122 519
205 519
267 519
301 519
429 519
455 519
241 521
272 521
106 522
180 522
126 523
146 524
380 524
164 525
328 525
349 525
418 525
228 526
376 527
211 528
70 529
189 529
469 529
90 530
239 530
366 531
114 532
259 532
263 532
364 532
293 533
409 533
396 534
221 535
136 536
156 536
198 536
435 536
78 537
175 537
304 538
306 538
316 538
424 540
140 541
312 541
334 541
349 541
380 541
272 542
341 542
123 543
207 543
395 543
477 543
258 544
453 544
103 545
232 546
87 547
186 547
148 548
166 548
290 549
363 549
371 551
242 552
441 552
155 553
269 553
272 553
373 553
131 554
191 554
219 554
344 554
112 555
317 555
412 555
135 556
174 556
345 556
330 557
282 558
314 558
321 558
328 558
431 558
160 559
229 559
323 559
398 559
403 559
461 560
97 561
202 561
282 561
394 562
163 564
389 564
123 566
288 568
219 569
418 569
252 570
347 570
148 571
307 571
310 571
344 571
447 571
104 572
253 572
356 572
174 575
202 575
132 576
274 577
406 577
235 578
430 579
162 581
463 581
113 582
184 582
285 582
142 583
307 583
161 584
212 584
305 585
368 585
260 586
320 586
360 586
396 586
391 587
119 588
346 588
352 588
387 588
451 588
273 589
412 589
224 590
171 591
200 592
379 593
237 594
434 595
370 597
154 598
401 598
135 599
185 599
259 599
333 599
421 599
252 600
261 600
360 600
347 601
451 601
183 602
320 602
216 603
194 604
268 604
231 607
441 607
288 608
376 609
167 610
147 611
307 611
205 613
456 613
354 614
421 614
253 615
266 617
330 617
220 618
179 619
408 619
230 621
439 621
282 623
240 624
293 624
192 625
155 626
305 626
202 627
365 627
419 627
251 628
322 628
346 628
165 631
214 631
402 634
