357 1
435 1
260 2
339 2
453 2
211 3
37 4
112 5
171 5
4 6
138 6
470 6
200 7
85 8
243 8
308 8
54 10
289 11
158 12
184 13
230 13
274 13
373 13
386 13
128 14
357 14
21 15
74 15
99 15
412 15
426 15
342 16
146 17
214 18
327 18
448 18
171 19
256 19
466 19
117 20
313 20
63 22
298 22
37 23
244 23
199 25
235 25
104 26
162 26
282 26
368 26
404 27
9 28
127 28
187 28
351 28
422 28
77 29
336 29
435 29
319 30
51 31
223 31
449 31
270 32
307 32
459 32
170 34
112 35
211 35
257 35
475 35
141 36
291 36
23 37
85 37
380 37
389 37
240 38
400 38
415 39
200 40
369 40
59 41
326 41
355 41
424 41
42 42
101 42
157 42
232 42
271 42
272 42
428 42
430 42
230 43
38 44
310 44
346 44
442 44
455 44
120 45
150 45
170 46
254 46
330 46
71 47
172 47
191 47
293 47
333 48
93 49
163 49
214 49
241 49
50 50
371 50
386 50
394 50
415 50
71 51
215 51
219 51
269 51
279 51
319 51
402 51
140 52
280 52
408 52
436 52
24 53
358 53
349 54
447 54
106 55
154 55
80 56
178 56
181 56
261 56
337 56
81 57
157 57
304 57
335 57
460 57
256 58
336 58
153 59
36 60
205 60
247 60
289 60
467 60
412 61
52 62
380 62
403 62
143 63
167 63
364 63
374 63
421 63
424 63
120 64
193 64
231 64
240 64
277 65
354 65
356 65
50 66
93 66
271 66
436 66
225 67
45 68
183 68
257 68
331 68
343 68
254 69
262 69
331 69
342 69
7 70
186 70
216 70
257 70
318 70
453 70
132 71
152 71
210 71
60 72
81 72
176 72
177 72
248 72
372 72
468 72
368 73
373 73
22 74
153 74
395 74
101 75
300 75
408 75
38 76
56 76
420 76
51 77
122 77
146 77
233 77
436 77
198 79
200 79
451 79
47 80
165 80
13 81
138 81
269 81
339 81
72 82
189 82
190 82
367 82
42 83
112 83
257 83
337 83
338 83
352 83
135 84
140 84
224 84
326 84
465 84
183 85
383 86
152 87
160 87
177 87
395 87
415 87
422 88
86 89
208 89
289 89
409 89
417 89
433 89
290 91
292 91
297 91
424 91
443 91
64 92
101 93
124 93
236 93
274 93
149 94
150 94
339 95
364 95
452 95
24 96
74 96
165 96
170 96
331 96
352 96
264 97
346 97
467 97
186 98
191 98
224 98
319 98
362 98
377 98
391 98
57 99
328 99
136 100
257 100
303 100
90 101
249 101
405 101
37 102
180 102
154 103
431 103
208 104
241 104
288 104
423 104
13 105
67 105
109 105
156 105
28 107
130 107
275 107
171 108
191 108
198 108
442 108
169 109
349 109
395 109
66 110
145 110
189 110
334 110
347 110
366 110
373 110
383 110
322 111
331 111
345 111
359 111
398 111
461 111
268 112
372 112
408 112
61 113
183 113
226 113
421 114
74 115
254 115
425 115
468 115
255 116
424 116
3 117
95 117
116 117
157 117
136 118
177 118
301 118
293 119
391 119
435 119
18 120
289 120
294 120
389 120
398 120
402 120
191 121
41 122
152 122
156 122
249 122
283 122
447 122
213 123
215 123
217 123
407 123
243 124
346 124
371 124
375 124
108 125
114 125
280 125
422 125
239 126
271 126
319 126
333 126
358 126
462 126
61 127
85 127
361 127
379 127
469 127
127 128
164 128
189 128
234 128
373 128
380 128
183 129
206 129
387 129
305 130
34 131
270 131
438 131
476 131
409 132
102 133
200 133
225 133
227 133
259 133
298 134
414 134
8 135
54 135
78 135
139 135
199 135
454 135
102 136
197 136
421 136
338 137
198 138
343 138
392 138
248 139
316 139
324 139
355 139
423 139
116 140
153 140
212 140
329 140
358 140
28 141
93 141
116 141
215 141
238 141
241 141
279 141
366 141
467 141
172 142
402 142
432 142
89 143
93 143
376 143
189 144
270 145
411 145
444 145
477 145
44 146
66 146
385 147
452 147
109 148
204 148
234 148
108 149
181 149
210 149
127 150
142 150
390 150
87 151
231 151
259 151
341 151
206 152
308 152
317 152
331 152
349 152
429 152
464 152
16 153
157 153
178 153
224 153
298 153
355 153
438 154
174 155
346 155
369 155
404 155
410 155
362 156
196 157
290 157
364 157
36 158
244 158
278 158
420 158
473 158
101 159
120 159
134 159
248 159
420 159
78 160
149 160
280 160
451 160
56 161
172 161
243 162
117 164
6 165
166 165
263 165
336 165
346 165
215 166
305 166
316 166
320 166
56 167
188 167
338 167
348 167
411 167
439 167
465 167
52 168
72 168
130 168
261 168
413 168
28 169
295 169
93 170
254 170
363 170
420 170
166 172
210 173
237 173
52 174
111 174
187 174
279 174
290 174
402 174
454 174
139 175
159 175
377 175
379 175
405 175
48 176
405 176
179 177
320 177
431 177
337 178
384 178
204 179
318 179
336 179
346 179
381 179
17 180
66 180
174 180
386 180
446 180
48 181
85 181
231 181
268 181
342 181
345 181
173 182
390 183
470 183
42 184
175 184
255 184
412 184
415 184
130 185
308 185
395 185
435 185
451 185
105 186
151 186
304 186
395 186
478 187
225 188
251 188
333 188
363 188
105 189
289 189
330 189
338 189
400 189
190 190
255 190
282 190
311 190
422 190
12 191
198 191
252 191
402 191
442 191
80 192
167 192
278 192
290 192
348 192
401 192
120 193
379 193
33 194
169 194
258 195
405 195
465 195
58 196
98 196
146 196
186 196
247 196
221 198
358 198
241 199
247 199
432 199
74 200
276 200
385 200
415 200
76 201
77 201
201 201
413 201
417 201
453 201
323 202
382 202
396 202
55 203
184 203
241 203
336 203
366 203
415 203
114 204
197 204
217 204
313 204
335 204
386 204
474 204
162 205
179 205
221 205
5 206
245 206
71 207
145 207
264 207
267 207
127 208
216 208
294 208
319 208
344 208
77 209
93 209
298 209
308 209
365 209
367 209
479 209
50 210
442 210
462 210
366 211
373 211
388 211
405 211
268 212
354 212
440 212
192 213
288 213
371 214
427 214
23 215
175 215
242 215
122 216
159 216
194 216
215 216
374 216
44 217
88 217
407 217
68 218
140 218
375 218
466 218
174 219
233 219
262 219
327 219
392 219
427 219
66 220
105 220
174 220
265 220
289 220
371 220
285 221
359 221
269 222
341 222
415 222
39 223
240 223
310 223
120 224
156 224
266 224
302 224
393 224
451 224
470 224
343 225
436 225
269 226
340 226
379 226
67 227
135 227
195 227
16 228
241 228
294 228
398 228
434 228
341 230
475 231
265 232
290 233
297 233
52 234
80 234
100 234
153 234
171 234
294 234
310 234
316 234
324 234
359 234
461 234
31 235
63 235
211 235
321 235
329 235
380 235
49 236
218 236
420 236
423 236
193 237
213 237
381 237
399 237
442 237
9 238
65 238
116 238
211 238
405 238
50 239
217 239
348 239
233 240
61 241
130 241
422 241
99 242
247 242
377 242
43 243
79 243
113 243
134 243
153 243
167 243
214 243
344 243
363 243
403 243
97 244
151 244
380 244
171 245
187 245
377 245
465 245
4 246
95 246
279 246
325 246
446 246
151 247
171 247
187 247
218 248
288 248
303 248
383 248
246 249
313 250
360 250
384 250
426 250
40 251
114 251
191 251
424 251
22 252
214 252
71 253
98 253
197 253
337 253
338 253
469 253
148 254
353 254
399 254
430 254
131 255
154 255
408 255
413 255
94 256
216 256
260 256
381 256
193 257
429 257
450 257
54 258
130 259
167 259
172 259
271 259
416 259
149 260
235 260
241 260
94 261
111 261
329 261
354 261
432 261
36 262
82 262
220 262
262 262
265 262
472 262
280 263
131 264
193 264
218 264
435 264
236 265
281 265
312 265
324 265
131 266
145 266
217 266
328 266
150 267
153 267
374 267
400 267
419 267
454 267
14 268
243 268
294 268
414 268
303 269
149 271
110 272
170 272
436 272
475 272
59 273
77 273
95 273
109 273
191 273
394 273
129 274
250 274
396 274
30 275
149 275
256 275
340 275
419 275
128 276
203 276
333 276
368 276
149 277
396 277
459 277
266 278
477 278
173 279
199 279
416 279
91 280
108 280
263 280
272 280
367 280
60 281
147 281
329 281
334 281
43 282
173 282
324 282
342 282
9 283
279 283
362 283
59 284
74 284
263 284
302 284
338 284
419 284
440 284
360 285
396 285
110 286
232 286
317 286
333 286
95 287
175 287
325 287
393 287
71 288
126 288
131 288
310 288
55 290
210 290
322 290
347 290
353 290
74 291
145 291
177 291
245 291
22 292
413 292
440 292
91 293
160 293
244 293
395 293
459 293
478 293
129 294
190 294
277 294
282 294
294 294
352 294
372 294
422 294
4 295
90 295
437 295
57 297
71 297
178 297
190 297
250 297
345 297
436 297
440 297
109 298
127 299
195 299
349 299
365 299
425 299
258 300
259 300
344 300
36 301
396 301
425 301
149 302
442 302
51 303
181 303
411 303
220 304
341 304
198 305
359 305
163 306
200 306
306 306
331 306
461 306
18 307
164 307
182 307
286 307
88 308
147 308
337 308
358 308
49 309
105 309
88 310
119 310
281 310
293 310
380 310
437 310
184 311
272 311
276 311
279 311
319 311
120 312
133 312
262 312
318 312
393 312
353 313
233 314
334 314
69 315
205 315
331 315
374 315
392 315
407 315
478 315
304 316
347 316
458 316
30 318
48 318
392 318
421 318
150 319
243 319
169 320
438 320
169 321
67 322
121 322
251 323
367 323
152 324
369 324
384 324
478 324
257 325
338 325
402 325
44 326
84 326
169 326
214 326
454 326
27 327
172 327
189 327
214 327
104 328
286 328
430 328
436 328
218 329
258 329
292 329
312 329
413 329
470 329
10 330
173 330
177 330
224 330
266 331
302 331
432 331
136 332
225 332
280 332
283 332
65 333
195 333
291 333
176 334
356 334
395 334
450 334
157 335
324 335
41 336
103 336
374 336
87 337
120 337
273 337
139 338
198 338
175 339
38 340
50 340
347 340
405 340
389 341
140 342
211 342
371 342
385 342
309 343
436 343
478 344
160 345
426 345
50 346
214 346
299 346
313 346
88 347
179 347
398 347
461 347
6 348
184 348
221 348
294 348
398 348
126 349
243 349
254 349
291 349
336 349
360 349
402 349
444 349
66 350
108 350
230 350
231 350
20 351
140 351
272 351
301 351
143 352
287 352
257 353
331 353
374 353
408 353
422 353
188 354
376 354
50 355
126 356
143 356
148 356
170 356
197 356
391 356
408 356
167 358
351 358
438 358
454 358
471 358
77 359
200 359
213 359
32 360
47 360
207 360
418 360
111 362
206 362
382 362
221 363
315 363
129 364
178 364
366 364
382 364
401 364
222 365
237 365
468 365
109 366
62 367
151 367
175 367
430 367
93 368
132 368
234 368
297 368
336 368
414 368
445 368
184 369
254 369
28 370
256 370
133 371
192 371
412 371
79 372
241 372
250 372
281 372
355 372
391 372
411 372
8 373
113 373
193 373
279 373
95 374
248 374
266 374
374 374
373 375
138 376
158 376
44 377
181 378
207 378
221 378
326 378
420 378
435 378
139 379
420 379
462 379
386 380
403 380
220 381
404 381
449 381
384 382
25 383
96 383
218 383
314 383
379 383
82 384
99 384
121 384
231 384
232 384
167 385
228 385
430 385
298 386
359 386
377 386
62 387
79 387
261 387
275 387
236 388
280 388
338 388
415 388
121 389
144 389
174 389
245 389
375 389
477 389
2 390
171 390
197 390
197 391
210 391
371 391
259 392
392 392
395 392
98 393
124 394
153 394
210 394
350 394
438 394
456 394
21 395
101 395
178 395
99 396
220 396
219 397
327 397
365 397
405 397
42 398
128 398
183 398
231 398
364 398
231 399
298 399
401 399
83 400
380 400
384 400
418 400
450 400
382 401
289 402
342 402
285 403
469 403
264 404
272 404
281 404
428 404
41 405
84 405
106 405
138 405
167 405
277 405
315 405
67 406
275 406
395 406
200 407
264 407
268 407
354 407
411 407
428 407
431 407
14 408
107 408
110 408
169 408
257 408
309 408
338 408
371 408
41 409
113 409
205 409
215 410
241 410
371 410
443 410
86 411
227 411
244 411
406 411
460 411
150 412
330 412
366 413
422 413
329 414
386 414
180 415
183 415
291 415
347 415
421 415
437 415
184 416
323 416
383 416
401 416
165 417
347 417
361 417
85 418
134 418
279 418
344 418
141 419
316 419
398 419
34 420
113 420
317 420
5 421
118 421
119 421
135 421
265 421
436 421
452 421
146 422
341 422
356 422
374 422
434 422
149 423
244 423
266 423
54 424
97 424
119 424
230 424
269 424
307 424
432 424
471 424
202 425
209 425
302 425
412 425
151 426
213 426
239 426
247 426
333 426
334 426
390 426
70 427
215 427
229 427
230 427
211 428
236 428
332 428
292 429
166 430
326 430
386 430
52 431
69 431
168 431
176 431
322 431
103 432
285 432
424 432
444 432
29 433
108 433
341 433
174 434
178 434
51 436
126 436
142 436
183 436
440 436
462 436
124 437
136 437
191 437
271 437
401 437
420 437
126 438
192 439
199 439
350 439
85 440
223 440
256 440
376 440
49 441
238 441
252 441
300 441
375 441
153 442
215 442
225 442
257 442
370 442
452 442
293 443
433 443
104 444
170 444
330 444
390 444
413 444
94 445
173 445
287 446
369 446
465 446
17 447
112 447
291 447
321 447
410 447
180 448
112 449
312 449
404 449
338 450
387 450
191 451
362 451
424 451
478 451
127 452
271 452
306 452
404 452
75 453
133 454
252 454
260 454
387 454
438 454
60 455
148 455
380 455
438 455
153 456
247 456
294 456
35 457
170 457
205 457
238 457
438 457
3 458
224 458
416 458
170 459
294 459
351 459
415 459
87 460
184 460
372 460
416 460
95 461
174 461
286 461
290 461
453 461
374 462
98 463
281 463
314 463
468 463
344 464
426 464
119 465
308 466
305 467
390 467
132 468
261 468
19 469
256 469
310 469
298 470
332 470
329 471
418 471
238 472
293 472
302 472
399 472
13 473
154 473
382 473
63 474
148 474
219 474
359 474
382 474
437 474
459 474
78 475
200 475
288 475
45 476
170 476
102 477
167 477
184 477
105 478
284 478
315 478
185 479
408 479
94 480
106 480
389 480
408 480
264 481
272 481
274 481
341 481
345 481
428 481
37 482
100 482
116 482
266 482
304 482
27 483
122 483
372 483
375 483
450 483
107 484
112 484
140 485
236 485
162 486
255 486
299 486
303 486
399 486
419 486
158 487
199 487
233 487
366 487
237 488
209 489
215 489
219 489
471 489
323 490
14 491
393 491
435 491
440 492
359 493
392 493
433 493
461 493
278 494
435 494
186 495
343 495
358 495
360 495
81 496
269 496
272 496
384 496
64 497
197 497
402 497
46 498
85 498
94 498
96 498
185 498
239 498
303 498
307 498
100 499
112 499
189 499
195 499
260 499
31 500
133 500
168 500
229 500
399 500
477 500
150 501
174 501
203 501
211 501
329 501
423 501
447 501
398 502
374 503
330 504
289 505
416 505
283 506
276 507
286 507
412 507
467 507
316 508
413 508
359 510
393 510
431 510
276 511
316 511
350 512
235 513
261 513
424 513
458 513
137 514
234 514
243 514
250 514
256 514
349 514
398 514
37 515
65 515
109 515
215 515
304 515
149 516
166 516
225 516
250 516
423 516
14 517
82 517
167 517
103 518
119 518
192 518
213 518
214 518
338 518
380 518
384 518
417 518
113 519
334 520
282 522
328 522
370 523
467 523
367 524
439 524
274 525
399 527
402 527
356 528
365 528
259 529
313 529
426 529
158 530
160 530
358 530
112 531
127 531
247 531
457 531
216 532
240 532
143 533
206 533
299 533
41 534
214 534
227 534
13 535
25 535
158 535
179 535
220 535
62 536
78 536
196 536
212 536
226 536
290 536
341 536
346 536
446 536
220 537
380 538
383 538
472 538
96 539
407 540
281 541
325 541
369 542
260 543
325 543
333 543
396 545
429 545
255 546
316 546
140 547
117 548
130 548
231 548
241 548
303 548
350 548
413 549
455 549
21 550
141 550
153 550
383 550
223 551
387 551
45 552
54 552
165 552
292 552
63 553
196 553
210 553
386 553
180 555
373 555
272 556
279 556
331 556
367 556
432 556
84 557
400 558
257 560
258 560
223 563
348 563
414 563
479 563
122 564
305 564
405 564
470 564
389 565
98 566
147 566
450 566
47 567
287 568
66 569
168 569
204 569
188 570
374 570
270 571
364 572
258 573
431 573
221 574
247 574
352 574
335 576
324 577
416 579
307 581
72 582
95 584
115 585
290 585
398 585
126 587
382 587
135 588
156 588
174 588
145 589
190 590
359 591
241 592
251 592
264 592
227 593
340 593
207 594
296 596
310 596
324 596
