270 69
286 69
298 71
316 72
335 73
276 82
212 83
253 83
233 84
295 87
393 87
313 90
328 91
408 93
354 96
247 100
267 100
229 102
368 102
215 103
294 104
312 105
186 106
163 108
333 109
394 109
404 110
144 114
260 114
422 114
233 117
286 118
312 118
126 119
216 120
332 121
338 121
362 121
430 121
200 122
325 122
364 122
188 123
346 123
381 123
211 124
441 124
375 125
177 126
168 127
163 128
180 128
187 128
148 129
261 130
396 130
459 131
407 132
245 133
281 133
300 133
321 133
231 134
288 134
304 134
310 134
316 134
239 135
323 135
335 135
351 135
133 136
315 137
350 138
202 139
193 140
355 140
114 141
188 141
197 142
182 143
384 143
397 144
378 145
387 145
163 146
170 146
253 147
272 148
230 149
288 149
446 149
215 150
281 150
282 150
307 150
406 150
300 151
335 151
146 152
331 152
424 152
205 153
328 153
334 153
125 154
208 154
333 154
192 155
352 155
464 155
364 156
193 157
178 159
385 159
388 159
106 160
377 160
166 161
261 161
393 161
285 162
245 163
157 164
219 164
307 164
152 165
406 165
159 166
211 166
313 166
329 166
203 168
222 168
136 169
193 169
350 169
443 170
180 171
348 171
353 171
434 171
366 172
175 173
284 175
385 175
387 175
382 176
111 177
272 177
454 177
99 178
251 178
297 178
306 178
317 178
231 179
296 179
214 180
236 180
326 180
404 180
468 180
169 181
187 181
211 181
406 182
151 183
344 183
157 184
190 184
360 184
418 184
372 185
375 185
153 186
375 186
422 186
75 188
144 188
433 188
119 190
129 190
259 190
279 190
207 191
208 191
210 191
220 191
235 191
298 191
381 191
106 192
229 192
387 192
393 192
396 192
191 193
319 193
332 193
61 194
335 194
348 196
354 196
450 196
172 197
406 197
368 198
86 199
156 199
416 200
118 201
163 201
378 201
423 201
419 202
147 203
272 203
285 203
467 203
150 204
215 204
224 204
248 204
386 204
228 205
260 205
293 205
305 205
328 205
423 205
102 206
199 206
228 206
311 206
193 207
221 207
341 207
130 208
132 208
190 208
397 208
138 209
440 209
74 210
172 210
173 211
366 211
123 212
443 212
374 213
117 214
54 215
263 215
268 216
281 216
147 217
156 217
225 217
234 217
250 217
268 217
297 217
312 217
315 217
398 217
453 217
262 218
265 218
108 219
220 219
312 219
206 220
338 220
411 220
420 220
87 221
89 221
91 221
151 221
459 221
88 222
191 222
427 222
135 223
352 223
180 224
189 224
365 224
119 225
127 225
133 225
175 225
177 226
426 226
474 226
128 227
165 227
270 227
280 227
368 227
370 227
372 227
162 228
160 229
263 229
267 229
388 229
440 229
109 230
151 230
249 230
295 230
163 231
309 231
99 232
105 232
251 232
327 232
224 233
235 233
247 233
209 234
340 234
408 234
224 235
91 236
140 236
212 236
360 236
404 236
192 237
208 237
421 237
460 237
181 238
178 239
89 240
271 240
286 240
301 240
122 241
271 241
275 241
319 241
422 241
298 242
377 242
304 243
329 243
376 243
381 243
334 244
66 246
107 246
155 246
334 246
386 246
396 246
469 246
223 247
237 247
246 247
393 247
435 247
212 248
350 249
362 249
247 250
263 250
359 250
253 251
276 251
445 251
53 252
86 252
284 252
127 253
195 253
283 253
373 253
412 253
300 254
322 255
321 256
420 256
452 256
384 257
387 257
112 258
153 258
340 258
337 259
391 259
247 260
397 260
430 260
68 261
243 261
246 261
98 262
140 262
232 262
260 262
283 262
350 262
168 263
220 263
256 263
469 263
296 264
367 264
307 265
129 266
202 266
325 266
366 266
377 266
442 266
55 267
325 267
338 269
81 270
154 270
385 270
185 271
43 272
347 272
254 273
257 273
268 273
284 273
351 273
242 274
296 274
428 274
108 275
255 275
264 275
355 275
400 275
260 276
307 276
367 276
455 276
146 277
372 277
213 278
65 279
224 279
307 279
322 279
95 280
136 280
461 280
414 281
126 282
332 282
92 283
187 283
191 283
387 283
165 284
78 285
173 285
286 285
173 286
351 286
428 286
473 286
274 287
44 288
250 288
291 288
253 289
260 289
307 289
147 290
227 290
263 290
367 290
225 291
231 291
239 291
326 291
406 291
151 292
236 292
29 293
112 293
449 293
108 294
190 294
211 294
383 294
194 295
339 295
139 296
179 297
420 297
392 298
458 299
78 300
134 300
173 300
258 300
306 300
357 300
62 301
285 301
307 301
97 302
162 302
266 302
125 303
240 303
253 303
205 304
257 304
317 304
366 304
402 304
430 304
327 305
437 305
228 306
116 307
195 307
435 307
115 308
341 308
411 308
146 309
411 309
468 309
386 310
81 311
146 311
410 311
440 311
54 312
181 312
219 312
260 313
272 313
277 313
284 313
109 314
259 314
355 314
265 315
302 315
308 315
420 315
475 315
46 316
102 316
237 316
242 316
318 316
206 317
394 317
68 318
166 318
202 318
368 318
133 319
211 319
332 319
402 319
451 319
240 320
131 321
402 321
158 322
69 323
378 323
405 323
61 324
153 324
160 324
194 324
347 324
88 325
268 325
279 325
355 325
384 325
408 325
36 326
281 326
297 326
300 326
410 326
461 326
255 327
302 327
434 327
57 328
218 328
266 328
89 329
115 329
180 329
310 329
314 329
388 329
117 330
368 330
52 331
177 331
248 331
444 331
212 332
218 332
245 332
330 332
24 333
395 333
420 333
425 333
469 333
241 334
105 335
72 336
77 336
108 336
135 336
162 336
291 336
397 336
134 337
202 337
204 337
344 337
379 337
45 338
163 338
231 338
404 338
69 339
135 339
274 339
226 340
259 340
406 340
434 340
97 341
361 341
431 341
454 341
153 343
191 343
226 343
256 343
428 343
124 344
312 344
327 345
393 345
459 345
59 346
151 346
245 346
299 346
368 346
88 347
411 347
33 348
122 348
154 348
179 348
215 348
242 348
443 348
415 349
418 349
280 350
372 350
235 351
343 351
381 351
111 352
264 352
267 352
234 353
262 353
402 353
466 353
82 354
173 354
78 355
138 355
175 355
259 355
136 356
253 356
77 357
197 357
357 357
395 357
224 358
251 358
290 358
297 358
308 358
310 358
396 358
168 359
324 359
429 359
476 359
284 360
306 360
402 360
453 360
47 361
98 361
281 361
319 361
101 362
336 362
365 362
406 362
71 363
67 364
125 364
161 364
238 364
268 364
369 364
68 365
182 366
185 366
342 366
436 366
152 367
210 367
373 367
40 368
43 368
46 368
63 368
352 368
204 369
229 369
351 369
394 369
412 369
416 369
174 370
255 370
59 372
85 372
90 372
116 372
329 372
441 372
462 372
115 373
146 373
221 373
224 373
304 373
317 373
198 374
401 374
425 374
171 375
194 375
285 375
288 375
380 375
173 376
276 376
292 376
340 376
342 376
400 376
58 377
111 378
214 378
405 378
57 379
109 379
268 379
362 379
424 379
136 380
194 380
344 380
383 380
407 380
162 381
78 382
211 382
366 382
368 382
468 382
49 383
233 383
236 383
258 383
157 384
354 384
188 385
389 385
415 385
432 385
452 385
302 386
308 386
52 387
186 387
206 387
323 387
362 387
103 388
186 388
291 388
305 388
308 388
309 388
229 389
299 389
476 389
46 390
128 390
323 390
336 390
416 390
167 391
230 391
284 391
332 391
392 391
420 391
42 392
371 392
395 392
71 393
372 393
375 393
396 393
436 393
123 394
267 394
275 394
332 394
144 395
341 395
376 395
396 395
97 396
164 396
240 396
439 396
460 396
220 397
395 397
41 398
97 398
179 398
198 398
200 398
421 398
423 398
43 399
100 399
353 399
118 400
401 400
359 401
382 401
251 402
315 402
352 402
426 402
443 402
117 403
235 403
299 403
213 404
250 404
380 404
467 404
96 405
157 405
407 405
89 406
137 406
194 406
218 406
269 406
406 407
427 408
56 409
329 409
382 409
389 409
284 410
365 410
446 410
173 411
319 411
113 412
245 412
191 413
229 413
263 413
306 413
330 413
342 413
86 414
209 414
391 414
150 415
412 415
468 415
112 416
263 416
370 416
337 417
70 418
261 418
49 420
106 420
128 420
186 420
349 420
350 420
393 420
227 421
282 421
22 422
345 422
417 422
437 422
85 423
148 423
221 423
256 423
321 423
378 423
394 423
455 423
476 423
204 424
223 424
240 424
254 424
164 425
267 425
299 425
379 425
42 426
207 426
402 426
439 426
357 427
66 428
264 428
279 428
421 428
236 429
337 429
278 430
333 430
14 431
101 431
122 431
198 431
220 431
265 431
294 431
333 431
379 431
262 432
424 432
385 433
219 434
441 434
81 435
160 435
201 435
236 435
342 435
120 436
138 436
219 436
248 436
319 436
385 436
99 437
177 437
308 437
463 437
35 438
96 439
326 439
404 439
59 440
279 440
290 440
57 441
326 441
263 442
292 442
427 442
235 443
365 443
53 444
350 444
387 444
51 445
76 445
192 445
327 445
416 445
78 446
152 446
294 446
134 447
150 447
232 447
445 447
275 448
404 448
117 449
248 449
290 449
332 449
471 449
261 450
333 450
337 450
370 450
25 451
53 451
72 451
205 451
316 451
339 452
163 453
165 453
175 453
301 453
405 453
220 454
68 455
69 455
232 455
290 455
418 455
90 456
147 456
359 456
416 456
431 456
110 457
189 457
450 457
131 458
462 458
70 459
125 459
131 459
262 459
303 459
433 459
217 461
277 461
346 461
369 461
69 462
110 462
161 462
202 462
329 462
393 462
202 463
234 463
248 463
327 463
43 464
44 464
64 464
384 464
18 465
233 465
290 465
64 466
86 466
144 466
188 466
294 466
465 466
107 467
140 467
331 467
334 467
145 468
175 468
295 468
421 468
435 468
59 470
107 470
311 470
359 470
438 470
123 471
218 471
264 471
280 471
159 472
334 472
383 472
453 472
59 473
190 473
249 473
338 473
370 473
406 473
35 474
189 474
187 475
237 475
284 475
370 476
10 477
138 477
221 477
367 477
235 478
320 478
79 479
174 479
202 479
343 479
468 479
299 480
300 480
439 480
156 481
172 481
267 481
284 481
422 481
439 481
55 482
97 482
99 482
237 483
251 483
456 483
114 484
220 484
372 484
116 485
253 485
376 485
408 485
28 486
188 486
223 486
378 486
237 487
240 487
361 487
374 487
406 487
203 488
205 488
328 488
366 488
272 489
274 489
307 489
473 489
140 490
155 490
169 490
171 490
187 490
291 490
407 490
206 491
438 491
390 492
91 494
94 494
334 494
312 495
386 495
423 495
23 496
46 496
239 496
460 496
474 496
88 497
68 498
109 498
113 498
276 498
378 498
93 499
154 499
187 499
201 499
223 499
385 499
126 501
204 501
202 502
259 502
276 502
298 502
319 502
383 502
369 503
439 503
43 504
88 504
109 504
172 504
401 504
242 505
349 505
450 506
478 506
86 507
187 507
224 507
397 507
18 508
138 508
206 508
264 508
326 508
359 508
169 509
278 509
306 509
424 509
120 510
223 510
246 510
171 511
205 511
280 511
62 512
227 513
391 513
123 514
153 514
189 514
246 514
334 514
171 515
245 515
397 515
465 515
263 517
268 517
437 517
438 517
104 518
105 518
186 518
210 518
265 518
187 519
226 519
313 519
59 520
206 520
291 520
386 520
478 520
102 521
394 521
37 522
247 522
420 523
453 523
171 524
80 525
101 525
324 525
361 525
412 525
134 526
328 526
376 526
123 527
138 527
152 527
269 528
294 528
339 528
346 528
368 528
104 529
330 529
354 529
382 529
420 529
435 529
340 530
439 530
466 530
54 531
153 531
188 531
249 531
364 531
206 532
414 532
432 532
209 533
231 533
420 533
73 534
99 534
170 534
297 534
28 535
120 535
133 535
276 535
281 535
302 535
409 535
115 536
228 536
150 537
411 537
452 537
399 539
137 540
152 540
305 540
50 541
121 542
136 543
214 543
231 543
254 543
311 543
392 543
434 543
216 544
83 545
117 545
236 545
329 545
388 545
429 545
465 545
67 546
170 546
188 546
286 547
346 547
375 547
100 548
82 549
136 549
152 549
329 549
448 549
99 550
362 550
347 551
237 552
263 552
429 552
426 553
84 554
97 554
216 554
401 554
423 554
42 555
346 555
316 557
419 557
423 557
465 557
115 558
152 558
173 558
193 558
235 558
82 559
385 559
97 560
113 560
115 560
215 560
305 560
356 560
367 560
371 560
389 560
170 561
324 561
376 561
418 561
263 562
269 562
247 563
293 563
416 563
441 563
59 564
136 564
243 564
327 564
133 565
171 565
178 565
313 565
34 567
78 567
223 568
314 569
414 569
477 569
156 570
274 570
327 570
401 570
409 570
433 570
461 570
111 571
277 571
281 571
250 572
337 572
436 572
75 574
357 574
178 575
198 575
361 575
383 575
390 575
96 576
155 576
256 576
369 576
376 576
433 576
305 577
355 577
361 577
140 578
157 578
177 578
230 578
378 578
112 579
254 579
277 579
363 579
184 580
264 581
288 581
423 581
256 582
162 583
257 583
286 583
475 583
51 584
71 584
129 584
182 584
206 584
293 584
323 584
235 587
329 587
331 587
401 587
453 587
347 588
406 588
407 588
107 589
127 589
341 589
304 590
373 590
400 590
401 590
337 591
354 591
87 592
125 592
168 592
372 592
380 592
388 592
142 593
360 593
365 593
398 593
148 594
87 595
273 595
440 595
107 597
190 597
239 597
295 597
316 597
430 597
438 597
168 598
214 598
64 599
259 599
431 599
125 600
188 600
242 600
429 600
282 601
327 602
468 602
337 603
373 603
83 605
360 605
245 606
347 606
417 606
129 607
454 607
107 608
268 608
310 608
155 609
290 609
175 610
401 610
199 611
223 611
387 613
73 615
252 615
323 615
434 615
477 615
375 617
280 618
302 619
340 619
354 619
471 620
181 622
234 622
417 622
107 625
135 625
92 626
403 626
268 627
312 627
436 627
161 628
212 628
462 628
391 630
245 631
321 632
378 632
278 633
447 633
367 634
87 635
346 635
113 636
218 636
413 637
144 638
196 638
289 638
