164 2
249 2
312 2
116 3
300 3
200 4
284 8
236 9
141 10
408 10
355 11
422 11
456 11
467 11
102 12
182 12
227 12
269 13
375 13
389 13
440 13
346 14
171 15
318 16
332 16
215 17
254 18
307 18
82 22
113 23
199 23
241 23
291 24
150 25
453 25
464 26
439 28
226 29
351 29
391 29
406 29
475 29
99 30
271 30
371 30
414 30
177 31
335 31
213 32
259 32
319 32
427 32
137 33
308 34
438 34
81 35
246 36
282 38
455 38
118 39
202 39
292 39
160 40
473 41
227 42
152 43
355 43
357 43
369 44
383 44
106 45
259 45
268 45
273 45
403 45
185 46
421 46
341 47
348 47
356 47
142 48
212 48
249 48
438 48
329 49
337 49
246 50
314 50
329 50
341 50
136 51
248 51
322 51
168 52
241 52
446 52
460 52
296 53
305 53
123 54
205 54
236 54
282 54
124 55
128 55
83 56
226 56
474 56
153 57
188 57
364 57
388 57
361 58
373 59
396 59
406 59
254 60
355 60
359 60
217 61
340 61
343 61
351 61
414 61
108 62
353 62
355 62
433 63
237 64
170 65
242 65
323 65
96 66
199 66
335 66
127 67
134 67
232 67
312 67
129 68
271 69
289 69
452 69
277 70
150 71
221 71
272 71
370 71
382 71
389 71
463 71
156 72
360 72
367 72
408 72
215 73
255 73
397 73
473 73
339 74
354 74
363 74
115 75
357 75
75 76
171 76
325 76
420 76
233 77
236 78
295 78
137 80
185 80
229 80
288 80
432 80
171 81
289 81
297 81
176 82
182 82
445 82
453 82
275 83
94 84
176 84
217 84
356 84
386 84
96 85
166 85
257 85
334 85
347 85
352 85
373 85
461 85
60 86
338 86
364 86
395 86
407 86
157 87
205 87
235 87
324 87
397 87
201 88
336 88
410 88
88 89
122 89
150 89
301 90
313 90
318 91
424 91
184 92
192 92
289 92
473 92
143 93
187 93
219 93
266 93
287 93
298 93
439 93
141 94
78 95
439 95
108 96
359 96
174 97
343 97
344 97
202 98
327 98
334 98
395 98
330 99
388 99
98 100
168 100
232 100
235 100
366 100
131 101
164 101
300 101
373 101
399 101
65 102
187 102
296 102
459 102
90 103
227 103
415 103
223 104
280 104
286 104
56 105
153 105
421 105
431 105
149 106
211 106
261 106
434 106
211 107
334 107
114 108
330 108
475 108
81 109
172 109
323 109
343 109
347 109
390 109
438 109
175 110
247 110
302 110
135 111
405 111
293 112
416 112
106 113
108 113
135 113
197 113
232 113
237 113
284 113
102 114
357 114
127 115
224 115
289 115
456 115
148 116
155 116
279 116
282 116
417 116
262 117
372 117
384 117
464 118
176 119
327 119
331 119
346 119
350 119
428 119
117 120
176 120
323 120
392 120
317 121
339 121
397 121
243 122
296 122
306 122
400 122
201 123
80 124
112 124
360 124
368 124
371 124
413 124
442 124
105 125
164 125
200 125
270 125
197 126
228 126
129 127
156 127
228 127
386 127
108 128
125 129
152 129
460 129
214 130
334 130
181 131
252 131
260 131
398 132
64 133
251 133
343 133
469 133
92 134
170 134
241 134
434 134
93 135
116 135
355 135
202 136
301 136
312 136
319 136
368 136
412 136
84 137
163 137
376 137
86 139
230 139
282 139
383 139
421 139
186 140
219 140
426 140
101 141
134 141
136 141
217 141
395 141
445 141
159 142
240 142
390 142
398 142
46 143
153 143
273 143
342 143
265 144
268 144
354 144
407 144
149 145
179 145
322 145
337 145
200 146
361 146
373 146
418 146
458 146
60 147
171 147
252 147
315 147
324 147
370 147
379 148
381 148
201 149
299 149
424 149
86 150
118 150
253 150
470 150
218 151
285 151
391 151
116 152
160 152
219 152
275 152
439 152
187 153
191 153
404 153
439 153
409 154
84 155
110 155
131 155
264 155
274 155
326 155
327 155
334 155
351 155
412 155
46 156
337 156
358 156
76 157
105 157
233 157
449 157
178 158
202 158
371 158
178 159
312 159
383 159
146 160
149 160
223 160
423 160
427 160
298 161
386 161
247 162
281 163
395 163
466 163
61 164
116 164
168 164
214 164
435 164
241 165
137 166
155 166
188 166
274 166
324 166
400 166
271 167
405 167
259 168
317 168
353 168
354 168
361 168
478 168
86 169
129 169
230 169
312 169
344 169
292 170
299 170
415 170
450 170
128 171
251 171
300 171
374 171
385 171
195 172
374 172
248 173
287 173
47 174
149 174
427 174
213 175
317 175
330 175
70 176
231 176
273 176
350 176
94 177
182 177
276 177
464 177
41 178
144 178
270 178
358 178
434 178
115 179
166 179
267 179
402 179
474 179
197 180
369 180
62 181
313 181
221 182
253 182
299 182
322 182
83 183
133 183
294 183
307 183
312 184
320 184
333 184
105 185
284 185
386 185
395 185
417 185
452 185
290 186
51 187
392 187
148 188
274 188
344 188
74 189
225 189
122 190
184 190
269 190
355 190
407 190
261 191
370 191
463 191
201 192
377 192
429 192
255 193
258 193
160 194
305 194
328 194
419 194
65 195
175 195
212 195
248 195
312 195
320 195
383 195
85 196
341 196
386 196
290 197
293 197
295 197
332 197
347 197
445 197
134 198
274 198
330 198
57 199
115 199
404 199
96 200
131 200
358 200
232 201
371 201
421 202
460 202
198 203
375 203
168 204
263 204
380 204
428 204
432 204
109 205
144 205
393 205
161 206
179 206
194 206
218 206
248 206
252 206
310 206
328 206
387 206
433 206
466 206
68 207
300 207
105 208
285 208
342 208
347 208
192 209
284 209
295 209
396 209
401 209
439 209
236 210
275 210
364 210
44 211
407 211
447 211
88 212
89 212
132 212
207 212
409 212
268 213
423 213
200 214
318 214
56 216
327 216
113 217
152 217
344 217
384 217
87 218
168 218
352 218
126 219
194 219
246 219
303 219
355 219
394 219
71 220
189 220
309 220
356 220
433 220
435 220
458 220
107 221
142 221
168 221
211 221
250 221
289 221
366 221
406 221
87 222
124 222
292 222
306 222
356 222
361 222
81 223
103 223
165 223
272 223
371 223
230 224
416 224
121 225
141 225
372 225
444 225
467 225
181 226
378 226
335 227
419 227
424 227
426 227
94 228
201 228
335 228
347 228
391 228
475 228
133 229
134 229
220 229
349 229
155 230
176 230
455 230
34 231
245 231
356 231
52 232
75 232
111 232
172 232
193 232
252 232
87 233
91 233
212 233
306 233
316 233
323 233
438 233
165 234
237 234
278 234
292 234
314 234
365 234
126 235
189 235
415 235
124 236
404 236
418 236
166 237
185 237
227 237
265 237
323 237
331 237
333 237
375 237
404 237
26 238
104 238
105 238
143 238
202 238
423 238
81 239
429 239
445 239
199 240
196 241
250 241
383 241
385 241
47 242
140 242
179 242
44 243
59 243
115 243
155 243
350 243
154 244
214 244
392 244
415 244
458 244
97 245
278 245
308 245
359 245
56 246
231 246
295 246
38 247
92 247
150 247
319 247
19 248
126 248
205 248
369 248
402 248
108 249
147 249
187 249
262 249
366 249
425 249
445 249
465 249
91 250
128 250
168 250
198 250
332 250
68 251
253 251
340 251
142 252
164 252
49 253
141 253
177 253
283 253
343 253
376 253
218 254
380 254
102 255
121 255
174 255
435 255
474 255
138 256
158 256
191 256
352 256
390 256
416 256
46 257
100 257
359 257
391 257
274 258
309 258
314 258
326 258
460 258
27 259
266 259
297 259
360 259
42 260
113 260
154 260
204 260
322 260
58 261
75 261
129 261
165 261
258 261
289 261
446 261
76 262
371 262
401 262
430 262
195 263
372 263
219 264
87 265
128 265
178 265
228 265
339 265
343 265
108 266
242 266
354 266
383 266
17 267
147 267
393 267
413 267
439 267
469 267
65 268
194 268
419 268
89 269
102 269
276 269
311 269
121 270
265 270
321 270
395 270
36 271
188 271
213 271
360 271
365 271
229 272
477 272
140 273
207 273
256 273
286 273
326 273
337 273
456 273
59 274
104 274
116 274
140 274
164 274
182 274
427 274
54 275
296 275
343 275
370 275
430 275
114 276
138 276
373 276
407 276
408 276
434 276
51 277
242 277
354 277
369 277
384 277
5 278
74 278
311 278
49 279
51 279
96 279
233 279
127 280
437 280
463 280
24 281
194 281
42 282
136 282
322 282
41 283
154 283
190 283
225 283
332 283
333 283
441 283
111 284
124 284
153 284
281 284
362 284
396 284
170 285
193 285
213 285
263 285
288 285
298 285
369 285
471 285
135 286
384 286
420 286
186 287
253 287
340 287
186 288
207 288
308 288
119 289
244 289
318 289
35 290
184 290
239 290
380 290
407 290
427 290
431 290
477 290
65 291
206 291
234 291
355 291
451 291
8 292
236 292
68 293
146 293
182 293
326 293
130 294
163 294
382 294
434 294
436 294
26 295
46 295
223 295
258 295
263 295
416 295
84 296
262 296
272 296
279 296
366 296
143 297
255 297
345 297
459 297
98 298
129 298
224 298
418 298
111 299
195 299
198 299
222 299
306 299
440 299
44 300
212 300
337 300
370 300
58 301
172 301
286 301
338 301
354 301
420 301
243 302
377 302
397 302
467 302
139 303
173 303
193 303
211 303
215 303
237 303
340 303
426 303
42 304
155 304
190 304
235 304
321 304
342 304
400 304
446 304
18 305
230 305
37 306
189 306
233 306
299 306
362 306
188 307
264 307
266 307
331 307
428 307
121 308
227 308
230 308
276 308
387 308
411 308
432 308
475 308
308 309
368 309
71 310
166 310
183 310
251 310
350 310
406 310
8 311
369 311
390 311
431 311
75 312
90 312
147 312
163 312
228 312
353 312
70 313
164 313
224 313
320 313
414 313
49 314
130 314
202 314
286 314
392 314
457 314
68 315
148 315
114 316
273 316
360 316
440 316
67 317
148 317
202 317
378 317
400 317
65 318
216 318
243 318
294 318
331 318
421 318
174 319
255 319
280 319
259 320
301 320
387 320
96 321
309 321
388 321
64 322
158 322
175 322
465 322
209 323
238 323
339 323
139 324
313 324
371 324
20 325
125 325
316 325
431 325
449 325
64 326
232 326
371 326
434 326
80 327
107 327
171 327
277 327
373 327
153 328
260 328
352 328
395 328
284 329
416 329
89 330
90 330
104 330
293 330
325 330
357 330
11 331
61 331
289 331
164 332
256 332
472 332
35 333
137 333
202 333
349 333
361 333
405 333
54 334
222 334
298 334
300 334
71 335
246 335
363 335
427 335
445 335
459 335
178 336
179 337
309 337
348 337
117 338
147 338
193 338
217 338
314 338
409 338
239 339
266 339
279 339
367 339
369 339
390 339
414 339
132 340
269 340
337 340
413 340
26 341
84 341
198 341
259 341
433 341
44 342
157 342
281 342
285 342
357 342
412 342
433 342
45 343
65 343
115 343
142 343
193 343
262 343
321 343
375 344
95 345
340 345
342 345
469 345
210 346
359 346
421 346
60 347
188 347
346 347
399 347
140 348
156 348
174 348
298 348
383 348
435 348
455 348
108 349
142 349
227 349
247 349
307 349
381 349
127 350
170 350
252 350
257 350
299 350
438 350
19 351
188 351
303 351
347 351
364 351
426 351
173 352
255 352
382 352
405 352
91 353
331 353
37 354
56 354
108 354
122 354
137 354
330 354
426 354
476 354
52 357
57 357
162 357
318 357
370 357
109 358
199 358
283 358
70 359
185 359
356 359
336 360
393 360
11 361
33 361
51 361
104 361
292 361
358 361
451 361
465 361
158 362
210 362
238 362
264 362
378 362
412 362
84 363
102 363
415 363
196 364
357 364
378 364
416 364
436 364
86 365
183 365
221 365
241 365
299 365
360 365
51 366
182 366
207 366
322 366
398 366
169 367
237 367
324 367
395 367
421 367
474 367
119 368
394 368
455 368
131 369
264 369
325 369
344 369
380 369
115 370
143 370
398 371
440 371
7 372
197 372
208 372
238 372
240 372
327 373
346 373
365 373
80 374
180 374
220 374
238 374
261 374
307 374
42 375
207 375
425 375
48 376
207 377
385 377
462 377
24 378
166 378
286 378
411 378
96 379
168 379
195 379
258 379
312 379
369 379
446 379
98 380
406 380
94 381
153 381
177 381
219 381
273 381
358 381
79 382
180 382
332 382
57 383
72 383
239 383
257 383
434 383
467 383
77 384
140 384
206 384
274 384
450 384
58 385
109 385
218 385
344 385
390 385
420 385
433 385
72 386
110 386
125 386
192 386
255 386
347 386
219 387
315 387
38 388
375 388
163 389
164 389
277 389
291 389
410 389
411 389
86 390
89 390
176 390
256 390
274 390
398 390
423 390
439 390
455 390
16 391
54 391
161 391
208 391
277 391
425 391
474 391
333 392
364 392
135 393
241 393
221 394
438 394
68 395
105 395
120 395
152 396
242 396
337 396
49 397
179 397
406 397
86 398
100 398
105 398
379 398
47 399
285 399
300 399
419 399
443 399
176 400
192 400
237 400
405 400
67 401
134 401
224 401
260 401
279 401
433 401
224 402
245 402
85 403
162 403
242 403
246 403
463 403
64 404
175 404
207 404
331 404
46 405
335 405
448 405
7 406
132 406
303 406
394 406
23 407
84 407
99 407
146 407
317 407
357 407
423 407
162 408
252 408
304 408
393 408
57 409
114 409
224 409
319 409
343 409
369 409
57 410
114 410
192 410
193 410
228 410
249 410
229 411
248 411
453 411
177 412
191 412
255 412
314 412
333 412
132 413
263 413
228 414
270 414
279 414
289 414
332 414
164 415
258 415
321 415
209 416
213 416
274 416
372 416
441 416
67 417
110 417
357 417
386 417
401 417
458 417
53 418
232 418
236 418
310 418
415 418
431 418
90 419
320 419
334 419
335 419
48 420
235 420
359 420
47 422
323 422
461 422
177 423
196 423
243 423
298 423
48 424
66 424
80 424
220 424
376 424
145 425
216 425
249 425
336 425
432 425
11 426
46 426
85 426
193 426
361 426
405 426
417 426
447 426
29 427
63 427
82 427
376 427
98 428
128 428
161 428
268 428
365 428
65 429
80 429
160 429
164 429
217 429
261 429
284 429
348 429
364 429
214 430
220 430
289 430
112 431
263 431
335 431
145 432
289 432
45 433
83 433
226 433
275 433
321 433
336 433
410 433
227 434
274 434
280 434
395 434
451 434
219 435
334 435
63 436
202 436
302 437
303 437
437 437
472 437
182 438
335 438
382 438
61 439
66 439
99 439
39 440
61 440
239 440
348 440
366 440
97 441
113 441
131 441
163 441
425 441
3 442
94 442
221 442
353 442
425 442
21 443
114 443
128 443
187 443
298 443
401 443
415 443
426 443
456 443
318 444
400 444
79 445
256 445
332 445
370 445
443 445
273 446
291 446
314 446
478 446
150 447
206 447
226 447
258 447
266 447
270 447
384 447
385 447
272 448
282 448
371 448
37 449
60 449
168 449
186 449
310 449
428 449
229 450
315 450
128 451
167 451
169 451
353 451
374 451
416 451
431 451
312 452
349 452
387 452
137 453
211 453
231 453
312 453
17 454
114 454
129 454
237 454
362 454
418 454
449 454
467 454
97 455
139 455
304 455
432 455
173 456
59 457
239 457
240 457
340 457
154 458
192 458
216 458
305 458
402 458
142 459
194 459
216 459
421 459
452 459
282 460
326 460
327 460
254 461
391 461
129 462
270 462
297 462
304 462
362 462
439 462
291 463
378 463
437 463
473 463
198 464
289 464
17 465
175 465
224 465
392 465
407 465
116 466
144 466
146 466
157 466
173 466
377 466
142 467
228 467
395 467
131 468
133 468
457 468
99 469
145 469
206 469
274 469
281 469
285 469
322 469
338 469
84 470
182 470
426 470
60 471
82 471
242 471
264 471
281 471
351 471
425 471
252 472
324 472
379 472
38 473
160 473
239 473
262 473
264 473
351 473
134 474
308 474
366 474
440 474
16 475
83 475
184 475
307 475
148 476
214 476
396 476
443 476
63 477
462 477
102 478
218 478
428 478
167 479
298 479
121 480
168 480
194 480
431 480
148 481
225 481
289 481
384 481
432 481
123 482
138 482
186 482
191 482
288 482
415 482
447 482
43 483
61 483
65 483
106 483
137 483
399 483
190 484
233 484
315 484
359 484
60 485
103 485
239 485
256 485
273 485
288 485
337 485
470 485
86 486
198 486
337 486
383 486
432 486
18 487
154 487
307 487
451 487
86 488
200 488
85 489
111 489
122 489
126 489
372 489
388 489
47 491
205 491
327 491
329 491
93 492
306 492
402 492
434 492
143 493
182 493
214 493
236 493
359 493
110 494
418 494
456 494
68 495
115 495
209 495
216 495
298 495
159 496
160 496
243 496
258 496
323 496
477 496
142 497
188 497
224 497
290 497
392 497
393 497
217 498
24 499
48 499
50 499
53 499
222 499
405 499
316 500
441 500
93 501
375 501
197 502
221 502
274 502
341 502
348 502
423 502
169 503
306 503
364 504
379 504
121 505
366 505
97 506
123 506
237 506
344 506
361 506
446 506
29 507
264 507
430 507
467 507
176 508
248 508
296 508
340 508
382 508
412 508
430 508
398 509
150 510
325 510
369 510
77 511
106 511
319 511
185 512
213 512
414 512
44 513
108 513
112 513
128 513
314 513
369 513
384 513
279 514
282 514
308 514
400 514
105 515
216 515
354 515
436 515
454 515
48 516
86 516
161 516
229 516
419 516
134 517
135 517
223 517
225 517
62 518
93 518
116 518
199 518
233 518
303 518
345 518
371 518
402 518
87 519
138 519
253 519
307 519
32 520
60 520
89 520
235 520
390 520
423 520
238 521
405 521
444 521
90 522
248 522
390 522
143 523
171 523
291 523
427 523
123 524
209 524
210 524
328 524
395 524
428 524
96 525
182 525
41 526
290 526
72 527
213 527
278 527
319 527
361 527
464 527
129 528
155 529
98 530
132 530
187 530
229 530
259 530
312 530
385 530
399 530
449 530
224 531
264 531
411 531
108 532
161 532
223 532
252 532
472 532
46 533
243 533
248 533
413 533
111 534
347 534
455 534
202 535
302 535
342 535
419 535
85 536
163 536
334 536
294 537
394 537
420 537
439 537
139 538
169 538
463 538
68 539
115 539
145 539
212 539
365 539
368 539
399 539
182 541
327 541
396 541
422 541
247 542
319 542
398 542
181 543
258 543
151 544
257 544
402 544
102 545
121 545
125 545
240 545
355 545
382 545
404 545
406 545
452 545
471 545
148 546
221 546
233 546
280 546
343 546
229 547
270 547
307 547
311 547
433 547
193 548
86 549
125 549
195 549
406 549
84 550
388 550
130 551
295 551
417 551
435 551
456 551
206 552
293 552
392 552
30 553
162 553
416 553
61 554
96 555
142 555
170 555
331 555
220 556
387 556
250 557
417 557
141 558
399 558
41 559
72 559
105 559
180 559
189 559
219 559
236 559
321 559
116 560
265 560
384 560
307 561
446 561
152 562
427 562
291 563
350 563
365 563
81 564
285 564
455 564
193 565
341 565
161 566
279 566
331 566
53 567
91 567
125 567
410 567
430 568
435 568
229 569
265 569
291 569
436 569
128 570
135 570
138 570
241 570
253 570
254 570
277 571
418 571
469 571
65 572
314 572
389 572
133 573
314 573
376 573
72 574
101 574
174 574
382 574
143 575
447 575
190 576
403 576
354 578
420 578
297 579
343 579
151 580
300 580
326 580
328 580
88 582
270 582
284 582
319 582
428 582
53 583
122 583
225 583
264 583
161 584
269 584
460 584
174 585
241 585
436 585
123 586
261 586
310 586
378 586
257 587
386 587
404 587
131 588
183 588
252 588
389 588
439 588
470 588
71 589
257 589
379 589
364 590
415 590
140 592
366 592
418 592
341 593
356 593
82 594
148 594
205 594
267 594
280 594
287 594
291 595
300 595
321 595
91 596
149 596
219 596
242 596
267 596
303 596
328 596
332 596
429 596
150 597
283 597
105 598
404 599
433 599
378 601
120 603
168 604
274 604
181 605
252 605
351 605
387 605
301 606
319 607
331 607
366 607
416 607
136 608
406 611
94 612
432 612
262 615
109 616
166 616
245 617
297 617
121 618
221 618
308 619
336 619
400 619
389 620
455 620
182 621
413 621
435 621
137 623
195 623
224 626
255 626
317 629
330 629
334 629
109 631
120 634
422 634
411 635
436 635
285 636
400 637
