451 1
251 2
310 2
358 2
467 2
197 4
348 4
218 5
266 6
243 7
298 7
333 8
324 10
399 10
408 10
431 10
189 11
390 11
416 11
382 12
455 12
211 13
285 13
318 13
442 13
256 15
469 15
479 15
307 16
358 16
183 17
228 17
273 18
345 18
296 23
335 23
390 24
398 24
407 24
420 24
430 24
192 25
260 26
462 26
477 26
324 27
381 27
449 27
203 28
284 28
360 28
215 29
232 29
310 31
250 32
274 34
297 35
348 35
465 35
176 36
198 36
421 36
329 37
397 37
475 37
402 38
414 38
433 38
158 39
442 39
217 40
380 40
268 41
451 41
239 42
263 42
342 42
168 43
238 43
257 43
258 43
287 43
315 43
462 44
286 45
206 46
358 46
212 48
228 48
301 48
344 48
475 48
226 49
278 49
331 49
412 49
419 49
162 50
204 50
411 50
178 51
424 51
383 52
399 52
410 52
436 52
245 53
323 53
196 54
265 54
433 54
446 54
222 55
375 55
436 55
459 55
286 56
318 56
361 56
317 57
263 58
314 58
352 58
218 59
471 59
174 60
283 61
303 61
232 62
343 62
147 63
252 63
298 63
167 64
297 64
414 64
185 65
205 65
336 65
397 65
410 65
423 65
426 65
433 65
439 65
231 66
269 66
425 67
203 68
244 68
268 68
288 68
386 68
455 68
224 69
324 69
377 69
363 70
178 71
315 71
288 72
355 72
466 72
259 73
189 76
214 76
252 76
411 76
151 77
174 77
339 77
273 78
415 78
427 78
429 78
300 79
399 79
414 79
437 79
446 80
241 81
297 81
188 82
203 82
241 82
321 82
373 82
269 83
384 83
456 83
268 84
289 84
363 84
466 84
235 85
313 86
311 87
284 88
285 88
310 88
477 88
198 89
347 89
407 89
423 89
287 90
425 90
175 91
307 91
400 91
414 91
438 91
156 92
210 92
330 93
445 93
172 94
223 94
241 94
383 95
258 97
272 97
319 97
457 97
242 98
370 98
172 99
274 99
467 99
405 100
184 101
290 101
292 101
425 101
235 102
336 102
392 102
473 102
162 103
164 103
200 103
217 103
250 103
391 103
197 104
286 104
436 105
141 106
306 106
374 106
384 106
285 107
329 107
372 107
373 107
245 108
262 108
364 108
453 109
211 111
279 111
281 111
319 111
193 112
296 112
351 113
405 114
414 114
422 114
464 114
153 115
169 115
224 115
396 115
314 116
429 116
128 117
291 117
316 117
472 117
288 118
311 118
312 118
340 118
386 118
440 118
203 119
165 120
255 120
373 120
448 120
479 120
231 121
253 121
272 121
303 122
124 123
246 123
251 123
370 123
164 124
181 124
358 124
373 124
457 124
214 125
253 125
301 125
327 125
146 126
282 126
266 127
424 127
120 128
139 128
296 128
352 128
410 128
344 129
350 129
467 129
248 130
262 130
296 130
352 130
396 130
405 130
196 131
243 131
263 131
317 131
438 131
346 132
385 132
475 132
223 133
259 133
337 133
155 134
313 134
349 134
176 135
289 135
376 135
449 135
315 136
336 136
208 137
372 137
337 138
219 139
257 139
276 139
306 139
171 140
189 140
461 140
129 141
236 141
256 141
283 141
286 141
304 141
330 141
363 141
399 141
412 141
421 141
391 142
400 142
439 143
277 145
319 145
302 146
317 147
351 147
249 148
382 148
444 148
474 148
298 149
165 150
230 150
264 151
296 151
316 151
338 151
343 151
371 151
213 152
260 152
341 152
196 153
245 153
368 153
456 153
398 154
404 154
410 154
247 155
273 155
419 155
261 156
338 156
396 156
178 157
258 157
314 157
365 157
393 157
433 157
463 157
439 158
356 159
288 160
385 160
159 161
255 161
305 161
360 161
469 161
115 163
326 163
205 164
446 164
172 165
188 165
223 165
348 165
349 165
477 166
137 167
235 167
375 167
409 167
413 167
266 168
405 168
422 168
414 170
423 170
186 171
341 171
429 171
183 172
317 172
363 172
229 173
165 174
167 174
216 174
261 174
387 174
420 174
438 174
195 175
318 175
334 175
392 175
460 175
149 176
210 177
436 177
211 178
264 178
294 178
335 178
242 179
258 179
312 179
440 179
467 179
130 180
180 180
227 180
277 180
296 180
315 180
293 181
329 182
374 182
294 183
175 184
342 184
399 184
364 185
412 185
176 186
272 186
363 186
453 186
474 186
190 187
228 187
308 187
388 187
420 187
304 188
432 188
209 189
324 189
328 189
341 189
391 189
405 189
122 190
156 190
240 190
320 190
287 191
341 191
355 191
434 191
437 191
137 192
253 192
357 192
378 192
428 192
460 192
224 193
299 193
355 193
171 194
185 194
249 194
336 194
384 194
272 195
437 195
206 196
250 196
318 196
117 197
184 197
249 197
323 197
334 198
445 198
465 198
284 199
96 200
221 200
368 201
219 202
243 202
344 202
402 202
420 202
199 203
398 203
412 203
422 203
428 203
294 204
116 205
131 205
178 205
200 205
314 205
363 205
398 205
454 205
165 206
220 206
203 207
261 207
288 207
336 207
364 207
472 207
161 209
310 209
375 209
393 209
437 209
179 210
217 210
237 210
214 211
238 211
357 211
390 211
200 212
476 212
390 213
458 213
160 214
331 214
375 214
191 215
193 215
275 215
281 215
443 215
197 216
235 216
262 216
373 216
119 217
138 217
417 217
421 217
304 218
352 218
105 219
406 219
321 220
412 220
173 221
462 221
153 222
234 222
370 222
400 222
208 223
275 223
368 223
448 223
410 224
435 224
247 225
252 225
303 225
372 225
186 226
191 226
419 226
227 227
346 227
435 227
279 228
412 228
172 229
320 229
371 229
271 230
453 230
129 231
165 231
186 231
267 231
299 231
387 231
469 231
250 232
366 232
388 232
425 232
242 233
340 234
439 234
145 235
164 235
200 235
363 236
198 237
200 237
454 237
314 238
442 238
183 239
121 240
334 240
383 240
407 240
288 242
381 242
472 242
243 243
315 243
401 243
430 243
442 243
200 245
257 245
310 245
372 245
417 245
178 246
262 246
269 246
291 246
393 246
157 247
180 247
216 247
353 247
397 247
416 247
214 248
255 248
305 248
400 248
118 249
173 249
194 249
258 249
331 249
376 249
456 249
121 250
267 250
287 250
243 252
280 252
307 252
373 252
472 252
236 253
132 254
170 254
277 254
326 254
366 254
377 254
390 254
395 254
432 254
434 255
258 256
348 256
433 256
458 256
214 257
217 257
391 257
392 257
422 257
149 258
276 258
110 259
129 259
260 259
407 259
472 259
187 260
298 260
367 260
420 260
172 262
251 262
228 263
323 263
167 264
318 264
440 264
125 265
166 265
208 265
284 265
438 265
148 266
382 266
302 267
437 267
389 268
424 268
457 268
404 269
176 270
203 270
205 270
472 270
186 271
201 271
227 271
276 271
404 271
102 272
198 272
207 272
221 272
383 272
417 272
436 272
341 273
250 274
366 274
437 274
161 275
198 275
270 276
312 276
138 277
179 277
226 277
400 277
406 277
118 278
180 278
358 278
226 279
316 279
419 279
198 280
246 280
199 281
93 282
294 282
379 282
156 283
436 283
457 283
469 284
193 285
335 285
131 286
289 286
267 287
271 287
295 287
311 287
167 288
375 288
414 288
172 289
175 289
414 289
238 290
285 290
174 291
214 291
468 291
107 292
370 292
435 292
128 293
395 293
452 293
208 295
229 295
332 295
376 295
416 295
100 296
285 296
372 296
468 296
144 297
262 297
410 297
436 297
165 298
328 299
350 299
433 299
256 300
305 300
394 301
428 301
116 302
231 302
390 302
406 302
197 303
318 303
182 304
413 304
467 304
349 305
161 306
431 306
279 307
444 307
301 308
430 308
108 309
318 309
387 309
134 310
221 310
246 310
254 310
252 312
333 312
347 312
367 312
404 312
408 312
429 312
479 312
130 313
382 313
384 313
412 313
448 313
296 314
425 314
270 315
464 315
216 316
271 316
316 316
423 316
289 317
345 317
368 317
275 318
383 318
402 318
208 319
363 320
407 320
428 320
198 321
289 322
444 322
211 323
237 323
294 323
439 323
175 324
325 324
460 324
195 325
378 325
439 325
193 326
262 326
287 326
346 326
291 327
198 328
259 328
366 328
381 328
396 328
425 328
230 329
438 329
140 331
364 331
256 332
359 332
422 332
304 333
340 333
399 333
163 334
222 334
394 334
280 335
338 335
281 336
320 336
252 337
304 337
454 337
472 337
186 338
280 338
416 338
181 339
183 339
215 339
245 339
340 340
397 340
218 341
350 341
359 341
372 341
376 341
415 341
153 342
436 342
356 343
240 344
242 344
267 344
270 344
277 345
376 345
294 346
412 346
177 347
287 347
335 347
396 347
408 347
432 348
199 349
291 349
349 349
351 349
368 349
451 349
173 350
286 350
335 350
393 350
433 350
235 351
294 351
395 351
466 351
327 352
413 352
416 352
175 353
268 353
308 353
335 353
310 354
350 354
331 355
369 355
385 355
410 355
325 356
350 356
170 357
262 357
187 358
284 358
189 359
282 359
299 359
223 360
250 360
327 360
413 360
408 361
448 361
227 363
279 364
318 364
425 364
430 364
130 365
385 365
154 366
301 366
380 366
420 366
476 366
326 367
461 367
403 368
302 369
317 369
318 369
340 369
364 369
178 370
321 370
361 370
439 370
290 371
377 371
236 373
380 374
397 374
400 374
291 375
384 375
419 375
142 376
297 376
319 376
374 376
241 377
459 377
203 378
311 379
331 379
170 380
431 380
306 381
265 382
202 383
225 383
329 383
413 383
468 383
330 384
354 384
370 384
393 384
433 384
286 385
302 385
415 385
162 386
433 386
308 387
430 387
216 391
282 391
369 391
446 391
478 391
390 393
297 394
320 394
342 394
403 394
187 395
365 395
408 395
218 396
273 396
292 396
367 396
387 396
423 396
425 397
358 398
369 398
174 400
216 400
209 401
238 401
441 401
206 403
263 403
457 404
470 404
204 405
423 405
229 406
405 406
260 407
382 407
399 407
250 408
255 408
295 408
335 408
332 409
399 409
434 409
283 410
375 410
262 411
299 411
326 411
301 412
416 412
290 414
189 415
394 415
431 415
178 416
220 416
224 416
351 416
371 416
279 417
429 417
463 417
396 418
242 419
279 419
322 419
374 419
211 420
238 420
283 420
391 420
241 421
371 421
411 421
442 421
308 422
345 422
412 422
479 422
386 423
208 424
213 424
215 424
263 424
266 424
315 425
209 426
212 426
278 426
362 426
456 426
265 428
275 429
304 429
384 429
432 430
333 431
436 431
257 433
295 433
329 433
358 433
374 434
404 434
426 434
453 434
301 435
378 435
253 436
292 436
294 436
355 436
247 438
395 438
470 438
424 439
322 440
417 440
420 440
282 442
309 442
220 443
274 443
347 443
370 443
416 443
315 444
338 445
392 445
440 445
332 447
415 447
185 448
459 448
326 450
328 452
256 453
248 454
379 454
404 454
474 454
265 455
286 455
351 455
423 455
429 455
244 456
401 456
447 457
317 458
422 458
344 460
391 462
413 463
336 464
285 465
460 465
288 466
367 466
434 466
326 467
355 467
276 468
328 468
352 468
274 469
404 469
474 469
260 471
253 473
264 473
269 473
245 474
232 475
304 475
444 475
414 476
335 477
390 477
409 477
434 477
291 478
313 478
303 479
352 479
355 480
432 480
337 481
462 481
376 482
422 486
234 488
256 488
448 488
412 489
267 491
294 491
394 491
433 491
312 492
318 492
477 492
331 494
354 494
383 494
369 497
404 499
416 501
446 501
461 501
435 502
472 503
271 508
280 508
289 508
417 508
255 509
323 510
373 511
355 513
391 514
428 514
438 514
445 515
463 532
