263 24
231 26
289 28
221 31
244 32
184 35
279 35
214 36
267 36
340 38
327 39
231 40
317 40
252 41
298 41
199 42
293 42
167 43
159 44
277 46
216 48
356 49
154 50
184 50
260 50
344 51
248 52
309 53
329 53
208 54
237 54
290 57
172 58
226 58
141 60
162 60
269 60
359 60
376 60
192 61
382 61
342 62
183 64
252 64
315 64
324 65
158 66
300 66
284 67
211 68
124 69
364 69
147 70
232 71
375 71
170 72
267 72
193 74
333 74
218 75
253 75
323 76
108 77
244 78
305 78
352 78
162 80
288 80
290 81
365 81
408 81
274 82
122 83
382 83
96 84
199 85
138 86
172 86
222 86
223 86
257 87
188 88
245 88
337 88
324 89
354 89
109 90
148 90
210 90
240 90
312 90
352 90
162 91
187 91
293 91
303 91
232 92
281 92
122 93
184 93
276 93
283 93
228 94
267 94
370 94
100 95
158 96
161 96
196 96
384 96
134 97
220 97
263 97
168 98
421 98
154 99
249 99
320 99
394 99
307 100
331 100
293 101
346 101
235 102
408 103
103 104
184 104
206 104
366 104
429 104
272 105
80 106
145 106
120 107
251 107
255 107
414 107
172 108
251 108
377 108
216 109
167 110
169 110
282 111
287 111
312 111
325 111
389 111
88 112
199 112
291 112
293 112
309 112
317 112
322 112
236 113
272 113
275 113
341 113
348 113
157 114
161 114
351 114
182 115
222 116
258 116
396 116
125 117
146 117
407 117
102 118
217 118
247 118
368 118
81 119
256 119
249 120
308 121
429 121
114 122
208 122
293 123
322 123
224 124
276 124
311 124
333 124
387 124
391 124
73 125
134 125
162 125
193 125
259 125
333 125
438 125
348 127
349 127
83 128
104 128
352 128
177 129
179 129
358 129
147 130
239 130
243 130
405 130
451 130
201 131
203 132
419 132
61 133
229 133
231 133
238 133
366 133
376 133
227 134
310 134
319 134
324 134
429 134
166 135
292 135
313 135
91 136
193 136
218 136
258 136
280 136
297 136
317 136
387 136
84 137
116 137
190 137
136 138
162 138
184 138
186 138
242 138
326 138
338 138
335 139
346 139
206 140
77 141
128 141
235 141
405 142
450 142
228 143
99 144
368 144
418 144
73 145
287 145
145 146
190 146
165 147
191 147
247 147
267 147
301 147
306 147
313 147
325 147
209 148
336 148
388 148
423 148
390 149
431 149
62 150
319 150
436 150
86 151
179 151
235 151
344 151
131 152
155 152
393 152
108 153
223 153
357 153
190 154
358 155
408 155
452 156
277 157
75 158
98 158
173 158
264 158
300 158
370 158
425 158
287 159
332 159
141 160
237 160
384 160
163 161
311 161
312 161
333 161
466 161
199 162
232 162
349 163
386 163
388 163
224 164
395 165
61 166
132 166
184 166
447 166
86 167
152 167
214 168
280 168
363 168
264 169
294 169
287 170
290 170
370 170
106 171
122 171
171 171
241 171
247 171
325 171
336 171
368 171
310 172
420 172
461 172
229 173
244 173
299 173
334 173
139 174
142 174
72 175
120 175
190 175
234 175
350 175
384 175
95 176
160 176
226 176
139 177
226 177
440 177
113 178
349 178
212 179
265 179
180 180
281 180
359 180
132 181
201 181
208 181
259 181
243 182
256 182
263 182
304 182
359 182
361 182
407 182
59 183
201 183
256 183
299 183
331 183
371 183
82 184
107 184
200 184
317 184
452 184
83 185
144 185
230 185
375 185
457 185
167 186
50 187
339 187
225 188
231 188
343 188
388 189
426 189
463 189
120 190
135 190
183 190
222 190
73 191
277 191
154 192
352 192
358 192
94 193
111 193
252 193
296 193
470 193
207 194
209 194
251 194
270 194
175 195
293 195
310 195
107 196
110 196
314 196
363 196
401 196
442 196
61 197
88 197
202 197
238 197
328 197
371 197
325 198
54 199
225 199
377 199
189 200
235 200
414 200
159 202
221 202
278 202
343 202
420 202
136 203
216 203
387 203
461 203
180 204
203 204
291 204
427 204
78 205
260 205
261 205
300 205
393 205
424 205
95 206
128 206
206 206
247 206
362 206
111 207
440 207
42 208
172 208
198 208
146 209
197 209
318 209
370 210
441 210
124 211
164 211
333 211
379 211
234 212
476 212
90 213
231 213
66 214
83 214
349 214
412 214
415 214
138 215
184 215
218 215
54 216
84 216
98 216
268 216
424 216
456 216
286 217
156 218
176 218
263 218
270 218
297 218
358 218
394 218
131 219
261 219
391 219
428 219
110 220
113 220
127 220
203 220
213 220
359 220
368 220
429 220
309 221
324 221
93 222
240 222
366 222
468 222
438 223
168 224
192 224
330 224
336 224
410 224
142 225
145 225
227 225
191 226
378 226
68 227
124 227
140 228
227 228
268 228
161 229
185 229
252 229
255 229
280 229
295 229
354 229
426 229
116 230
156 230
216 230
243 230
309 230
390 230
422 230
427 230
49 231
180 231
215 231
79 232
174 232
209 232
358 232
425 232
459 232
434 233
109 234
111 234
210 234
368 234
369 234
93 235
170 235
129 236
197 236
330 236
196 237
330 237
375 237
144 238
147 238
274 238
411 238
440 238
249 239
475 239
53 240
143 240
164 240
290 240
118 241
303 241
344 241
349 241
224 242
156 243
233 243
237 243
353 243
385 243
418 243
177 244
228 244
236 244
424 244
457 244
178 245
326 245
61 246
95 246
211 246
365 246
110 247
209 247
334 247
394 247
396 247
77 248
130 248
432 248
177 249
440 249
252 250
283 250
148 251
149 251
170 251
271 251
376 251
469 251
107 252
197 252
305 252
412 252
122 253
163 253
167 253
287 253
103 254
160 254
348 254
64 255
98 255
119 255
350 255
83 256
140 256
219 256
227 256
228 256
319 256
99 257
116 257
356 257
391 257
136 258
186 258
333 258
113 260
173 260
217 260
453 260
129 261
131 261
203 261
366 261
403 261
54 262
92 262
108 262
149 262
172 262
294 262
376 262
431 262
200 263
249 263
256 263
273 263
144 264
284 264
348 264
436 264
236 265
439 265
236 266
319 266
321 266
384 267
412 267
469 267
66 268
193 268
328 268
332 269
361 269
123 270
160 270
184 270
220 270
226 270
340 270
419 270
446 270
102 271
393 271
37 272
77 272
117 272
299 272
396 272
425 272
117 273
218 273
304 273
371 273
426 273
97 274
344 274
346 274
376 274
91 275
209 275
315 275
377 275
169 276
251 276
268 276
54 277
109 277
112 277
141 277
235 277
284 277
285 277
322 277
407 277
436 277
30 278
109 278
383 278
385 278
461 278
196 279
327 279
128 280
295 280
330 280
437 280
295 281
89 282
159 282
221 282
365 282
160 283
221 284
309 284
346 284
310 285
42 286
63 286
208 286
313 286
321 286
376 286
447 286
81 287
179 287
207 287
272 287
259 288
261 288
405 288
475 288
95 289
116 289
388 289
426 289
144 290
169 290
244 290
267 290
273 290
324 290
118 291
280 291
292 291
363 291
33 292
296 292
335 292
369 292
290 293
52 294
189 294
226 294
343 294
133 295
134 295
346 295
159 296
303 296
304 296
461 296
69 297
137 297
185 297
216 297
382 298
412 298
436 298
316 299
322 299
353 299
443 299
88 300
106 300
261 300
355 300
419 300
207 301
381 301
271 302
327 302
473 302
102 303
201 303
240 303
258 303
282 303
123 304
127 304
144 304
247 304
369 305
62 306
104 306
171 306
237 306
301 306
341 306
396 306
454 307
137 308
311 308
400 308
377 309
213 310
435 310
38 311
93 311
157 311
162 311
219 311
312 311
356 311
95 312
131 312
184 312
134 313
155 313
271 313
272 313
319 313
54 314
153 314
210 314
360 314
412 314
87 315
206 315
283 315
290 315
387 315
71 316
444 316
144 317
178 317
244 317
255 317
328 317
367 317
106 318
107 318
248 318
251 318
329 318
468 318
83 319
228 319
337 319
370 319
141 320
172 320
197 320
235 320
296 320
120 321
223 321
271 321
298 321
82 322
123 322
221 322
138 323
168 323
224 323
309 323
429 323
378 324
402 324
456 324
121 325
210 325
355 325
406 325
136 326
167 326
171 326
183 326
213 326
320 326
387 326
43 327
97 327
133 327
138 327
183 327
288 327
342 327
479 327
133 328
203 328
290 328
320 328
205 329
285 329
289 329
365 329
412 329
134 330
150 330
167 330
201 330
365 330
132 331
240 331
439 331
246 332
262 332
296 332
416 332
111 333
233 333
395 333
37 334
222 334
305 334
330 334
395 334
424 334
445 334
468 334
144 335
375 335
54 336
125 336
160 336
188 336
352 336
400 336
143 337
156 337
214 337
218 337
69 339
104 339
122 339
358 339
451 339
83 340
86 340
139 340
281 340
318 340
101 341
121 341
432 341
475 341
136 342
211 342
46 343
289 343
433 343
101 344
118 344
172 344
200 344
295 344
387 344
414 344
433 344
250 345
367 345
155 346
240 346
303 346
366 346
440 346
165 347
193 347
82 348
133 348
223 348
335 348
438 348
459 348
231 349
263 349
395 349
38 350
60 350
186 350
314 350
96 351
345 351
213 352
404 352
445 352
76 353
127 353
162 353
182 353
281 353
375 353
378 353
401 353
163 354
403 354
426 354
109 355
126 355
142 355
182 355
183 355
212 355
427 355
90 356
378 356
105 357
175 357
180 357
330 357
357 357
202 358
236 358
291 358
413 358
472 358
156 359
295 359
430 359
88 360
174 360
234 360
413 360
141 361
253 361
313 361
339 361
68 362
267 362
334 362
87 363
455 363
47 364
190 364
364 364
101 365
226 365
274 365
342 365
398 365
439 365
216 366
133 367
299 367
321 367
344 367
184 368
351 368
373 368
394 368
395 368
423 368
164 369
326 369
344 369
376 369
113 370
130 370
150 370
350 370
241 371
245 371
200 372
244 372
285 372
353 372
355 372
408 372
467 372
61 373
128 373
148 373
180 373
235 373
240 373
248 373
308 373
331 373
353 373
374 373
376 373
382 373
113 374
203 374
253 374
449 374
95 375
233 375
374 375
194 376
383 376
92 377
224 377
362 377
472 377
42 378
173 378
269 378
174 379
295 379
360 379
362 379
107 380
124 380
272 380
319 380
108 381
314 381
318 381
343 381
366 381
337 382
339 382
57 383
90 383
188 383
192 383
341 383
216 384
229 384
441 384
124 385
232 385
281 385
302 385
339 385
368 385
392 385
89 386
165 386
218 386
350 386
38 387
101 387
140 387
459 387
257 388
371 388
411 388
289 389
303 389
326 389
346 389
427 389
117 390
184 390
218 390
262 390
376 390
449 390
99 391
182 391
214 391
325 391
104 392
208 392
211 392
261 392
307 392
353 392
68 393
209 393
286 393
288 393
177 394
202 394
378 394
97 395
99 396
103 396
135 396
154 396
267 396
311 396
315 396
330 396
470 396
174 397
314 397
332 397
398 397
454 397
136 398
169 398
224 398
229 398
294 398
298 398
402 398
365 399
46 400
195 400
223 400
228 400
421 400
78 401
155 401
241 401
275 401
367 401
169 402
112 403
233 403
337 403
95 404
130 404
147 404
217 404
319 404
354 404
109 405
148 405
217 405
390 405
172 406
300 406
94 407
300 407
429 407
146 408
183 408
253 408
43 409
113 409
186 409
208 409
213 409
466 409
255 410
376 411
413 411
57 412
254 412
303 412
306 412
325 412
71 413
320 413
433 413
179 414
205 414
208 414
143 415
285 415
90 416
183 416
203 416
229 416
231 416
241 416
344 416
125 417
166 417
271 417
308 417
342 417
158 418
182 418
107 419
453 419
272 420
289 420
331 420
364 420
329 421
345 421
401 421
107 422
141 422
309 422
349 422
158 423
213 423
273 423
85 424
108 424
145 424
261 424
421 424
100 425
244 425
244 426
291 426
125 427
178 427
387 427
406 427
67 428
100 428
459 428
86 429
143 429
161 429
333 429
353 429
445 429
51 430
103 430
246 430
335 430
105 431
163 431
141 432
262 432
370 432
85 433
87 433
261 434
295 434
104 435
208 435
243 435
316 435
119 436
190 436
296 436
391 436
102 437
115 437
119 437
156 437
334 437
337 437
137 438
225 438
279 438
356 438
433 438
188 439
227 439
316 439
207 440
375 440
62 441
241 441
279 441
134 442
395 442
452 442
79 443
265 443
298 443
322 443
416 443
173 444
203 444
394 444
114 445
374 445
153 447
131 448
187 448
155 449
281 449
341 449
363 449
96 450
138 450
298 450
384 450
457 450
140 451
237 451
253 451
381 451
421 451
399 452
382 453
76 454
128 454
384 454
264 455
297 455
385 455
249 456
253 456
184 457
343 457
155 458
235 458
425 458
153 459
250 459
281 459
325 459
371 459
372 459
154 460
171 460
139 461
152 461
294 461
93 462
215 462
282 462
356 462
374 462
384 462
445 462
108 463
297 463
389 463
156 464
407 464
266 465
310 465
198 466
342 466
232 467
152 468
73 469
91 469
250 469
430 469
141 470
174 470
281 471
413 472
249 473
253 473
265 473
280 473
374 473
362 474
395 474
213 475
294 475
362 475
122 476
393 476
313 477
108 478
159 478
309 478
364 478
437 478
123 479
196 479
379 479
229 480
346 480
173 482
248 482
267 482
211 483
228 483
251 483
329 483
345 483
122 484
214 485
246 485
274 485
310 485
364 485
157 486
347 486
381 486
138 488
176 488
402 488
174 489
327 489
444 489
178 490
245 490
246 490
250 490
326 490
421 490
228 491
343 491
94 492
244 492
275 492
107 493
224 493
290 493
329 493
192 494
212 494
273 494
194 495
174 496
174 497
426 497
212 498
244 498
141 499
235 499
240 499
285 499
323 499
272 500
325 501
363 501
390 501
158 502
188 502
213 502
241 502
244 502
342 502
406 502
125 503
187 503
208 503
306 503
342 503
385 503
263 504
284 504
304 504
323 504
207 505
286 505
359 505
267 506
342 506
372 506
108 507
205 507
289 507
302 507
175 508
241 508
339 508
176 510
213 510
300 510
343 510
264 511
356 511
320 512
376 513
325 514
142 515
232 515
237 515
110 516
158 516
229 516
255 516
303 516
322 516
127 517
358 517
395 517
427 517
373 518
377 518
408 518
222 519
340 519
377 519
174 520
253 520
340 520
375 520
226 521
281 521
305 521
342 521
261 522
226 524
280 525
298 525
320 525
256 526
339 526
193 527
317 527
220 528
165 530
248 530
292 530
224 531
357 531
127 532
339 532
254 533
296 533
299 533
186 534
207 534
338 534
273 535
212 536
240 536
318 536
379 537
141 538
269 538
295 538
207 539
247 539
292 539
160 540
356 540
290 541
181 542
233 542
377 543
202 544
264 544
351 544
157 545
229 546
204 547
357 547
266 548
291 548
261 549
288 551
229 552
225 553
254 553
309 553
358 553
376 553
153 554
250 555
313 555
192 556
354 556
167 558
217 559
303 559
330 559
242 561
306 561
162 562
329 562
375 563
398 563
262 564
281 564
211 565
182 566
301 567
322 569
348 569
371 569
253 570
201 572
297 572
272 573
395 573
174 574
247 575
221 576
290 576
195 578
316 578
341 579
187 581
209 585
233 586
280 586
305 587
337 587
257 589
225 590
333 592
271 593
356 593
296 595
217 596
244 598
289 599
319 599
258 602
281 603
