205 3
153 4
247 4
423 5
96 6
477 6
141 9
190 9
304 11
398 11
279 13
457 13
357 15
345 17
174 18
117 19
263 19
337 21
325 22
253 23
472 23
204 24
158 25
102 26
232 28
308 28
454 28
378 29
291 30
366 30
424 30
443 30
189 31
391 31
143 32
87 33
343 33
135 34
268 34
130 37
80 38
251 38
329 38
72 39
475 39
200 41
287 41
299 41
304 41
68 42
116 42
296 42
308 42
315 42
200 43
238 43
309 43
431 43
450 43
466 43
290 44
382 44
402 44
226 45
288 45
402 45
431 45
440 45
62 46
200 46
375 46
418 46
433 46
263 48
355 48
97 50
338 50
341 50
214 51
256 51
155 52
177 52
180 52
165 53
258 53
237 55
475 55
138 56
314 56
454 56
85 57
435 57
230 58
359 58
393 58
404 58
341 59
345 59
374 59
389 59
297 60
70 61
79 61
114 61
121 61
216 61
285 61
306 61
176 63
189 63
278 63
297 63
183 64
61 65
106 65
110 65
167 65
198 65
268 65
288 65
200 66
474 66
267 68
276 68
441 68
460 68
382 69
405 69
427 69
430 69
373 70
389 70
402 70
146 71
239 71
333 71
92 72
337 72
90 73
228 73
248 73
329 73
353 73
303 74
351 74
86 75
180 75
294 75
322 75
82 76
214 76
220 77
228 77
306 77
445 77
132 78
200 79
205 79
285 79
288 79
75 80
415 80
471 80
375 81
389 81
390 81
115 82
162 82
163 82
272 82
285 82
369 82
399 82
257 83
363 83
386 83
258 84
395 84
154 85
157 85
246 85
346 85
110 86
246 86
266 86
259 87
328 87
331 87
346 87
176 88
325 88
297 89
311 89
178 90
229 90
240 90
302 90
51 91
194 91
234 91
237 91
435 91
450 91
173 92
207 92
438 92
456 92
91 93
429 93
430 93
175 94
223 94
166 95
213 95
223 95
283 95
163 96
386 96
476 96
169 97
382 97
116 98
334 98
365 98
347 99
354 99
312 100
348 100
264 101
309 101
329 101
333 101
354 101
119 102
253 102
194 103
255 103
294 103
140 104
186 104
105 105
123 106
194 106
240 106
122 107
236 107
60 108
114 108
129 108
175 108
398 108
420 108
442 108
390 109
401 109
98 110
229 110
371 110
377 110
55 111
327 111
389 111
464 111
163 112
212 112
302 112
339 112
373 112
49 113
93 113
323 113
355 113
217 114
265 114
296 114
325 114
212 115
271 115
278 115
310 115
321 115
472 115
266 117
143 118
257 118
197 119
243 119
77 120
244 120
126 122
380 122
117 123
180 123
302 123
387 123
412 123
229 124
290 124
401 124
112 125
280 125
328 125
353 125
373 125
430 125
372 126
419 126
105 127
110 127
413 127
430 127
61 128
158 128
100 129
205 129
51 130
461 130
95 131
149 131
447 131
145 132
272 132
133 133
139 133
253 133
262 133
259 134
268 134
295 134
477 134
247 135
81 136
175 136
309 136
328 136
347 136
79 137
174 137
184 137
237 137
367 137
39 138
181 138
343 138
356 138
391 139
118 140
160 140
226 140
345 140
377 140
210 141
428 141
428 142
151 144
437 144
62 145
157 145
445 145
97 146
104 146
194 146
298 146
258 148
263 148
282 148
321 148
456 148
463 148
474 148
103 149
179 149
241 149
271 149
272 150
49 151
243 151
320 151
334 151
353 151
128 152
368 152
386 152
401 152
88 153
356 153
395 153
86 154
169 154
225 154
366 154
402 154
400 155
411 156
200 158
211 158
419 158
425 158
143 159
113 160
303 161
109 162
143 162
258 162
276 162
285 162
300 162
312 162
441 162
64 163
186 163
264 163
290 164
293 164
339 164
380 164
240 165
248 165
329 165
453 165
93 166
229 166
94 167
128 167
129 167
401 168
408 168
350 169
472 169
44 170
124 170
165 170
356 170
358 170
156 171
369 172
426 172
204 173
364 173
417 173
119 174
150 174
412 174
111 175
192 175
247 175
271 175
285 175
72 176
140 176
300 176
315 176
429 176
106 177
387 177
248 178
327 178
63 179
142 179
390 179
442 179
101 180
311 180
395 181
452 181
222 182
341 182
342 182
399 182
169 183
90 184
354 184
405 185
48 186
118 186
360 186
205 187
262 187
465 187
203 188
246 188
267 188
77 189
152 189
196 189
256 189
274 189
290 189
370 189
420 189
43 190
147 190
240 190
433 190
478 190
303 191
310 191
184 192
292 192
318 192
383 193
435 193
436 194
99 195
334 195
128 196
223 196
126 197
334 197
165 198
224 198
250 198
400 198
453 198
210 199
347 199
56 200
118 200
350 200
153 202
155 202
359 202
277 203
416 203
424 203
189 204
271 204
294 204
361 204
474 204
81 205
83 205
141 205
184 205
192 205
264 205
371 205
376 205
109 206
307 206
432 206
45 208
136 208
239 208
252 208
318 208
381 208
225 209
385 209
132 210
177 210
332 210
335 210
99 211
447 211
70 212
210 212
406 212
195 214
415 214
89 215
194 215
275 215
349 215
461 215
114 216
149 216
259 216
394 216
187 217
265 217
425 217
89 218
184 218
247 218
303 218
401 218
138 219
140 219
234 219
362 219
472 219
84 220
108 220
55 221
132 221
102 222
165 223
321 223
374 223
439 223
48 224
97 224
331 225
411 225
127 226
158 226
201 226
328 226
342 226
121 227
153 227
189 227
273 227
279 227
250 228
334 228
456 228
69 229
144 229
388 229
38 230
88 230
228 230
241 230
253 230
344 230
424 230
426 230
176 232
223 232
225 232
33 233
138 233
434 233
313 234
361 234
397 234
205 235
372 235
438 235
322 236
406 236
470 236
59 237
442 237
98 238
160 238
267 238
372 238
94 239
252 239
92 240
375 240
383 240
116 241
220 241
243 241
278 241
340 241
151 242
214 242
218 242
177 243
207 243
295 243
108 245
135 245
199 245
348 245
430 245
459 245
170 246
307 246
426 247
76 248
312 248
397 248
100 249
127 249
253 249
153 250
154 250
158 250
252 250
320 250
363 250
438 250
245 251
232 252
258 252
266 252
325 252
407 252
474 252
214 253
217 253
276 253
326 253
286 254
87 255
112 255
178 255
270 255
338 255
378 255
414 255
447 255
344 256
200 257
134 258
342 258
54 259
111 259
302 259
388 259
424 259
459 259
305 260
73 261
74 261
162 261
100 262
157 262
187 262
246 263
353 263
467 263
42 264
150 264
152 264
155 264
210 264
262 264
263 264
359 264
432 264
436 264
124 265
331 265
438 265
175 266
326 266
366 266
402 266
65 267
203 267
277 267
287 267
413 268
192 269
281 269
411 269
106 270
333 270
342 270
380 270
81 271
136 271
418 271
109 272
343 272
346 272
454 272
52 273
134 273
161 273
429 273
102 274
159 274
237 274
73 275
157 275
305 275
428 275
120 276
126 276
224 276
233 276
392 276
147 277
207 277
240 277
262 277
323 277
67 278
73 278
148 278
466 278
193 279
273 279
67 280
439 280
45 281
63 281
117 281
284 281
407 281
108 282
175 282
341 282
86 283
373 283
375 283
479 283
41 284
294 284
106 285
170 285
57 286
102 286
452 286
79 287
129 287
158 287
228 287
233 287
245 287
307 287
419 287
392 288
395 288
212 289
119 291
264 291
268 291
314 291
363 291
430 291
319 292
466 292
89 293
317 293
42 294
45 294
67 294
115 294
144 294
277 294
278 294
340 294
407 294
90 295
178 295
182 295
324 295
21 296
64 296
289 296
374 296
376 296
438 296
322 297
168 298
169 298
295 298
353 298
437 298
225 299
333 299
354 299
220 300
232 300
242 300
290 300
389 300
213 301
252 301
387 301
165 302
219 302
256 302
304 302
305 302
363 302
422 302
449 302
342 303
151 304
368 305
424 305
460 305
52 306
98 306
186 306
29 307
72 307
119 307
403 307
429 307
70 308
76 308
187 308
175 309
175 310
274 310
283 310
286 310
383 311
438 311
284 312
330 312
107 313
235 313
356 313
62 314
208 314
216 314
302 314
413 314
471 314
85 315
163 315
238 315
102 316
195 316
251 317
308 317
310 317
15 318
77 318
81 318
396 318
419 318
154 319
321 319
371 319
424 319
36 320
122 320
268 320
292 320
346 320
77 321
352 321
145 322
54 323
72 323
94 323
173 323
300 323
297 324
378 324
428 324
458 324
221 325
236 325
241 325
280 325
328 325
386 325
433 325
48 326
205 326
136 327
137 327
164 327
167 327
172 327
307 327
413 327
466 327
249 328
365 328
109 329
244 329
257 329
287 329
311 330
343 330
395 330
63 331
83 331
340 331
372 331
156 332
262 332
293 332
400 332
65 333
85 333
375 333
446 333
424 334
473 334
123 335
325 335
377 335
176 336
211 336
273 336
274 336
15 337
56 337
142 337
301 337
352 337
94 338
303 338
357 338
73 339
170 339
386 339
114 340
34 341
51 341
73 341
136 341
335 341
412 341
437 341
458 341
141 342
169 342
256 343
310 343
316 343
67 344
159 344
292 344
371 344
394 344
219 345
420 345
197 346
207 346
220 346
346 346
469 346
267 347
270 347
320 347
401 347
83 348
131 348
186 348
190 348
233 348
321 348
103 349
106 349
123 349
151 349
233 349
277 349
324 349
350 349
123 350
407 350
42 351
61 351
178 351
246 351
304 351
382 351
406 351
448 351
475 351
62 352
248 352
431 352
17 353
97 354
171 354
283 354
142 355
359 355
204 356
257 356
338 356
362 356
75 357
313 357
413 357
200 358
211 358
291 358
389 358
394 358
458 358
89 359
161 359
222 359
263 359
317 359
71 360
73 360
167 360
187 360
267 360
296 360
369 360
371 360
373 360
395 360
229 361
321 361
340 361
48 362
52 362
395 362
48 363
240 363
275 363
380 363
26 364
102 364
403 364
426 364
466 364
65 365
83 365
277 365
349 365
381 365
402 365
98 366
251 366
42 367
66 367
150 367
153 367
332 368
387 368
97 369
98 369
118 369
285 369
63 370
267 370
310 370
359 370
434 370
412 371
113 372
143 372
182 372
222 372
314 372
57 373
267 373
316 373
339 373
391 373
478 373
176 374
293 374
370 374
167 375
321 375
436 375
78 376
275 376
439 376
462 376
53 377
233 377
253 377
278 377
319 377
320 377
439 377
30 378
54 378
104 378
299 378
349 378
400 378
133 379
169 379
375 379
446 379
402 380
160 381
76 382
154 382
199 382
308 382
380 382
265 383
328 383
356 383
384 383
426 383
470 383
265 384
407 384
289 385
383 385
406 385
124 386
207 386
213 386
248 386
266 386
311 386
20 387
69 387
94 387
119 387
122 387
191 387
294 387
345 387
366 387
65 388
148 388
249 388
42 389
200 389
226 389
274 389
348 389
89 390
116 390
292 390
461 390
332 391
394 391
414 391
436 391
60 392
182 393
278 393
297 393
318 393
352 393
413 393
435 393
440 393
299 394
356 394
372 394
14 395
81 395
321 395
336 395
373 395
176 396
258 396
56 397
163 397
166 397
235 397
422 397
105 398
400 398
455 398
134 399
283 399
379 399
419 399
473 399
31 400
209 400
325 400
380 400
441 400
104 401
124 401
158 401
168 401
306 401
343 401
210 402
307 402
120 403
243 403
267 403
364 403
408 404
125 405
222 405
243 405
262 405
152 406
172 406
194 406
465 406
70 407
120 407
124 407
238 407
431 407
449 407
223 408
290 408
350 409
369 409
43 410
247 410
434 410
20 411
92 411
329 411
332 411
389 411
110 413
274 413
370 413
421 413
87 414
115 414
220 414
252 414
374 414
110 415
164 415
316 415
355 415
457 415
15 416
391 416
115 417
138 417
298 417
340 417
405 417
441 417
474 417
60 418
106 418
376 418
136 419
205 419
225 419
376 419
393 419
82 420
109 420
134 420
220 420
255 420
301 420
358 420
11 421
34 421
78 421
207 421
251 421
339 421
409 421
133 422
158 422
210 422
223 422
395 422
129 423
270 423
341 423
76 424
104 424
280 424
466 424
107 425
283 425
431 425
206 426
257 426
381 426
76 427
127 427
204 427
448 427
100 428
240 428
303 428
321 428
222 429
271 429
417 429
153 430
239 430
319 430
48 431
92 431
366 431
98 432
121 432
173 432
200 432
347 432
69 433
141 433
220 433
333 433
440 433
146 434
234 434
96 435
218 435
238 435
288 435
306 435
474 435
440 436
458 436
39 438
113 438
219 438
321 438
371 438
386 438
409 438
86 439
219 439
63 440
165 440
253 440
307 440
353 440
427 440
58 441
113 441
193 441
273 441
82 442
135 442
136 442
160 442
289 442
445 442
107 443
129 443
218 443
254 443
105 444
161 444
467 444
30 445
253 445
325 445
104 446
130 446
190 446
211 446
215 446
237 446
256 446
371 446
400 446
53 447
303 447
306 447
338 447
416 447
432 447
74 448
191 448
288 448
451 448
73 449
273 449
155 450
290 450
356 450
389 450
125 451
148 451
186 451
94 452
36 453
149 453
234 453
420 453
123 454
147 454
253 454
438 454
62 455
68 455
254 455
287 455
459 455
24 456
119 456
145 456
290 456
340 456
359 456
406 456
477 456
63 457
88 457
140 457
208 457
290 457
358 457
121 458
272 458
177 459
206 459
307 459
178 460
113 461
142 461
169 461
325 461
392 461
407 461
198 462
271 462
305 462
172 464
342 464
409 464
438 464
105 465
407 465
439 465
440 465
45 466
192 466
227 466
343 466
426 466
48 467
105 467
167 467
169 467
220 467
425 467
457 467
227 468
268 468
359 468
377 468
46 469
305 469
394 469
289 470
442 470
126 471
284 471
410 471
23 472
71 472
263 472
303 472
414 472
243 473
346 473
457 473
73 474
158 474
66 475
93 475
193 475
220 475
238 475
324 475
475 475
42 476
359 476
305 477
378 477
154 478
320 478
415 478
431 478
239 479
343 479
120 480
35 481
141 481
155 481
255 481
149 482
208 482
238 482
279 482
414 482
86 483
415 483
446 483
463 483
478 483
83 484
212 484
257 484
343 484
378 484
178 485
300 486
379 486
208 487
320 487
323 487
139 488
297 488
359 488
431 489
50 490
108 490
228 490
303 490
376 490
143 491
415 491
433 491
98 492
273 492
467 492
168 493
228 493
317 493
136 494
342 494
413 494
450 494
128 495
201 495
295 495
419 495
64 496
98 496
360 496
398 496
246 498
270 498
317 498
435 498
220 499
313 499
263 500
89 501
123 501
192 501
237 501
240 501
293 501
377 501
470 501
159 502
56 503
220 503
265 503
415 503
452 503
261 504
320 504
114 505
150 506
314 506
425 506
111 507
336 507
395 507
437 507
49 508
110 508
146 508
76 509
105 509
181 509
287 509
308 509
313 509
412 509
419 509
136 510
262 510
379 510
41 511
233 511
355 511
469 511
68 512
177 512
225 512
230 512
255 512
391 512
100 513
259 513
260 513
285 513
454 513
100 514
283 514
374 514
428 514
411 515
304 516
427 516
224 517
167 518
276 518
281 518
328 518
392 518
58 519
88 519
226 519
284 519
306 519
374 519
125 520
303 520
121 521
194 521
372 522
162 523
218 523
219 523
350 523
369 523
454 523
116 524
243 524
366 524
371 524
395 524
410 524
426 524
470 524
236 525
272 525
110 526
111 526
301 526
323 526
425 526
188 527
210 527
217 527
299 527
387 527
391 527
40 528
426 528
105 529
210 529
70 530
152 530
206 530
319 530
323 530
367 530
389 530
182 531
295 531
407 531
229 532
294 532
364 532
96 533
154 533
210 533
257 533
388 533
438 533
144 534
342 534
388 535
436 535
171 536
202 536
228 536
336 536
126 537
288 537
313 537
408 537
455 537
470 537
195 538
317 538
362 538
141 539
144 539
146 539
267 539
313 539
353 539
405 539
169 540
363 540
439 540
422 541
245 542
112 543
358 543
379 543
473 544
158 545
283 545
380 545
437 545
72 546
281 546
153 547
188 547
219 547
353 547
214 548
306 548
400 548
101 549
329 549
437 549
129 550
131 550
208 550
238 550
375 550
236 551
398 551
400 551
476 551
145 553
273 553
370 553
374 553
416 553
175 554
392 554
294 556
81 557
206 557
366 557
479 557
113 558
116 558
252 558
341 558
390 559
199 560
227 560
317 560
361 560
364 560
412 560
432 560
465 560
162 561
152 564
132 565
179 565
266 565
385 565
284 566
173 568
216 568
382 568
191 569
305 569
355 569
381 569
240 570
333 570
479 570
121 571
405 571
257 572
463 572
161 573
164 573
231 573
154 575
424 575
271 576
372 577
394 577
398 577
109 578
205 578
180 579
347 579
144 580
178 580
227 580
270 580
294 580
197 582
316 582
93 583
130 583
247 583
367 583
388 584
416 584
440 584
198 585
244 586
391 586
339 587
391 588
215 590
282 590
363 590
409 590
457 590
185 591
357 591
112 592
184 592
257 592
306 592
478 592
379 594
205 596
328 596
404 596
95 597
135 597
174 597
378 598
399 598
347 599
268 601
243 602
289 602
446 602
118 603
160 603
367 603
420 603
315 604
468 605
259 607
389 607
212 608
233 608
337 608
175 610
459 610
141 611
208 611
353 612
407 612
200 615
377 615
159 617
321 617
450 617
241 618
426 619
395 620
288 621
343 622
364 622
218 623
388 623
145 624
313 624
132 625
171 627
250 627
282 627
334 627
382 627
411 627
207 628
308 628
161 630
273 630
328 631
268 633
298 634
345 634
186 635
261 637
392 638
