283 1
326 1
174 2
225 2
299 2
423 2
89 3
145 3
446 4
58 5
262 5
346 5
209 6
366 6
158 10
243 10
390 10
106 11
468 11
183 12
408 12
327 13
75 14
219 14
279 15
444 15
124 16
312 16
94 17
300 17
350 17
137 18
265 18
163 19
199 19
245 19
381 19
61 22
228 23
341 23
400 23
149 25
184 25
285 25
419 25
82 26
306 26
327 26
108 28
437 28
463 28
171 29
206 30
244 30
264 30
361 31
287 32
122 33
391 33
157 34
332 34
348 35
408 35
224 36
63 37
269 37
319 37
89 38
421 38
253 39
457 39
183 40
350 40
431 40
139 41
301 41
473 41
104 42
133 42
205 42
107 43
234 43
373 44
392 44
439 44
234 45
320 45
332 45
333 45
374 45
385 45
280 46
409 46
75 47
151 47
168 47
446 47
47 48
276 48
301 48
312 48
457 48
219 49
255 49
306 49
123 50
256 50
350 53
362 53
377 53
470 53
90 54
240 54
332 54
341 54
369 54
245 55
403 55
183 56
231 56
232 56
321 56
380 56
384 56
429 56
320 57
399 57
411 57
59 58
132 58
308 58
437 58
264 59
102 60
128 60
153 60
169 60
296 60
444 60
50 61
214 61
251 62
301 62
372 63
351 64
458 64
121 65
237 65
352 65
361 65
365 65
372 65
382 66
280 67
403 67
419 67
421 67
431 67
474 67
119 68
411 68
68 69
140 69
188 69
434 69
226 70
90 71
157 71
262 71
319 71
440 71
206 72
256 72
308 72
295 73
38 74
127 74
333 74
347 74
358 74
450 74
249 75
257 75
357 75
368 75
370 75
374 75
104 76
152 76
170 76
387 76
398 76
461 76
284 77
290 77
397 77
81 78
243 78
189 79
237 79
414 80
423 80
473 80
50 81
75 81
224 81
415 81
223 82
236 82
264 82
219 83
229 83
428 83
327 84
332 84
210 85
313 85
360 85
444 85
90 86
92 86
124 86
154 86
283 86
149 87
296 87
344 87
359 87
250 88
378 88
395 89
405 89
411 89
417 89
172 90
241 90
377 90
388 90
459 90
246 91
252 91
60 92
145 92
239 92
35 93
82 93
140 93
245 93
433 94
244 95
475 95
158 96
329 96
181 97
224 97
292 97
27 98
275 98
311 98
351 98
220 99
284 99
365 99
378 99
381 99
103 100
123 100
218 100
269 100
346 100
81 101
101 101
211 101
413 101
452 101
200 102
49 103
253 103
386 103
391 103
168 104
68 106
201 106
327 106
362 106
402 106
472 106
323 107
435 107
111 108
133 109
137 109
155 109
189 109
283 109
312 109
447 109
89 110
352 110
381 110
132 111
273 111
319 111
345 111
220 112
349 112
155 113
217 113
275 113
104 114
357 114
415 114
148 115
365 115
374 115
462 115
255 116
430 116
31 117
176 117
253 117
82 119
115 119
204 119
317 119
383 119
473 119
323 120
302 121
313 121
450 121
53 122
93 122
135 122
291 122
153 123
232 123
365 123
400 123
413 123
71 124
267 124
354 124
359 124
71 126
262 126
425 126
378 127
426 127
31 128
183 128
190 128
326 128
321 129
331 129
347 129
123 130
161 130
300 130
11 131
89 131
207 131
253 131
353 131
289 132
399 132
139 133
180 133
441 133
82 134
87 134
103 134
178 134
274 134
403 134
81 135
247 135
457 135
62 136
196 136
41 138
43 138
321 138
131 139
225 139
331 139
334 139
347 139
425 139
98 140
307 140
147 141
164 141
98 142
111 142
128 142
398 142
161 143
364 143
78 144
186 144
358 144
18 145
93 145
123 145
141 145
159 145
163 145
213 145
269 145
273 145
290 145
375 145
440 145
469 145
74 146
187 146
250 146
120 147
256 147
263 147
410 147
74 148
201 148
296 148
50 149
138 149
311 149
389 149
450 149
174 150
115 151
179 151
328 151
330 151
337 152
341 152
395 152
427 152
27 153
173 153
435 153
460 153
74 154
94 154
232 154
355 154
145 155
301 155
89 157
264 157
269 157
288 157
436 157
191 158
276 158
45 159
163 159
258 159
318 159
442 159
473 159
41 160
189 160
281 160
65 161
105 161
389 161
63 162
211 162
331 162
384 162
413 162
254 163
453 163
247 164
248 164
252 164
345 164
395 164
84 165
64 166
154 166
425 166
16 167
84 167
151 167
236 167
354 167
377 167
460 167
228 168
283 168
319 168
361 168
426 168
173 169
351 169
373 169
436 169
80 170
172 170
34 171
77 171
100 171
124 171
266 171
296 171
331 171
406 171
191 172
289 172
78 173
393 173
442 173
95 174
388 174
74 175
114 175
339 175
53 176
147 176
254 176
370 176
449 176
477 176
49 177
51 177
308 177
241 178
182 179
183 179
207 179
116 180
159 180
315 180
320 181
323 181
356 181
426 181
141 182
355 182
457 182
7 183
289 183
292 183
382 183
409 183
90 184
274 184
334 184
387 184
65 185
191 185
203 185
233 185
406 185
23 187
176 187
197 187
441 187
154 188
311 188
339 188
468 188
264 189
369 189
43 190
45 190
151 190
367 190
371 190
109 191
218 191
417 191
64 192
109 192
419 192
399 193
260 194
289 194
353 194
129 195
167 195
303 195
347 195
454 195
476 195
58 197
251 197
334 197
383 197
429 197
82 198
128 198
242 198
250 198
329 198
104 199
188 199
413 199
143 200
209 200
146 201
315 201
316 201
364 201
439 201
146 202
15 203
72 203
273 203
279 203
106 204
228 204
267 204
467 204
268 205
35 206
121 206
161 206
198 206
205 206
289 206
397 206
101 207
139 207
345 207
99 208
184 208
297 208
299 208
327 208
401 208
424 208
49 209
406 209
449 209
55 210
86 210
222 210
348 210
352 210
405 210
140 211
100 212
141 212
308 212
223 213
244 213
309 213
334 213
383 213
415 213
417 213
306 215
359 215
456 215
199 216
254 216
359 216
66 217
161 217
221 217
279 217
281 217
5 218
24 218
46 218
138 218
284 218
292 218
344 218
440 218
136 219
157 219
178 219
232 219
241 219
243 219
264 219
318 219
420 219
172 220
247 220
367 220
97 221
322 221
349 221
81 222
120 223
215 223
233 223
393 223
408 223
448 223
411 224
160 225
471 225
61 227
157 227
172 227
197 227
378 227
435 228
455 228
48 229
135 229
188 229
309 229
335 229
357 229
159 230
259 230
418 230
18 231
173 231
219 231
276 231
198 232
217 232
238 232
281 232
82 233
277 234
315 234
346 234
422 234
101 235
155 235
339 235
463 235
295 236
427 236
445 236
100 237
193 237
234 237
294 237
368 237
385 237
208 238
98 239
298 239
301 239
325 239
76 240
115 240
134 240
57 241
295 241
414 241
450 241
57 242
101 242
139 242
94 243
207 243
430 243
473 243
176 244
300 244
332 244
15 245
74 245
149 245
255 245
270 245
306 245
308 245
94 246
176 246
56 247
74 247
131 247
154 247
376 248
438 249
55 250
158 250
207 250
341 250
422 250
113 251
188 251
221 251
226 251
281 251
360 251
392 251
195 252
172 253
93 254
133 254
313 254
461 254
157 255
255 255
407 255
314 256
331 256
409 256
114 257
446 257
72 258
429 258
34 259
274 259
393 259
132 260
75 261
136 261
156 261
229 261
235 262
336 262
7 263
70 263
73 263
112 263
229 263
383 263
428 263
474 263
282 264
285 264
351 264
216 265
223 265
309 265
433 265
449 265
370 266
417 266
110 267
113 267
196 267
178 268
261 268
403 268
47 269
51 269
31 270
110 270
292 270
325 270
403 270
136 271
195 271
217 271
224 271
417 271
433 271
465 271
159 272
247 272
358 272
71 273
115 273
153 273
403 273
292 274
300 275
340 275
374 275
423 275
232 276
237 276
269 276
313 276
409 276
119 277
235 277
237 277
392 277
110 278
181 278
295 278
261 279
287 279
361 279
425 279
205 280
208 280
300 280
46 281
89 281
163 281
299 281
470 281
28 282
50 282
69 282
11 283
303 283
365 283
409 283
113 284
139 284
161 284
219 284
220 284
254 284
315 284
331 284
236 285
443 285
49 286
71 286
379 286
229 287
286 287
396 287
167 288
187 288
285 288
397 288
416 288
347 289
397 289
50 290
245 290
332 290
349 290
430 290
414 291
463 291
148 292
277 292
475 292
169 293
281 293
301 293
332 293
204 294
400 294
333 295
155 296
318 296
364 296
416 296
447 296
157 297
195 297
366 297
98 298
275 298
335 298
383 298
157 299
333 299
431 299
433 299
467 299
73 300
209 300
253 301
299 302
333 302
351 302
367 302
434 302
57 303
77 303
215 303
242 303
369 303
204 304
263 304
335 304
452 304
118 305
170 305
298 305
60 306
208 306
318 306
12 307
75 307
125 307
290 307
313 307
318 307
387 307
404 307
58 308
169 308
253 308
286 308
367 308
142 309
406 309
469 309
143 310
281 310
404 310
437 310
32 311
60 311
74 311
174 311
179 311
244 311
249 311
288 311
370 311
400 311
437 311
182 312
422 312
58 313
194 313
388 313
202 314
281 314
333 314
229 315
298 315
315 315
352 315
384 315
453 315
57 316
78 316
327 316
369 316
56 317
188 317
232 317
334 317
133 318
195 318
311 318
403 318
128 319
210 319
366 319
151 320
210 320
216 320
369 320
65 321
105 321
267 321
15 322
35 322
58 322
159 322
165 323
291 324
254 325
289 325
327 325
406 325
137 326
457 326
61 327
183 327
289 327
58 328
83 328
171 328
79 329
243 329
388 329
437 329
470 329
40 330
183 331
282 331
238 332
330 332
417 332
154 333
202 333
284 333
145 334
235 334
305 335
350 336
16 337
126 337
279 337
349 337
64 338
457 338
90 339
107 339
220 339
300 339
439 339
212 340
364 340
315 341
68 342
74 342
163 342
177 342
254 342
47 343
66 343
187 343
192 343
183 344
185 344
43 345
189 345
191 345
197 345
346 345
373 345
473 345
346 347
4 348
142 348
246 348
328 348
22 349
286 349
69 350
236 350
49 351
152 351
221 351
309 351
359 351
386 351
52 352
70 352
75 352
123 352
225 352
279 352
402 352
208 354
55 355
103 355
159 355
176 355
192 355
197 355
281 355
254 356
47 357
306 357
341 357
419 357
133 358
171 358
186 358
197 358
456 358
59 359
193 359
272 359
10 360
435 360
32 361
402 361
437 361
56 362
144 362
149 362
265 362
267 362
289 362
308 362
385 362
238 363
220 364
470 364
86 365
149 365
214 365
238 365
300 365
317 366
355 366
436 366
238 367
386 367
439 367
203 368
282 368
333 368
349 368
436 368
452 368
20 369
206 369
284 369
119 370
123 370
399 370
37 371
94 372
163 372
180 372
187 372
368 372
196 373
228 373
278 373
281 373
418 373
182 374
255 374
434 374
70 376
131 376
345 376
434 376
225 377
273 380
380 380
107 381
150 381
270 381
271 381
450 381
209 382
270 383
286 383
304 383
414 383
237 384
242 384
348 384
364 384
167 385
196 385
469 385
346 386
394 386
85 387
121 387
324 387
378 387
380 387
52 388
169 388
260 388
29 389
177 389
313 389
230 390
323 390
390 390
393 390
376 391
412 391
448 391
324 392
429 392
219 393
251 393
254 393
406 393
143 394
339 394
358 394
478 394
139 395
210 395
269 395
289 395
372 395
149 396
210 396
98 397
356 397
390 397
203 398
220 398
242 399
302 399
356 399
466 399
152 400
168 400
203 400
267 400
109 401
184 401
242 401
348 401
73 402
166 402
279 403
298 404
405 404
22 405
384 405
117 407
126 407
231 407
367 407
477 407
29 408
348 408
400 408
55 409
85 409
135 409
255 409
309 409
310 409
135 411
217 411
251 411
269 411
382 411
461 411
219 412
155 413
422 413
168 414
176 414
268 414
305 414
147 415
186 415
282 415
320 415
161 416
437 416
243 417
265 417
335 418
476 418
109 419
236 420
47 421
73 421
201 421
358 422
390 422
251 423
221 424
293 424
329 424
454 424
127 425
190 425
193 425
331 425
372 425
401 425
160 426
166 426
179 426
221 426
268 426
309 426
310 426
353 426
471 426
87 427
154 427
169 427
189 427
33 428
385 428
40 429
327 429
142 430
243 430
63 431
417 431
203 432
327 432
431 432
205 433
208 433
257 433
303 433
383 433
278 434
321 434
464 434
343 435
384 435
106 437
115 437
187 437
445 437
221 438
364 438
378 438
381 438
180 439
359 439
379 439
125 440
133 440
166 440
289 440
339 440
392 440
427 440
134 441
246 441
248 441
358 441
411 441
461 441
127 442
138 442
265 442
440 442
143 443
289 443
82 444
287 444
313 444
237 445
230 446
232 446
441 446
288 447
281 448
97 449
308 449
371 449
384 449
423 449
253 450
333 450
386 450
457 450
473 450
59 451
303 451
404 451
94 452
403 452
169 453
219 453
109 454
115 454
70 455
122 456
131 456
136 456
209 456
210 456
416 456
153 457
243 457
149 458
265 458
322 458
365 458
291 459
82 460
233 460
377 460
379 460
194 461
322 461
339 461
450 461
463 461
181 462
226 462
231 462
179 463
320 463
373 463
412 463
431 463
90 464
334 464
427 464
177 465
280 465
302 465
408 465
253 466
283 466
355 466
391 466
47 467
102 467
253 467
426 467
112 468
250 468
373 468
427 468
209 469
369 469
59 470
111 470
115 470
128 470
159 470
209 471
249 471
457 471
126 472
195 472
198 472
205 472
327 472
143 473
155 473
349 473
69 474
132 474
145 474
185 474
190 474
238 474
295 474
403 474
234 475
263 475
268 475
421 475
440 476
221 477
293 477
471 477
225 478
365 478
83 479
360 479
93 480
227 480
258 480
283 480
285 480
380 480
381 480
316 481
91 482
222 482
283 482
212 483
392 483
100 484
133 484
206 484
251 484
334 484
358 484
410 484
436 484
52 485
108 485
199 485
202 485
245 485
408 485
451 485
306 486
376 486
392 486
117 487
164 487
247 487
248 487
276 487
272 488
428 488
178 489
189 489
299 489
305 489
235 491
323 491
462 491
226 492
232 492
348 492
444 492
72 493
230 493
226 494
293 494
402 495
475 495
257 496
259 496
312 497
315 497
369 497
95 499
142 499
214 499
200 500
250 500
278 500
417 500
309 501
336 501
390 501
180 502
276 502
282 502
418 502
435 502
119 503
189 503
357 503
249 504
169 505
268 506
449 506
238 507
228 508
300 508
272 509
321 509
216 510
372 510
409 510
467 510
90 511
227 511
293 511
409 511
217 512
347 512
288 513
395 513
138 514
186 514
205 514
429 514
259 515
410 515
431 515
119 516
193 516
170 517
182 517
336 517
361 517
453 518
246 519
423 519
477 520
273 521
298 521
358 521
322 522
272 523
276 523
320 523
225 524
237 524
351 524
377 524
377 525
204 526
315 526
439 526
99 527
188 527
349 527
109 528
347 528
415 528
170 529
174 529
189 529
261 529
312 529
162 530
260 530
342 530
461 530
150 531
134 532
334 532
167 533
363 533
361 534
243 535
270 535
275 536
388 536
474 536
246 537
249 537
405 537
423 537
295 538
383 538
447 539
215 542
227 542
231 542
312 542
106 544
211 544
215 544
195 545
212 545
398 545
177 546
194 546
274 546
337 546
369 546
432 546
301 547
127 548
145 548
159 549
263 549
459 549
251 550
423 550
285 553
341 553
344 553
350 553
380 553
245 554
312 554
271 556
286 556
205 558
166 563
121 567
142 567
191 568
421 568
175 571
281 575
441 576
234 577
262 577
318 577
366 578
358 581
426 581
348 582
409 586
399 589
249 592
369 593
381 593
