216 2
279 2
454 4
230 5
310 6
348 6
424 7
392 8
246 9
399 10
202 11
295 11
142 12
175 12
262 12
127 13
369 13
162 14
406 14
472 14
108 15
112 15
219 16
440 16
308 18
335 18
281 19
454 21
249 22
383 23
209 24
269 24
423 24
458 24
133 26
354 26
172 27
329 29
472 29
230 30
112 31
285 31
94 32
441 32
82 34
342 34
197 35
301 35
411 37
141 38
265 38
161 39
213 39
379 39
415 39
451 39
312 40
174 43
229 43
277 44
358 44
105 47
389 47
247 48
468 48
118 49
124 49
196 49
80 50
334 50
433 50
68 51
439 52
151 53
268 53
305 53
342 53
403 54
446 56
217 57
374 57
169 58
279 58
412 60
462 61
99 62
251 62
117 63
188 63
291 63
140 65
235 65
333 65
204 66
83 67
155 67
268 67
368 67
428 69
222 72
401 72
100 78
113 78
270 78
380 78
458 78
127 79
203 79
323 80
351 80
442 80
148 81
242 82
303 82
361 83
222 84
393 84
161 85
419 86
193 87
287 87
315 88
338 89
370 89
180 92
214 92
86 93
460 93
67 95
231 95
430 97
201 98
315 98
356 98
388 98
163 102
328 102
359 102
254 103
84 104
297 104
113 105
137 106
220 106
407 106
438 106
66 107
443 109
467 110
196 112
48 113
342 113
111 114
135 115
156 116
369 116
80 117
93 117
212 118
69 119
292 119
465 122
329 123
45 124
408 124
232 125
384 125
110 126
99 127
126 127
360 127
142 128
194 128
475 128
82 130
341 130
282 131
69 132
249 133
420 133
210 134
454 134
374 135
224 137
48 138
265 138
135 140
172 140
353 140
402 140
230 141
328 141
275 142
103 143
468 143
26 144
85 145
187 145
383 145
440 145
242 146
68 147
205 148
47 150
125 150
295 152
419 152
450 152
34 154
372 155
397 155
156 156
72 157
98 157
326 157
175 158
232 158
380 160
464 160
53 161
312 163
434 163
119 165
247 165
135 166
363 166
388 167
151 168
209 168
24 169
418 169
447 169
261 171
174 172
299 172
346 172
224 173
52 174
193 176
460 178
35 179
127 180
277 180
329 180
80 181
149 181
305 181
20 182
212 183
406 183
466 183
384 184
441 184
65 185
361 186
413 186
473 186
184 187
314 188
342 188
227 189
287 189
20 191
265 191
110 192
479 192
126 193
202 193
454 193
238 194
350 194
424 195
168 196
273 196
303 197
74 198
184 200
218 200
430 200
255 201
33 202
464 203
112 204
204 205
385 207
231 208
167 209
266 209
367 209
240 210
447 210
184 211
297 213
116 214
39 215
99 215
212 216
250 216
75 217
376 217
420 217
351 218
22 221
178 221
259 221
58 223
99 223
122 223
331 223
462 224
140 225
235 225
308 225
434 225
362 227
74 228
7 229
160 229
269 230
295 231
30 232
213 232
186 234
343 234
124 235
253 235
279 235
372 235
55 236
224 236
397 236
108 237
450 237
479 237
18 238
146 239
198 240
289 241
86 242
265 242
328 242
353 242
37 243
410 243
238 244
437 244
180 245
208 245
6 246
132 248
314 249
102 250
115 250
250 250
275 250
153 251
191 251
23 252
52 253
468 253
367 254
82 255
228 255
347 255
390 255
171 257
432 257
206 258
71 259
261 259
324 259
478 259
10 260
117 260
128 261
145 261
105 262
182 262
290 262
416 262
214 263
333 263
156 264
245 264
94 265
83 266
353 266
402 266
54 267
451 267
167 268
22 269
191 270
223 270
275 270
315 270
336 270
382 272
434 272
71 273
113 274
124 274
464 275
137 276
38 277
152 277
14 278
61 278
97 278
261 278
323 278
233 279
303 279
417 280
208 281
287 282
367 282
182 283
391 283
28 284
214 284
448 284
80 285
249 286
187 287
350 287
336 288
110 290
219 290
275 290
129 291
458 291
65 292
93 292
19 294
40 294
376 294
84 295
226 295
260 295
54 297
301 299
407 299
208 300
441 300
473 300
329 301
123 302
139 302
356 302
251 303
7 304
67 304
103 305
187 306
389 307
89 308
153 308
274 308
234 309
419 310
43 311
454 311
74 312
218 312
316 312
22 313
258 313
368 313
422 313
340 314
126 315
299 316
464 317
32 318
106 318
323 318
400 318
469 318
201 319
52 320
140 320
349 320
285 322
247 323
89 324
268 324
329 324
64 326
191 326
444 326
217 327
381 327
411 328
109 331
166 331
201 331
450 331
254 332
386 332
236 334
296 334
4 335
44 335
130 335
363 335
424 335
458 335
55 336
98 336
137 336
16 339
188 339
346 339
394 339
71 342
216 342
286 342
324 342
474 343
158 345
306 345
34 346
149 346
222 346
267 346
374 346
50 347
90 347
201 348
419 348
109 349
271 350
226 351
402 351
451 352
7 354
186 354
358 354
47 355
82 355
210 355
337 355
296 356
479 356
133 357
318 357
168 358
384 358
433 359
29 360
194 361
219 362
238 362
260 362
281 362
80 364
40 365
148 365
200 365
346 365
60 367
264 367
391 367
419 367
95 368
184 368
306 369
447 369
113 372
376 372
353 373
294 375
41 376
138 376
212 377
314 377
359 377
256 379
336 380
12 381
29 381
108 381
173 381
278 381
219 382
409 383
162 384
126 385
322 385
75 387
145 387
54 388
42 390
270 390
348 390
11 392
228 393
248 393
184 394
111 395
208 395
293 395
428 395
96 398
132 398
383 398
313 400
58 401
358 401
196 402
435 402
157 403
240 404
261 404
439 404
463 404
42 405
218 405
321 405
97 406
331 406
61 408
27 409
120 409
138 409
299 411
181 412
419 412
454 412
83 413
164 414
228 415
103 416
186 417
359 417
379 417
236 418
310 418
456 419
108 423
129 423
67 424
242 425
434 425
461 425
174 426
295 426
402 426
33 427
49 427
265 427
11 428
152 429
247 430
476 430
134 431
114 433
306 433
367 434
416 436
280 437
451 437
260 440
399 440
107 442
129 442
144 442
238 442
338 442
294 443
167 444
382 444
358 445
214 446
302 446
244 447
433 447
34 448
95 449
195 449
470 450
57 452
222 452
83 453
325 453
138 454
153 454
178 455
259 455
409 455
106 456
232 456
333 456
458 456
36 457
400 458
383 459
359 460
373 460
182 461
302 461
162 462
240 462
99 463
146 463
273 463
314 465
123 466
76 467
40 469
220 469
287 469
253 470
192 471
137 472
348 472
63 473
117 473
177 473
109 476
202 476
305 476
366 476
269 477
161 478
320 480
83 481
445 481
243 482
145 483
216 483
102 484
130 486
426 487
49 488
191 488
69 489
258 489
354 489
301 490
399 491
232 492
467 492
409 493
212 494
383 494
92 495
273 495
126 497
319 497
243 498
163 500
450 500
113 501
145 501
216 501
285 502
326 502
191 503
254 504
336 504
431 505
103 506
225 508
234 508
354 508
418 508
365 510
383 510
398 511
126 512
85 513
206 514
274 514
318 514
63 515
136 516
113 519
249 520
167 521
219 522
343 522
90 523
370 525
147 526
303 526
200 527
235 528
266 528
405 528
392 529
127 531
182 531
158 532
318 532
282 535
134 537
218 537
193 540
256 542
113 543
142 544
231 544
170 546
123 548
207 549
239 549
284 553
185 555
221 555
295 555
155 556
252 556
261 560
232 563
212 570
