150 1
164 1
237 3
113 4
259 4
380 4
127 5
226 5
283 6
300 7
398 8
211 9
317 9
456 9
95 10
353 11
417 11
201 12
336 12
187 14
374 15
150 17
168 17
259 17
274 17
288 17
442 18
400 19
304 20
133 21
119 23
226 23
323 24
342 24
107 26
469 26
372 27
188 29
93 30
395 30
250 32
264 32
283 32
420 32
437 32
174 33
273 33
300 33
84 34
148 35
158 35
320 35
341 35
366 35
234 36
451 36
136 39
215 39
461 39
121 40
398 42
195 43
110 44
176 44
306 47
284 48
445 50
91 51
370 51
470 54
78 55
387 55
194 58
290 59
185 61
109 62
175 62
305 62
442 62
316 63
454 66
93 67
379 67
397 69
186 71
291 74
307 74
320 74
445 76
161 79
232 80
380 80
110 81
85 82
460 82
170 85
244 86
266 86
329 86
434 86
73 87
215 87
446 88
352 89
403 89
187 94
468 94
117 96
300 96
430 96
259 98
276 98
169 99
224 99
233 99
246 99
83 101
324 101
454 102
107 103
204 103
71 104
353 105
415 105
440 107
95 108
260 109
476 109
173 110
223 110
84 112
241 112
408 113
213 114
111 116
339 117
424 118
474 118
74 120
197 120
245 121
383 122
94 125
179 125
398 126
223 127
416 127
59 128
271 128
167 129
325 129
339 129
472 129
117 130
203 132
360 132
430 132
373 133
442 134
73 136
104 137
186 137
384 137
397 138
214 139
283 139
421 139
466 140
172 141
342 143
443 143
233 144
92 145
204 146
358 146
111 148
380 148
458 149
194 150
398 152
417 153
97 154
226 154
239 154
321 155
338 155
472 155
176 156
165 158
348 158
431 159
454 159
213 161
270 161
381 161
294 162
313 164
399 164
246 165
76 166
477 166
220 169
445 169
63 171
274 172
288 173
382 173
264 174
365 174
457 174
250 176
445 179
315 182
461 182
287 184
93 185
299 186
365 187
375 187
274 188
442 189
257 190
391 190
242 192
412 193
78 194
190 195
293 195
310 195
363 196
279 197
376 199
473 199
265 200
68 202
131 202
202 204
160 206
455 206
292 207
74 209
191 209
236 209
304 209
319 209
228 211
469 211
145 213
124 214
175 215
211 216
104 218
451 218
196 219
319 219
63 220
162 220
236 220
297 221
129 222
464 223
72 225
85 225
440 225
151 226
219 226
52 227
182 227
477 228
309 230
204 231
457 232
291 233
163 234
193 234
227 234
131 235
69 236
308 237
320 238
122 240
149 240
183 240
445 243
476 243
60 244
71 244
361 244
335 245
159 246
134 247
384 248
463 249
51 251
149 251
121 252
77 254
284 255
351 256
373 257
63 258
134 258
327 258
425 258
477 258
387 261
457 262
152 264
123 265
392 265
346 267
48 269
474 270
322 271
445 271
363 272
133 273
378 273
155 274
68 276
103 276
438 281
53 282
360 282
467 282
331 283
345 283
380 283
396 283
140 285
321 285
255 286
44 288
449 288
69 289
421 289
242 291
272 291
156 292
128 293
258 294
76 295
334 295
358 295
378 295
393 295
38 296
436 296
462 296
121 298
56 299
409 299
30 301
143 301
66 303
242 304
472 304
263 305
375 305
449 305
346 306
418 306
44 307
360 307
385 307
79 309
134 310
454 310
394 311
247 312
329 313
429 313
148 315
35 316
51 316
67 316
279 317
462 318
410 319
438 319
253 320
186 321
370 321
64 322
158 324
384 325
468 327
30 328
284 328
204 329
225 329
73 330
129 330
303 330
417 330
39 331
55 331
397 331
317 333
153 335
448 335
141 336
32 338
215 338
369 338
46 340
133 340
325 341
61 342
453 343
383 344
429 344
227 345
160 347
42 349
147 349
298 349
55 351
75 351
474 351
20 353
128 353
314 353
213 354
409 355
150 357
371 358
456 359
34 360
114 362
66 363
390 363
48 364
99 365
128 365
143 365
207 365
411 366
225 367
349 367
372 367
160 368
62 371
332 371
78 372
222 373
42 374
122 376
366 376
139 377
197 377
332 377
59 380
156 380
91 381
216 382
72 384
381 385
448 385
344 386
103 387
237 387
466 387
370 388
33 389
53 389
85 391
214 391
395 391
134 392
64 395
153 395
237 396
38 399
115 400
370 401
168 402
27 403
443 403
310 405
50 406
177 406
464 406
290 411
33 412
391 412
443 412
57 413
163 413
379 416
181 417
334 417
167 421
366 423
34 424
69 425
441 425
453 426
43 428
470 428
167 431
56 433
30 434
386 434
318 435
187 438
287 438
370 440
209 441
230 442
403 442
295 444
67 447
30 450
209 450
443 450
141 451
155 451
47 452
127 452
306 452
461 452
80 453
332 454
358 456
64 457
81 462
143 462
66 463
250 463
283 465
297 465
157 467
230 467
48 469
132 469
313 470
357 472
380 472
146 473
326 473
203 474
343 474
452 474
240 475
134 477
64 478
281 479
34 480
50 483
250 483
388 484
441 485
464 485
123 486
210 486
412 487
71 488
344 488
378 489
219 490
321 490
363 491
142 492
262 493
455 493
232 495
54 496
127 496
429 496
394 498
115 501
39 502
421 504
381 505
469 505
59 506
132 506
346 506
357 508
441 508
333 510
410 511
44 514
403 515
260 516
216 517
365 517
393 518
122 519
205 519
455 519
272 521
106 522
180 522
249 524
164 525
418 525
380 526
70 529
189 529
469 529
90 530
114 532
263 532
364 532
293 533
409 533
198 536
435 536
78 537
175 537
306 538
424 540
380 541
272 542
207 543
255 543
395 543
477 543
280 544
453 544
103 545
87 547
186 547
166 548
371 551
441 552
155 553
269 553
362 553
191 554
219 554
112 555
249 555
412 555
174 556
431 558
403 559
461 560
97 561
282 561
264 562
394 562
163 564
242 565
123 566
378 566
191 568
293 569
418 569
252 570
355 570
148 571
315 571
447 571
104 572
335 572
174 575
269 575
132 576
380 576
406 577
430 579
287 581
463 581
113 582
184 582
142 583
161 584
249 584
305 585
368 585
320 586
360 586
396 586
259 587
119 588
336 588
346 588
451 588
273 589
412 589
171 591
200 592
379 593
434 595
287 596
154 598
401 598
135 599
304 599
421 599
252 600
360 600
347 601
451 601
183 602
320 602
216 603
194 604
268 604
231 607
441 607
288 608
376 609
167 610
147 611
307 611
205 613
456 613
354 614
421 614
253 615
266 617
330 617
220 618
179 619
408 619
230 621
439 621
282 623
240 624
293 624
192 625
155 626
305 626
202 627
365 627
419 627
251 628
322 628
346 628
165 631
214 631
402 634
