215 2
419 2
256 4
314 4
377 5
297 6
385 6
404 6
474 6
360 9
199 11
348 11
235 12
274 13
444 14
184 15
328 16
430 17
222 18
416 18
311 19
406 19
163 20
468 20
249 21
461 21
395 22
205 23
378 23
298 24
362 25
284 26
190 28
349 28
235 29
331 30
139 31
268 31
467 31
177 32
320 33
443 33
387 34
413 34
426 34
218 35
305 37
372 37
248 38
290 39
161 41
206 41
349 41
116 42
336 42
278 45
451 45
468 45
138 46
183 46
229 46
438 46
271 48
320 48
406 49
302 50
380 50
391 51
214 53
253 53
384 53
392 53
371 54
125 55
241 55
245 55
285 55
347 55
362 55
379 55
155 56
412 57
441 57
325 58
459 58
403 59
475 59
309 61
412 61
425 61
258 63
260 63
264 63
105 64
299 64
140 65
186 65
234 65
381 66
384 67
388 67
397 67
394 68
275 69
358 69
401 69
422 69
220 70
381 70
436 70
337 71
364 71
408 71
444 71
462 71
166 72
326 72
126 73
273 73
428 73
255 74
262 74
270 74
206 75
247 75
255 76
310 76
248 77
150 79
293 79
194 80
106 82
235 82
286 82
378 83
397 84
447 84
359 85
371 85
418 85
272 86
347 86
435 86
461 86
259 87
322 87
340 87
345 87
121 88
174 88
220 88
314 88
319 88
330 89
156 90
248 90
319 91
153 92
258 92
292 92
300 92
306 92
243 93
106 95
235 95
200 96
273 97
394 98
414 98
339 99
374 99
476 99
331 100
337 100
342 100
90 101
129 101
135 101
144 101
223 101
324 101
420 101
425 101
436 101
464 101
180 102
356 102
266 103
303 103
410 103
129 104
137 104
259 104
264 104
339 104
426 104
131 105
134 105
320 105
439 105
448 105
80 106
123 106
127 106
122 108
205 108
294 108
459 108
164 109
288 109
147 111
190 111
230 111
108 112
270 112
144 113
360 113
409 113
379 114
258 115
335 115
342 115
422 115
474 115
135 116
172 116
391 116
422 116
250 117
318 117
349 117
358 117
300 118
304 118
308 118
317 118
323 118
346 118
350 118
206 119
130 120
165 120
299 120
203 121
293 121
309 121
443 121
82 123
154 123
460 123
149 124
187 124
189 124
149 125
391 125
113 126
216 126
268 126
465 126
371 127
378 127
174 128
140 129
136 130
202 130
203 130
249 130
355 130
169 131
201 131
291 131
328 131
340 131
132 132
314 132
316 132
289 133
94 134
283 134
121 135
189 135
159 136
448 136
181 137
200 139
348 139
413 139
80 140
153 140
180 140
384 140
403 140
405 140
110 141
339 141
368 141
412 141
422 141
229 142
428 142
469 142
140 143
228 143
143 144
276 144
280 144
303 144
309 144
217 145
219 145
420 145
438 145
172 146
207 146
267 146
429 146
202 147
209 147
277 147
436 147
268 148
159 149
164 149
247 149
369 149
91 150
204 150
253 150
447 150
123 151
343 151
358 151
390 152
303 153
325 153
414 153
309 154
317 154
459 154
407 155
82 156
280 156
281 156
103 157
265 157
257 158
474 158
133 159
428 159
200 160
247 160
70 161
431 161
352 162
236 163
308 163
337 163
396 163
222 164
291 165
86 166
144 166
179 166
221 166
375 166
380 166
449 166
113 167
222 167
258 167
266 167
379 167
403 167
252 168
408 168
414 168
214 169
250 169
207 170
208 170
334 170
425 170
137 171
325 171
389 171
161 172
308 172
423 172
69 173
153 173
351 173
391 173
427 173
185 174
232 174
234 174
293 174
365 174
466 174
282 175
391 175
429 175
153 176
362 176
91 177
263 177
278 177
397 177
146 178
171 178
370 178
447 178
406 179
248 180
246 181
134 182
163 182
241 182
419 182
131 183
137 183
317 184
330 184
347 184
383 184
73 185
189 185
298 185
307 185
425 185
217 186
460 187
100 188
122 188
177 188
365 188
91 189
263 189
400 189
430 189
143 190
203 190
250 190
469 191
57 192
168 192
240 192
376 192
238 193
245 193
109 195
333 195
380 195
382 195
444 195
219 196
387 196
297 197
342 197
66 198
153 198
186 198
308 198
315 198
353 198
212 199
234 199
268 199
148 201
459 201
174 202
202 202
408 202
217 203
366 203
434 203
251 204
370 204
468 205
52 206
86 206
375 206
418 206
79 207
81 207
162 207
188 207
291 207
155 208
312 208
321 208
340 208
347 208
132 209
135 209
331 209
318 210
361 210
393 210
148 211
277 211
443 211
179 212
403 212
147 213
229 213
257 213
269 213
66 215
170 215
198 215
381 216
319 217
212 218
327 218
386 218
419 218
456 218
157 219
292 219
303 219
184 220
342 220
389 220
53 221
237 221
274 221
403 222
367 223
398 223
464 223
363 224
436 224
74 225
123 225
222 225
97 226
98 226
251 226
263 226
377 226
45 227
142 228
146 228
190 228
375 228
384 228
113 229
206 229
238 229
416 229
303 230
330 230
290 231
315 231
333 231
140 232
163 232
178 232
276 232
333 232
113 233
222 233
351 233
399 233
427 233
459 233
133 234
54 235
82 235
364 235
104 236
215 236
262 236
363 236
369 236
396 236
151 237
189 237
403 237
251 238
306 238
72 239
316 239
322 239
471 239
242 240
443 240
143 241
204 241
335 241
336 241
176 242
202 242
64 243
224 243
226 243
85 244
224 244
214 245
270 245
281 245
292 245
355 245
360 245
393 245
154 246
298 246
305 246
397 246
452 246
129 247
57 248
110 248
166 248
183 248
256 248
319 248
426 248
90 249
247 249
373 249
110 250
368 250
182 251
200 251
409 251
242 252
330 252
338 252
383 252
109 253
233 253
341 253
385 253
438 253
464 253
136 254
162 254
441 254
64 255
340 255
354 255
102 256
221 256
288 256
217 257
297 257
303 257
354 257
475 257
151 258
211 258
276 258
182 259
214 259
312 259
82 260
254 260
325 260
368 260
370 260
421 260
452 260
178 261
204 261
247 261
258 261
377 261
124 262
205 262
246 262
404 262
17 263
163 263
342 263
51 264
92 264
234 264
64 265
103 266
354 266
386 266
164 267
192 267
346 267
80 269
115 269
140 269
265 269
293 269
414 269
99 270
266 270
310 270
401 270
469 270
94 271
114 271
16 272
183 272
95 273
114 273
131 273
153 273
255 273
375 273
439 273
246 274
373 274
382 274
446 274
239 275
331 275
334 275
344 275
28 276
106 276
194 276
381 276
196 277
299 277
346 277
85 278
123 278
191 278
236 278
351 278
392 278
430 278
87 279
396 279
67 280
309 280
363 280
394 280
46 281
101 281
141 281
402 281
406 281
63 282
208 282
212 282
326 282
183 283
212 283
437 283
439 283
274 284
95 285
112 285
156 285
253 285
376 285
415 285
435 285
442 285
466 285
21 286
58 286
418 286
54 287
69 287
71 287
194 287
347 287
71 288
129 288
242 288
349 288
387 288
54 289
352 289
478 289
148 290
172 290
216 290
316 290
356 290
11 291
233 291
315 291
359 291
424 291
215 292
325 292
355 292
30 293
103 293
284 293
326 293
424 293
451 293
48 294
65 294
183 294
214 294
398 294
207 295
257 295
271 295
371 295
61 296
138 296
161 296
292 296
334 296
46 297
244 298
56 299
112 299
194 299
229 299
343 299
457 299
92 300
304 300
346 300
167 301
230 301
302 301
149 302
352 302
19 303
124 303
467 303
184 304
395 304
158 305
213 305
384 305
33 306
50 306
64 306
204 306
256 306
321 306
63 307
86 307
272 307
327 307
331 307
402 307
406 307
203 308
45 309
197 309
370 309
428 309
431 309
172 310
226 310
292 310
337 310
452 310
135 311
228 311
98 312
438 312
478 312
7 313
258 313
421 313
25 314
308 314
73 315
206 315
440 315
210 316
354 316
381 316
403 316
110 317
184 317
428 318
465 318
44 319
88 319
156 319
251 319
324 319
102 320
233 320
241 320
272 320
364 320
174 321
228 321
292 321
428 321
67 322
414 322
433 322
392 323
413 323
431 323
477 323
172 324
376 324
377 324
454 324
11 325
80 325
120 325
434 325
347 326
378 326
31 327
405 327
143 328
355 328
278 329
461 329
58 330
160 330
241 330
359 330
204 331
252 331
107 332
231 332
386 332
389 332
392 332
51 333
57 333
91 333
301 333
336 334
411 334
21 335
172 335
175 335
307 335
114 336
132 336
271 336
416 336
471 336
153 337
209 337
313 337
374 337
146 338
166 338
379 338
434 338
451 338
98 339
313 339
13 340
168 340
287 340
65 341
187 341
201 341
287 341
162 342
237 342
354 342
361 342
478 342
31 343
189 343
227 343
325 343
385 343
386 343
244 344
406 344
65 345
80 345
220 345
226 345
307 345
392 346
416 346
440 346
463 346
5 347
107 347
185 347
214 347
262 347
264 347
305 347
124 348
139 348
156 348
271 348
272 348
313 348
374 348
42 349
278 349
340 349
344 349
358 349
78 350
91 350
274 350
317 350
420 350
21 351
63 351
205 351
210 351
279 351
393 351
170 352
285 352
323 353
376 353
397 353
446 353
170 354
172 354
298 354
398 354
402 354
55 355
116 355
296 355
423 355
430 355
474 355
148 356
230 356
236 356
54 357
98 357
130 357
236 357
301 357
407 357
163 359
223 359
230 359
278 359
335 359
383 359
386 359
432 359
436 359
33 360
343 360
453 360
50 361
279 361
124 362
163 362
364 362
411 362
52 363
179 363
326 363
436 363
48 364
64 364
295 364
311 364
460 365
106 366
157 366
158 366
392 366
418 366
77 367
91 367
203 367
352 367
372 367
3 368
138 368
197 368
227 368
240 368
250 369
420 369
75 370
77 370
193 370
305 370
172 371
284 371
59 372
322 372
356 372
405 372
468 372
56 373
189 373
407 373
130 374
147 374
196 374
383 374
173 375
295 375
362 375
56 376
99 376
218 376
326 376
451 376
194 377
323 377
425 377
427 377
15 379
34 379
69 379
190 379
232 379
248 379
256 379
389 379
436 379
82 380
211 380
353 381
414 381
416 381
437 381
143 382
182 382
330 382
373 382
109 383
280 383
393 383
205 384
310 384
8 385
137 385
178 385
474 385
156 386
286 386
337 386
358 386
457 386
199 387
250 387
26 388
139 389
153 389
258 389
344 389
380 389
438 389
195 390
232 390
366 390
405 390
104 391
166 391
226 391
259 391
263 391
326 391
44 392
60 392
61 392
152 392
219 392
269 392
391 392
74 393
297 394
350 394
463 394
172 395
191 395
274 395
333 395
166 396
412 396
241 397
447 397
211 398
279 398
320 398
378 398
18 399
150 400
180 400
287 400
342 400
165 401
234 401
433 401
36 402
100 402
128 402
144 402
181 402
338 402
401 402
141 403
257 403
362 403
419 403
475 403
262 404
383 404
81 405
136 405
266 405
294 405
344 405
441 405
109 406
125 406
14 407
313 407
351 407
159 408
198 408
223 408
344 408
460 408
133 409
144 409
156 410
332 410
370 410
407 410
30 411
132 411
270 411
273 411
392 411
62 412
172 412
446 412
75 413
335 413
428 413
58 414
171 414
318 414
464 414
215 415
244 415
250 415
302 415
351 415
356 415
141 416
255 416
375 416
143 417
249 417
92 418
289 418
413 418
253 419
255 419
340 419
398 419
40 420
130 420
450 420
104 421
179 421
73 422
156 422
157 422
235 422
245 422
308 422
5 423
193 423
325 423
361 423
438 423
473 423
53 424
115 424
329 424
383 424
211 425
345 426
33 427
72 427
271 427
423 427
190 428
348 428
406 428
67 429
232 429
388 429
47 430
150 430
295 430
314 430
348 430
187 431
210 431
464 431
16 432
334 432
123 433
179 433
229 433
250 433
252 433
449 433
273 434
333 434
336 434
430 434
82 435
136 435
316 435
412 435
178 436
257 436
260 436
275 436
279 436
333 436
64 437
96 437
251 437
111 438
336 438
352 438
371 438
396 438
10 439
60 439
152 439
208 439
227 439
478 439
80 440
136 440
163 440
63 441
221 441
243 441
260 441
279 441
355 441
224 442
248 442
282 442
436 442
456 442
58 443
131 443
163 443
208 443
230 444
256 444
342 444
73 445
121 445
146 445
244 445
302 445
316 445
418 445
90 446
263 446
265 446
403 446
21 447
176 447
230 447
330 447
391 448
442 448
57 449
120 450
191 450
204 450
284 450
318 450
382 450
423 450
4 451
344 451
73 452
358 452
371 452
41 453
102 453
132 453
272 453
161 454
302 454
334 454
144 455
448 455
430 456
34 457
398 457
413 457
273 458
320 458
177 459
271 459
374 459
69 460
101 460
194 460
213 460
84 461
118 461
242 461
244 461
419 461
349 462
389 462
269 463
160 464
458 464
100 465
221 465
439 465
145 466
23 467
198 467
58 468
63 468
264 468
339 468
405 468
129 469
365 469
423 469
82 471
145 471
181 471
312 471
326 471
397 471
221 472
225 473
227 473
38 474
132 474
476 474
57 475
428 475
127 476
233 476
463 476
114 477
240 477
279 477
291 477
447 477
164 478
205 478
343 478
148 479
184 479
386 479
401 479
415 479
21 480
54 480
204 480
147 481
82 482
99 482
466 482
341 483
388 483
211 484
292 484
346 484
115 485
129 485
259 485
261 485
317 485
434 485
102 486
114 486
187 486
220 486
239 486
263 486
361 486
35 487
229 487
261 487
223 488
292 488
303 488
404 488
97 489
259 489
376 489
457 489
16 490
84 490
230 490
440 490
473 490
196 491
390 491
67 492
150 493
238 493
303 493
51 494
98 494
101 494
169 494
290 494
381 495
186 496
320 496
13 497
35 497
350 497
397 497
425 497
152 498
290 498
466 498
222 500
263 500
380 500
104 501
173 501
217 501
351 501
413 501
33 502
97 502
228 502
256 502
300 502
396 502
451 502
97 503
118 503
260 503
319 503
432 503
236 504
249 504
67 505
135 505
251 505
398 505
369 506
107 507
155 507
249 507
254 507
281 507
366 507
398 507
339 508
355 508
369 508
457 508
277 509
474 509
178 510
197 510
341 510
419 510
97 511
68 512
205 512
202 513
330 513
272 514
317 514
405 514
97 515
212 515
332 515
372 515
393 515
444 515
85 516
163 516
207 516
232 516
329 516
215 517
243 517
466 517
14 518
33 518
53 518
111 518
187 518
245 518
275 518
330 518
391 518
426 518
240 519
256 519
228 520
345 520
228 521
261 521
293 521
394 522
129 523
141 523
432 523
112 524
143 524
175 524
413 524
251 525
362 525
450 525
34 526
348 527
474 527
152 528
290 528
320 528
148 529
208 529
307 529
151 530
152 530
232 530
17 531
135 531
161 531
220 531
281 531
383 531
434 531
88 532
319 532
399 532
32 533
135 533
275 533
302 533
459 533
56 534
73 534
320 534
367 534
188 535
335 535
266 536
418 537
255 538
464 538
443 539
94 540
193 540
198 540
353 540
469 540
140 541
220 541
286 541
315 541
121 542
246 542
372 542
403 542
144 543
195 543
237 543
386 543
79 544
282 545
40 546
61 546
148 546
181 546
23 548
182 548
308 548
428 548
477 548
148 549
185 549
340 549
359 549
127 550
305 550
111 551
181 551
394 551
133 552
266 552
6 553
210 553
303 553
412 553
160 554
184 554
224 554
257 554
137 555
192 555
290 555
130 556
243 556
361 556
459 556
50 557
134 557
166 557
291 557
90 558
163 558
188 558
135 559
312 559
169 560
419 560
439 560
377 561
149 562
335 562
401 562
22 563
77 563
230 564
231 564
380 564
119 565
179 565
85 566
353 566
259 567
306 567
405 567
429 567
58 568
159 568
298 568
84 569
87 569
128 569
287 569
338 569
433 569
450 569
84 572
114 572
116 572
138 572
201 572
41 573
88 573
192 573
341 573
476 573
69 574
90 574
217 574
92 575
373 575
211 576
273 576
329 576
45 577
216 577
221 577
266 577
180 578
267 578
344 578
346 578
117 579
122 579
377 579
419 579
120 580
311 580
440 580
463 580
347 581
153 582
297 582
105 583
128 583
190 583
223 584
250 584
336 584
381 584
103 585
231 585
238 585
445 585
83 586
288 586
348 586
382 586
88 587
206 587
212 587
243 587
428 587
137 588
168 588
202 588
227 588
282 588
332 588
225 589
354 589
386 589
13 590
280 590
318 590
373 590
275 591
416 591
457 591
112 592
277 592
48 593
114 593
150 593
176 593
260 593
267 593
273 593
116 594
313 594
75 595
306 595
396 596
259 597
355 597
96 598
188 598
233 598
60 599
101 599
199 599
224 599
298 599
350 599
34 600
161 600
243 600
253 600
256 600
345 600
375 600
238 601
291 601
329 602
472 602
132 603
432 603
10 604
108 604
249 604
274 605
16 607
318 607
213 608
385 608
438 608
267 609
78 610
120 610
147 610
206 610
157 611
414 611
221 612
302 612
56 613
126 614
187 614
233 614
94 615
359 615
425 615
295 616
401 616
31 617
337 617
104 618
134 618
281 619
323 620
380 620
463 620
251 621
312 621
233 622
389 622
412 623
47 624
209 624
75 625
197 625
225 625
448 627
286 628
124 630
61 631
353 631
374 632
333 633
272 635
321 635
402 635
306 636
