264 28
328 30
279 33
229 36
291 38
351 38
249 42
356 43
312 44
150 45
156 46
215 46
267 46
365 46
168 47
178 48
271 48
278 50
328 50
189 52
226 52
233 52
378 53
292 54
199 55
209 57
412 57
386 58
120 59
250 59
130 60
143 60
124 61
314 62
163 63
359 63
424 64
175 65
261 65
170 66
181 66
365 67
397 67
213 69
277 69
218 70
403 70
227 72
287 73
103 74
340 75
124 76
295 76
381 76
139 77
303 77
416 77
158 78
246 78
352 78
173 79
308 80
318 80
396 81
217 82
362 82
207 83
211 83
262 83
322 83
396 83
398 83
215 84
220 84
268 84
326 84
205 85
373 85
326 86
331 86
229 87
234 88
279 88
432 88
90 89
100 89
338 89
344 89
370 89
410 89
115 90
237 90
128 91
179 92
242 92
342 92
374 92
379 92
299 93
186 94
445 94
385 95
194 96
357 96
417 96
190 97
264 97
202 98
254 98
208 99
316 99
392 100
397 100
209 101
246 101
262 101
265 101
269 101
458 101
70 102
423 102
90 103
228 103
233 103
238 103
104 104
230 104
464 104
128 105
341 105
404 105
136 106
260 106
329 106
370 106
373 106
377 106
153 107
170 107
290 108
333 108
374 108
166 109
170 109
433 109
471 109
174 110
349 110
440 110
179 111
185 112
197 112
348 112
192 113
476 113
351 114
356 114
358 114
68 115
214 115
359 115
364 115
388 115
446 115
197 116
202 116
222 116
319 116
58 117
79 118
247 118
362 118
96 119
153 119
233 119
253 119
327 119
457 119
117 120
373 120
398 120
253 121
112 122
259 122
157 123
167 123
335 123
173 124
262 124
411 124
179 125
295 125
379 125
184 126
196 127
345 128
356 128
426 128
191 129
308 129
388 129
441 129
203 130
213 130
70 131
83 131
357 131
360 131
54 132
88 132
97 132
125 132
208 132
212 132
228 132
238 132
358 132
150 133
235 133
397 133
136 134
138 134
147 134
171 134
207 134
320 134
365 134
92 135
99 135
101 135
163 135
209 135
239 135
371 135
176 136
258 136
266 136
174 137
237 137
371 137
183 138
262 138
330 138
336 138
243 139
265 139
328 139
378 139
340 140
473 140
381 141
409 141
448 142
291 143
354 144
387 144
121 146
351 146
22 147
58 147
101 147
129 147
315 147
177 148
37 149
182 149
72 150
125 150
128 150
136 150
213 150
363 150
364 150
373 150
130 151
132 151
150 151
154 151
160 151
222 151
432 151
139 152
197 152
215 152
229 152
244 152
371 152
237 153
207 154
235 154
333 154
263 156
280 157
277 158
289 159
345 160
388 160
131 162
294 162
305 162
358 162
448 162
145 163
66 164
75 164
81 164
119 164
175 164
315 164
363 164
56 165
88 165
133 165
10 166
50 166
114 166
151 166
184 166
41 167
128 167
140 167
258 167
313 167
414 167
423 167
201 168
253 168
428 168
220 169
374 169
460 169
324 170
331 170
422 170
239 172
270 172
344 172
343 173
242 174
386 174
85 175
100 175
435 175
64 176
474 176
443 177
88 178
136 178
312 178
405 178
104 179
117 179
120 179
400 179
149 180
304 180
306 180
310 180
353 180
103 181
154 181
357 181
361 181
133 182
178 182
318 182
193 183
330 183
412 183
459 183
18 184
24 184
216 184
49 185
224 185
408 185
4 186
61 186
260 186
378 186
330 187
73 188
253 188
470 188
268 189
280 189
250 190
271 190
348 190
439 190
262 191
436 191
97 192
123 192
126 192
141 192
430 192
109 193
291 193
350 193
431 193
474 193
125 194
289 194
361 194
393 194
98 195
211 195
321 195
100 196
127 196
138 196
167 196
304 196
313 196
112 197
176 197
198 197
106 198
133 198
189 198
310 198
230 199
326 199
448 199
102 200
73 201
242 201
61 202
64 202
28 203
57 203
254 203
415 203
462 203
14 204
58 204
55 205
265 206
286 207
362 207
432 208
169 210
124 211
149 211
195 211
209 211
292 211
327 211
372 211
121 212
136 212
158 212
215 212
304 212
77 213
98 213
113 213
308 213
385 213
122 214
126 214
73 215
446 215
86 216
311 216
341 216
453 216
398 217
53 218
59 218
80 218
25 219
68 219
279 221
10 222
39 222
49 222
56 222
191 222
209 222
221 222
225 222
234 222
255 222
266 222
285 222
32 223
151 223
174 223
366 223
44 224
49 224
147 224
247 224
419 224
208 225
233 225
291 225
468 225
155 226
227 226
377 226
435 227
128 228
145 228
120 229
137 229
326 229
479 229
440 230
341 232
397 232
445 232
79 233
85 233
104 233
271 233
346 233
30 234
287 234
159 236
298 236
359 236
14 237
166 237
186 237
202 237
229 237
236 237
411 237
457 237
72 238
227 238
289 238
305 238
68 239
77 239
207 239
247 239
228 240
305 240
466 240
72 241
266 241
376 241
57 242
151 242
424 242
55 243
122 243
132 243
263 243
113 244
128 244
330 244
389 244
477 244
48 245
60 245
281 245
112 246
122 246
129 247
342 247
441 247
54 248
106 248
113 248
46 249
95 249
100 249
353 249
33 250
200 250
235 250
407 250
181 251
304 251
312 251
252 252
262 252
366 252
89 253
94 253
184 253
256 253
158 254
160 254
285 254
374 254
461 254
84 255
90 255
322 255
273 256
279 256
419 256
426 257
5 258
142 258
128 259
63 260
341 260
434 260
391 261
475 261
43 262
51 262
301 262
47 263
57 263
206 263
355 263
440 263
199 264
313 264
55 265
107 265
188 265
199 265
242 265
265 265
115 266
207 266
211 266
219 266
249 266
260 266
317 266
328 266
449 266
113 267
161 267
162 267
177 267
192 267
273 267
406 267
269 268
30 269
140 269
281 270
342 270
461 270
97 271
291 271
298 271
383 271
418 271
22 272
84 272
102 272
108 272
65 273
290 273
301 273
355 273
12 274
308 274
65 275
76 275
394 275
475 276
58 277
151 277
187 277
220 277
242 277
325 277
320 278
432 278
46 279
129 279
166 279
187 279
443 279
336 280
137 281
193 281
278 281
126 282
409 282
41 283
453 283
291 284
383 284
312 285
78 286
428 287
467 287
25 288
360 288
18 289
249 289
11 290
103 290
164 290
176 290
195 290
242 290
257 290
324 290
396 290
213 291
225 291
476 291
171 292
186 292
193 292
199 292
271 292
286 292
437 292
56 293
95 293
180 293
272 293
374 293
151 294
339 294
90 296
302 296
453 296
51 297
384 297
418 297
349 298
42 299
133 299
312 299
14 300
235 300
122 301
196 301
260 301
360 301
395 301
465 301
46 302
176 302
201 302
256 302
267 302
67 303
182 303
185 303
191 303
214 303
270 303
277 303
428 303
192 304
63 305
113 305
164 305
167 305
476 305
38 306
44 306
374 306
46 307
306 307
331 307
407 307
441 307
452 307
154 308
346 310
266 311
280 311
29 312
140 312
227 312
242 312
214 313
389 313
22 314
78 314
132 314
293 314
17 316
72 316
76 316
308 316
399 316
199 317
315 317
441 317
472 317
7 318
62 318
119 318
363 318
66 319
342 319
115 320
267 320
46 321
425 321
192 322
194 322
343 322
407 322
55 323
107 323
247 323
412 323
151 324
157 324
342 324
185 325
412 325
415 325
144 326
173 326
224 326
226 326
236 326
458 326
34 327
92 327
182 327
208 327
312 328
365 329
335 331
75 332
121 332
122 332
405 332
23 333
274 333
342 333
264 334
283 334
288 334
380 334
479 334
11 335
253 335
447 335
65 336
288 336
290 336
58 337
104 337
174 337
239 337
285 337
49 338
159 338
199 338
152 339
154 339
172 339
192 339
231 339
309 339
393 339
322 340
458 340
216 341
419 341
421 341
91 342
155 342
317 342
432 344
465 344
36 345
81 345
342 345
377 345
436 346
195 347
201 347
269 347
281 347
298 347
339 347
407 347
439 347
108 348
135 348
232 348
254 348
349 348
433 348
28 349
71 349
188 349
195 349
243 349
186 350
64 351
150 351
304 351
305 352
314 352
18 353
124 353
363 353
396 353
444 353
101 354
314 354
11 355
231 355
403 355
418 355
145 356
55 357
84 357
119 357
270 357
470 357
45 358
277 358
204 359
342 359
346 359
3 360
288 360
428 360
195 361
309 361
387 361
146 362
263 362
409 362
42 363
251 363
356 363
464 363
104 364
136 364
192 364
197 364
239 364
356 364
34 365
311 365
133 366
179 366
271 366
276 366
28 367
238 367
472 367
86 368
94 368
155 368
372 368
24 369
122 369
124 369
129 369
420 369
58 370
153 370
215 370
449 370
147 371
208 371
403 371
286 372
115 373
412 373
144 374
196 374
198 374
279 374
46 375
142 375
188 375
301 375
312 375
359 376
182 377
262 377
356 377
388 377
133 378
137 378
188 378
236 378
41 379
364 379
403 379
99 380
130 380
437 380
30 381
35 381
63 381
227 381
470 381
169 382
218 382
216 383
329 383
126 384
150 384
204 384
376 384
22 385
165 385
292 385
416 385
445 385
88 386
118 386
163 386
79 388
160 388
354 388
252 389
305 389
385 389
454 389
11 390
44 390
153 390
234 390
427 390
262 391
310 391
312 391
313 391
314 391
405 391
78 392
180 392
232 392
182 393
226 393
302 393
325 393
40 394
105 394
211 394
466 394
42 395
128 395
166 395
368 395
169 396
208 396
326 396
334 396
398 396
204 397
65 398
67 398
71 398
125 398
132 398
69 399
96 399
445 399
29 400
67 400
154 400
203 400
56 401
194 401
286 401
291 401
302 401
404 401
421 401
452 401
193 402
259 402
273 402
90 403
118 403
234 403
384 403
406 403
86 404
112 404
226 404
248 404
298 404
456 404
20 405
109 405
188 405
235 405
316 405
144 406
309 406
360 406
15 407
435 407
462 407
106 408
209 408
392 408
329 409
418 409
474 409
209 410
211 410
73 411
40 412
156 412
200 412
204 412
440 412
447 412
129 413
196 414
243 414
343 414
400 414
403 414
254 415
262 415
280 415
426 415
35 416
122 416
198 416
232 416
382 416
29 417
62 417
289 417
355 417
91 418
165 418
187 418
282 418
87 419
93 419
114 419
140 419
184 419
58 420
87 421
107 421
391 421
419 421
465 421
175 422
372 422
50 423
180 423
442 423
80 424
157 424
308 424
105 425
174 425
328 425
477 425
193 426
268 426
313 426
125 427
195 427
242 427
41 428
252 428
382 428
100 429
190 429
360 429
68 430
146 430
224 430
231 430
233 430
340 431
164 432
227 432
460 432
220 433
414 433
115 434
204 434
90 435
370 435
355 436
396 436
131 437
27 438
263 438
277 438
306 438
381 438
447 438
471 438
149 439
177 439
236 439
290 439
305 439
363 439
423 439
77 441
124 441
225 441
297 441
103 442
182 442
167 444
216 444
340 445
97 446
160 446
436 446
131 447
37 448
66 448
376 448
395 448
6 449
445 449
90 450
150 450
185 451
195 451
250 451
299 451
355 451
379 451
186 452
238 452
267 452
277 452
307 453
28 454
57 454
143 454
180 454
226 455
313 455
319 455
107 456
388 456
409 456
217 457
334 457
436 458
135 459
209 459
129 460
160 460
20 461
162 461
443 461
197 462
266 462
345 462
151 463
263 463
289 463
295 463
400 463
68 464
248 464
273 464
302 464
426 464
100 465
121 465
187 465
239 465
268 465
352 465
380 465
15 466
278 466
301 466
39 467
92 467
298 467
62 468
296 468
456 468
223 469
268 469
175 470
384 470
334 472
367 472
2 473
340 473
440 473
53 474
81 474
372 474
106 475
132 475
162 475
184 475
396 475
25 476
160 476
284 477
287 477
395 477
421 477
473 477
348 478
97 479
246 479
284 479
287 479
177 480
450 480
152 481
237 481
16 482
68 482
219 482
313 482
41 483
111 483
325 483
147 484
263 484
457 484
212 485
435 485
61 486
138 486
170 487
385 487
105 488
173 488
247 488
362 489
168 490
200 490
443 490
194 491
230 491
234 491
367 491
49 492
217 493
272 493
290 493
394 493
94 494
130 494
190 494
261 494
419 494
472 494
75 495
305 495
151 496
183 496
356 496
106 497
148 497
150 497
207 497
216 497
318 498
93 499
123 499
239 499
249 499
40 500
202 500
231 500
235 500
458 500
117 501
284 501
325 501
379 501
405 501
59 502
327 502
116 503
170 503
11 504
195 504
223 504
224 504
338 504
361 504
135 506
163 506
187 507
190 507
258 507
338 507
438 507
75 508
130 508
274 508
349 508
417 508
94 509
291 509
301 509
348 509
129 510
125 511
183 511
244 511
313 511
470 511
201 512
197 513
66 514
232 514
323 514
326 514
356 514
451 514
45 515
117 515
200 515
87 516
398 516
114 517
120 517
220 517
335 517
139 518
190 518
83 519
135 519
141 519
169 519
186 520
189 520
245 520
405 520
340 522
53 523
104 523
179 523
211 523
338 523
73 524
125 524
203 524
263 524
272 524
284 524
438 524
271 525
297 525
155 526
268 526
305 526
342 526
348 526
48 527
97 527
259 527
46 528
173 528
193 528
121 529
259 529
263 529
357 529
384 529
395 529
65 530
69 530
142 530
325 530
364 530
447 530
62 531
328 531
116 532
315 532
393 532
395 532
88 533
209 533
326 533
389 533
474 533
241 534
244 534
246 534
323 534
333 534
111 535
209 535
327 536
340 536
371 536
157 537
395 537
75 538
202 538
334 538
458 538
132 539
173 539
274 539
285 539
341 539
271 540
294 540
378 540
396 540
439 540
381 541
24 542
79 542
192 542
304 542
373 542
249 543
313 543
73 544
96 544
218 544
374 544
69 545
166 545
216 545
355 545
442 545
47 546
214 546
249 546
256 546
421 546
467 546
92 547
254 547
383 547
181 548
207 548
379 548
115 549
137 549
235 549
38 550
86 550
335 551
473 551
57 552
65 552
281 552
322 552
324 552
362 552
412 552
232 553
303 553
360 554
195 555
222 555
434 555
100 556
455 556
79 557
340 557
191 558
53 559
166 560
215 560
254 560
27 561
46 561
314 561
242 562
421 562
95 563
120 563
184 563
320 563
89 565
240 565
282 565
306 565
66 566
136 566
207 566
352 566
468 566
230 567
278 567
294 567
323 567
173 568
383 568
401 568
447 568
270 569
377 569
410 569
110 570
151 570
262 570
85 571
334 571
361 571
430 571
60 572
360 572
412 572
200 573
251 573
107 574
416 574
417 574
476 574
80 575
106 576
234 576
389 576
435 576
457 576
55 577
123 577
143 577
345 577
367 577
81 578
104 578
179 578
434 578
33 579
194 579
118 580
176 580
301 580
436 580
116 581
231 581
157 582
444 582
137 583
205 583
326 583
113 584
291 584
353 584
95 585
116 585
172 585
288 586
396 586
427 586
332 587
65 588
129 588
151 588
165 588
186 589
470 589
44 590
82 590
197 590
277 590
282 590
219 591
256 591
399 592
303 593
343 593
61 594
382 594
452 594
124 595
195 595
297 595
305 595
306 595
399 595
437 595
104 596
160 596
385 596
402 596
35 597
60 597
218 597
219 597
301 597
362 597
402 597
420 597
438 597
233 598
382 598
140 599
206 599
265 599
289 599
297 599
9 600
54 600
171 600
346 600
403 600
424 600
478 600
18 601
94 601
330 601
337 601
153 602
72 603
187 603
211 604
136 605
198 605
320 605
166 606
392 606
410 606
427 606
43 607
228 607
148 608
304 608
462 608
257 609
81 610
117 610
240 610
374 610
181 611
226 611
130 612
11 613
160 613
446 613
59 614
340 614
358 614
468 614
254 615
318 615
347 615
72 616
144 616
412 616
122 618
392 618
107 619
252 619
297 619
269 620
155 621
167 621
433 621
370 622
304 623
2 624
47 624
207 624
220 624
193 625
251 625
268 625
364 625
390 625
283 626
452 626
64 627
462 627
97 628
204 628
358 628
416 628
314 629
177 630
297 630
127 631
135 631
40 632
77 632
150 632
219 632
250 632
268 632
288 632
332 632
12 633
57 633
163 633
385 633
188 636
409 636
235 637
374 637
431 637
452 637
