348 2
360 2
262 3
332 4
375 4
397 5
410 7
287 8
329 8
431 8
221 9
106 10
320 10
362 12
190 13
161 14
122 15
243 15
275 17
360 17
378 17
211 18
347 18
405 19
305 20
331 21
418 21
92 22
141 22
431 23
174 24
263 24
230 25
321 25
445 25
301 26
200 29
296 29
367 30
355 31
381 31
109 32
130 32
158 33
404 33
61 34
86 34
216 34
249 34
342 34
189 35
421 36
282 37
151 38
327 38
433 38
100 42
233 42
146 43
176 43
264 43
447 43
214 44
458 44
74 45
233 45
260 45
276 45
234 46
274 46
304 46
116 48
72 50
138 50
140 50
336 50
398 50
390 51
392 51
422 51
132 52
136 52
140 52
380 52
406 52
260 53
381 53
199 54
251 54
290 54
435 54
320 55
136 56
225 56
253 56
255 56
366 56
61 57
354 57
462 57
149 59
152 60
128 61
171 61
173 61
197 61
218 62
306 62
343 62
244 63
251 63
100 64
76 65
127 65
145 65
392 65
404 65
421 65
216 66
332 66
413 66
388 67
235 68
239 68
263 69
324 69
226 70
288 70
329 70
446 70
122 71
228 71
376 71
92 72
153 73
208 73
311 74
466 74
63 75
114 75
207 75
258 75
152 76
344 76
403 78
298 80
53 81
399 81
212 82
333 82
408 82
151 83
396 83
212 84
72 85
115 85
253 85
326 85
447 85
107 86
245 86
372 86
460 86
145 87
278 87
280 87
123 88
137 88
358 88
143 89
314 89
122 90
158 90
163 90
477 91
182 92
262 92
346 92
155 93
302 93
134 94
205 94
266 95
429 95
412 96
259 97
333 97
53 98
151 98
103 99
155 99
260 99
97 100
146 100
289 100
386 100
126 101
171 101
227 101
253 101
130 102
261 102
318 102
466 102
70 103
99 103
132 103
191 103
118 104
249 104
378 104
310 105
375 106
479 106
90 107
95 107
248 107
371 107
97 108
144 108
62 109
85 109
116 109
158 109
164 109
207 109
422 109
244 110
269 110
347 110
416 110
298 111
429 111
269 112
402 112
434 112
201 114
331 114
395 114
399 114
443 114
82 115
119 115
207 115
264 115
435 116
457 116
315 117
136 118
229 118
256 118
284 118
104 119
194 119
49 120
81 120
114 120
255 120
475 120
164 121
382 121
358 123
361 123
132 124
245 124
389 124
271 125
336 125
345 125
212 127
413 127
94 129
436 129
443 129
63 130
327 130
151 131
182 131
455 131
118 132
153 132
317 132
142 133
263 133
470 133
115 134
86 135
202 135
312 135
358 135
476 136
92 137
226 137
279 137
359 137
363 137
141 138
375 138
389 138
119 139
83 140
163 140
250 140
346 140
331 141
215 142
294 142
80 143
401 143
454 143
241 144
105 145
211 145
267 145
315 145
413 145
129 146
155 146
289 146
422 146
154 147
188 147
441 147
282 148
315 148
435 148
463 148
77 149
101 149
95 150
170 150
208 150
210 150
308 150
371 150
253 151
145 152
382 152
393 152
122 153
296 153
331 153
340 153
140 154
223 154
226 154
296 154
324 155
197 156
451 156
264 158
323 158
142 159
240 159
157 160
210 160
238 160
288 160
46 161
136 161
138 161
212 161
312 161
476 161
434 162
396 164
402 164
66 165
126 165
180 165
366 165
381 165
409 165
86 166
203 166
252 166
340 166
352 166
426 166
452 166
128 167
168 169
296 169
146 170
148 170
170 170
463 171
320 172
217 173
478 174
282 175
53 176
114 177
377 177
394 177
77 178
234 178
302 178
363 178
413 178
356 179
431 179
107 180
343 181
182 182
331 184
42 185
105 185
151 185
156 185
67 186
222 186
448 186
136 187
316 187
96 189
181 189
280 189
151 190
380 190
127 191
236 191
387 191
404 191
172 192
174 192
197 192
305 192
361 192
400 193
149 194
214 194
340 195
350 195
467 195
60 196
146 196
267 196
292 197
425 197
53 198
332 198
111 199
187 199
242 200
263 200
222 201
316 201
449 201
140 202
284 202
161 203
218 203
76 204
257 204
48 205
202 205
305 205
374 205
232 206
238 206
381 206
413 206
212 207
302 207
433 209
157 210
269 210
331 210
101 211
172 211
295 211
66 212
207 212
129 213
172 213
208 213
393 213
173 214
223 214
322 214
410 215
287 216
308 217
373 218
476 218
86 219
238 220
305 220
256 221
425 221
141 222
385 222
335 223
346 223
56 224
234 224
114 225
231 225
434 225
270 226
396 226
83 227
178 227
231 227
318 227
288 228
448 228
464 228
71 229
244 229
289 229
176 231
263 231
460 231
156 232
87 233
283 233
379 233
419 233
282 234
372 234
307 235
350 235
335 236
388 236
168 237
235 237
328 237
326 238
102 239
435 239
475 239
168 240
212 240
275 240
293 240
150 241
322 241
403 241
101 242
125 242
253 242
317 242
227 243
237 243
411 243
206 244
222 244
322 244
448 245
163 246
287 246
411 246
362 248
414 248
119 249
123 249
355 249
70 250
282 250
389 250
371 251
384 251
230 252
465 252
141 254
299 254
159 255
171 255
271 255
401 255
439 255
472 255
211 256
108 257
136 257
171 257
320 257
82 258
172 258
229 258
191 259
292 259
435 259
155 260
266 260
359 261
443 261
227 262
241 262
103 263
130 263
150 263
185 263
310 263
365 263
53 264
370 264
183 265
203 265
205 265
129 266
126 267
425 267
454 267
47 268
163 268
200 268
261 268
330 268
70 269
198 269
300 269
328 269
389 269
167 270
143 271
216 271
276 272
328 272
330 272
294 273
418 273
464 273
194 274
325 274
349 274
440 274
140 275
176 275
386 275
396 275
190 276
334 276
229 277
321 277
86 278
133 278
469 278
207 279
314 279
322 279
326 279
345 279
359 279
207 280
252 280
113 281
131 281
213 281
446 281
474 281
158 282
265 282
370 282
136 283
207 284
226 284
431 284
171 285
308 285
201 286
452 286
315 288
375 288
411 288
186 289
217 290
274 290
354 290
223 291
305 291
336 291
342 291
385 291
76 292
147 292
245 292
393 292
52 293
306 293
356 293
122 294
328 294
346 295
361 295
105 296
123 296
288 296
368 296
219 297
285 297
290 297
221 298
366 298
97 299
120 299
320 299
425 299
196 300
236 300
230 301
284 301
212 302
238 303
262 303
312 303
175 304
311 304
409 305
432 306
450 306
238 307
282 307
348 307
361 307
390 307
431 307
283 309
432 309
90 310
113 310
252 310
388 310
477 310
59 311
205 311
225 311
227 311
211 312
277 312
373 312
397 313
429 313
433 313
226 314
133 315
296 315
273 316
130 317
327 317
331 317
460 317
420 318
181 319
79 320
230 320
353 320
440 320
191 321
385 321
294 322
384 322
399 322
424 322
205 323
364 323
225 324
386 324
107 325
244 325
99 326
161 326
318 326
358 326
443 326
325 327
160 328
265 328
371 328
392 328
426 328
189 329
139 330
336 330
472 330
346 331
371 331
448 331
186 333
287 333
338 333
371 333
307 334
346 334
350 334
433 334
87 335
203 336
376 336
114 337
117 337
475 337
187 338
218 338
258 338
410 338
429 339
453 339
276 341
326 341
108 342
150 342
356 342
378 342
83 343
416 343
339 345
382 345
107 346
114 346
165 346
185 346
199 346
436 346
131 347
337 347
113 348
216 348
433 348
181 350
233 350
387 350
399 350
433 350
183 351
297 351
435 351
75 352
336 352
109 353
338 353
417 353
196 354
317 354
437 354
441 354
368 355
370 355
399 355
144 356
182 356
251 356
387 356
403 356
297 357
423 357
72 358
164 359
383 359
401 359
120 360
337 360
317 361
333 361
263 362
67 363
369 363
198 364
405 364
95 365
423 365
179 367
212 367
350 367
200 368
142 369
156 369
261 369
346 370
386 370
446 370
143 371
158 371
160 371
174 371
243 371
286 371
333 371
368 371
110 372
325 373
124 375
129 375
305 375
447 375
196 376
276 376
302 376
123 377
242 377
367 377
181 378
217 378
339 378
424 378
270 379
315 379
158 381
318 382
384 382
83 383
128 383
291 383
254 384
341 384
407 384
181 385
289 385
363 385
447 385
103 386
262 386
317 386
283 387
289 388
155 389
244 389
337 389
138 390
197 390
199 390
330 390
154 391
201 391
311 391
340 391
78 392
225 392
250 392
357 392
185 393
183 394
281 394
302 395
429 395
450 395
173 397
378 397
96 398
155 398
123 399
240 399
331 399
474 399
233 400
406 400
427 400
117 401
246 401
262 401
264 401
270 401
274 401
357 401
373 401
260 403
156 404
157 404
241 405
395 407
153 408
221 408
289 408
121 409
151 409
175 409
379 410
155 411
372 411
426 411
475 411
194 412
450 413
319 414
133 416
283 416
344 416
99 417
243 417
114 418
308 418
181 419
233 419
265 419
245 420
272 420
314 420
368 420
405 420
316 421
139 422
423 423
163 424
301 424
477 424
247 425
308 425
370 425
390 425
148 426
208 426
190 428
146 429
397 429
307 430
388 430
278 431
304 431
326 431
102 432
149 432
224 432
357 432
389 432
121 433
420 433
235 434
250 434
387 434
132 435
261 435
126 436
246 436
253 436
437 437
176 438
202 438
275 438
456 438
135 439
257 439
349 439
385 439
388 439
398 439
384 441
309 442
317 442
301 443
322 443
414 444
476 444
95 445
341 446
197 447
207 447
230 447
297 447
161 448
209 448
226 448
285 448
397 448
218 449
236 449
307 449
237 450
243 450
281 450
250 451
299 451
264 453
473 454
120 455
279 455
182 456
282 456
326 456
460 456
140 457
263 458
330 458
388 458
438 459
354 460
371 460
230 461
205 462
314 462
345 462
205 463
347 464
380 464
161 465
337 465
298 466
471 466
283 467
335 467
128 468
309 468
407 468
217 469
268 469
434 469
267 470
285 470
328 471
344 471
188 472
404 473
450 473
148 474
228 474
255 474
257 474
369 474
248 475
271 475
277 475
332 475
428 477
212 478
330 479
396 479
167 480
315 480
327 480
389 480
123 481
349 482
304 483
306 483
422 483
180 484
343 485
304 486
354 487
196 488
302 488
256 489
280 489
290 489
294 489
235 490
264 490
288 490
337 490
217 491
257 491
286 491
330 492
334 492
352 492
255 493
376 493
439 493
264 494
333 494
165 495
413 496
321 497
340 498
322 499
181 500
330 501
211 502
291 503
365 503
283 505
300 505
294 506
305 506
312 506
146 507
256 507
286 507
238 508
287 508
197 509
260 509
352 509
397 509
159 511
272 514
212 515
330 515
417 517
175 518
224 518
326 518
358 518
239 519
252 519
384 519
192 524
298 525
280 526
375 526
270 527
339 528
366 528
211 529
258 530
251 531
237 533
308 537
353 538
343 542
274 543
