424 2
312 3
372 5
407 6
245 7
335 7
381 7
262 8
233 9
387 9
465 9
276 10
293 10
353 10
219 11
439 11
190 12
309 12
419 12
364 14
400 14
171 15
323 17
449 17
477 17
241 20
378 20
436 20
277 21
226 22
256 22
340 22
204 23
298 24
416 24
183 25
308 25
157 26
168 26
444 26
324 27
463 27
357 29
397 29
434 31
474 31
273 32
233 33
259 33
287 33
248 34
338 34
222 35
298 35
408 35
177 36
191 36
206 36
347 36
371 36
160 38
316 39
452 39
145 40
335 42
422 42
389 43
464 43
252 44
433 45
214 46
270 46
359 46
397 46
217 47
230 48
284 48
208 49
300 49
316 49
406 49
183 50
185 50
473 50
169 51
192 51
442 52
133 55
332 55
148 56
388 56
453 57
352 58
385 58
393 58
423 58
218 59
246 59
257 59
271 59
226 61
399 61
194 62
216 62
289 62
303 62
203 63
463 63
309 64
322 64
362 65
374 65
438 65
376 66
156 68
413 68
142 69
225 69
229 69
255 69
330 69
376 71
208 72
451 72
203 73
277 73
285 73
342 73
476 73
123 74
425 75
458 75
175 76
295 76
357 76
393 76
310 78
433 78
363 79
242 80
263 80
370 80
162 81
366 81
224 82
364 82
200 83
326 83
371 83
467 83
412 84
153 85
337 85
445 85
169 86
143 87
377 87
188 88
276 88
347 88
259 89
386 89
132 90
227 90
237 90
286 90
425 90
478 90
218 91
304 91
222 92
458 92
116 93
360 93
211 95
319 95
366 95
401 95
205 96
396 96
182 97
249 99
329 99
438 99
169 100
260 100
152 101
259 101
413 101
469 101
232 102
282 102
340 102
225 103
449 103
131 104
211 104
213 104
423 104
380 105
295 106
115 107
191 107
389 107
351 108
307 109
397 109
362 110
176 111
461 111
318 112
433 112
225 113
246 113
283 113
408 113
161 114
248 114
256 114
328 114
376 114
149 115
136 116
473 116
212 117
217 117
197 118
342 118
188 119
375 119
447 119
376 120
129 121
265 121
352 121
350 122
116 123
177 123
254 123
302 123
422 123
242 124
284 124
312 124
388 124
420 124
428 124
104 125
165 125
228 125
321 125
364 125
395 126
460 126
212 127
405 127
138 128
325 128
332 129
191 131
331 131
333 131
382 132
408 132
342 133
349 133
128 135
175 135
280 135
352 135
125 136
238 136
253 136
118 137
136 137
269 137
350 137
392 137
420 137
295 138
420 138
449 138
474 138
151 139
159 139
424 139
104 140
229 140
311 140
214 141
325 141
331 142
202 143
401 143
407 143
192 144
326 144
129 145
371 145
461 145
181 146
334 146
120 147
259 147
236 148
277 148
410 149
417 149
153 150
168 150
442 150
298 152
470 152
157 153
222 153
314 153
361 153
101 155
212 155
324 155
330 155
425 156
233 157
323 157
197 158
256 158
325 158
409 158
126 160
183 160
269 160
381 160
271 161
350 161
292 162
298 162
383 162
407 162
161 163
165 163
295 163
111 164
165 165
314 165
153 166
311 166
362 166
441 166
460 166
219 168
250 168
370 168
396 168
420 168
143 169
206 169
322 169
253 170
276 170
453 170
135 171
193 171
203 171
267 171
356 171
380 171
275 172
285 172
286 172
192 173
337 173
187 174
437 174
344 175
410 175
474 175
120 176
167 176
166 177
239 177
373 178
211 179
244 179
259 179
395 179
266 180
102 181
153 181
210 181
216 181
452 181
196 182
204 182
355 182
140 183
329 183
364 184
290 185
297 185
403 185
386 186
175 187
339 187
426 187
126 188
310 188
314 188
461 188
179 189
347 189
373 189
167 190
172 190
234 190
262 190
315 190
165 191
227 191
256 191
396 191
412 191
280 192
438 192
107 193
156 193
251 193
469 193
221 194
332 195
361 195
97 197
140 197
448 197
195 198
387 198
309 199
124 200
173 200
308 200
347 200
427 201
323 202
245 203
271 203
352 203
377 203
395 203
228 204
264 204
413 204
433 204
454 204
154 205
190 205
227 206
278 206
112 207
221 207
230 207
293 207
207 208
214 208
363 208
406 209
389 210
140 211
310 211
100 212
208 212
466 212
137 213
176 213
201 213
318 213
348 213
445 214
170 215
191 215
199 215
265 215
268 215
275 215
377 215
122 216
242 216
262 216
424 216
323 217
123 218
234 218
238 218
287 218
329 218
113 219
224 219
262 219
266 219
227 220
299 220
385 220
216 221
367 221
404 221
430 221
217 222
222 222
226 222
453 222
477 222
339 223
203 224
102 225
137 225
146 225
311 225
412 225
372 226
261 228
396 228
130 229
267 229
325 229
418 229
439 229
462 229
95 230
125 230
135 230
192 230
264 230
269 231
277 231
379 231
286 232
327 232
150 233
160 233
240 233
358 233
118 234
125 234
154 234
292 234
156 235
301 235
338 235
405 236
426 236
213 237
203 238
205 238
367 238
389 238
450 238
145 239
475 242
103 243
139 243
171 243
248 243
256 243
326 243
136 244
161 244
198 244
264 244
273 244
438 244
159 246
357 246
374 246
91 248
220 248
297 248
335 248
399 248
125 249
150 249
299 249
419 249
385 250
461 250
117 251
179 251
215 251
151 252
363 252
382 252
404 252
178 253
173 254
344 254
371 254
409 254
427 254
169 255
171 255
240 255
388 255
262 256
367 256
276 257
350 257
390 257
393 257
440 257
449 257
109 258
236 258
324 258
160 260
252 260
371 260
470 260
296 261
216 262
393 262
123 263
221 263
379 263
96 264
333 264
442 264
297 265
302 265
359 266
145 267
149 267
208 267
212 267
304 267
398 267
183 268
207 268
271 268
434 268
461 268
90 269
180 269
418 269
263 270
364 270
448 270
205 271
234 271
236 271
282 271
283 271
309 271
436 271
317 272
367 272
386 272
433 272
114 273
167 273
253 273
293 273
294 273
342 273
365 273
308 274
390 274
131 275
193 276
107 277
136 277
322 277
405 277
168 278
190 278
219 278
248 278
371 278
387 278
193 279
195 279
276 279
319 279
366 279
471 279
190 280
241 280
453 280
154 281
167 281
392 281
188 282
288 282
291 282
352 282
410 282
211 283
292 283
330 283
98 284
146 284
427 284
235 285
410 285
160 286
306 286
330 286
354 286
439 286
458 286
233 287
253 287
261 287
351 287
397 287
90 288
114 288
143 288
178 288
309 288
414 288
138 289
218 289
479 289
226 290
379 290
420 290
440 290
158 291
245 291
359 291
401 291
153 292
195 292
242 292
310 292
155 293
211 293
362 293
319 294
336 294
150 295
171 295
276 295
342 295
126 296
445 296
102 297
149 297
268 297
187 298
232 298
317 298
323 298
385 298
423 298
206 299
270 299
277 299
296 299
321 299
339 299
360 299
426 299
467 299
260 300
366 300
256 301
271 301
426 301
164 302
204 302
347 302
407 302
117 303
405 303
303 304
407 304
427 304
325 305
327 306
372 306
452 306
199 308
202 308
241 308
471 308
176 309
304 309
308 309
333 309
349 309
407 309
392 310
109 311
136 311
258 311
478 311
231 312
261 312
269 312
278 312
328 312
349 312
376 312
129 313
262 314
338 314
127 315
152 315
436 315
232 316
275 316
436 316
314 317
356 317
458 317
168 318
416 318
146 319
189 319
295 319
438 319
187 321
247 321
312 321
316 322
340 322
361 322
438 322
136 324
205 324
441 324
424 325
109 326
276 326
242 327
276 327
425 327
223 328
263 328
300 328
159 329
182 329
322 329
467 329
361 330
128 331
280 331
284 331
386 331
429 331
104 333
347 333
384 333
198 334
219 334
150 335
167 335
307 335
366 335
449 335
386 336
389 336
410 336
426 336
428 336
236 337
306 337
312 337
428 338
162 339
292 339
307 339
350 339
434 339
120 340
194 340
314 340
367 340
475 340
278 341
294 341
370 341
292 342
312 342
390 342
413 342
262 343
332 343
393 343
308 344
391 344
194 345
293 345
411 345
214 346
230 346
279 346
316 346
135 347
173 347
312 347
377 347
390 347
396 347
247 348
298 348
315 348
352 348
457 348
282 349
375 349
152 350
189 350
107 351
338 351
461 351
189 352
435 353
215 354
378 354
393 354
417 354
316 355
423 355
149 356
233 356
253 356
247 357
320 357
198 358
257 358
267 358
342 358
361 358
440 358
443 358
126 359
169 359
184 359
286 359
306 359
468 359
169 360
400 360
381 361
182 362
187 362
288 362
339 362
247 363
291 363
321 363
327 365
347 365
168 366
197 366
214 366
249 366
384 366
106 367
305 367
293 368
428 368
451 368
121 369
311 369
143 370
235 370
328 370
261 371
347 371
213 372
409 372
476 372
350 373
182 374
250 374
315 374
393 374
433 374
251 375
114 376
262 376
315 376
330 376
460 376
162 377
135 378
298 378
216 379
264 379
265 379
369 379
239 381
390 381
417 381
438 381
317 383
377 383
178 384
180 384
197 384
266 384
290 384
336 384
128 385
150 385
257 385
215 386
287 386
319 386
339 386
197 387
467 387
161 388
259 388
268 389
422 389
380 390
399 390
159 391
194 391
260 391
309 391
144 392
219 392
356 392
380 392
115 393
275 393
360 393
450 393
182 394
382 394
426 394
295 395
244 396
343 396
294 397
177 398
262 398
274 398
314 398
361 398
386 398
137 399
275 399
316 400
408 401
198 402
391 402
433 402
457 402
183 403
200 403
205 403
222 403
224 404
246 404
391 404
414 404
153 405
281 405
345 405
131 406
230 406
388 406
205 407
228 407
250 407
300 407
232 408
250 408
389 408
417 408
252 409
415 409
437 409
124 410
467 410
273 411
329 411
249 412
270 412
285 413
444 413
164 414
237 414
350 414
368 414
396 414
168 415
272 415
425 416
145 417
211 417
217 417
259 417
262 417
401 417
215 418
279 418
186 419
256 419
260 419
190 420
307 420
221 421
238 421
261 421
361 421
376 421
209 422
356 422
453 422
291 423
432 423
189 424
220 424
375 424
212 425
282 425
426 425
190 426
315 426
430 426
462 426
158 427
241 427
336 427
243 428
214 429
249 429
435 429
245 430
433 430
435 430
215 431
391 431
228 432
198 433
253 433
270 433
176 434
320 434
434 434
170 435
391 435
416 435
270 436
344 436
472 436
208 439
298 439
375 439
445 439
273 440
181 441
207 441
352 441
155 442
232 442
309 442
422 443
256 444
324 444
373 444
454 447
214 449
333 450
431 450
166 451
331 451
463 451
220 452
242 452
243 452
289 452
410 453
438 453
361 454
185 455
265 455
268 455
471 455
337 457
388 457
248 458
271 458
447 458
152 459
225 461
254 461
256 462
297 462
301 462
198 464
255 464
318 465
368 465
398 465
300 466
323 466
279 468
281 468
459 468
209 469
234 469
309 470
177 471
264 471
279 471
283 471
286 471
311 471
432 471
309 472
306 473
378 473
246 475
408 475
315 477
189 478
223 479
363 479
389 479
444 480
197 482
419 482
271 483
396 486
207 487
297 487
346 488
181 489
278 489
302 489
428 489
239 490
373 490
351 491
353 491
355 491
383 492
408 493
265 495
327 495
219 496
358 498
388 499
196 500
365 500
416 502
232 503
341 503
271 507
297 507
373 507
400 507
213 509
350 510
438 510
280 512
359 512
256 513
306 513
387 514
225 515
358 515
364 516
331 518
266 519
400 519
341 522
318 524
273 525
355 525
377 526
335 532
314 534
322 536
354 537
