223 69
139 74
270 74
285 75
202 76
187 78
124 81
172 83
241 85
152 88
224 89
289 89
320 90
272 91
306 91
207 93
255 94
136 96
188 98
173 102
340 102
86 103
228 103
264 104
304 104
124 105
318 105
284 106
79 110
154 110
209 112
241 112
108 113
354 113
68 116
196 116
270 116
332 116
141 117
260 117
315 117
96 118
230 118
307 119
186 120
127 122
137 122
240 122
294 123
58 124
184 124
84 127
115 128
277 128
347 129
326 130
374 130
79 132
160 132
198 133
243 133
258 133
52 134
130 134
313 134
157 135
192 135
97 137
130 137
186 137
229 138
290 138
292 138
272 139
43 142
147 142
174 142
144 143
213 143
256 144
340 144
355 145
378 145
114 146
247 146
323 146
368 146
81 147
307 148
397 148
409 150
195 151
103 152
31 153
66 153
152 154
187 154
219 155
345 155
269 156
338 156
124 157
357 157
94 158
212 158
321 158
20 159
146 160
246 160
379 163
401 163
234 164
286 164
296 164
112 165
192 165
81 166
198 166
322 166
194 167
229 167
304 167
220 168
270 168
130 169
286 169
354 169
422 169
8 170
157 171
343 171
208 173
254 173
361 173
435 174
39 175
177 175
240 176
199 177
316 179
190 180
193 180
332 180
405 180
65 181
284 181
343 181
419 181
229 182
89 183
275 183
357 183
268 184
159 185
53 186
252 186
26 188
53 188
208 188
368 188
379 188
323 190
384 190
204 191
310 191
232 192
291 192
331 192
343 192
448 192
80 193
289 193
397 193
54 194
104 194
193 194
333 194
352 194
358 195
409 195
258 196
356 196
48 197
140 197
141 197
214 198
424 198
123 199
246 199
373 201
97 202
234 203
176 204
287 204
298 204
313 204
440 204
198 206
226 206
329 206
330 206
169 207
269 207
392 207
7 208
66 208
191 208
254 209
343 209
345 209
357 210
411 210
459 210
31 211
55 212
368 212
202 213
205 213
239 213
428 215
131 216
198 216
19 217
195 218
292 218
305 218
387 218
73 219
222 219
279 219
323 219
92 220
189 220
191 220
44 221
121 221
262 221
263 221
87 222
350 222
444 222
337 223
42 224
64 225
204 225
360 225
411 225
105 227
137 227
197 228
231 228
464 229
168 230
31 231
79 231
150 231
284 231
300 231
377 231
432 231
186 232
218 232
274 232
390 232
5 233
311 233
57 234
97 234
178 235
323 235
327 235
330 236
338 236
239 237
445 237
50 238
352 238
137 239
235 239
411 239
116 240
373 240
116 241
152 241
171 241
22 242
85 243
297 243
188 244
263 244
264 244
279 244
423 244
129 245
188 245
279 245
207 246
249 246
314 246
465 246
12 247
39 248
327 248
435 248
142 249
184 249
346 249
396 249
147 250
200 250
358 250
201 251
57 252
104 252
475 252
178 253
216 254
264 254
292 254
194 255
252 255
283 255
306 255
368 255
409 255
135 256
320 256
450 256
70 257
134 257
252 257
170 258
333 258
3 260
84 260
149 260
206 260
425 260
26 262
48 262
232 262
347 262
381 262
97 263
183 263
165 264
65 265
124 265
393 265
300 266
435 266
465 266
113 267
222 267
41 269
157 269
317 269
366 269
77 270
137 270
11 271
194 271
214 271
35 272
329 272
406 272
242 273
234 274
89 275
341 275
102 276
150 276
165 276
53 277
116 277
132 277
288 277
379 277
380 277
202 278
226 278
307 278
451 278
5 279
299 279
351 279
423 279
180 281
216 281
215 283
263 283
394 283
422 283
426 284
431 284
460 284
327 285
359 285
363 285
428 285
245 286
20 287
42 287
125 287
157 287
235 288
76 289
110 289
170 289
439 290
466 290
376 291
404 291
90 292
139 292
302 292
166 293
222 293
89 294
149 294
60 295
200 295
307 295
414 295
102 296
86 297
211 297
318 297
385 297
444 297
256 298
355 298
269 299
328 299
35 300
130 300
192 300
243 300
246 300
260 300
277 300
8 301
69 301
130 302
284 302
296 302
329 302
396 302
82 303
113 303
174 303
236 303
158 304
294 304
370 304
274 305
307 305
433 306
459 306
26 309
61 309
83 309
139 310
217 310
352 310
80 311
122 311
408 311
466 311
189 312
332 312
81 313
151 313
186 313
316 313
333 313
381 313
434 313
42 314
169 314
357 314
360 314
263 315
295 316
418 316
182 317
249 317
263 317
471 317
240 318
274 318
148 319
182 319
184 319
446 319
165 320
230 320
367 320
16 321
279 321
346 321
394 321
130 322
305 322
55 323
162 323
228 323
392 323
477 323
199 324
424 324
221 325
286 325
71 326
101 326
353 327
375 327
31 328
50 328
316 328
337 328
159 329
458 329
214 330
257 330
295 330
407 330
434 330
84 331
141 331
263 331
340 331
403 331
110 332
244 332
192 333
46 334
8 335
174 335
368 335
96 336
207 336
342 336
346 336
124 337
328 337
65 338
277 338
389 338
442 338
367 339
417 339
23 341
153 341
224 341
167 343
288 343
474 343
171 344
42 345
219 345
398 345
77 346
373 346
460 346
357 347
91 348
181 348
251 348
262 348
403 348
420 348
21 349
135 349
199 349
309 349
374 349
59 350
121 350
259 350
322 350
340 350
238 351
277 351
381 351
465 351
295 352
193 353
390 353
408 353
207 354
450 354
145 356
105 357
74 358
285 358
14 359
55 359
227 359
116 360
298 360
318 360
431 360
130 361
161 361
352 361
34 362
474 362
189 363
204 363
416 363
52 364
265 364
103 365
254 365
303 365
142 366
85 367
244 367
405 367
274 368
238 369
302 369
439 369
141 370
341 371
460 371
128 372
199 372
237 372
308 372
325 372
372 372
157 373
358 373
392 373
6 374
27 375
173 375
69 376
363 376
211 377
276 377
428 377
82 378
98 378
140 378
257 378
114 379
362 379
467 379
229 380
296 380
312 380
396 380
344 381
158 382
230 382
245 382
330 382
414 383
153 384
171 384
64 385
79 385
112 385
453 385
80 386
140 386
267 386
474 386
22 388
45 388
349 388
239 389
369 389
96 390
125 390
176 390
224 390
334 390
436 390
205 391
384 391
385 391
317 392
419 392
168 394
286 394
206 395
462 395
138 396
256 396
373 396
93 397
274 397
335 398
358 398
79 399
123 399
16 400
40 400
171 400
444 400
391 401
423 401
288 402
205 404
269 405
302 405
470 405
361 406
153 407
236 407
321 407
121 408
339 408
351 408
9 409
267 409
377 409
417 409
428 409
450 409
168 410
39 411
77 411
134 411
250 411
397 411
22 412
189 412
284 412
56 415
107 415
247 415
320 415
75 416
92 416
221 416
172 417
300 417
435 418
436 418
209 419
262 419
383 419
120 420
358 420
18 421
89 421
238 421
467 422
137 423
193 423
333 423
34 425
151 425
297 425
421 425
104 426
278 426
387 426
52 427
171 427
194 428
230 428
260 428
439 428
71 429
310 429
361 430
216 431
262 431
456 431
346 432
374 432
90 434
253 434
334 434
153 435
360 435
120 436
292 436
307 436
320 436
33 437
173 437
244 437
272 437
320 437
360 437
477 437
12 438
205 438
393 438
428 438
51 439
106 439
154 439
176 439
225 439
242 439
444 439
137 440
198 440
460 440
197 441
362 441
379 443
307 444
284 445
34 446
347 446
157 447
266 447
412 447
123 448
138 448
105 449
302 449
48 450
214 450
75 451
141 451
284 451
304 451
332 451
121 452
247 452
397 452
431 452
33 453
142 453
255 453
436 454
194 455
380 455
450 455
90 456
237 456
348 456
198 457
228 457
365 457
469 457
160 459
254 459
281 460
300 460
19 461
127 461
144 461
164 461
318 461
5 462
74 462
179 462
201 462
204 462
34 463
435 463
109 464
332 464
383 464
90 465
316 465
400 465
166 467
350 467
276 468
315 468
476 468
211 469
271 469
45 471
222 471
330 471
456 471
60 472
146 473
222 473
242 473
106 474
191 474
232 474
298 474
327 474
364 474
249 475
312 475
346 475
32 477
74 478
197 478
268 478
153 479
16 480
45 480
406 480
288 481
324 481
90 482
135 483
423 483
462 483
76 484
109 484
385 484
307 485
139 486
344 486
386 486
364 487
30 488
160 488
180 488
60 489
143 489
124 490
184 490
124 491
468 491
44 492
256 492
280 492
45 493
223 493
274 493
447 493
166 494
235 494
14 495
94 495
432 496
112 497
148 497
301 497
317 497
359 497
76 498
339 498
270 500
30 501
193 501
45 503
131 503
240 503
336 504
153 505
357 505
206 506
261 506
474 506
12 507
178 507
290 507
374 507
375 507
434 507
455 507
116 508
404 508
405 508
420 508
99 509
217 509
47 510
309 510
388 510
328 511
29 512
81 513
219 513
140 514
221 514
47 515
65 515
229 516
236 516
280 516
246 517
271 518
304 518
370 518
440 518
126 520
170 520
11 521
203 521
345 521
463 521
149 522
263 522
327 523
383 524
28 525
180 525
118 526
402 526
404 526
427 526
104 527
240 527
295 527
443 527
73 528
156 529
244 529
366 529
345 530
367 531
427 531
470 531
137 532
426 532
49 533
89 533
188 533
190 534
196 535
285 535
313 535
30 536
126 537
206 537
6 538
146 538
269 538
277 538
366 538
222 539
113 540
334 540
395 540
447 540
237 541
54 542
54 543
95 543
178 543
234 543
303 544
417 544
153 545
305 545
479 545
31 546
134 546
390 546
464 546
163 548
346 548
388 548
188 549
295 549
362 549
367 549
203 550
199 551
119 552
141 552
214 552
288 553
103 554
316 554
385 554
35 556
55 556
58 556
168 556
279 556
1 557
358 557
125 558
378 558
413 558
87 559
354 560
258 561
331 561
210 562
15 563
266 563
268 563
452 563
40 564
156 564
207 564
256 564
410 564
473 564
66 565
182 565
299 566
255 567
345 567
403 567
226 568
193 569
234 569
237 569
372 569
432 570
97 571
137 571
317 571
21 572
367 572
47 573
458 573
171 574
286 574
396 574
148 575
75 576
209 576
363 576
335 578
424 578
127 579
175 579
272 579
304 579
221 580
222 580
185 581
255 581
384 581
424 581
470 581
82 582
54 583
82 583
109 583
157 583
445 583
28 584
350 584
385 584
291 587
321 587
206 588
89 589
219 589
141 590
237 590
408 590
366 591
65 592
118 592
279 592
35 593
338 593
14 594
182 595
302 595
445 595
461 596
200 597
259 597
398 597
216 598
220 598
266 598
331 598
362 599
46 600
358 600
78 601
236 601
428 601
192 602
320 602
284 603
135 604
174 605
114 606
382 606
308 608
346 608
60 609
414 609
88 610
208 611
150 612
294 612
225 613
189 614
333 614
364 614
132 616
243 616
282 616
400 616
438 616
451 616
104 617
167 617
264 617
73 618
219 620
320 620
354 621
427 622
181 624
304 624
290 626
375 626
89 627
154 627
276 627
345 627
60 628
121 628
412 629
204 630
363 630
239 631
256 631
169 633
220 633
404 633
327 634
105 635
74 636
136 636
355 636
146 638
187 638
389 638
316 639
