305 29
322 32
339 36
254 38
276 41
353 43
297 45
365 45
224 48
317 48
375 50
240 52
257 53
269 56
292 60
305 61
210 63
313 64
369 64
195 65
229 65
257 67
329 67
269 69
283 71
348 73
399 74
409 75
162 76
305 76
175 77
190 78
214 78
236 79
319 79
255 80
367 81
417 82
380 85
295 86
431 87
351 88
230 90
306 90
166 91
182 91
395 91
145 92
199 92
226 92
443 92
223 93
249 94
327 94
366 95
338 96
284 97
299 99
296 100
454 100
412 101
305 102
201 104
230 104
465 104
184 105
219 105
234 105
383 105
154 106
171 106
137 109
425 109
307 115
402 115
321 117
248 118
200 119
367 119
444 119
239 120
268 120
202 121
262 121
156 122
167 122
412 122
137 123
279 123
384 123
122 124
338 124
417 125
295 126
395 127
206 128
220 128
360 131
271 132
314 132
397 132
430 132
364 133
403 134
466 134
157 137
170 137
202 137
286 137
168 139
194 139
439 139
127 142
249 143
346 143
272 146
313 146
389 147
450 148
111 150
425 150
177 151
288 151
331 151
363 151
422 151
164 152
227 152
336 152
242 153
398 153
143 154
244 154
254 154
401 154
373 156
464 156
127 158
319 158
403 158
262 159
273 159
380 159
288 161
201 162
439 162
87 163
114 163
214 163
360 163
183 164
230 164
334 165
334 166
393 166
157 167
301 167
476 167
169 168
252 168
448 168
317 171
133 172
266 172
280 174
378 174
381 174
103 175
113 175
400 176
461 176
231 177
399 177
193 178
364 178
91 179
405 179
168 180
180 180
251 180
299 180
436 180
337 181
340 181
266 182
414 182
131 183
79 184
271 184
317 184
418 184
416 185
353 187
378 187
473 187
112 188
285 188
330 189
228 191
98 192
181 192
209 192
247 192
422 192
451 192
144 193
195 193
215 193
338 193
396 193
302 194
260 195
132 196
168 197
368 197
272 198
85 199
313 199
349 200
125 201
406 201
118 202
157 202
292 202
398 202
377 203
431 203
465 204
198 205
204 205
212 205
150 206
225 206
244 206
101 207
144 207
298 207
331 207
356 207
180 208
411 210
437 211
476 211
90 213
274 213
311 213
339 214
367 214
455 215
230 216
221 217
419 217
291 218
321 218
118 219
193 219
239 219
347 219
394 219
298 220
253 221
149 222
109 224
149 224
176 224
181 224
261 224
353 224
71 225
310 225
379 225
270 226
310 226
379 227
406 227
426 227
469 227
98 228
140 228
229 228
210 229
166 230
168 231
284 231
364 232
158 233
322 233
293 234
411 234
451 235
301 236
478 236
348 237
436 237
149 238
251 238
113 239
179 239
267 239
181 240
223 240
215 241
335 241
396 241
310 242
373 242
170 243
203 244
71 245
422 246
463 246
131 247
186 247
341 247
322 248
383 248
160 249
446 249
359 250
246 251
334 252
404 252
58 253
296 253
468 253
217 254
173 255
408 255
431 255
86 256
118 256
205 256
275 257
310 259
347 259
369 259
47 260
353 260
478 260
160 261
195 261
190 262
417 262
289 263
394 263
78 264
131 264
154 265
241 265
356 265
458 265
333 266
42 267
177 267
223 267
356 267
438 268
66 269
99 269
211 270
277 270
125 271
421 271
202 272
379 272
144 273
87 274
97 274
340 274
364 274
467 275
195 276
321 276
450 277
117 278
299 278
57 279
137 279
345 279
121 280
388 280
428 280
225 282
240 282
161 283
258 283
372 283
235 284
271 284
52 285
271 285
371 285
75 286
407 286
391 287
94 288
151 288
214 288
172 289
110 290
129 290
276 290
309 290
433 290
455 290
151 291
396 291
89 293
46 294
145 295
185 295
307 295
66 296
86 296
167 296
288 296
376 296
238 297
249 297
338 297
416 297
442 297
124 298
206 298
231 298
396 298
201 299
318 299
40 301
100 302
336 302
420 302
463 302
343 303
379 303
403 303
178 304
218 304
252 304
121 305
265 305
299 305
445 305
139 306
161 306
273 306
379 307
76 308
240 308
276 308
364 308
403 308
136 309
33 310
215 310
53 311
133 312
383 312
115 313
154 313
135 314
284 315
92 316
171 316
478 316
184 317
214 317
453 317
253 318
327 318
111 319
198 319
231 319
403 319
109 320
352 321
372 322
127 323
197 324
291 324
45 325
127 325
429 325
167 326
264 326
335 326
411 326
64 327
86 327
149 327
105 328
460 328
178 329
272 330
250 331
103 332
276 332
358 332
126 333
241 333
178 334
317 334
165 335
440 335
193 336
223 336
260 336
376 336
77 337
337 338
147 339
246 339
418 339
282 341
297 341
397 341
468 341
178 342
319 342
360 343
209 344
222 344
102 345
177 345
191 345
265 345
161 346
247 346
348 346
449 346
32 347
302 347
71 348
117 348
233 348
54 349
361 349
220 350
377 350
433 350
405 352
289 353
190 354
192 354
256 354
477 354
86 355
129 355
146 355
176 355
224 355
350 356
454 356
162 357
277 357
364 357
102 358
175 358
302 358
422 358
69 359
317 360
382 360
45 362
62 362
394 362
440 362
84 363
224 365
303 365
209 366
178 367
194 367
241 367
289 367
365 367
354 368
427 369
464 369
61 370
264 370
321 370
338 370
368 370
396 370
128 371
163 371
249 371
314 371
411 371
96 372
292 372
301 372
37 375
146 376
251 376
339 376
448 376
214 377
231 377
276 377
197 378
180 379
313 379
127 380
164 380
61 381
78 381
431 381
469 381
353 382
371 382
400 382
283 383
110 385
111 385
237 385
308 385
338 385
399 385
128 386
387 386
149 387
220 387
165 388
336 388
333 389
453 389
416 390
320 391
147 392
242 392
263 392
356 392
434 392
129 393
368 393
29 396
93 396
186 396
204 396
334 396
354 396
476 396
226 397
43 398
167 398
390 398
60 399
110 399
353 400
381 400
406 400
294 401
312 401
437 401
77 402
277 403
129 404
302 405
72 406
91 406
287 406
367 406
421 406
256 407
41 408
24 409
169 409
380 409
408 409
461 409
93 410
261 410
444 411
151 412
428 412
130 413
348 415
241 416
72 419
368 419
394 419
110 421
325 421
421 421
422 421
434 421
470 421
128 422
252 422
409 422
196 423
349 423
173 424
75 425
110 425
222 425
381 425
17 426
132 426
134 426
267 426
341 426
38 427
274 427
281 430
334 431
363 431
396 433
411 433
422 433
476 433
288 434
335 435
456 435
336 436
437 436
176 437
341 437
409 437
34 438
136 438
110 439
234 439
53 441
338 441
380 441
111 444
461 445
302 446
361 446
393 446
314 447
443 447
138 448
275 448
165 449
288 449
72 450
218 450
393 450
94 451
114 451
263 451
425 451
32 452
376 452
330 453
240 454
466 454
275 455
51 456
95 456
164 456
229 456
427 456
350 457
290 458
314 458
216 459
447 460
303 461
393 461
410 461
74 462
31 463
470 463
145 464
171 464
197 464
239 466
340 466
388 466
430 466
250 467
119 468
451 468
97 469
326 471
405 471
416 471
58 472
152 472
264 472
226 473
387 473
414 473
78 474
309 475
101 476
280 476
302 476
362 476
100 477
211 477
294 477
430 477
417 478
127 479
155 481
44 482
348 483
462 483
446 485
228 486
255 486
384 486
227 487
401 487
431 487
378 488
386 488
65 489
195 489
264 489
332 490
135 491
158 491
193 491
279 491
290 491
324 491
87 492
107 492
132 492
216 493
311 493
398 493
107 494
238 495
364 496
451 497
473 497
416 498
250 499
253 499
165 500
434 500
46 502
352 502
143 503
261 503
296 503
117 504
190 504
282 504
70 505
213 505
231 505
417 505
269 506
325 510
171 511
154 512
244 512
379 512
201 514
99 515
310 515
412 515
447 516
259 517
274 517
300 517
462 517
261 518
357 518
403 518
51 519
130 522
78 523
188 523
340 523
163 526
237 526
470 526
424 527
326 528
244 529
253 529
420 529
199 530
359 530
384 530
113 531
313 531
383 531
62 532
455 532
138 533
249 533
295 533
94 534
300 534
343 534
210 535
276 535
266 536
162 537
438 537
223 538
374 538
434 538
189 539
190 539
336 539
192 542
319 543
107 544
148 544
240 544
358 544
396 544
118 546
203 548
253 548
263 548
306 548
386 549
463 549
258 550
181 551
285 552
303 552
331 552
449 552
275 553
327 553
374 553
88 555
216 555
433 558
164 559
186 559
232 559
357 559
137 560
102 561
435 561
255 562
425 562
249 563
345 563
387 563
198 564
176 565
270 566
277 566
384 566
389 566
285 567
332 567
147 568
319 568
410 568
116 569
212 569
314 570
400 570
371 572
159 573
227 573
235 574
442 575
359 576
90 577
350 577
361 577
126 578
281 578
282 578
263 579
273 579
336 580
425 580
175 581
339 581
104 582
197 583
308 583
409 584
146 585
390 585
204 587
206 587
404 587
412 587
287 588
370 589
402 589
229 590
243 591
261 591
160 593
223 593
355 593
107 595
444 595
120 597
307 597
334 597
437 597
428 599
183 600
303 600
133 601
296 601
378 602
418 602
271 603
251 604
200 605
233 605
154 608
401 608
460 608
160 609
220 609
354 611
172 613
332 614
443 614
315 615
300 616
380 617
189 619
253 619
266 619
282 619
421 620
202 621
141 622
362 623
227 625
408 625
163 627
398 627
339 629
241 630
384 633
320 634
309 635
299 636
370 636
265 637
282 637
