235 12
249 12
207 13
219 13
263 13
278 13
290 13
195 14
306 14
324 15
335 17
349 20
206 26
218 26
228 26
241 26
251 26
263 26
295 26
280 27
190 28
310 29
174 30
321 31
337 32
159 33
354 33
367 34
219 38
234 38
250 38
267 38
283 39
199 41
207 41
180 43
192 43
288 44
295 44
320 44
312 45
330 45
322 46
163 47
342 47
242 48
254 48
352 48
362 48
155 49
247 49
266 49
273 50
374 50
223 51
384 51
143 52
211 54
129 55
181 57
240 57
198 58
251 58
280 59
319 59
266 60
309 60
170 61
337 61
356 62
378 64
155 65
226 66
143 67
241 67
218 68
254 69
269 69
396 70
131 71
203 71
282 72
292 73
363 73
184 74
306 74
320 74
334 75
376 75
174 76
252 76
117 77
164 77
254 79
349 79
387 79
223 80
235 80
357 81
206 82
401 83
149 84
287 85
370 85
186 86
295 86
274 88
303 88
319 88
417 88
139 90
170 90
230 90
331 90
345 90
386 90
426 91
212 93
222 93
158 94
203 95
127 96
363 96
408 96
113 97
148 98
189 98
300 98
179 100
259 100
261 100
284 100
311 100
173 101
280 101
324 101
102 102
173 103
341 104
424 104
392 105
205 106
355 106
129 107
212 107
94 108
370 108
206 109
251 110
275 110
155 111
189 111
263 111
287 111
405 111
120 112
299 112
305 112
262 113
272 113
276 113
83 114
231 114
240 114
328 115
390 115
111 116
216 116
339 116
141 118
210 118
165 120
352 120
423 120
100 123
260 123
271 123
295 123
193 124
283 124
305 124
247 125
255 125
284 125
380 125
319 126
148 127
390 127
180 128
229 128
333 128
437 128
86 129
145 129
220 130
211 131
406 131
114 132
139 132
171 132
354 133
262 134
274 134
414 134
369 135
163 136
196 136
246 136
307 136
378 136
419 136
104 137
375 137
323 138
233 139
70 140
125 140
156 140
389 140
185 141
432 141
97 142
332 142
397 142
212 145
284 145
303 145
320 145
145 146
172 146
268 146
275 146
292 146
354 146
408 146
114 147
208 147
446 147
204 149
255 149
364 149
243 150
371 150
162 151
418 151
135 152
231 152
379 152
84 153
194 153
387 153
381 154
186 155
426 155
394 156
76 157
106 157
215 157
305 157
317 157
125 158
157 158
178 158
278 158
286 158
326 158
334 158
461 158
270 159
341 159
346 159
259 160
147 161
360 161
98 162
118 162
246 162
406 162
68 163
447 163
237 164
379 164
197 165
226 165
417 165
139 166
288 168
382 168
300 169
58 170
89 170
213 170
215 170
278 170
283 170
319 170
332 170
343 170
264 171
423 171
428 171
81 172
205 172
351 172
391 172
106 173
174 174
254 174
364 174
404 174
128 175
151 175
52 176
241 176
439 176
461 176
166 177
174 177
129 178
193 178
99 179
372 179
72 180
123 180
302 180
315 180
161 181
141 182
189 182
214 182
293 182
286 183
325 183
471 183
272 184
341 184
257 185
424 185
250 187
355 187
451 187
87 188
409 188
65 189
200 189
386 189
239 190
366 190
433 190
111 191
319 192
332 192
237 193
163 194
307 194
54 195
81 195
295 195
392 195
415 195
106 196
217 196
221 196
344 196
373 196
126 197
186 197
217 197
128 198
267 198
447 199
208 200
95 201
254 201
201 202
319 202
402 202
124 203
472 203
69 204
154 204
328 204
427 204
146 205
174 205
200 205
236 205
241 205
306 205
335 205
295 206
115 207
91 208
390 208
457 208
281 209
349 209
62 210
140 210
165 210
271 210
437 210
220 211
359 211
412 211
263 212
398 212
159 213
189 213
109 214
160 214
309 214
318 214
328 214
422 214
82 215
369 215
56 216
180 216
339 216
443 216
466 216
208 217
375 217
150 218
226 218
291 218
301 218
406 218
103 219
244 219
75 221
203 221
277 221
428 221
452 222
222 223
49 224
167 224
196 224
215 225
237 225
310 225
334 225
141 226
263 226
296 226
319 226
395 226
396 226
95 227
179 227
69 228
118 228
288 228
348 228
419 228
475 228
160 230
280 230
399 230
438 230
454 230
229 231
367 231
252 232
271 233
426 233
442 235
84 236
107 236
170 236
204 237
222 237
309 237
322 237
411 237
464 237
126 238
150 238
241 238
375 238
299 239
328 239
337 239
431 239
263 240
181 241
287 241
55 242
79 242
347 242
449 242
235 244
257 244
401 244
102 245
123 245
142 245
82 246
277 246
387 246
210 247
250 247
253 247
455 247
141 248
175 248
421 248
95 249
121 249
206 249
472 249
46 250
170 250
191 250
205 250
248 250
310 250
391 250
409 250
440 250
117 252
270 252
297 252
371 252
70 254
330 254
398 254
184 255
342 255
345 255
462 255
40 256
133 256
220 256
286 256
378 257
145 258
214 258
320 258
350 258
109 259
262 259
162 260
357 260
382 260
447 260
88 261
111 261
179 261
310 261
467 261
231 262
303 262
405 262
384 263
429 263
173 264
105 266
155 266
255 266
365 266
292 267
335 267
394 267
58 268
433 268
102 269
222 269
343 269
345 269
392 269
454 269
120 270
237 270
326 270
333 270
151 271
476 271
167 272
206 272
399 273
415 273
134 274
250 274
307 274
167 275
319 275
354 275
51 276
247 276
96 277
146 277
162 277
377 277
93 278
144 278
181 278
230 278
268 278
286 278
440 278
337 279
402 279
423 279
129 280
255 281
301 281
71 282
113 282
215 282
328 282
342 282
110 283
242 283
465 283
444 284
154 285
172 285
214 285
225 285
188 286
200 286
408 286
42 287
253 287
351 287
106 288
123 288
137 288
224 288
294 288
278 289
88 290
238 290
397 290
359 291
375 291
81 292
264 292
430 292
56 293
75 293
84 293
117 293
150 293
183 293
276 293
335 293
451 293
250 294
292 294
103 295
179 295
306 295
413 295
145 296
162 296
193 296
206 296
475 296
381 297
220 298
261 298
318 298
341 298
233 299
417 299
245 300
402 300
111 301
456 301
81 302
175 302
188 303
271 303
289 303
371 303
438 303
201 304
350 304
258 305
257 306
420 306
461 306
107 307
155 307
270 307
171 308
320 308
349 308
405 308
335 309
227 310
255 311
355 311
91 312
149 312
355 312
444 312
116 313
131 313
226 313
282 313
325 313
129 314
212 314
309 314
464 314
181 315
195 315
426 315
237 316
74 317
194 317
271 317
410 317
58 318
164 318
222 318
181 319
145 320
209 320
255 320
342 320
358 321
398 321
87 322
224 322
177 323
346 323
467 323
125 324
296 324
158 325
248 325
398 325
140 326
192 326
222 326
428 326
101 327
312 327
325 327
386 327
448 328
64 329
283 329
385 329
232 330
268 330
326 330
80 331
366 331
471 331
157 332
44 333
205 333
391 334
118 335
150 335
218 335
257 335
388 335
96 336
297 336
266 337
373 337
75 338
408 338
433 339
474 339
58 340
167 340
335 340
184 341
202 341
315 341
356 341
452 341
129 342
186 342
298 343
149 344
267 344
395 344
91 345
109 345
68 347
182 347
357 347
439 347
456 348
254 349
284 349
420 349
242 350
318 350
434 350
437 350
180 351
228 351
87 352
381 352
177 353
42 354
63 354
211 354
338 354
399 354
125 355
194 357
284 357
321 358
343 358
462 358
266 359
191 360
305 360
157 361
225 361
382 361
423 361
79 362
99 362
141 362
402 362
447 363
208 364
239 364
172 365
362 365
114 366
252 366
343 366
51 367
192 367
324 367
224 368
404 368
426 368
172 369
152 370
268 370
309 371
387 371
403 371
69 372
130 372
237 375
346 375
472 375
189 376
327 376
432 377
290 378
220 379
221 379
452 379
149 380
60 381
235 382
104 383
122 383
348 383
370 383
433 383
100 384
371 384
144 385
330 385
144 386
293 386
377 386
290 387
311 388
395 388
196 389
243 389
181 390
257 390
78 391
376 391
421 391
220 392
280 392
298 392
334 392
208 393
354 393
461 393
115 396
381 396
441 396
155 397
403 397
172 398
318 398
89 399
379 399
380 399
258 400
133 403
190 403
304 403
326 403
106 404
229 404
361 404
148 405
407 405
202 406
336 406
82 407
168 407
127 408
124 409
341 409
106 410
188 410
121 411
123 411
144 411
274 411
288 411
451 411
147 412
185 412
231 412
242 412
312 412
342 412
411 412
58 413
167 413
433 413
79 414
160 415
141 416
244 416
118 417
134 417
180 417
185 417
212 417
434 417
95 418
197 418
296 418
247 419
259 419
371 419
116 420
395 420
417 420
319 421
461 422
152 423
327 423
134 424
159 424
397 424
351 425
379 425
106 426
134 426
440 426
70 427
128 427
407 427
302 428
264 429
279 429
425 429
171 430
355 430
330 431
425 431
142 432
144 432
407 432
364 433
384 433
117 434
165 435
265 436
213 437
184 438
115 439
306 439
450 439
86 440
110 440
198 440
336 440
252 441
390 441
223 442
234 443
286 443
366 443
415 443
457 443
156 444
128 446
151 446
193 446
70 448
313 448
191 449
275 449
344 449
425 449
147 450
394 450
237 451
395 451
436 451
94 452
118 452
206 452
142 454
260 454
224 455
165 456
398 456
184 457
201 459
297 459
110 460
380 460
411 460
83 461
266 461
330 461
381 462
360 464
103 465
154 465
451 465
211 466
247 466
307 466
394 466
228 467
123 468
336 468
68 469
98 469
421 469
369 470
397 470
429 472
88 473
213 473
282 473
315 473
138 474
188 475
398 475
160 477
259 478
440 478
159 479
160 479
377 480
380 480
108 481
182 482
225 483
247 483
354 483
267 484
296 484
248 485
324 485
324 486
224 487
235 487
360 487
390 487
418 487
120 489
278 489
140 490
167 490
234 490
329 490
247 491
93 492
337 492
365 492
156 493
202 494
193 495
210 495
258 495
399 495
221 497
376 497
221 498
126 499
143 499
179 500
293 500
289 501
318 501
408 502
350 503
387 503
110 505
241 505
423 505
166 507
361 509
254 510
260 510
303 510
329 510
404 511
153 512
216 513
143 514
193 514
208 514
182 515
338 515
170 518
132 519
242 519
376 519
321 521
150 522
354 522
118 523
364 527
181 529
212 529
271 530
171 531
195 531
311 532
377 532
283 533
156 534
244 536
262 537
275 540
388 540
333 541
294 542
302 543
193 544
216 546
155 547
168 547
178 547
216 547
250 549
313 550
260 552
326 556
336 556
352 556
297 557
216 561
170 562
159 564
183 564
192 564
271 570
290 572
320 573
299 574
234 577
193 578
212 578
261 582
