315 48
271 53
288 54
296 56
313 58
323 59
339 59
353 61
246 64
370 64
259 65
274 65
287 68
298 70
313 70
389 71
328 72
397 72
341 75
353 76
365 77
215 78
228 78
239 78
250 78
271 79
258 80
243 81
287 81
381 81
392 81
411 83
312 86
327 87
420 87
339 89
188 91
200 91
226 91
358 91
206 92
214 92
238 92
263 92
367 93
382 94
269 95
272 95
287 96
398 96
314 99
303 101
322 102
333 102
416 102
257 103
303 103
343 103
364 104
228 105
247 105
267 105
353 105
432 106
200 107
214 107
277 107
384 107
185 108
376 108
175 110
401 110
447 113
243 115
308 116
321 116
417 116
269 117
283 117
337 118
375 118
427 119
353 120
208 121
229 121
220 122
227 122
393 122
235 123
188 124
237 124
242 124
170 125
179 125
395 125
441 125
271 126
255 127
149 130
282 130
293 130
363 130
371 130
416 130
306 131
371 131
288 132
316 132
319 132
331 132
452 132
253 134
386 134
197 135
207 135
224 135
432 136
187 137
171 138
358 138
401 138
443 139
462 139
160 141
375 141
371 142
370 143
414 143
149 144
285 144
274 145
389 145
424 145
236 146
243 146
303 146
318 146
329 146
232 147
254 147
347 147
432 148
188 149
202 149
215 149
222 149
336 149
363 149
405 151
445 151
172 153
378 155
261 156
303 157
311 157
421 157
461 157
270 158
286 158
153 159
160 159
222 159
300 159
324 159
337 159
389 159
204 160
241 160
342 160
470 161
428 162
188 163
438 163
141 164
186 164
355 164
372 164
177 166
125 168
174 168
250 168
278 168
298 168
452 168
287 169
416 169
163 170
277 170
293 170
340 170
390 170
231 171
250 171
308 171
329 171
416 171
216 172
239 172
209 173
354 173
420 173
148 174
366 175
421 175
468 175
194 178
435 178
179 179
260 179
295 179
377 179
261 180
271 180
447 180
134 181
318 181
392 181
248 182
255 182
172 183
333 183
229 184
344 184
122 186
163 186
220 186
419 186
455 186
155 187
209 187
355 187
362 188
369 188
194 190
377 190
463 190
287 191
309 191
387 191
288 192
143 193
182 193
319 193
245 194
397 194
227 195
331 195
170 196
233 196
442 196
476 196
222 197
405 197
131 198
206 199
212 199
304 199
341 199
277 200
284 200
292 200
321 200
352 200
270 201
311 201
362 201
416 201
455 201
159 202
369 202
370 202
115 203
124 203
424 203
244 204
257 204
261 204
377 204
378 205
386 205
151 206
183 207
192 207
230 208
145 209
326 209
441 209
213 210
288 210
304 210
307 210
317 210
346 211
278 212
404 212
473 212
135 213
172 213
271 213
277 213
358 213
413 214
102 215
247 215
268 215
159 216
257 216
195 217
426 217
125 218
236 218
184 219
380 219
227 220
428 220
300 221
389 221
460 221
182 222
319 222
331 222
342 222
429 222
435 222
437 222
119 223
215 223
293 223
148 224
277 224
173 225
402 225
205 226
263 226
364 226
254 227
256 227
267 227
469 228
135 229
242 229
414 229
193 230
375 230
156 231
295 232
302 232
317 232
388 232
446 232
105 233
224 233
287 233
327 233
337 233
421 233
126 235
277 235
341 236
99 237
214 237
352 237
429 237
141 238
457 238
173 239
178 239
250 239
259 239
362 239
258 240
382 240
440 240
122 242
161 243
198 243
318 243
413 243
197 244
292 244
331 244
393 244
307 245
369 245
444 245
468 245
224 246
280 246
346 246
424 246
117 247
219 248
153 249
401 249
109 250
176 250
263 250
264 250
358 250
142 251
377 251
408 251
252 252
454 252
174 253
320 253
407 253
435 253
140 254
306 254
477 254
134 255
103 256
237 256
343 256
386 256
410 256
281 257
94 258
295 258
347 258
463 258
156 259
163 259
123 260
219 260
358 260
394 260
419 260
229 261
270 261
423 261
442 261
319 262
366 262
179 263
258 263
324 263
449 263
147 264
300 264
147 265
253 265
308 265
325 265
402 265
428 265
338 266
375 266
350 267
208 268
226 268
290 268
203 269
243 269
475 269
111 270
136 270
243 270
277 270
382 271
454 271
183 272
416 272
196 273
267 273
307 273
393 273
436 273
215 274
235 274
317 274
332 274
439 274
130 275
158 275
213 275
262 275
341 275
463 275
297 276
341 276
442 276
101 277
288 277
397 277
423 277
255 278
121 279
281 279
122 280
190 280
227 280
362 280
124 281
358 281
206 282
251 282
273 282
385 282
407 282
429 282
95 283
268 283
450 283
165 284
308 284
372 284
117 285
394 285
221 286
322 286
392 286
297 287
454 287
472 287
138 288
157 288
200 288
239 288
262 288
438 288
87 289
287 289
344 289
396 289
175 290
196 290
380 291
419 291
232 292
256 292
352 293
463 293
110 294
167 294
277 294
320 294
226 296
308 296
127 298
160 298
248 298
298 298
368 298
413 298
395 299
446 299
103 300
428 300
469 300
268 301
289 301
328 301
220 302
341 302
237 303
319 303
374 303
429 303
346 304
375 304
433 304
178 305
285 305
196 306
352 306
405 306
432 306
115 307
311 307
454 307
213 308
260 308
382 308
409 308
96 309
192 309
231 309
228 310
302 310
383 310
410 310
479 310
131 312
390 312
165 313
167 313
254 313
365 313
188 314
332 314
417 314
127 315
274 315
292 315
323 315
87 316
343 316
466 316
204 317
237 317
372 317
440 317
141 318
158 318
221 318
105 319
123 319
179 319
317 319
139 320
401 320
425 320
172 322
248 322
285 322
380 322
408 322
447 322
267 323
230 324
79 325
150 325
332 325
98 326
170 326
254 326
298 326
363 326
117 327
325 327
340 327
408 327
134 328
148 328
240 328
312 328
387 328
456 328
187 329
431 329
412 330
478 330
125 331
199 331
374 331
112 332
278 332
348 332
95 333
144 333
225 333
250 333
414 333
209 335
324 335
326 335
395 335
124 336
355 336
419 336
439 336
461 336
238 337
140 338
178 338
334 338
401 338
192 339
289 339
306 339
327 339
121 340
339 340
382 340
465 340
205 341
367 341
314 342
422 342
234 343
101 344
151 346
257 346
272 346
286 346
330 346
348 346
445 346
246 347
469 347
85 348
127 348
286 348
170 349
395 349
148 350
431 350
111 351
124 352
334 352
377 353
413 353
141 355
256 355
354 355
357 355
429 355
163 356
212 356
338 356
473 356
140 357
163 357
283 357
294 357
309 357
99 358
192 358
272 358
141 359
361 359
452 359
80 360
138 360
239 360
297 360
402 360
120 361
383 361
435 361
121 362
309 362
176 363
208 363
238 363
96 364
192 364
344 364
138 365
419 365
330 366
368 366
390 366
408 366
477 366
223 367
350 367
223 368
249 368
132 369
281 369
389 369
394 369
154 370
234 370
299 370
171 371
270 372
333 372
412 372
478 372
93 373
113 373
438 373
460 373
136 374
204 374
219 374
354 374
132 375
188 375
255 375
398 377
167 378
300 378
317 379
148 380
269 380
283 380
337 380
89 381
126 381
146 381
231 381
284 381
357 381
105 382
465 382
122 383
446 383
184 384
361 384
380 384
426 384
163 385
217 385
322 387
271 388
179 389
199 389
230 389
256 389
288 389
386 389
406 389
308 390
123 391
160 391
215 391
306 391
365 391
245 392
430 393
141 394
197 395
328 395
455 395
98 396
140 396
289 396
345 396
158 397
389 397
396 398
415 398
213 399
271 399
212 400
368 401
111 402
174 403
258 403
329 403
394 403
436 403
439 403
242 404
209 405
227 405
310 405
153 406
277 406
88 407
131 407
136 407
228 407
294 408
373 408
207 409
227 409
349 409
109 410
128 410
314 410
392 411
399 411
463 411
210 412
149 414
206 414
335 414
426 414
241 415
423 415
128 416
444 416
126 417
169 418
299 418
316 418
377 418
424 418
353 419
187 420
240 420
260 420
298 420
338 421
410 421
122 422
146 422
406 423
469 423
277 424
387 424
147 425
164 425
183 425
250 425
212 426
318 426
362 426
449 426
236 427
411 427
135 428
276 428
341 428
162 429
116 430
195 431
225 431
288 431
93 432
160 432
458 432
476 432
262 433
304 433
325 433
266 434
416 434
176 435
334 436
279 437
343 437
369 437
266 438
153 440
174 440
309 440
207 441
107 442
401 442
126 443
463 443
376 444
252 445
445 446
351 447
237 448
302 448
145 449
428 449
189 450
219 450
165 451
298 451
410 451
283 452
383 452
235 453
303 453
330 454
471 454
97 455
112 455
379 455
390 456
433 457
135 458
158 458
451 458
398 459
332 460
310 461
362 461
457 461
254 462
340 462
106 463
291 463
437 463
176 464
396 464
348 465
127 466
148 466
208 467
363 467
274 468
401 468
235 469
397 469
343 470
464 470
190 471
243 471
427 472
378 473
142 474
258 474
315 474
403 474
115 475
243 476
323 476
408 476
164 477
185 477
298 477
279 478
231 479
356 479
378 479
384 479
233 480
388 480
267 481
285 482
331 482
415 482
217 483
180 485
153 486
248 486
312 486
448 486
124 487
198 487
231 488
338 488
193 489
309 489
177 490
211 490
422 491
365 492
210 493
274 493
372 494
144 495
312 495
210 496
348 496
184 498
431 498
464 498
258 499
286 499
317 499
407 499
159 500
208 500
222 500
288 500
204 501
238 501
130 502
185 503
294 506
324 506
325 506
147 507
228 507
336 507
387 507
365 510
423 510
448 510
192 512
251 512
270 512
306 512
334 512
165 513
211 513
339 514
231 516
457 516
136 517
286 517
401 517
432 518
377 519
288 520
345 520
464 520
125 521
245 521
149 523
178 523
318 523
260 524
354 525
387 526
217 527
228 527
267 527
164 528
205 529
234 530
301 530
451 530
276 531
193 532
332 532
150 533
365 533
245 534
288 536
312 536
266 540
374 540
346 543
226 544
282 545
322 545
212 546
243 546
194 547
387 547
301 550
335 551
176 552
359 552
269 554
310 554
283 557
368 557
348 558
322 562
377 562
298 564
