215 2
419 2
256 4
314 4
377 5
297 6
385 6
404 6
474 6
360 9
199 11
348 11
235 12
274 13
444 14
184 15
328 16
430 17
222 18
416 18
311 19
406 19
163 20
468 20
249 21
461 21
395 22
205 23
378 23
298 24
362 25
284 26
190 28
349 28
235 29
331 30
139 31
268 31
467 31
177 32
320 33
443 33
387 34
413 34
426 34
218 35
305 37
372 37
248 38
290 39
161 41
206 41
349 41
116 42
247 42
336 42
205 43
451 45
468 45
138 46
183 46
229 46
268 47
415 47
429 47
188 48
380 50
396 50
261 51
363 52
125 55
241 55
285 55
347 55
155 56
286 57
412 57
441 57
406 58
459 58
329 59
403 59
475 59
263 60
264 60
194 61
309 61
105 64
299 64
140 65
186 65
234 65
368 67
384 67
397 67
179 69
275 69
358 69
422 69
220 70
337 71
408 71
444 71
462 71
166 72
279 72
326 72
126 73
412 73
261 75
310 76
196 77
248 77
319 77
150 79
293 79
194 80
242 80
302 80
106 82
279 82
291 82
378 83
397 84
447 84
135 85
359 85
371 85
264 86
431 86
461 86
220 87
330 87
345 87
314 88
357 88
122 90
246 90
318 90
216 91
163 92
292 92
158 93
208 93
244 94
106 95
235 95
200 96
278 97
394 98
335 99
357 99
374 99
476 99
141 100
342 100
412 100
428 100
90 101
223 101
436 101
464 101
403 102
431 102
303 103
411 103
129 104
316 104
208 105
308 105
448 105
80 106
122 106
246 106
205 108
237 108
459 108
164 109
190 111
230 111
108 112
144 113
379 114
405 114
258 115
327 115
474 115
172 116
335 116
391 116
422 116
327 117
349 117
356 117
129 118
317 118
327 118
206 119
165 120
299 120
443 121
236 122
82 123
460 123
187 124
274 124
149 125
182 125
223 125
263 125
391 125
113 126
399 126
465 126
378 127
149 128
404 128
327 129
422 129
202 130
355 130
238 131
328 131
132 132
306 132
231 133
289 133
431 133
94 134
222 135
270 135
448 136
154 138
193 139
200 139
251 139
348 139
80 140
384 140
403 140
110 141
339 141
368 141
412 141
229 142
469 142
140 143
143 143
288 144
303 144
171 145
204 147
436 147
247 149
369 149
91 150
154 150
204 150
447 150
123 151
343 151
358 151
230 152
390 152
186 153
303 153
325 153
375 153
459 154
409 155
82 156
280 156
415 156
103 157
211 157
255 158
474 158
133 159
247 160
70 161
202 161
435 161
160 162
352 162
308 163
337 163
366 163
147 165
269 165
86 166
179 166
221 166
404 166
449 166
113 167
379 167
252 168
408 168
245 170
334 170
325 171
161 172
308 172
69 173
153 173
313 173
351 173
391 173
427 173
185 174
232 174
293 174
466 174
282 175
273 176
91 177
122 177
171 178
447 178
146 179
210 179
410 179
248 180
409 180
163 182
313 182
137 183
231 183
384 183
416 183
317 184
318 184
330 184
347 184
73 185
189 185
298 185
307 185
333 185
217 186
278 186
274 187
460 187
100 188
177 188
91 189
362 189
400 189
430 189
203 190
250 190
469 191
57 192
168 192
414 193
139 194
109 195
382 195
444 195
157 196
297 197
342 197
66 198
186 198
308 198
234 199
267 199
273 199
279 199
264 200
364 201
459 201
122 202
174 202
400 202
408 202
90 203
217 203
252 203
434 203
251 204
468 205
52 206
136 206
382 206
418 206
79 207
110 207
291 207
347 207
312 208
82 209
357 209
179 210
318 210
393 210
277 211
364 211
443 211
124 212
179 212
229 213
257 213
66 215
91 215
118 215
170 215
171 215
90 217
192 217
319 217
384 217
139 218
419 218
456 218
292 219
86 220
184 220
328 220
425 220
53 221
237 221
343 221
127 223
360 223
464 223
199 224
74 225
222 225
372 225
97 226
249 226
251 226
263 226
45 227
141 228
190 228
384 228
206 229
238 229
381 229
416 229
114 230
303 230
315 231
333 231
343 231
349 231
107 232
163 232
178 232
352 232
427 233
432 233
459 233
225 234
54 235
128 236
215 236
189 237
403 237
251 238
306 238
311 238
72 239
123 239
243 239
375 239
471 239
242 240
443 240
143 241
165 241
336 241
415 242
64 243
175 243
224 243
353 244
84 245
214 245
270 245
281 245
292 245
390 245
421 245
81 246
154 246
298 246
357 246
452 246
129 247
57 248
167 248
256 248
319 248
90 249
428 249
372 250
200 251
331 251
242 252
330 252
405 252
48 253
233 253
341 253
464 253
136 254
441 254
64 255
288 255
102 256
288 256
217 257
303 257
354 257
475 257
59 258
151 258
169 258
276 258
392 258
418 258
312 259
82 260
370 260
452 260
178 261
258 261
403 261
124 262
205 262
246 262
17 263
325 263
342 263
51 264
234 264
64 265
431 265
354 266
386 266
435 266
192 267
292 267
80 269
140 269
220 269
277 269
293 269
404 269
266 270
364 270
469 270
114 271
327 271
16 272
316 272
377 272
95 273
131 273
153 273
179 273
255 273
416 273
246 274
446 274
331 275
28 276
194 276
299 277
346 277
385 277
392 277
123 278
228 278
398 278
82 279
305 279
67 280
309 280
363 280
396 280
430 280
44 281
101 281
141 281
212 282
326 282
406 282
183 283
334 283
274 284
406 284
412 284
112 285
156 285
203 285
253 285
339 285
376 285
442 285
466 285
21 286
418 286
71 287
194 287
198 287
129 288
156 288
242 288
349 288
387 288
478 289
148 290
172 290
216 290
316 290
11 291
89 291
233 291
359 291
121 292
217 292
277 292
426 292
30 293
103 293
451 293
183 294
258 294
284 294
329 294
398 294
207 295
271 295
300 295
371 295
80 296
138 296
259 296
294 296
410 296
244 298
56 299
112 299
343 299
457 299
92 300
234 300
438 300
167 301
230 301
302 301
149 302
19 303
124 303
467 303
395 304
158 305
213 305
268 305
360 305
384 305
424 305
33 306
50 306
204 306
256 306
63 307
86 307
272 307
290 307
328 307
402 307
409 307
123 308
409 308
197 309
296 309
370 309
172 310
230 310
371 310
452 310
135 311
98 312
438 312
478 312
7 313
53 313
164 313
258 313
25 314
90 315
206 315
130 316
319 316
381 316
403 316
110 317
184 317
354 317
428 318
465 318
156 319
251 319
290 319
272 320
279 320
284 320
364 320
263 321
361 321
229 322
337 322
395 322
413 323
477 323
219 324
454 324
11 325
80 325
59 326
347 326
31 327
438 327
143 328
316 328
424 328
278 329
406 329
461 329
160 330
185 330
241 330
285 330
329 330
359 330
204 331
107 332
231 332
91 333
301 333
219 334
261 334
336 334
21 335
369 335
114 336
132 336
171 336
271 336
373 336
416 336
471 336
90 337
153 337
209 337
146 338
451 338
98 339
199 339
13 340
49 340
144 340
287 340
380 340
403 341
162 342
242 342
359 342
433 342
478 342
31 343
189 343
299 343
326 343
240 344
254 344
65 345
220 345
262 345
306 345
440 346
463 346
5 347
107 347
181 347
92 348
139 348
156 348
417 348
42 349
154 349
315 349
340 349
358 349
370 349
78 350
91 350
21 351
210 351
176 352
197 353
397 353
446 353
172 354
291 354
328 354
402 354
116 355
353 355
474 355
54 356
148 356
98 357
130 357
221 357
247 357
428 357
255 358
33 360
132 360
216 360
343 360
453 360
186 361
279 361
321 361
163 362
364 362
411 362
143 363
326 363
295 364
311 364
124 365
438 365
460 365
106 366
271 366
272 366
392 366
91 367
139 367
203 367
350 367
372 367
3 368
227 368
240 368
241 368
45 369
250 369
420 369
75 370
176 370
193 370
305 370
284 371
59 372
306 372
322 372
468 372
403 373
427 373
263 374
343 374
383 374
295 375
362 375
99 376
189 376
218 376
451 376
193 377
242 377
66 378
267 378
15 379
34 379
232 379
267 379
389 379
82 380
126 380
211 380
332 380
432 380
353 381
373 382
109 383
182 383
393 383
205 384
310 384
8 385
137 385
474 385
286 386
358 386
457 386
250 387
286 387
440 387
26 388
258 389
380 389
402 389
174 390
179 390
196 390
232 390
323 390
366 390
423 390
45 391
104 391
226 391
60 392
152 392
219 392
391 392
71 394
173 394
297 394
463 394
166 395
191 395
274 395
412 396
241 397
447 397
211 398
248 398
378 398
417 398
18 399
164 400
287 400
342 400
234 401
325 401
433 401
36 402
100 402
128 402
182 402
439 402
419 403
475 403
262 404
81 405
142 405
143 405
330 405
441 405
109 406
14 407
271 407
313 407
159 408
198 408
223 408
269 408
370 408
460 408
277 410
347 410
370 410
30 411
132 411
392 411
62 412
172 412
446 412
77 413
335 413
428 413
72 414
93 414
157 414
318 414
464 414
215 415
252 415
375 416
339 417
92 418
155 418
263 418
289 418
413 418
251 419
255 419
435 419
40 420
450 420
104 421
342 421
156 422
245 422
308 422
5 423
151 423
195 423
213 423
308 423
325 423
361 423
438 423
473 423
53 424
167 424
383 424
54 425
208 425
211 425
69 426
268 426
33 427
271 427
423 427
309 428
406 428
67 429
232 429
332 429
388 429
150 430
230 430
233 430
270 430
295 430
314 430
210 431
464 431
16 432
235 432
123 433
135 433
179 433
229 433
273 433
449 433
430 434
82 435
316 435
412 435
165 436
277 436
147 437
251 437
111 438
336 438
371 438
396 438
10 439
60 439
189 439
208 439
227 439
478 439
133 441
243 441
260 441
281 441
355 441
282 442
302 442
456 442
131 443
163 443
342 444
265 445
302 445
316 445
418 445
90 446
403 446
21 447
76 447
176 447
330 447
285 448
391 448
442 448
57 449
60 450
90 450
120 450
191 450
226 450
240 450
282 450
315 450
318 450
382 450
423 450
4 451
344 451
358 452
371 452
102 453
131 454
334 454
103 455
271 455
448 455
55 456
192 456
206 456
299 456
430 456
34 457
159 457
163 457
194 457
398 457
413 457
320 458
177 459
271 459
374 459
194 460
84 461
118 461
147 461
244 461
309 461
419 461
118 462
349 462
389 462
42 464
160 464
267 464
458 464
100 465
145 466
23 467
198 467
199 467
261 467
58 468
223 468
264 468
283 468
339 468
405 468
217 469
365 469
423 469
160 470
82 471
312 471
326 471
397 471
257 472
229 473
38 474
113 474
249 474
476 474
259 475
316 475
426 475
127 476
463 476
114 477
206 477
279 477
291 477
447 477
164 478
343 478
82 479
386 479
401 479
21 480
417 480
147 481
184 481
305 481
372 481
82 482
99 482
292 482
329 482
466 482
85 483
168 485
263 485
358 485
434 485
187 486
220 486
401 486
35 487
233 488
404 488
423 488
457 489
16 490
243 490
317 490
440 490
473 490
196 491
254 491
332 491
359 491
390 491
67 492
81 492
347 492
150 493
335 493
426 493
98 494
169 494
52 496
186 496
272 496
393 496
13 497
35 497
209 497
425 497
152 498
466 498
65 499
118 499
222 500
334 500
367 500
173 501
351 501
413 501
432 501
33 502
97 502
451 502
260 503
337 503
432 503
83 504
173 504
284 504
67 505
135 505
252 505
262 505
398 505
300 506
386 506
107 507
155 507
232 507
355 508
457 508
474 509
178 510
197 510
273 510
301 510
68 512
309 514
317 514
405 514
222 515
332 515
377 515
444 515
207 516
343 516
83 517
218 517
426 517
466 517
14 518
33 518
53 518
98 518
308 518
426 518
84 519
240 519
228 521
261 521
347 521
408 521
194 522
308 522
358 522
394 522
432 523
112 524
255 524
413 524
173 525
251 525
450 525
34 526
399 526
348 527
474 527
146 529
208 529
304 529
151 530
229 530
232 530
291 530
17 531
220 531
383 531
434 531
88 532
319 532
399 532
438 532
32 533
433 533
459 533
56 534
73 534
367 534
181 535
188 535
266 536
418 537
92 538
163 538
255 538
464 538
443 539
93 540
94 540
353 540
469 540
287 541
55 542
121 542
236 542
246 542
372 542
403 542
212 543
237 543
170 544
78 545
240 545
40 546
391 546
23 548
477 548
148 549
340 549
268 550
305 550
111 551
113 551
131 551
181 551
266 552
297 552
6 553
210 553
412 553
224 554
225 554
257 554
291 554
69 555
134 555
45 556
162 556
243 556
251 556
361 556
459 556
50 557
291 557
90 558
315 558
137 559
316 559
281 560
419 560
378 561
95 562
149 562
346 562
22 563
77 563
213 564
221 564
231 564
103 565
179 565
105 566
264 566
425 566
306 567
405 567
58 568
159 568
298 568
301 568
369 568
128 569
450 569
167 571
110 572
116 572
133 572
138 572
41 573
192 573
341 573
476 573
90 574
354 574
432 575
273 576
329 576
413 576
45 577
147 578
374 578
394 578
122 579
180 580
311 580
421 580
463 580
153 582
258 582
362 582
124 583
223 584
250 584
287 584
336 584
380 584
238 585
406 585
445 585
83 586
288 586
381 586
212 587
428 587
110 588
137 588
168 588
282 588
354 589
13 590
318 590
457 591
110 592
48 593
150 593
176 593
273 593
313 594
75 595
306 595
307 595
418 595
90 596
367 596
397 596
355 597
186 598
188 598
60 599
98 599
199 599
224 599
237 599
298 599
34 600
161 600
345 600
398 600
238 601
291 601
329 602
472 602
132 603
432 603
10 604
108 604
249 604
274 605
16 607
318 607
213 608
385 608
438 608
267 609
78 610
120 610
147 610
206 610
157 611
414 611
221 612
302 612
56 613
126 614
187 614
233 614
94 615
359 615
425 615
295 616
401 616
31 617
337 617
104 618
134 618
281 619
323 620
380 620
463 620
251 621
312 621
233 622
389 622
412 623
47 624
209 624
75 625
197 625
225 625
448 627
286 628
124 630
61 631
353 631
374 632
333 633
272 635
321 635
402 635
306 636
