260 15
215 18
267 19
314 21
230 24
279 25
168 26
243 27
327 27
177 29
214 30
248 31
291 31
372 33
187 34
266 37
230 38
350 39
310 40
207 41
158 42
274 42
165 45
176 46
288 48
360 48
395 48
261 51
301 51
128 52
263 53
149 55
260 55
339 55
415 55
251 56
371 56
219 57
304 57
164 59
268 60
279 60
377 61
90 62
430 62
186 63
315 63
275 64
105 65
235 65
197 67
355 68
206 69
245 69
150 71
249 71
440 71
327 72
412 72
216 73
220 73
294 73
461 73
306 74
390 74
165 75
304 75
337 76
88 77
175 77
368 77
112 79
187 79
309 79
121 81
235 81
348 82
399 82
205 83
277 83
346 84
434 84
322 85
377 85
158 86
208 86
320 86
225 87
354 87
63 88
236 88
243 88
156 89
326 89
161 90
296 90
78 91
169 91
94 93
177 93
337 93
362 93
306 94
186 95
259 95
334 95
391 95
132 96
413 96
203 98
267 98
311 98
281 100
309 100
47 101
51 101
145 101
347 101
459 101
149 102
375 102
65 103
425 103
321 105
229 106
294 106
350 106
401 106
90 107
324 107
382 107
110 108
169 108
244 108
295 108
131 109
333 109
464 109
122 110
256 111
471 111
135 112
182 112
150 113
260 113
264 113
270 113
440 113
203 114
304 114
309 114
195 115
341 115
363 115
346 116
416 116
347 117
281 118
316 118
44 119
448 119
67 120
77 120
215 120
225 120
320 121
88 123
293 123
104 124
236 124
330 124
383 124
244 125
431 125
435 126
153 128
163 129
188 129
261 129
176 130
396 131
439 131
186 132
35 133
192 133
345 133
413 133
348 134
399 134
53 135
206 135
284 135
69 136
96 136
286 136
321 136
81 137
190 137
226 137
427 137
377 139
471 140
125 141
108 142
143 142
242 142
360 142
340 143
382 143
432 143
155 144
32 145
257 145
415 145
181 146
308 146
269 147
305 147
479 147
186 148
311 148
189 149
61 150
70 150
222 151
397 151
282 152
450 152
91 153
107 153
319 153
205 154
292 154
26 155
120 155
237 155
358 155
359 155
292 156
327 156
37 157
290 157
142 158
251 160
157 161
338 161
379 161
258 162
465 162
302 163
412 163
180 164
188 165
273 165
388 165
267 166
348 167
440 167
206 168
74 169
216 169
90 170
352 170
25 171
101 171
323 171
452 171
129 172
228 172
285 172
289 172
138 173
242 174
362 174
430 174
159 176
304 176
403 176
145 177
252 177
339 178
173 179
435 180
463 180
189 181
265 182
313 182
202 183
419 183
278 184
388 184
58 185
74 185
101 185
322 185
45 186
88 186
214 186
283 186
353 186
474 186
117 187
129 187
131 187
352 187
292 188
359 188
453 188
18 189
224 189
298 189
155 190
428 190
13 191
395 191
174 192
245 192
360 193
192 195
204 195
306 195
279 197
372 197
405 197
286 198
265 199
330 200
149 201
92 202
105 202
131 202
54 203
167 203
299 203
418 203
447 203
342 204
389 204
41 205
61 205
175 205
194 205
204 205
223 205
278 205
212 206
343 206
425 206
473 206
14 207
25 207
44 207
213 208
252 208
261 210
6 211
323 212
366 213
407 213
437 214
108 215
281 215
123 216
141 216
334 216
99 217
167 217
373 217
158 218
82 219
173 219
295 219
383 219
53 220
173 220
301 220
68 221
242 221
300 221
390 221
194 222
241 222
460 222
314 223
354 223
262 224
431 225
218 226
272 226
315 226
21 227
13 228
367 229
478 229
236 230
331 230
98 231
126 231
134 231
140 231
155 231
284 231
111 232
410 233
443 233
171 234
343 234
378 234
178 235
198 236
256 236
217 237
451 237
79 238
389 238
68 239
226 239
360 239
238 240
319 240
394 240
58 241
276 241
360 241
27 243
34 243
48 243
432 243
99 244
114 244
468 244
112 245
125 245
141 245
152 245
7 246
294 246
164 247
254 247
371 247
172 249
182 249
195 249
212 249
412 249
308 250
345 250
268 251
479 251
227 252
386 252
102 255
243 255
319 255
359 255
392 255
448 255
27 256
76 256
64 257
88 257
130 257
295 257
425 257
399 259
157 260
260 260
308 260
336 260
136 261
143 261
166 261
183 261
374 261
7 262
202 262
214 262
376 262
52 263
277 263
460 263
472 263
346 264
411 264
43 265
227 266
437 266
381 267
36 268
242 268
323 268
123 269
23 270
115 270
101 271
116 271
157 271
335 271
423 271
193 272
264 272
393 272
9 273
134 273
149 273
177 273
365 273
165 274
311 274
82 275
70 276
236 277
434 277
347 278
456 278
60 279
416 279
324 280
462 280
119 281
386 282
123 283
135 283
419 283
423 283
116 284
141 284
151 284
185 284
221 284
263 284
299 284
335 284
102 285
165 285
169 285
368 285
424 285
446 285
229 286
336 286
22 287
209 287
311 287
88 288
469 288
9 289
345 290
255 291
377 292
282 293
325 293
413 293
61 294
192 294
155 295
160 295
165 295
216 295
230 295
287 295
297 295
357 295
390 295
445 295
125 296
151 296
177 296
113 297
305 297
399 298
422 298
37 299
243 299
336 300
458 300
145 301
94 302
266 302
314 302
140 303
218 304
186 306
390 306
170 307
229 307
284 307
472 307
67 308
177 308
155 309
179 309
249 310
419 310
252 311
307 311
365 311
378 311
262 313
315 314
452 314
121 315
345 315
213 316
430 316
23 317
131 317
277 317
384 317
406 317
106 318
225 318
357 318
432 318
11 319
88 319
203 319
329 319
174 320
238 320
296 320
186 321
52 322
255 323
74 324
362 324
395 324
467 324
310 325
43 326
148 326
424 327
134 328
26 329
215 329
289 329
398 329
404 329
452 329
219 330
239 330
287 330
350 330
63 331
130 331
194 331
204 331
326 331
402 331
111 332
225 332
359 332
378 332
409 332
243 333
299 334
357 334
95 336
46 337
259 337
167 338
182 338
275 338
271 339
27 340
37 340
79 340
158 340
165 340
342 340
343 340
402 340
444 340
467 341
291 342
370 342
391 342
68 343
226 343
292 343
109 344
141 344
203 345
247 345
255 345
195 346
57 347
179 347
376 347
415 347
11 348
337 348
356 348
430 348
219 349
167 350
227 350
360 350
458 350
305 351
2 352
84 352
152 352
276 352
352 352
112 353
366 353
41 354
235 354
465 354
368 355
125 356
138 356
239 356
441 356
69 357
220 357
290 357
28 358
417 358
197 359
209 359
300 359
61 360
247 360
397 360
118 361
205 361
262 361
58 362
179 362
337 362
153 363
478 363
82 364
10 365
47 365
314 365
277 366
384 366
457 366
98 367
232 367
92 368
139 368
47 369
77 369
241 369
292 369
325 369
196 370
413 370
436 370
68 371
364 371
466 371
257 372
28 373
184 373
393 373
443 373
209 374
229 374
262 374
304 374
60 375
110 375
166 375
333 375
152 376
374 376
275 377
354 377
400 377
475 378
53 379
316 379
124 380
140 380
284 380
453 380
88 381
346 381
45 383
207 383
109 384
223 384
235 384
432 384
184 385
197 385
202 386
391 386
171 387
248 387
297 387
369 387
467 387
72 388
31 389
101 389
332 389
356 389
421 389
157 390
268 390
309 390
25 391
146 391
55 392
400 392
423 392
279 393
341 393
84 394
446 394
135 395
381 395
182 396
214 396
254 396
49 397
210 397
230 398
292 398
329 398
349 398
464 399
72 401
162 401
304 401
391 401
359 402
374 402
121 403
456 403
34 404
115 405
141 405
318 405
421 405
184 407
216 407
267 407
275 407
341 407
462 407
109 408
201 408
363 408
405 408
130 409
21 410
172 410
232 410
282 410
388 410
74 411
279 411
309 411
332 411
350 411
15 412
248 413
44 414
95 414
290 414
449 414
93 415
358 416
115 417
420 417
381 418
439 418
36 419
111 419
136 419
227 419
304 419
321 419
460 419
477 419
185 420
74 421
186 421
247 421
256 421
29 422
164 422
175 422
240 422
404 422
313 423
70 424
369 424
433 425
451 425
151 426
392 427
135 428
474 428
88 429
289 429
45 430
90 430
122 430
200 432
219 432
81 433
235 433
247 433
343 433
447 433
72 434
306 434
116 435
183 435
363 435
401 435
403 435
428 435
108 436
181 436
158 437
258 437
270 437
472 438
283 439
333 439
392 439
98 440
147 440
357 441
130 442
135 443
443 443
199 444
289 444
295 444
190 445
293 445
220 446
238 446
384 446
48 447
82 447
120 447
252 447
302 447
326 447
404 447
47 448
172 448
232 448
260 448
422 448
78 449
388 449
470 449
164 450
265 450
268 450
273 451
108 452
282 453
374 453
453 453
135 454
313 454
147 455
207 455
212 455
337 455
358 455
55 457
48 459
197 459
187 460
233 460
298 460
67 461
125 461
176 461
446 461
85 462
119 462
161 462
215 462
242 462
424 462
118 463
264 463
326 463
304 465
347 465
428 465
107 466
114 466
77 467
107 467
147 467
197 467
397 468
281 469
396 469
31 470
352 470
417 470
478 470
68 471
312 471
168 472
223 472
357 472
461 472
242 473
288 473
378 473
381 473
295 474
319 475
402 475
62 476
198 476
256 476
151 478
153 478
342 478
343 478
182 479
15 480
40 480
449 480
366 481
139 482
236 482
173 483
279 483
77 484
73 485
104 485
312 485
162 486
221 486
287 486
439 486
416 487
152 488
226 488
232 488
288 488
462 488
27 489
234 489
376 489
63 490
193 490
243 490
252 490
60 491
86 491
182 492
265 492
418 492
52 493
404 493
111 494
173 494
302 494
142 495
314 496
385 496
427 496
104 497
107 498
161 498
451 498
473 498
41 499
102 499
279 499
41 500
321 500
153 501
188 501
414 501
186 502
195 502
347 502
96 503
123 503
291 503
63 504
31 505
115 505
144 505
413 505
436 505
183 506
212 506
353 506
57 507
239 507
256 507
458 507
84 508
136 508
172 508
304 508
419 509
22 510
161 510
204 510
268 510
200 511
465 511
47 512
379 512
404 512
314 513
384 513
423 513
280 514
339 514
360 514
386 514
406 514
425 514
15 515
71 515
123 515
186 515
41 516
94 516
189 516
448 517
178 518
319 518
472 518
142 519
237 519
117 520
224 520
61 521
246 521
292 521
214 522
255 522
345 522
478 522
85 523
167 523
434 523
455 523
206 524
324 524
419 524
106 525
201 525
264 525
104 526
159 526
383 527
418 527
301 528
47 529
273 529
154 530
401 530
268 531
351 531
464 531
145 532
176 532
310 532
329 532
367 532
444 532
95 533
227 533
233 533
350 533
351 533
256 534
69 535
115 535
334 535
430 535
68 536
213 536
311 536
36 537
203 537
428 537
62 538
166 538
288 538
453 538
136 539
429 539
85 540
375 540
392 540
411 540
476 540
157 541
195 541
184 542
298 542
360 542
437 542
183 543
320 543
339 543
359 543
56 544
124 544
182 545
236 545
459 545
100 546
415 546
438 546
229 547
360 547
417 547
299 548
172 549
213 549
274 549
325 549
347 549
399 549
401 549
20 550
72 550
344 550
384 550
93 551
115 551
366 551
165 552
203 553
284 553
424 553
170 554
187 554
448 554
472 554
314 555
351 555
310 556
332 557
426 557
87 558
129 558
159 558
233 558
182 559
198 559
224 559
338 559
391 559
59 560
221 560
294 560
410 560
454 560
258 561
175 562
315 562
376 562
100 563
249 563
264 563
336 563
363 563
55 564
58 564
273 564
361 564
433 564
114 565
240 565
133 566
147 566
275 566
276 566
285 567
343 568
368 568
25 569
70 569
169 569
192 569
228 569
400 569
283 570
464 570
282 571
322 571
143 572
203 572
288 573
89 574
255 575
389 575
445 575
471 575
125 576
248 576
372 576
184 577
216 577
271 577
329 577
295 578
409 578
31 579
136 579
406 579
452 579
83 580
123 580
478 580
162 581
149 582
197 582
332 582
430 582
116 583
312 583
279 584
365 584
394 584
77 585
286 585
348 585
414 585
179 586
293 586
461 586
265 587
192 588
196 588
208 588
232 588
276 588
380 588
222 589
239 589
110 590
190 590
159 591
254 591
313 591
353 591
92 592
398 592
71 594
338 594
356 594
455 595
322 596
67 597
421 597
116 598
127 598
372 598
234 599
305 599
320 599
219 600
156 601
276 601
246 602
294 602
405 602
170 603
442 603
467 603
44 604
201 604
185 605
126 606
218 606
253 606
358 606
473 606
84 607
232 607
389 607
317 608
23 609
410 609
450 609
112 611
151 611
169 611
199 612
357 612
218 613
262 613
305 613
337 613
378 613
416 613
432 613
139 614
236 614
458 614
82 615
185 616
280 617
294 617
138 619
361 619
96 620
202 620
221 621
331 621
465 621
378 622
396 622
184 623
247 623
405 623
321 624
120 626
167 626
354 626
270 627
287 627
309 627
228 628
257 628
449 629
83 630
299 630
346 630
241 631
187 634
270 634
121 636
338 636
205 637
236 638
369 638
