358 2
136 3
418 3
42 4
94 4
288 4
175 5
212 5
403 5
249 6
342 6
276 7
330 8
125 9
461 9
382 10
77 11
319 11
156 13
200 13
449 13
29 14
231 14
441 14
362 15
422 15
433 15
111 16
303 16
311 17
409 18
185 19
224 19
278 19
351 20
145 21
252 21
297 21
383 21
478 21
21 22
56 23
467 23
369 24
14 25
454 25
100 26
340 26
329 27
94 28
444 29
46 30
323 30
434 30
6 31
164 31
417 31
232 32
402 32
189 33
42 34
122 34
271 34
314 34
80 35
390 35
307 37
375 37
36 38
215 38
356 38
467 38
252 39
350 39
145 40
295 40
346 40
454 41
30 42
107 42
199 42
434 42
251 43
336 43
443 43
408 44
325 45
383 45
235 46
275 46
324 46
333 46
396 46
372 47
103 48
18 49
51 50
170 51
476 51
53 52
213 52
312 52
216 53
300 53
11 54
89 54
305 54
47 55
294 55
378 55
461 55
356 56
412 56
428 56
442 56
3 57
392 57
123 58
157 58
287 58
345 58
363 58
85 59
52 60
282 61
327 61
333 61
230 62
112 63
73 64
182 64
320 64
265 66
63 67
142 67
108 68
474 68
406 69
456 69
25 70
420 70
101 71
297 71
367 71
444 71
244 72
169 74
59 75
201 75
278 75
234 76
18 77
162 77
242 77
328 77
334 78
9 79
122 79
156 80
268 80
470 80
263 81
48 82
188 82
312 82
83 84
146 84
388 84
410 84
302 85
399 85
401 85
424 85
214 86
438 86
373 87
440 87
77 88
111 88
345 88
360 88
448 88
146 89
206 90
173 91
135 92
321 92
32 93
69 93
233 93
271 94
320 94
129 95
268 95
86 97
390 98
60 99
376 99
368 100
21 101
113 101
151 101
301 101
217 102
253 102
292 102
100 103
182 104
244 104
453 104
282 105
59 106
320 106
50 107
104 107
274 107
462 107
8 108
91 108
133 109
203 109
478 110
232 111
316 111
46 112
259 113
360 113
132 114
369 114
400 114
37 115
163 115
386 115
413 115
421 115
76 116
333 116
427 116
189 117
295 117
434 117
33 118
154 118
288 119
445 119
28 121
114 121
181 121
177 122
276 122
268 123
466 123
145 124
316 125
102 126
60 127
142 127
170 127
302 129
383 129
394 129
405 129
93 130
200 130
221 130
413 130
12 131
427 131
431 132
92 133
125 134
283 134
247 135
328 135
5 136
446 136
459 137
82 138
319 138
386 140
150 141
180 141
399 141
34 142
297 142
365 142
176 143
112 144
227 144
339 144
71 145
29 146
289 146
419 146
67 148
139 148
328 148
430 148
214 149
279 149
286 149
244 150
318 150
98 151
441 151
100 152
308 152
296 154
130 155
204 155
397 155
460 155
97 156
99 156
371 156
413 156
182 157
338 157
410 157
80 158
199 158
473 158
43 159
82 159
227 159
320 159
421 159
151 160
7 161
72 162
98 162
433 162
40 164
303 164
311 164
274 165
365 165
186 166
377 166
169 167
395 168
60 169
137 170
27 171
412 171
136 172
82 173
254 173
315 173
55 174
275 175
21 176
157 176
195 176
422 176
83 177
102 177
193 177
343 178
352 178
353 178
365 178
127 179
235 179
376 179
46 180
154 180
288 180
385 180
254 183
321 183
41 184
71 184
96 184
461 184
118 187
469 187
5 188
427 188
272 189
62 190
31 191
213 191
362 191
322 192
27 193
88 193
389 193
235 194
313 194
378 194
287 195
309 195
107 196
304 197
312 197
276 199
408 199
225 200
127 201
293 201
45 202
70 202
246 202
355 202
425 203
478 203
217 204
444 205
239 206
326 206
377 206
7 207
66 207
209 207
310 208
88 209
207 209
187 210
296 210
392 210
399 210
225 211
249 211
183 212
403 212
467 212
156 213
411 213
178 214
29 215
108 215
277 215
55 216
196 216
333 216
342 216
80 217
337 217
354 217
315 218
323 218
449 219
306 220
383 220
74 222
211 222
234 223
431 223
43 224
185 224
433 224
438 224
17 225
147 225
94 226
162 226
413 226
286 227
409 227
474 227
228 228
411 228
13 229
63 229
248 229
424 229
222 230
336 230
349 230
361 230
220 231
361 231
194 232
274 232
112 233
172 233
318 233
174 234
216 234
263 235
374 236
436 236
56 237
235 237
130 238
263 238
394 238
79 239
145 239
170 239
392 239
408 239
130 240
396 240
479 240
100 242
204 242
281 242
418 242
339 243
453 243
163 244
224 244
351 244
322 245
311 246
365 246
460 246
119 247
179 247
200 247
375 247
17 248
138 248
269 248
435 249
65 250
119 250
214 250
299 250
415 251
40 252
90 252
471 252
153 253
192 253
390 253
83 254
170 254
260 254
84 255
168 255
327 255
450 255
318 256
343 256
229 257
315 257
360 257
357 258
401 259
5 260
145 260
124 261
370 261
432 261
180 262
201 262
159 263
243 263
53 264
410 264
99 265
386 266
444 266
142 267
215 267
263 267
290 267
22 268
70 268
331 268
450 268
479 268
49 269
116 270
172 270
347 270
92 271
154 271
42 272
230 272
284 272
364 272
250 273
277 273
400 273
399 274
458 274
203 275
377 276
432 276
166 277
223 277
243 277
318 277
126 278
304 278
104 279
266 279
341 279
346 279
4 280
160 281
30 282
142 282
346 282
353 282
288 283
447 283
479 283
259 285
115 286
192 286
193 286
212 286
50 287
117 287
231 287
75 288
318 288
429 288
25 289
188 289
375 289
404 289
460 289
168 290
307 290
329 291
151 292
205 292
246 293
22 294
269 294
469 294
8 295
42 295
90 295
244 295
349 295
443 295
66 296
360 296
419 297
87 298
180 298
238 298
362 298
396 299
376 300
479 300
36 301
58 301
210 301
259 301
157 302
309 302
101 303
192 303
256 303
330 303
459 304
116 305
135 305
289 305
175 306
205 306
226 306
387 306
52 307
407 307
172 308
250 308
341 308
361 308
152 309
274 309
197 310
220 310
280 310
71 311
242 313
455 313
211 314
373 314
398 314
419 314
186 315
238 315
307 315
479 315
44 317
321 317
398 317
64 318
314 318
87 319
139 319
316 319
318 319
357 319
382 319
258 320
333 320
334 321
467 321
37 322
254 322
196 323
223 323
12 325
248 326
335 326
55 327
173 327
274 327
112 328
195 328
434 328
90 329
130 329
151 329
342 329
452 330
474 330
268 331
67 332
417 332
187 333
146 334
240 334
279 334
315 334
123 336
164 336
235 336
310 336
348 336
479 336
209 337
276 338
399 338
145 339
226 339
101 340
139 340
257 340
299 340
398 340
138 341
330 341
443 341
231 343
356 343
359 344
424 344
37 345
159 345
55 346
178 346
110 347
113 347
428 347
10 348
196 348
353 348
468 348
91 349
266 349
294 349
320 349
220 350
330 350
130 351
68 353
312 353
451 353
145 354
46 355
237 355
261 355
24 356
167 356
212 356
391 356
412 356
362 357
123 358
146 358
82 359
378 359
411 359
476 359
210 360
345 360
142 361
230 361
119 362
143 362
181 362
205 363
96 364
394 364
396 364
252 365
276 365
303 365
344 366
55 367
432 367
201 368
74 370
463 370
245 371
396 371
379 372
395 372
87 373
131 373
271 373
414 373
297 374
337 375
447 375
238 376
341 377
361 377
46 378
126 378
162 379
319 379
466 379
396 380
40 381
63 381
208 381
397 381
375 382
20 383
337 383
176 384
139 385
253 385
448 385
178 386
287 386
397 386
35 387
468 387
394 388
413 390
50 391
171 391
307 391
279 392
107 393
221 393
432 393
190 394
352 394
451 395
348 396
395 396
416 397
468 397
301 398
328 398
411 399
67 400
238 400
364 402
367 403
390 403
62 404
179 404
346 404
203 405
467 405
151 406
323 407
434 407
58 408
81 408
258 408
293 408
410 409
449 410
316 412
402 412
127 413
284 413
343 413
411 413
170 414
340 414
358 414
217 416
315 416
280 417
380 417
404 417
429 417
467 417
166 418
336 418
305 419
310 419
65 420
120 421
140 421
330 423
375 424
399 426
446 426
466 426
134 427
176 427
269 427
349 428
105 429
290 429
349 429
55 430
152 430
236 430
422 430
78 431
99 431
227 431
197 432
295 432
396 432
165 434
258 434
368 435
289 436
416 436
92 437
318 437
69 438
163 438
168 438
117 439
217 439
361 439
391 439
418 440
437 440
137 441
356 441
331 442
460 442
158 443
360 443
415 443
435 444
178 445
240 445
302 445
152 447
207 447
325 447
101 448
332 448
383 448
432 449
143 450
171 451
268 451
409 451
267 452
115 454
230 454
321 454
477 454
91 455
190 455
346 455
262 456
263 456
374 456
190 457
426 458
257 459
290 460
217 461
286 461
423 461
472 461
104 462
152 463
213 463
284 463
397 463
354 464
359 464
285 466
171 467
143 468
173 468
304 468
244 469
277 469
330 469
391 469
466 469
92 470
416 470
369 472
86 473
228 473
416 473
271 474
406 474
462 475
347 476
385 476
127 477
222 477
432 478
215 479
292 479
383 479
315 480
408 480
456 480
179 482
402 483
430 484
338 485
205 486
231 486
474 486
277 487
396 488
354 490
329 492
419 493
445 493
468 493
300 494
365 495
261 496
367 496
385 499
413 500
236 501
248 501
342 502
316 503
407 503
458 503
359 507
223 508
305 513
395 513
280 514
303 514
329 514
470 515
214 516
246 517
418 517
304 518
346 519
235 521
294 521
442 521
318 522
196 523
263 524
358 524
407 525
461 525
185 527
287 527
216 530
307 530
432 530
275 532
240 534
370 535
200 536
195 537
296 537
326 537
344 537
263 538
389 538
417 538
222 541
285 543
244 547
278 547
330 548
303 550
397 552
342 554
263 555
364 556
321 559
