259 24
266 24
284 25
296 26
308 26
324 27
337 29
352 30
366 35
236 38
384 38
217 39
228 39
249 39
196 40
256 40
263 40
203 41
276 41
428 41
191 42
396 42
302 43
436 44
321 45
175 46
338 48
349 48
362 49
236 50
368 51
412 52
226 56
234 56
420 56
217 57
247 57
260 57
375 57
256 58
281 58
385 58
144 59
209 60
267 61
294 61
302 61
312 61
197 62
188 63
432 63
327 64
173 67
341 68
164 69
444 69
353 70
397 70
405 70
357 71
416 72
252 73
270 73
365 73
234 74
246 74
138 75
193 75
265 75
281 75
301 76
204 77
292 77
220 78
334 78
375 78
128 79
310 79
384 79
428 79
462 80
188 81
228 81
328 81
119 82
201 82
323 82
330 82
338 82
341 82
439 82
177 84
342 84
391 84
475 84
171 85
397 85
441 86
101 87
357 87
157 88
271 88
357 88
241 89
353 89
413 89
271 90
284 90
356 90
231 91
244 91
250 91
255 91
262 91
265 91
293 91
363 91
372 91
406 91
414 92
445 92
230 93
367 93
372 93
374 93
139 94
208 94
305 94
313 94
230 95
277 95
321 95
217 96
376 96
392 96
453 96
221 97
325 97
341 97
395 97
390 98
123 99
200 99
325 99
397 99
432 99
479 99
191 100
339 100
115 101
184 101
345 101
396 101
433 101
347 102
108 103
463 103
345 104
355 104
356 104
399 104
424 104
163 105
256 105
232 106
249 106
252 106
255 106
285 106
294 106
371 106
413 106
238 107
266 107
268 107
468 107
150 108
224 108
230 108
245 108
272 108
312 108
368 108
414 108
94 109
430 109
437 109
84 110
215 110
227 110
243 110
321 110
437 110
439 110
216 111
374 111
380 111
383 111
75 112
140 112
201 112
208 112
324 113
328 113
130 114
203 114
385 114
191 115
333 115
331 116
341 116
449 116
289 117
392 117
401 117
119 118
183 118
297 118
101 119
363 121
414 121
159 122
225 122
245 122
257 122
272 123
216 124
233 124
277 124
371 124
150 125
369 125
380 125
424 125
465 125
200 126
208 126
254 126
291 126
136 127
202 127
302 127
377 127
473 127
128 128
195 128
388 128
325 129
348 129
397 129
187 130
324 130
437 130
126 131
172 131
182 131
191 131
172 133
187 133
334 133
358 133
110 134
167 134
177 134
159 135
244 135
342 135
403 135
94 136
262 136
341 136
360 136
169 137
249 137
261 137
276 137
277 137
368 137
369 137
452 137
152 138
155 138
161 138
164 138
228 138
241 138
351 138
373 138
83 139
234 139
294 139
413 139
214 140
131 141
153 141
382 141
142 142
307 142
327 142
65 143
123 143
126 143
136 143
198 143
322 143
463 143
133 144
136 144
183 145
191 145
336 145
338 145
178 146
192 146
394 146
122 147
392 147
430 147
165 148
274 148
344 148
352 148
469 148
345 149
361 149
397 149
399 149
256 150
257 150
262 150
405 150
97 151
241 151
271 151
283 151
164 152
243 152
367 152
445 152
152 153
223 153
233 153
296 153
83 154
421 154
139 155
142 155
144 155
211 155
320 155
137 157
384 157
125 158
189 158
322 158
331 158
334 158
187 160
354 160
388 160
391 160
436 160
112 161
175 161
179 161
280 161
341 161
258 162
268 162
399 162
460 162
397 163
98 164
160 164
166 164
407 164
410 164
240 165
363 165
153 166
226 166
375 166
144 167
370 167
373 167
469 167
225 168
300 168
415 168
211 169
228 169
333 169
80 170
138 170
143 170
201 170
206 170
286 170
312 170
383 170
420 170
473 170
58 171
124 171
325 171
378 171
66 172
199 172
201 172
211 172
326 172
479 172
277 173
338 173
389 173
172 174
437 174
111 175
164 175
182 175
338 175
432 175
175 176
262 176
395 176
442 176
106 177
179 177
252 177
343 177
355 177
163 178
243 178
351 178
406 178
248 179
354 179
355 179
363 179
402 179
222 180
224 180
402 180
147 181
232 181
453 181
148 182
222 182
301 182
371 182
150 183
211 183
289 183
369 183
411 183
82 184
132 184
138 184
193 184
277 185
313 185
75 186
132 186
197 186
325 186
384 186
419 186
127 187
268 187
462 187
185 188
336 188
389 188
391 188
419 188
421 188
429 188
55 189
179 189
258 189
394 189
424 189
426 189
469 189
122 190
176 190
182 190
184 190
239 190
345 190
401 190
437 190
109 191
251 191
390 191
430 191
41 192
162 192
164 192
240 192
393 192
432 192
177 193
365 193
403 193
475 193
99 194
227 194
165 195
213 195
220 195
375 195
399 195
88 196
152 196
445 196
142 197
145 197
150 197
214 197
268 197
288 197
381 197
415 197
204 198
279 198
302 198
314 198
331 198
321 199
415 199
130 200
191 200
326 200
389 200
85 201
265 201
343 201
383 201
387 201
81 202
141 202
256 202
338 202
82 203
121 203
248 203
344 203
346 203
365 203
425 203
460 204
115 205
127 205
163 205
178 205
238 205
351 205
395 205
108 206
215 206
226 206
227 206
229 206
372 206
434 206
102 207
405 207
156 208
351 208
357 208
410 208
431 208
435 208
282 209
437 209
470 209
70 210
102 210
201 210
294 210
382 210
145 211
264 211
304 211
305 211
323 211
317 212
443 212
91 213
137 213
194 213
227 213
323 213
383 213
139 214
187 214
421 214
218 215
333 215
420 215
137 216
245 216
329 216
425 216
174 217
240 217
295 217
86 218
126 218
136 218
176 218
273 218
397 218
454 218
51 219
161 219
167 219
237 219
348 219
347 220
115 221
196 221
201 221
204 221
230 221
364 221
371 221
374 221
427 221
196 222
155 223
288 223
372 223
380 223
155 224
286 224
292 224
307 224
324 224
76 225
284 225
301 225
303 225
322 225
440 225
142 226
145 226
147 226
188 226
220 226
263 226
273 226
327 226
410 226
436 226
438 226
220 227
332 227
336 227
101 228
142 228
174 228
253 228
434 228
466 228
387 229
173 230
207 230
245 230
346 230
367 230
417 230
102 231
206 231
389 231
419 231
442 231
238 232
347 232
127 233
128 233
133 233
231 233
234 233
236 233
354 233
375 233
89 234
162 234
302 234
88 235
227 235
301 235
449 235
191 236
311 236
313 236
362 236
117 237
291 237
292 237
304 237
314 237
64 238
280 238
308 238
320 238
323 238
328 238
151 239
182 239
217 239
224 239
335 239
400 239
429 239
330 240
430 240
151 241
256 241
335 241
342 241
212 242
374 242
407 242
460 242
171 243
179 243
250 243
407 243
77 244
203 244
243 244
380 244
432 244
105 245
139 245
171 245
173 245
411 245
412 246
96 247
136 247
194 247
235 247
467 247
133 248
163 248
416 248
440 248
290 249
295 249
300 249
156 250
224 250
277 250
320 250
328 250
394 250
421 250
159 251
263 251
274 251
281 251
283 251
319 251
473 251
150 252
157 252
188 252
193 252
227 252
277 252
422 252
89 253
152 253
216 253
266 253
334 253
371 253
114 255
184 255
255 255
337 255
344 255
253 256
403 256
452 256
83 257
147 257
149 257
477 257
177 258
203 258
430 258
110 259
145 259
243 259
355 259
430 259
205 260
232 260
381 260
411 260
170 261
237 261
415 261
434 261
229 262
305 262
314 262
100 263
135 263
290 263
295 263
315 263
414 263
434 263
73 264
98 264
130 264
222 264
266 264
281 264
323 264
335 264
366 264
461 264
68 265
96 265
165 265
192 265
272 265
333 265
389 265
99 266
138 266
127 267
189 267
195 267
258 267
88 268
155 268
183 268
215 268
244 268
263 268
401 268
441 268
159 269
217 269
240 269
91 270
95 270
154 270
238 270
255 270
351 270
56 271
116 271
149 271
350 271
352 271
467 271
180 272
260 272
301 272
184 273
256 273
316 273
447 273
114 274
203 274
232 274
309 274
363 274
307 275
328 275
43 276
174 276
327 276
335 276
399 276
430 276
197 277
223 277
452 277
106 278
171 278
278 278
140 279
171 279
175 279
196 279
344 279
346 279
401 279
419 279
473 279
108 280
349 280
417 280
137 281
402 281
435 281
27 282
69 282
266 282
348 282
373 282
386 282
408 282
132 283
213 283
354 283
425 283
162 284
237 284
259 284
109 285
294 285
411 285
440 285
304 286
319 286
323 286
391 286
185 287
279 287
316 287
427 287
460 287
159 288
295 288
332 288
396 288
414 288
51 289
161 289
204 289
245 289
126 290
366 290
149 291
338 291
417 291
96 292
222 292
417 292
430 292
126 293
203 293
288 293
400 293
401 293
98 294
153 294
177 294
223 294
269 294
347 294
386 294
86 295
197 295
237 295
401 295
449 295
120 296
153 296
232 296
375 296
35 297
424 297
433 297
435 297
148 298
251 298
298 298
303 298
314 298
392 298
469 298
234 299
292 299
409 299
452 299
139 300
260 300
290 300
358 300
377 300
393 300
473 300
112 301
329 301
360 301
164 302
209 302
213 302
226 302
290 302
435 302
106 303
338 303
429 303
186 304
243 304
338 304
454 304
78 305
129 305
159 305
277 305
417 306
434 306
72 307
223 307
437 307
105 308
268 308
347 308
479 308
132 309
152 309
157 309
387 309
389 309
403 309
458 309
99 310
105 310
305 310
441 310
43 311
200 311
261 311
294 311
306 311
346 311
420 311
437 311
216 312
235 312
373 312
378 312
176 313
305 313
317 313
369 313
377 313
406 313
423 313
149 314
324 314
354 314
425 314
283 315
290 315
357 315
127 316
381 316
408 316
411 316
425 316
60 317
75 317
191 317
228 317
467 317
120 318
226 318
274 318
337 318
383 318
397 318
448 318
144 319
207 319
209 319
212 319
94 320
169 321
385 321
432 321
241 322
301 322
313 322
162 323
188 323
304 323
362 323
24 324
237 324
264 324
162 325
295 325
305 325
312 325
64 326
88 326
117 326
138 326
219 326
321 326
49 327
113 327
287 327
107 328
405 328
420 328
457 328
278 329
367 329
83 330
107 330
110 330
159 330
179 330
232 330
331 330
160 331
197 331
383 331
129 332
273 332
442 332
61 333
80 333
105 333
336 333
355 333
74 334
102 334
175 334
309 334
428 335
56 336
129 336
265 336
295 336
154 337
238 337
324 337
447 337
73 338
103 338
141 338
174 338
190 338
225 338
289 338
313 338
413 338
467 338
156 339
286 339
373 339
190 340
284 340
139 341
169 341
171 341
243 341
400 341
93 342
120 342
122 342
150 342
186 342
206 342
388 342
44 343
93 343
95 343
153 343
256 343
278 343
451 343
149 344
238 344
433 344
45 345
47 345
132 345
117 346
186 346
274 346
93 347
216 347
226 347
474 347
57 348
145 348
269 348
300 348
330 348
406 348
59 349
61 349
116 349
250 349
307 349
309 349
357 349
455 349
380 350
421 350
438 350
196 351
291 351
296 351
112 352
163 352
53 353
195 353
340 353
394 353
50 354
140 354
104 355
178 355
264 355
285 355
364 355
461 355
67 356
161 356
209 356
288 356
411 356
103 357
347 357
46 358
73 358
218 358
289 358
425 358
104 359
135 359
259 359
332 359
189 360
228 360
127 361
173 361
202 361
216 361
282 361
373 361
399 361
186 362
305 362
315 362
356 362
427 362
467 362
42 363
123 363
126 363
129 363
353 363
431 363
447 363
94 364
269 364
317 364
351 364
399 364
64 365
123 365
149 365
186 365
214 365
241 365
300 365
373 365
414 365
143 366
199 366
266 366
327 366
405 366
430 366
94 367
215 367
340 367
360 367
390 367
185 368
212 368
266 368
433 368
61 369
197 369
215 369
225 369
252 369
79 370
227 370
239 370
267 370
296 370
434 370
65 371
145 371
165 371
181 371
183 371
200 371
289 371
379 371
404 371
472 371
87 372
103 372
164 372
240 373
336 373
366 373
139 374
193 374
287 374
394 374
454 374
114 375
211 375
274 375
309 375
363 375
405 375
137 376
159 376
304 376
313 376
407 376
440 376
190 377
213 377
275 377
304 377
348 377
75 378
248 378
261 378
315 378
343 378
366 378
410 378
425 378
116 379
155 379
347 379
381 379
408 379
423 379
478 379
118 380
196 380
286 380
463 380
207 381
233 381
412 382
183 383
399 383
412 383
55 384
74 384
268 384
350 384
184 385
195 385
232 385
256 385
280 385
47 386
91 386
165 386
207 386
297 386
354 386
371 386
130 387
432 387
464 387
445 388
49 389
163 389
177 389
292 389
331 389
357 389
430 389
107 390
321 390
203 391
218 391
294 391
312 391
317 391
323 391
326 391
404 391
417 391
67 392
189 392
255 392
337 392
358 392
121 393
229 393
340 393
357 393
389 393
402 393
43 394
62 394
123 394
147 394
174 394
406 394
159 395
201 395
229 395
338 395
436 395
62 396
372 396
203 397
274 397
307 397
375 397
404 397
451 397
44 398
78 398
96 398
98 398
201 398
262 398
304 398
305 398
421 398
76 399
188 399
423 399
343 400
408 400
200 401
302 401
473 401
76 402
130 402
154 402
184 402
201 402
240 402
365 402
168 403
186 403
218 403
378 403
393 404
406 404
33 405
88 405
113 405
169 405
230 405
321 405
301 406
345 406
153 407
249 407
297 407
365 407
108 408
199 408
297 408
208 409
328 409
124 410
237 410
433 410
87 411
102 411
106 411
228 411
419 411
430 411
50 412
258 412
272 412
417 412
463 412
104 413
107 413
270 413
349 413
368 413
80 414
282 414
437 414
121 415
435 415
23 416
399 416
179 417
97 418
271 418
464 418
99 419
146 419
189 419
308 419
422 419
116 420
148 420
188 420
306 420
131 421
246 421
259 421
270 421
308 421
309 421
173 422
200 422
281 422
283 422
293 422
353 422
439 422
39 423
93 423
115 423
224 423
226 423
234 423
246 423
213 424
258 424
294 424
113 425
336 426
381 426
61 427
91 427
392 427
442 427
173 428
210 428
428 428
156 429
157 429
186 429
342 429
403 429
294 430
325 430
142 431
246 431
279 431
413 431
198 432
234 432
310 432
371 432
404 432
416 432
110 433
224 433
267 433
428 433
93 434
266 434
294 434
25 435
52 435
105 435
255 435
314 435
108 436
193 437
222 437
329 437
393 437
208 438
220 438
85 439
196 439
210 439
244 439
281 439
295 439
344 439
402 440
419 440
101 441
220 441
245 441
252 441
121 442
178 442
194 442
245 442
329 442
66 443
152 443
233 443
348 443
436 443
82 444
266 444
281 444
314 444
374 444
42 445
231 445
254 445
363 445
128 446
328 446
376 446
63 447
233 447
101 448
334 448
350 448
376 448
418 448
455 448
146 449
298 449
315 449
436 449
206 450
243 450
266 450
280 450
285 450
301 450
397 450
186 451
245 451
316 451
376 451
205 452
232 452
284 452
353 452
411 452
35 453
57 453
130 453
269 453
314 453
440 453
98 454
144 454
281 454
352 454
159 455
387 455
477 455
319 456
353 456
77 457
299 457
389 457
461 457
52 458
145 458
205 458
111 459
142 459
158 459
194 459
320 459
341 459
379 459
219 460
242 460
323 460
355 460
367 460
377 460
94 461
243 461
255 461
73 462
94 462
142 462
155 462
170 462
400 462
413 462
158 463
180 463
327 463
171 464
219 464
231 464
358 464
380 464
391 464
416 464
229 465
268 465
321 465
360 465
466 465
305 466
392 466
229 467
268 467
309 467
332 467
430 467
88 468
291 468
326 468
417 468
430 468
154 469
228 469
256 469
330 469
346 469
433 469
291 470
383 470
406 470
104 471
165 471
231 471
308 471
121 472
152 472
350 472
136 473
191 473
243 473
269 473
328 473
368 473
227 474
394 474
204 475
243 475
336 475
406 475
420 475
85 476
270 476
311 476
317 476
337 476
374 476
440 476
456 476
85 477
188 477
283 477
355 477
371 477
410 477
105 478
120 478
230 478
257 478
294 478
371 478
388 478
86 479
165 479
174 479
255 479
321 479
425 479
438 479
102 480
228 480
281 480
282 480
296 480
310 480
152 481
393 481
146 482
203 482
131 483
241 483
295 483
342 483
131 484
228 484
360 484
187 485
215 485
230 485
255 485
283 487
377 487
413 487
176 488
242 488
273 488
284 488
299 488
325 488
344 488
112 489
326 489
73 490
228 490
259 490
383 491
143 492
346 492
349 492
142 493
319 493
274 494
300 494
403 494
449 494
129 495
218 495
273 495
302 495
141 496
172 496
186 496
243 496
258 496
337 496
353 496
186 498
129 499
434 499
81 500
173 500
275 500
292 500
320 500
334 500
153 501
172 501
201 502
305 502
389 502
203 503
217 503
233 503
363 503
201 504
293 504
342 504
59 505
107 505
186 505
307 505
281 506
244 507
263 507
347 507
120 508
188 508
280 508
392 508
396 508
154 509
169 509
263 509
311 509
248 510
349 510
379 510
121 511
190 511
262 511
296 511
69 512
283 512
330 512
350 512
376 512
122 513
203 513
233 513
245 513
265 513
282 513
294 513
335 513
380 513
220 514
280 514
332 514
184 515
354 515
154 516
189 516
270 516
333 516
423 516
233 517
336 517
383 517
403 517
169 518
185 518
235 518
319 518
449 518
204 519
137 520
139 520
185 520
222 520
268 520
391 520
96 521
305 521
339 521
408 521
204 522
206 522
382 522
387 522
432 522
172 523
153 524
303 524
322 524
412 524
361 525
362 525
75 526
238 526
267 526
365 527
252 528
270 528
327 528
330 528
172 529
204 529
438 529
209 530
297 530
312 530
398 530
192 531
226 531
270 531
236 532
250 532
254 532
285 532
415 532
173 533
297 533
188 534
320 534
338 534
352 534
418 534
420 534
91 535
192 535
226 535
300 535
385 535
386 535
447 535
173 536
354 536
428 536
137 537
193 537
210 537
240 537
301 537
344 537
321 538
384 538
172 539
210 539
276 539
359 539
426 539
359 540
290 541
323 541
324 541
369 541
138 542
154 542
190 542
191 542
256 542
309 542
328 542
360 542
371 542
368 543
469 544
259 545
409 545
118 546
139 546
194 546
195 546
241 546
334 546
313 547
377 547
378 547
174 548
209 548
243 548
258 548
282 548
297 548
300 548
282 549
380 549
180 550
283 550
298 550
340 550
87 551
196 551
258 551
212 552
180 553
269 553
321 553
402 553
162 554
303 554
344 554
393 554
229 555
244 555
246 555
289 555
309 555
397 555
261 556
401 556
181 557
356 557
459 557
121 558
202 558
232 558
372 558
410 558
142 559
162 559
220 559
359 559
203 560
363 560
365 560
373 560
276 562
376 562
105 563
253 563
424 563
329 566
386 566
190 567
298 567
396 567
146 568
209 568
123 569
411 569
441 570
264 571
196 572
347 572
447 572
364 574
239 575
169 576
320 577
379 577
133 578
153 578
223 579
282 579
392 579
205 580
417 581
336 584
293 585
431 585
141 586
344 586
166 589
195 589
301 589
356 589
215 590
363 590
371 590
393 590
380 591
279 592
408 592
150 593
180 593
237 593
260 593
285 593
317 596
270 598
334 599
188 601
405 602
378 603
390 603
357 604
362 604
256 605
305 606
