244 24
214 25
270 26
278 26
202 29
225 32
259 32
166 34
196 34
248 34
321 35
309 37
298 38
279 39
214 40
234 40
181 41
274 41
143 43
149 43
258 45
198 46
336 46
164 48
323 48
242 49
135 50
231 50
308 51
188 52
290 52
220 54
270 55
362 57
122 58
173 58
207 58
250 58
340 58
355 59
144 60
323 60
305 62
164 63
231 64
138 65
281 65
296 65
191 66
106 67
127 67
267 67
345 67
356 68
150 70
247 70
212 71
372 71
175 74
234 74
303 74
316 74
200 75
285 75
90 76
333 76
143 78
225 78
254 79
269 79
346 79
387 79
156 82
104 83
120 83
207 83
364 83
152 84
180 84
205 84
241 85
305 85
304 86
130 87
227 87
235 87
284 87
317 87
190 88
223 88
329 88
128 89
129 89
274 89
335 89
90 90
163 90
187 90
264 90
350 90
161 92
164 92
82 93
103 93
250 93
352 93
366 93
139 94
153 94
242 94
245 94
402 94
202 95
203 95
177 96
138 97
144 97
151 97
243 97
374 97
113 98
148 98
150 98
299 98
272 99
288 99
295 99
310 99
327 99
136 100
193 100
216 100
223 100
316 100
336 100
389 100
271 101
62 102
163 102
186 102
253 102
351 102
185 103
349 103
396 103
86 104
100 104
211 104
250 105
359 106
197 107
198 107
234 107
147 108
236 108
369 108
150 109
178 109
69 110
170 110
174 110
273 110
274 110
289 111
306 111
323 111
215 112
252 112
265 112
303 112
378 112
140 113
332 113
336 113
107 114
167 114
327 114
164 115
389 115
84 116
127 116
199 116
239 116
349 116
358 117
233 118
190 119
230 119
360 119
409 119
96 120
127 120
187 120
54 121
222 121
274 121
289 121
303 121
145 122
260 122
279 122
314 122
318 122
366 122
419 122
143 123
176 123
257 123
266 123
287 123
142 125
205 125
85 126
136 126
241 126
328 126
341 126
389 126
428 126
66 127
88 127
229 127
340 127
386 127
435 127
194 128
225 128
388 128
127 129
183 129
353 129
400 129
42 130
83 130
211 130
355 131
412 131
305 133
370 133
72 134
170 134
269 134
279 134
97 135
121 135
143 135
238 135
239 135
241 135
260 135
261 135
289 135
294 135
370 135
98 136
168 136
198 136
199 136
271 136
305 136
318 136
377 136
384 136
117 137
192 137
230 137
135 138
327 138
384 138
389 138
431 138
187 139
228 139
342 139
107 140
218 140
394 140
157 141
160 141
79 142
127 142
215 142
348 142
397 142
54 143
126 143
155 143
201 144
248 144
256 144
405 144
125 145
149 145
228 145
260 145
267 145
283 145
102 146
122 146
241 146
294 146
306 146
358 146
411 146
44 147
168 147
190 147
170 148
291 148
303 148
317 148
417 148
168 149
226 149
326 149
67 150
112 150
136 150
216 150
376 150
86 151
134 151
159 151
340 151
88 152
204 152
340 152
388 152
434 153
56 154
341 154
391 154
397 154
108 155
79 156
130 156
258 156
354 156
406 156
84 157
238 157
244 157
268 157
279 157
301 157
355 157
443 157
450 157
82 158
180 158
243 158
249 158
269 158
121 159
219 159
312 159
100 160
212 161
288 161
367 161
99 162
205 162
377 162
428 162
119 163
165 163
293 163
330 163
378 163
135 164
204 164
42 165
65 165
137 165
336 165
382 165
112 166
132 167
194 167
262 167
257 168
260 168
274 168
403 168
442 168
226 169
245 169
252 169
352 169
83 170
108 170
147 170
152 170
274 170
357 170
285 171
292 171
218 172
317 172
362 172
53 173
76 173
103 173
171 173
297 173
365 173
26 174
100 174
121 174
139 174
321 174
373 174
98 175
193 175
207 175
328 175
372 175
423 175
456 175
331 176
95 177
162 177
388 178
246 179
158 180
237 180
240 180
262 180
343 180
396 180
433 180
87 181
235 181
262 181
266 181
269 181
278 181
398 181
39 182
64 182
180 182
222 182
237 182
297 182
355 182
88 183
105 183
124 183
148 183
210 183
212 183
313 183
349 183
308 184
83 185
124 185
30 186
319 186
370 186
407 186
100 187
206 187
365 187
446 187
54 188
116 188
206 188
323 188
116 189
164 189
324 189
114 190
133 190
139 190
160 190
243 190
340 190
74 191
189 191
263 191
459 191
129 192
227 192
232 192
258 192
285 192
383 192
424 192
92 193
155 193
265 193
270 193
274 193
289 193
276 194
279 194
294 194
296 194
399 194
41 195
106 195
218 195
285 195
296 195
351 195
395 195
300 196
308 196
35 197
170 197
359 197
205 198
321 198
364 199
373 199
322 200
442 200
83 201
116 201
139 201
253 201
328 201
375 201
406 201
59 202
202 202
259 202
323 202
254 203
270 203
334 203
76 204
227 204
263 204
281 204
337 204
343 204
453 204
229 205
242 205
381 205
422 205
22 206
106 206
153 206
275 206
385 206
90 207
297 207
352 207
104 208
127 208
153 208
177 208
145 209
213 209
217 209
209 210
315 210
361 210
394 210
459 210
32 211
45 211
438 211
82 212
120 212
167 212
210 212
64 213
200 213
205 213
192 215
252 215
267 215
372 215
136 216
198 216
242 216
248 216
276 216
332 216
409 216
113 217
155 217
384 217
22 218
89 218
450 218
72 219
158 219
184 219
219 219
225 219
290 219
349 219
418 219
151 220
179 220
304 221
104 222
123 222
125 223
173 223
318 223
435 223
49 224
214 224
360 224
361 225
30 226
122 226
210 226
373 226
409 226
441 226
164 227
208 227
226 227
235 227
248 227
259 227
276 227
97 228
271 228
331 228
334 228
133 229
136 229
289 229
384 229
93 230
195 230
338 230
58 231
73 231
88 232
423 232
109 233
149 233
350 233
392 234
186 235
458 235
106 236
261 236
310 236
32 237
101 237
180 237
230 237
256 237
271 237
322 237
326 237
121 238
174 238
236 238
272 238
282 238
439 238
82 239
229 239
330 239
366 239
372 239
204 240
216 240
405 241
73 242
74 242
294 242
138 243
201 243
305 243
344 243
42 244
90 244
378 244
387 244
414 244
56 245
72 245
110 245
152 245
313 245
347 245
189 246
388 246
422 246
452 246
386 247
393 247
67 248
128 248
152 248
232 248
252 248
358 248
430 248
83 249
129 249
268 249
394 249
177 250
248 250
280 250
285 250
273 251
406 251
435 251
63 252
138 252
210 252
329 252
403 252
122 253
143 253
296 253
329 253
334 253
409 253
436 253
208 254
213 254
300 254
57 256
312 256
313 256
344 256
373 256
466 256
412 257
33 258
72 258
111 258
166 258
196 258
348 258
69 259
355 259
358 259
87 260
132 260
153 260
229 260
256 260
325 260
391 260
71 261
125 261
182 261
232 261
234 261
252 261
274 261
360 261
392 261
237 262
265 262
329 262
392 262
451 262
256 263
294 263
396 263
215 264
393 264
46 265
63 266
316 266
431 266
137 267
139 267
98 268
201 268
341 268
408 268
410 268
16 269
56 269
165 269
284 269
377 269
408 270
110 271
327 271
330 271
358 271
33 272
70 272
190 272
286 272
297 272
247 273
261 273
291 273
386 273
55 274
121 274
148 274
244 274
388 274
444 274
53 275
216 275
231 275
265 275
88 276
254 276
417 276
109 277
176 277
264 277
400 277
65 278
145 278
275 278
278 278
346 278
139 279
425 279
63 280
65 280
433 280
353 281
430 281
22 282
429 282
42 283
290 283
328 283
458 283
58 284
59 284
360 284
43 285
75 285
186 285
192 285
332 285
338 285
75 286
97 286
158 286
253 286
305 286
340 286
370 286
409 286
94 287
123 287
240 287
92 288
224 288
344 288
14 289
150 290
272 290
377 290
420 290
443 290
32 291
382 291
111 292
206 292
217 292
286 292
394 292
423 292
424 292
50 293
92 293
283 293
330 293
138 294
292 294
111 295
298 295
48 296
50 296
67 296
85 296
106 296
164 296
188 296
196 296
290 296
295 296
363 296
401 296
296 297
455 297
108 298
185 298
428 298
83 299
306 299
337 299
237 300
252 300
262 300
305 300
311 300
430 300
103 301
182 301
350 301
378 301
150 302
181 302
213 302
226 302
231 302
41 303
124 303
183 303
217 303
282 303
319 303
380 303
437 303
41 304
323 304
387 304
410 304
416 304
439 304
465 304
330 305
174 306
201 306
291 306
389 306
74 307
142 307
168 307
201 307
18 308
71 308
93 308
166 308
196 308
299 308
332 308
394 308
51 309
112 309
192 309
163 310
165 310
301 310
336 310
52 311
252 311
263 311
32 312
70 312
186 312
300 312
370 312
90 313
162 313
183 313
226 313
347 313
380 313
427 313
451 313
86 314
158 314
231 314
125 315
178 315
274 315
309 315
177 316
216 316
224 316
431 316
59 317
151 317
220 317
78 318
253 318
317 318
412 318
440 318
101 319
202 319
317 319
336 319
289 320
335 320
388 320
438 320
200 321
252 321
96 322
152 322
464 322
75 323
323 323
364 323
21 324
113 324
150 324
186 324
129 325
147 325
163 325
266 325
38 326
268 326
301 326
422 326
345 327
424 327
146 328
184 328
214 328
216 328
233 328
354 328
378 328
427 328
90 329
228 329
329 329
384 329
450 329
90 330
127 330
219 330
243 330
356 330
406 330
16 331
202 331
248 331
311 331
332 331
386 331
86 332
170 332
209 332
355 332
167 333
287 333
428 333
137 334
365 334
432 334
48 335
140 335
196 335
197 335
253 335
338 335
66 336
103 336
134 336
255 336
262 336
362 336
367 336
458 336
82 337
119 337
298 337
393 338
394 338
415 338
81 339
27 340
151 340
374 340
98 341
131 341
152 341
278 341
439 341
444 341
180 342
232 342
220 343
283 343
350 343
354 343
377 343
109 344
132 344
179 344
223 344
277 344
315 344
94 345
96 345
204 345
234 345
287 345
355 345
39 346
294 346
56 347
327 347
357 347
19 348
89 348
141 348
162 348
166 348
168 348
203 348
244 348
383 348
426 348
406 349
428 349
88 350
190 350
192 350
260 350
338 350
409 350
121 351
364 351
390 351
414 352
396 353
180 354
269 354
313 354
336 354
361 354
365 354
454 354
100 355
134 355
155 355
182 355
213 355
439 355
184 356
394 356
398 356
153 357
233 357
322 357
65 358
131 358
172 358
225 358
245 358
273 358
347 358
397 358
48 359
80 359
201 359
231 359
247 359
295 359
375 359
423 359
96 360
98 360
153 360
325 360
299 361
378 361
400 361
171 362
196 362
199 362
325 362
332 362
27 363
197 363
113 364
144 364
166 364
254 364
303 364
353 364
132 365
164 365
264 365
357 365
410 365
92 366
128 366
142 366
284 366
307 366
327 366
450 366
126 367
266 367
390 367
187 368
225 368
310 368
313 368
42 369
74 369
290 369
335 369
183 370
360 370
432 370
110 371
214 371
217 371
220 371
232 371
270 371
312 371
456 371
176 372
367 372
154 374
247 374
313 374
338 374
55 375
69 375
152 375
241 375
340 375
343 375
384 375
37 376
175 376
204 377
275 377
300 377
348 377
375 377
459 377
87 378
135 378
278 378
299 378
320 378
388 378
424 378
299 379
392 379
149 380
263 380
373 380
103 381
133 381
166 381
279 381
392 381
393 381
444 381
81 382
143 382
195 382
356 382
410 382
97 383
119 383
218 383
307 383
164 384
117 385
221 385
328 385
96 386
161 386
187 386
193 386
335 386
99 387
117 387
196 387
232 387
83 388
158 388
180 388
267 388
46 389
83 389
139 389
314 389
338 389
179 390
190 390
242 390
273 390
438 390
454 390
134 391
158 391
238 391
385 391
76 392
114 392
276 393
318 393
367 393
181 394
247 394
296 394
404 394
115 395
225 395
272 395
352 395
26 396
174 396
208 396
233 396
282 396
387 396
125 397
150 397
169 397
172 397
224 397
303 397
426 397
58 398
200 398
220 398
230 398
256 398
320 398
129 399
171 399
300 399
374 399
74 400
91 400
94 400
338 400
108 401
124 401
127 401
199 401
374 401
411 401
171 402
195 403
283 403
337 403
168 404
236 404
379 404
450 404
125 405
163 405
166 405
236 405
358 405
24 406
249 406
264 406
343 407
399 407
189 408
251 408
326 408
362 408
50 409
162 409
269 409
308 409
417 409
435 409
124 410
215 410
144 411
213 411
383 411
104 412
184 412
252 412
69 413
146 413
290 413
346 413
347 413
367 413
87 414
236 414
307 414
345 414
350 414
384 414
140 416
181 416
328 416
242 417
273 417
312 417
405 417
123 418
194 418
241 418
291 418
295 418
309 418
120 419
137 419
160 419
330 419
205 420
239 420
257 420
270 420
176 421
208 421
225 421
226 421
274 421
276 421
335 421
391 421
444 421
159 422
370 422
390 422
316 423
335 423
47 424
63 424
319 424
376 424
429 424
31 425
84 425
140 425
160 425
176 425
273 425
353 426
190 427
139 428
173 428
243 429
279 429
317 429
337 429
374 429
398 429
224 430
243 430
261 430
299 430
152 431
219 431
314 431
98 432
358 432
136 433
155 433
170 433
219 433
417 433
202 434
340 434
359 434
398 434
117 435
151 435
169 435
224 435
320 435
436 435
278 436
336 436
379 436
44 437
189 437
345 437
135 438
171 438
223 438
247 438
259 438
400 438
60 439
166 439
249 439
152 440
304 441
324 441
137 442
184 442
382 442
94 443
111 443
167 443
262 443
263 443
290 443
347 444
383 444
399 444
440 444
183 445
247 445
364 445
386 445
57 446
132 446
137 446
219 446
234 446
366 446
382 446
75 447
153 448
321 448
365 448
149 449
326 449
329 449
58 450
183 450
309 450
368 450
108 451
121 451
164 451
329 451
408 451
443 451
135 452
200 452
325 452
354 452
388 452
177 453
233 453
324 453
133 454
198 454
217 454
429 454
136 455
152 455
354 455
182 456
353 456
152 457
153 457
184 457
278 457
308 457
391 457
279 458
295 458
373 458
136 459
138 459
132 460
199 460
325 460
161 461
197 461
293 461
397 461
72 462
89 462
179 462
265 462
308 462
325 462
373 462
399 462
181 463
213 463
260 463
306 463
339 463
377 463
56 464
133 464
138 464
375 464
415 464
311 465
381 465
296 466
397 466
161 467
232 467
275 467
150 468
157 468
277 468
290 468
327 468
347 468
178 469
324 469
340 469
378 469
173 470
196 470
247 470
137 471
120 472
292 472
260 473
273 473
438 473
349 474
106 475
155 475
209 475
245 475
329 475
422 475
177 476
197 476
229 476
293 476
313 476
90 477
121 477
194 477
273 477
171 478
179 478
312 478
368 478
134 479
155 479
386 479
176 480
347 480
103 481
194 481
119 482
137 482
306 482
315 482
366 482
385 482
227 483
288 484
289 485
310 485
390 485
407 485
274 488
76 489
246 489
271 489
294 489
324 489
346 489
250 490
369 490
90 491
173 491
207 491
266 491
307 491
155 492
272 492
275 493
289 493
292 493
313 493
385 493
357 494
373 494
346 495
122 496
308 496
325 496
387 496
139 497
194 497
217 497
287 497
308 497
328 497
109 498
169 498
268 498
329 499
342 499
358 499
201 500
222 500
242 500
343 500
396 500
289 501
268 502
323 502
327 502
357 502
396 502
419 502
90 503
342 503
158 505
244 505
270 505
394 507
190 509
325 509
397 509
422 509
287 510
376 510
413 510
92 511
140 511
211 512
214 512
236 512
308 512
358 512
379 512
282 513
342 513
108 514
156 515
236 515
259 515
269 515
263 516
324 516
339 516
300 517
360 517
210 518
231 518
398 518
304 519
282 520
243 522
175 523
203 523
238 523
264 523
413 523
127 524
230 524
149 525
305 525
341 525
381 526
233 527
276 527
280 527
224 528
262 528
285 528
323 528
362 528
109 529
206 529
255 529
300 529
170 530
195 531
204 531
307 531
400 531
253 532
275 533
303 533
201 534
142 535
302 536
216 537
125 538
164 538
213 538
361 539
246 541
244 542
269 542
383 542
140 543
188 543
275 543
212 544
265 545
292 545
269 546
298 546
209 547
216 547
238 547
360 548
205 549
300 549
312 549
234 550
239 550
262 550
268 550
269 550
298 550
337 551
236 553
318 553
202 554
221 555
223 555
289 556
172 557
196 557
201 558
359 558
382 558
149 559
219 559
248 559
266 559
307 560
315 560
165 562
188 562
283 562
334 562
215 563
240 565
308 565
355 566
185 568
378 568
231 570
257 570
276 571
327 571
180 573
204 573
299 574
226 575
194 580
218 580
323 580
265 581
290 582
316 586
210 587
283 588
268 597
