262 3
385 3
421 3
459 4
473 5
315 6
125 7
155 7
136 8
171 8
113 9
324 9
437 9
288 10
229 11
350 11
306 15
407 15
183 16
266 16
360 16
201 17
138 19
118 20
156 20
170 20
214 20
284 21
330 21
390 21
227 22
340 23
465 24
300 25
376 25
432 25
348 26
260 28
191 30
314 30
405 30
163 31
175 32
141 34
207 34
228 34
371 34
126 35
106 36
449 36
247 37
258 37
290 37
425 39
299 40
386 41
392 41
278 42
284 42
305 43
311 43
343 43
398 43
161 44
430 44
143 45
153 45
159 45
195 45
208 45
222 45
227 45
131 46
138 46
174 46
184 46
188 46
318 46
325 46
469 46
128 47
198 47
210 47
220 47
225 47
315 47
362 47
400 47
436 48
114 49
248 49
406 49
99 51
266 51
336 52
379 52
282 53
384 54
419 54
291 55
449 55
198 56
201 56
202 56
298 56
337 56
340 56
364 56
151 57
183 57
292 57
421 57
422 57
423 57
136 58
147 58
154 58
160 58
171 58
185 58
186 58
195 58
220 58
225 58
301 58
341 58
395 58
241 59
312 60
346 60
399 60
110 61
123 61
430 61
459 61
318 62
320 62
351 62
379 62
262 63
312 63
321 63
351 63
324 64
355 64
379 64
408 64
96 65
327 66
438 67
205 68
222 68
232 68
284 68
163 69
188 69
223 69
157 70
175 70
179 70
289 70
295 70
333 70
364 70
390 70
445 70
156 71
185 71
196 71
249 71
189 72
292 72
364 72
138 73
139 73
142 73
178 73
300 73
335 73
478 73
425 74
309 75
122 76
346 76
397 76
213 77
378 77
402 77
426 77
101 78
320 78
85 79
226 79
377 79
236 80
250 80
267 80
351 80
380 80
458 81
437 83
151 84
176 84
280 84
360 84
406 84
408 84
132 85
184 85
334 85
389 85
436 85
131 86
162 86
188 86
191 86
124 87
176 87
202 87
293 87
120 88
129 88
140 88
289 88
415 88
209 89
224 89
221 90
107 91
243 91
297 91
420 91
446 91
350 92
373 92
314 93
258 94
403 94
479 94
88 95
270 95
404 95
325 96
73 97
156 97
189 97
143 98
175 98
182 98
205 98
283 98
387 98
432 99
145 100
209 100
219 100
431 100
462 100
231 101
120 102
294 103
299 103
363 103
123 104
126 104
299 104
252 105
338 105
418 106
438 106
102 107
312 107
375 107
441 107
264 108
316 109
440 109
169 110
83 111
163 111
170 111
171 111
181 111
192 111
208 111
219 112
476 112
152 113
212 113
393 113
226 114
227 114
242 114
454 114
122 115
407 115
139 116
142 116
424 116
118 117
123 117
129 117
264 117
432 117
292 118
107 119
328 119
359 119
281 120
293 121
91 122
302 122
179 123
185 123
386 123
417 123
188 124
194 124
227 124
236 124
338 124
466 124
149 125
157 125
165 125
168 125
175 125
207 125
442 125
163 126
222 126
223 126
230 126
246 126
318 126
345 126
346 126
372 126
156 127
309 127
313 127
70 128
136 128
143 128
245 128
261 128
349 128
257 129
128 130
258 130
123 131
274 131
281 132
400 132
96 133
106 133
111 133
113 133
453 133
116 134
290 134
429 134
477 134
357 135
186 136
229 136
80 137
163 137
203 137
335 137
363 137
83 138
165 138
301 138
338 138
387 138
413 138
147 139
249 139
254 139
437 139
312 140
70 141
145 141
157 141
265 141
98 142
344 142
311 143
123 144
128 144
277 144
418 144
284 145
469 145
124 146
377 146
349 147
224 148
284 148
114 149
118 149
166 149
180 149
201 149
216 149
244 149
324 149
362 149
114 150
217 150
228 150
290 150
329 150
400 150
74 151
242 151
301 151
255 152
307 152
299 153
453 153
271 155
307 155
100 156
274 156
433 156
138 157
151 157
320 157
389 157
139 158
283 158
57 159
136 159
183 159
413 159
127 160
166 160
197 160
219 160
223 160
233 160
324 160
462 160
78 161
373 161
85 162
230 162
287 162
353 162
113 163
300 163
303 163
252 164
378 164
417 164
247 165
257 165
263 166
64 167
383 167
448 167
152 168
153 168
339 168
401 168
149 169
345 169
146 170
273 170
317 170
382 170
428 170
384 171
409 171
97 172
101 172
135 172
198 172
318 172
478 172
91 173
132 173
190 173
221 173
360 173
406 173
435 173
178 174
207 174
223 174
224 174
229 174
437 174
92 175
180 175
216 175
287 175
63 176
295 176
363 176
243 177
116 178
150 178
246 178
81 179
162 179
297 179
336 179
440 179
256 180
260 180
141 181
345 181
375 181
44 182
133 182
309 182
377 182
401 182
420 182
421 182
142 183
264 183
103 184
261 184
268 184
275 184
277 184
320 184
469 184
98 185
68 186
326 187
179 188
212 188
225 188
320 188
358 188
407 188
430 188
451 188
90 189
172 189
188 189
220 189
234 189
285 189
381 189
387 189
390 189
148 190
169 190
182 190
210 190
225 190
384 190
428 190
87 191
96 191
170 191
177 191
186 191
194 191
215 191
238 191
332 191
410 191
157 192
161 192
181 192
388 192
432 192
54 193
236 193
366 193
88 194
137 194
160 194
296 194
338 194
78 195
247 195
253 195
263 195
299 195
478 195
120 196
133 196
267 196
418 196
113 197
124 197
305 197
339 197
373 197
392 197
398 197
458 197
269 198
276 198
310 198
345 198
368 198
398 198
347 199
109 200
285 200
419 200
108 201
423 201
67 202
199 202
286 202
184 203
293 203
427 203
215 204
250 204
331 204
139 205
177 205
229 205
403 205
467 206
250 207
299 207
304 207
448 207
97 208
125 208
161 208
363 208
409 208
263 209
49 210
88 210
121 210
264 210
301 210
312 211
390 211
150 212
268 212
281 212
308 212
340 212
434 212
75 213
283 213
226 214
273 214
281 214
435 214
455 214
140 215
207 215
286 215
319 215
185 216
196 216
109 217
192 217
243 217
248 217
250 217
320 217
181 218
257 218
136 219
253 219
256 219
294 219
298 219
445 219
478 219
99 220
165 220
182 220
260 220
301 220
353 220
372 220
182 221
166 222
260 222
336 222
425 222
57 223
117 224
273 224
406 224
151 225
219 225
232 225
267 225
311 225
49 226
207 226
248 226
405 226
194 227
366 227
410 227
427 227
78 228
274 228
317 228
385 228
188 229
407 229
105 230
286 230
291 230
348 230
410 230
289 231
293 231
174 232
37 233
139 233
296 233
294 234
67 235
171 235
296 235
304 235
437 235
471 235
94 236
126 236
130 236
248 236
399 236
414 236
199 237
213 237
378 237
421 237
438 237
158 238
194 238
231 238
333 238
422 238
419 239
252 240
277 240
316 240
478 240
84 241
183 241
185 241
381 241
400 241
113 242
264 242
277 242
363 242
51 243
442 243
141 245
291 245
404 245
73 247
111 247
366 247
162 248
227 248
330 248
350 248
461 248
25 249
225 249
251 249
428 249
154 250
180 250
203 250
219 250
236 250
325 250
389 250
391 250
409 250
42 251
99 251
125 251
213 251
221 251
327 251
204 252
266 252
336 253
351 253
414 253
416 253
203 254
61 255
166 255
307 255
357 255
380 255
95 256
194 256
197 256
201 256
332 256
356 256
376 256
412 256
418 256
436 256
120 257
336 257
339 257
453 257
33 258
340 258
419 258
83 259
110 259
280 259
364 259
84 260
138 260
152 260
340 260
107 261
317 261
402 261
181 262
228 262
436 262
472 262
179 263
388 263
424 263
55 264
214 264
215 264
230 264
419 264
169 265
248 265
424 265
213 266
264 266
297 266
348 266
370 266
389 267
407 267
423 267
167 268
200 268
44 269
191 269
202 269
205 269
71 270
99 270
428 270
19 271
119 271
278 271
375 271
113 272
330 272
355 272
305 273
331 273
93 274
335 274
448 274
466 274
178 276
336 276
428 276
91 277
131 277
235 277
248 277
334 277
357 277
28 278
47 279
85 279
222 279
355 279
359 279
62 280
143 280
256 280
286 280
382 280
205 282
210 282
419 282
104 283
162 283
293 283
321 283
120 284
137 284
344 284
364 284
401 284
42 285
123 285
197 285
297 285
38 286
75 286
98 286
269 286
320 286
439 286
460 286
163 287
182 287
188 287
475 287
134 288
160 288
185 288
345 288
75 289
77 289
95 289
137 289
179 289
111 290
409 290
53 291
71 292
149 292
177 292
218 292
230 292
279 292
305 292
327 292
69 293
329 293
369 293
428 293
28 294
91 294
245 294
413 294
106 295
112 295
148 295
389 295
442 295
201 296
214 296
351 296
203 297
208 297
327 297
105 298
286 298
430 298
123 299
184 299
262 299
288 299
292 299
86 300
308 300
67 301
354 301
158 302
165 302
63 303
141 303
334 303
83 304
194 304
221 304
238 304
295 304
418 304
449 304
42 305
116 305
193 305
217 305
272 305
356 305
467 305
331 306
359 306
381 306
420 306
14 307
176 307
420 307
59 308
77 308
81 308
100 308
119 308
221 308
435 308
81 309
113 309
151 309
317 309
256 310
293 310
296 310
112 311
188 311
208 311
33 312
149 313
351 313
437 313
75 314
129 314
280 314
317 314
321 314
336 314
130 315
168 315
184 315
439 315
54 316
92 316
150 316
302 316
353 317
410 317
412 317
475 317
28 318
130 318
202 318
239 318
336 318
369 318
398 318
409 318
459 318
166 319
265 319
427 319
108 320
340 320
386 320
70 321
178 321
200 321
322 321
384 321
50 322
222 322
305 322
21 323
126 323
321 323
337 323
399 323
286 324
303 324
120 325
122 325
191 325
249 325
44 326
85 326
141 326
180 326
355 326
138 327
223 327
285 327
178 328
386 328
101 329
141 329
176 329
304 329
358 329
157 330
271 330
289 330
307 330
434 330
64 331
210 331
236 331
418 331
447 331
61 332
205 332
273 332
65 333
178 333
254 333
275 333
310 333
18 334
37 334
59 334
134 334
238 334
251 334
341 334
355 334
467 334
113 335
191 335
221 335
391 335
402 335
77 336
236 336
323 336
357 336
58 338
76 338
133 338
80 339
259 339
57 340
172 340
207 340
311 340
361 340
61 341
154 341
292 341
405 341
259 342
273 342
423 342
34 343
95 343
209 343
212 343
223 343
240 343
326 343
437 343
469 343
56 344
258 344
360 344
373 344
454 344
12 345
188 345
290 345
391 345
106 346
210 346
214 346
257 346
361 346
390 346
186 347
277 347
310 347
375 347
153 349
326 349
344 349
133 350
150 350
197 350
242 351
292 351
409 351
56 352
345 352
70 353
135 353
214 353
292 353
341 353
423 353
50 354
71 354
132 354
184 354
259 354
326 354
378 354
457 354
170 355
230 355
29 356
117 356
152 356
257 356
342 356
362 356
442 356
475 356
87 357
185 357
233 357
274 357
359 357
52 359
199 359
274 359
328 359
394 359
50 360
99 360
152 360
187 360
237 360
154 361
216 361
327 361
47 362
113 362
201 362
378 362
97 363
132 363
134 363
365 363
378 363
413 363
429 363
222 364
245 364
393 364
396 364
83 365
170 366
289 366
363 366
379 366
425 366
464 366
100 367
151 367
361 367
270 368
345 368
442 368
96 369
152 369
362 369
410 369
413 369
23 370
137 370
187 370
230 370
410 370
46 371
224 371
310 371
67 372
365 372
434 372
83 373
111 374
117 374
157 374
169 374
206 374
310 374
394 374
396 374
154 375
208 375
269 375
431 375
97 376
230 376
288 376
309 376
378 376
382 376
467 376
111 377
152 377
325 377
284 378
133 379
213 379
287 379
306 379
309 379
150 380
156 380
213 380
239 380
81 381
116 381
256 381
345 381
409 381
84 382
132 382
152 382
393 382
15 383
115 383
117 383
193 383
396 383
431 383
433 383
32 384
49 384
111 384
217 384
219 384
378 384
307 385
409 385
449 385
219 386
430 386
474 386
68 388
336 388
363 388
413 388
88 389
131 389
220 389
348 389
380 389
198 390
89 391
176 391
224 391
374 391
112 392
394 392
437 392
273 393
49 394
112 394
154 394
283 394
301 394
432 394
134 395
151 395
30 397
92 397
314 397
468 397
130 398
204 398
243 398
411 398
151 399
155 399
159 399
412 399
110 400
261 400
348 400
400 400
134 401
156 401
361 401
11 402
180 402
330 402
414 402
436 402
457 402
160 403
185 404
360 404
373 404
132 405
158 405
416 405
192 406
376 406
386 406
70 407
157 407
302 407
343 407
386 407
90 408
187 408
216 408
113 409
164 409
286 409
472 409
30 410
52 410
74 410
433 410
132 411
162 411
373 411
70 412
76 412
224 412
276 412
282 412
300 412
400 412
447 412
191 415
194 415
317 415
322 415
354 415
76 416
138 416
300 416
371 416
268 417
274 417
370 417
414 417
31 418
49 418
71 418
167 418
339 418
420 418
76 419
194 419
197 419
237 419
259 419
266 419
317 419
388 419
73 420
436 420
466 420
137 421
243 421
311 421
385 421
112 422
76 423
93 423
150 423
52 424
316 424
399 424
72 426
204 426
310 426
384 426
154 427
366 427
174 428
307 428
382 428
35 429
436 429
452 429
76 430
330 430
398 430
350 432
477 432
155 433
282 433
302 433
96 434
177 434
305 434
415 434
129 435
180 435
216 435
299 435
384 435
146 436
271 436
326 436
414 436
439 436
130 437
179 437
266 437
381 437
228 438
263 438
399 438
77 439
160 439
253 439
457 439
57 440
115 440
129 440
365 440
35 441
77 441
94 441
117 441
292 441
17 442
160 442
323 442
307 443
439 443
95 444
162 444
186 444
187 444
290 444
100 445
118 445
166 445
119 446
136 446
288 446
98 447
149 447
190 447
380 447
134 448
279 448
344 448
427 448
97 449
123 449
378 449
37 450
317 450
197 451
280 451
339 451
342 451
119 452
204 452
234 452
474 452
137 453
263 453
308 453
19 454
121 454
123 454
250 454
274 454
392 454
410 454
79 455
334 455
391 455
463 455
60 456
173 456
215 456
266 456
303 456
121 457
199 457
356 457
390 457
154 458
332 458
101 459
218 459
357 459
426 459
211 460
177 461
371 461
438 461
296 462
104 463
297 463
311 463
41 464
157 464
183 464
189 464
352 464
129 465
145 465
224 465
326 465
156 466
183 466
370 467
387 467
85 468
195 468
246 468
103 469
120 469
136 469
270 469
371 469
23 470
244 470
246 470
282 470
86 471
106 471
160 471
199 471
368 471
385 471
404 471
452 471
68 472
121 472
164 472
199 472
257 472
201 473
282 473
323 473
438 473
45 474
143 474
206 474
289 474
399 474
92 475
168 475
316 475
213 477
285 477
315 477
342 477
401 477
165 478
171 478
279 478
380 478
90 479
146 479
211 479
365 479
468 479
145 480
395 480
400 480
128 481
214 481
220 481
226 481
29 482
72 482
301 482
304 482
311 482
334 482
422 482
192 483
227 483
171 484
226 484
242 484
152 485
239 485
252 485
114 486
170 486
265 486
293 486
304 486
328 486
469 486
51 487
257 487
97 488
154 488
176 488
180 488
290 488
136 489
332 489
351 489
374 489
202 490
438 490
404 491
454 491
98 492
203 492
387 492
34 493
206 493
289 493
137 494
178 494
80 495
181 495
214 495
289 495
118 496
189 496
218 496
346 496
142 497
165 497
190 498
229 498
276 498
277 498
283 498
312 499
141 500
167 500
255 500
262 500
366 500
403 500
437 500
103 501
248 501
257 501
274 501
343 501
62 502
104 502
267 502
41 503
125 503
248 503
264 503
415 503
473 503
86 504
200 504
327 504
88 505
199 505
300 505
340 505
453 505
381 506
150 507
85 508
88 508
176 508
339 508
87 509
131 509
181 509
209 509
359 509
360 510
478 510
110 511
52 512
284 512
316 512
395 512
117 513
187 513
264 513
353 513
216 514
283 514
309 514
315 514
329 514
412 514
459 514
74 515
117 515
186 515
266 515
311 515
333 515
164 516
227 516
245 516
273 516
327 516
373 516
427 516
97 517
119 517
261 517
138 518
142 520
205 520
302 521
366 521
409 521
121 522
347 522
57 523
321 523
124 524
146 524
363 524
366 524
442 524
105 525
281 525
286 525
320 525
368 525
81 526
131 526
183 526
220 526
152 527
223 528
278 528
312 528
384 528
236 529
62 530
229 530
249 530
444 530
263 531
335 531
85 532
164 532
168 532
305 532
311 532
379 532
133 533
164 533
302 533
306 533
199 534
379 534
328 535
372 535
327 536
379 536
420 536
113 537
298 537
347 537
396 537
373 538
94 539
287 539
346 539
179 540
72 541
141 541
160 541
219 541
274 541
389 541
121 542
142 542
366 542
436 542
233 543
263 543
364 543
392 543
412 543
243 544
252 544
268 544
362 544
369 544
389 544
192 545
238 545
312 545
337 545
365 545
127 546
197 546
390 546
102 547
132 547
304 547
82 548
304 549
128 550
220 550
381 550
452 550
130 551
132 551
155 551
329 551
214 552
291 552
163 553
183 553
352 553
404 553
237 554
353 554
397 554
423 554
250 555
263 555
287 555
269 556
114 557
140 557
143 557
194 557
230 557
312 557
368 557
229 558
312 558
349 558
176 559
207 559
313 559
179 560
363 560
94 561
176 561
367 561
394 561
434 561
333 562
154 563
299 563
285 564
124 565
387 565
255 566
106 567
194 567
234 567
409 567
354 568
169 569
381 571
437 571
142 572
208 572
302 572
399 574
188 575
428 575
340 577
242 579
277 579
322 580
413 580
174 581
308 581
157 582
222 582
190 583
378 583
356 584
167 585
401 585
346 586
289 588
177 589
261 590
152 591
210 591
247 591
332 591
232 594
372 595
308 597
349 599
204 601
219 602
334 602
282 603
243 604
359 609
328 614
345 614
288 615
