314 49
335 49
299 50
259 52
281 53
410 54
237 57
333 58
349 59
314 60
219 61
299 62
286 65
442 66
200 67
427 67
271 68
385 68
402 69
252 71
358 71
340 72
180 73
320 75
224 77
301 79
152 80
286 80
209 81
203 82
447 82
459 82
386 83
405 83
428 83
479 83
268 85
341 85
364 85
136 86
244 86
257 86
359 86
242 87
343 87
188 89
310 90
323 90
243 91
298 92
304 92
172 93
218 93
291 94
218 95
285 95
283 97
297 97
372 97
399 98
418 98
437 98
455 98
470 98
209 99
344 99
279 100
263 101
333 101
146 102
260 102
281 102
201 103
267 103
317 103
189 104
308 104
241 105
250 107
358 108
375 108
229 109
242 109
246 109
337 110
353 110
120 111
236 111
343 111
350 111
415 111
463 111
169 112
217 113
218 113
476 113
279 114
289 114
295 114
309 114
311 114
317 114
321 114
328 114
270 115
286 115
299 115
283 116
106 117
216 118
271 118
264 119
402 119
196 120
265 120
271 120
90 121
142 121
360 121
381 121
423 121
250 122
364 123
439 123
122 124
337 124
126 125
326 125
338 125
457 125
125 126
313 126
179 127
231 127
318 127
476 127
319 130
298 131
362 131
379 131
389 131
407 131
149 132
393 132
159 133
160 133
270 133
285 133
111 134
208 134
361 134
156 135
99 136
142 136
268 137
270 137
277 137
435 137
145 138
257 138
424 138
449 138
139 139
237 139
251 139
82 141
187 141
333 141
337 141
468 141
479 142
318 143
323 143
380 143
131 144
302 144
359 144
367 144
386 144
402 144
297 145
304 145
355 145
131 146
293 146
376 146
394 146
129 147
67 148
211 149
287 149
114 150
162 150
426 150
429 150
431 150
442 150
273 151
259 152
267 152
413 152
195 153
158 154
245 154
257 154
334 154
455 154
464 154
350 155
99 156
335 156
345 156
326 157
145 158
327 158
361 158
381 158
178 159
224 159
312 159
395 159
126 160
406 160
85 161
403 161
271 162
294 162
298 162
420 162
271 163
286 163
420 163
126 164
166 164
271 164
209 165
254 165
434 165
442 165
424 166
452 166
334 167
244 168
248 168
244 169
63 170
156 171
233 171
238 171
469 171
109 172
150 172
229 173
231 173
358 173
220 174
225 174
387 174
139 175
233 175
349 175
371 175
401 175
213 176
321 176
354 176
417 176
145 177
288 177
304 177
316 177
415 177
295 178
326 178
339 178
347 178
357 178
425 178
427 178
128 179
130 179
134 179
166 179
216 179
272 179
276 179
279 179
329 179
332 179
353 179
134 180
206 180
260 180
337 180
204 181
419 181
439 181
121 182
248 182
434 182
254 183
271 183
82 184
456 184
126 185
190 186
148 187
236 187
126 188
151 188
114 189
227 189
233 189
472 189
68 190
310 190
173 191
216 191
350 191
213 192
220 192
283 192
303 192
324 192
345 192
356 192
401 192
366 193
377 193
394 193
432 193
280 194
288 194
417 194
213 195
261 195
268 195
407 195
150 196
268 196
277 196
52 197
135 197
137 197
428 197
432 197
440 197
93 198
157 198
253 198
196 199
247 199
439 200
184 201
190 201
234 201
453 201
134 202
231 202
89 203
124 203
238 203
472 203
179 204
90 205
326 205
344 205
78 206
214 206
308 206
323 206
339 206
39 207
82 207
110 207
290 207
335 207
348 207
160 208
276 208
336 208
359 208
277 209
374 209
112 210
152 210
202 210
392 210
409 210
106 211
260 211
421 212
67 213
106 213
141 213
245 213
197 214
407 214
428 214
100 215
187 215
188 215
135 216
182 216
97 217
446 217
94 218
219 218
223 218
228 218
231 218
317 218
327 218
333 218
460 218
57 219
169 219
171 219
346 219
362 219
88 220
127 220
280 220
286 220
216 221
272 221
376 221
49 222
205 222
265 222
477 222
81 223
113 223
122 223
154 223
157 223
274 223
114 224
208 224
263 224
197 225
412 225
149 226
246 226
389 226
408 226
116 227
252 227
262 227
313 227
334 227
407 227
332 228
353 229
412 229
419 229
141 230
239 230
298 230
33 231
183 231
423 231
432 231
99 232
171 232
221 232
93 233
173 233
220 233
369 233
437 233
66 234
130 234
444 234
90 235
124 235
165 235
167 235
281 235
385 236
451 236
211 237
89 238
123 238
126 238
201 238
265 238
464 238
328 239
59 240
79 240
399 240
307 241
339 241
477 241
107 242
250 242
305 242
324 242
335 242
339 242
147 243
406 243
298 244
418 244
433 244
47 245
231 246
347 246
357 246
283 247
430 247
434 247
92 248
134 248
178 248
375 250
439 250
89 251
205 251
121 252
160 252
452 252
36 253
198 253
262 253
390 253
188 254
250 254
294 255
298 255
301 255
313 255
470 255
239 256
298 256
303 256
343 256
330 257
336 257
67 258
284 258
285 258
317 258
340 258
409 258
415 258
102 259
409 259
411 259
431 259
141 260
337 260
349 260
420 260
426 260
434 260
171 261
61 262
211 262
267 262
366 262
440 262
102 263
435 263
198 264
431 264
197 265
380 265
87 266
154 266
49 267
250 267
452 267
83 268
393 268
123 269
182 269
462 269
180 270
308 270
321 270
234 271
290 271
330 271
402 271
408 271
410 271
291 272
329 272
406 272
466 272
139 273
221 273
341 273
414 273
168 274
275 274
352 274
106 275
163 275
264 275
355 275
425 275
476 275
70 276
30 277
207 277
433 277
251 278
365 278
439 278
122 279
433 279
92 280
89 281
182 281
385 281
191 282
395 282
182 283
300 283
328 283
454 283
234 284
293 284
51 285
57 285
309 285
324 285
325 285
338 285
407 285
135 286
217 286
290 286
291 286
343 286
106 287
138 287
271 287
275 287
278 287
415 287
214 288
277 288
350 288
358 288
463 288
201 289
264 289
347 289
48 290
159 290
161 290
426 290
120 291
249 291
372 291
427 291
469 291
70 292
126 292
192 292
363 292
152 293
254 293
115 294
194 294
231 294
241 294
382 294
386 294
437 294
30 295
317 296
319 296
61 297
181 297
235 297
291 297
300 297
311 297
339 297
88 298
110 298
395 298
406 298
450 298
140 299
213 299
214 299
228 299
294 299
340 299
345 299
414 300
83 301
213 301
279 301
409 301
416 301
142 302
259 302
77 303
165 303
257 303
364 303
460 303
48 304
422 304
13 305
196 305
246 305
103 306
242 306
418 306
49 307
72 307
319 307
377 307
124 308
157 308
320 308
329 308
432 308
92 309
125 309
154 309
306 309
323 309
386 309
473 309
226 310
347 310
63 311
183 311
298 311
388 311
223 312
227 312
295 312
300 312
349 312
351 312
32 313
214 313
221 313
284 313
361 313
367 313
437 313
445 313
143 314
149 314
400 314
83 315
84 315
111 315
211 315
277 315
139 316
265 316
403 316
411 316
78 317
284 317
414 317
107 318
173 319
257 319
327 319
333 319
416 319
461 319
102 320
164 320
198 320
304 320
313 320
324 320
335 320
74 321
78 321
163 321
254 321
258 321
332 321
344 321
47 322
127 322
244 322
330 322
429 322
468 322
18 323
359 323
192 324
380 324
151 325
232 325
361 325
117 326
127 326
227 326
476 326
90 327
188 327
218 327
388 327
380 328
391 328
396 328
445 328
8 329
64 329
303 330
326 330
406 330
34 331
176 331
266 331
283 331
295 331
397 331
400 331
165 332
202 332
207 332
313 332
108 333
109 333
301 333
55 334
113 334
257 334
264 334
330 334
339 334
341 334
456 334
197 335
246 335
254 335
419 335
421 335
135 336
161 336
162 336
242 336
354 336
419 336
49 337
369 337
155 338
163 338
231 338
74 339
134 339
230 339
367 339
375 339
99 340
466 340
76 341
186 341
385 341
160 342
181 342
41 343
93 343
221 343
314 343
315 343
435 343
119 344
290 344
311 344
328 344
148 345
153 345
210 345
271 345
300 345
478 345
156 346
439 346
89 347
114 347
164 347
257 347
341 347
348 347
406 347
59 348
109 348
253 348
261 348
400 348
403 348
60 349
359 349
449 349
26 350
84 350
143 350
195 350
242 350
145 351
183 351
365 351
414 351
107 352
133 352
373 353
411 353
219 354
372 354
459 354
55 355
77 355
104 355
377 355
384 355
426 355
431 355
130 356
207 356
314 356
422 356
426 356
14 357
123 357
168 357
297 357
390 357
393 357
168 358
202 358
208 358
283 358
324 358
340 358
469 358
44 359
237 359
395 359
2 360
50 360
66 360
96 360
156 360
239 360
272 360
429 360
68 361
119 362
255 362
358 362
438 362
44 363
187 363
226 363
229 363
66 364
144 364
145 364
223 364
249 364
254 364
215 365
370 365
177 366
301 366
407 366
84 367
107 367
379 367
242 368
314 368
316 368
448 368
29 369
134 369
164 369
381 369
202 370
332 370
420 370
61 371
386 371
390 371
427 371
82 372
99 372
288 372
345 372
423 372
96 373
223 373
274 373
55 374
147 374
259 374
270 374
289 374
466 374
74 375
121 375
188 375
275 375
284 375
356 375
362 375
7 376
122 376
148 376
309 376
48 377
252 377
311 377
404 377
433 377
172 378
306 378
316 378
367 378
91 379
94 379
136 379
141 379
205 379
244 379
373 379
407 379
410 380
68 381
88 381
107 381
322 381
47 382
385 382
414 382
84 383
107 383
131 383
135 383
157 383
233 383
237 383
335 383
447 383
40 384
65 384
160 384
387 384
421 384
157 385
195 385
225 385
221 386
275 386
347 386
125 387
185 387
267 387
292 387
400 387
429 388
77 389
149 389
251 389
254 389
301 389
307 389
360 389
59 390
116 390
120 390
403 390
404 390
461 390
6 391
30 391
56 391
146 391
176 391
247 391
52 392
78 392
142 392
430 392
93 393
236 393
319 393
166 394
208 394
241 394
331 394
412 394
438 394
56 395
135 395
321 395
374 395
134 396
346 396
472 397
267 398
274 398
295 398
386 398
73 399
195 399
289 399
416 399
43 400
101 400
154 400
259 400
263 400
285 400
422 400
448 400
305 401
15 402
123 402
153 402
257 402
356 402
362 402
397 402
43 404
242 404
429 404
236 405
316 405
326 405
458 405
67 406
179 406
227 406
234 406
328 406
334 406
404 406
62 407
143 407
224 407
403 407
88 408
325 408
336 408
374 408
111 409
210 409
31 410
213 410
441 410
167 411
383 411
4 412
205 412
259 412
271 412
347 412
352 412
286 413
295 413
421 413
471 413
79 414
202 414
246 414
303 414
419 414
51 415
54 415
135 415
49 416
128 416
228 416
121 417
158 417
190 417
361 417
393 417
21 418
101 418
225 418
233 418
315 418
44 419
330 419
430 419
405 420
44 421
183 421
340 421
456 421
66 423
118 423
339 423
373 423
266 424
409 424
251 425
283 425
41 426
144 426
297 426
415 426
34 427
58 427
87 427
173 427
236 427
242 427
305 427
320 427
10 428
214 428
228 428
238 428
323 428
352 428
386 428
423 428
467 428
54 429
140 429
217 429
420 429
446 429
55 430
80 430
140 430
202 430
359 430
56 431
213 431
217 431
52 432
165 432
327 432
330 432
106 433
401 433
28 434
52 434
310 434
400 434
473 434
130 435
372 435
263 436
404 436
191 437
255 437
341 437
98 438
186 438
243 438
44 439
235 439
281 439
320 439
74 440
324 440
349 440
386 440
412 440
436 440
19 441
44 441
179 441
281 441
384 441
440 441
443 441
92 442
152 442
226 442
298 442
352 443
353 443
215 444
296 444
331 444
351 444
299 445
373 445
422 445
16 446
117 446
214 446
357 446
396 446
83 447
427 447
57 448
85 448
87 448
92 448
132 448
171 448
173 448
204 448
307 448
312 448
37 449
171 449
335 449
360 449
139 450
176 450
264 450
274 450
308 450
377 450
406 450
456 450
251 451
432 451
55 452
81 452
103 452
110 452
320 452
406 452
30 453
106 453
196 453
235 453
284 453
315 453
363 453
384 453
6 454
52 454
346 454
406 454
469 454
81 455
106 455
190 455
100 456
158 456
285 456
324 456
367 456
411 456
474 456
129 457
292 457
78 458
326 458
46 459
49 459
151 459
185 459
214 459
395 459
251 460
394 460
442 460
95 461
300 461
335 461
355 461
418 461
478 461
71 462
119 462
240 462
304 462
395 462
208 463
89 464
225 464
264 464
63 465
68 465
228 465
276 465
402 465
422 465
454 465
142 466
174 466
213 466
15 467
112 467
117 467
212 467
230 467
236 467
238 467
322 467
324 467
340 467
38 468
88 468
174 468
284 468
309 468
326 468
386 468
59 469
117 469
169 469
195 469
203 469
428 469
67 470
111 470
162 470
209 470
64 471
113 471
203 471
410 471
462 471
163 472
196 472
283 472
428 472
112 473
138 473
198 473
293 473
347 474
31 475
108 475
285 475
334 475
390 475
438 475
127 476
312 476
353 476
469 476
50 477
51 477
101 477
106 477
189 477
318 477
3 478
53 478
250 478
300 478
132 479
229 479
239 479
259 479
296 479
320 479
356 479
395 479
396 479
415 479
155 480
161 480
302 480
339 480
417 480
43 481
76 481
223 481
92 482
218 482
273 482
321 482
377 482
399 482
253 483
264 483
341 483
344 483
440 483
447 483
20 484
71 484
72 484
271 484
41 485
177 485
306 485
358 485
360 485
92 486
120 486
210 486
307 486
478 486
93 487
280 487
326 487
405 487
426 487
87 488
308 488
113 489
206 489
142 490
385 490
63 491
366 491
425 491
453 491
347 492
59 493
82 493
204 493
312 493
135 494
194 494
238 494
292 494
7 495
102 495
165 495
331 495
258 496
261 496
332 496
27 497
75 497
105 497
228 497
101 498
106 498
232 498
235 498
245 498
291 498
415 498
436 498
46 499
76 499
78 499
269 499
294 499
317 499
352 499
376 499
73 500
242 500
396 500
71 501
129 501
189 501
338 501
155 502
216 502
256 502
357 502
463 502
67 503
93 503
94 503
297 503
442 503
71 504
67 505
183 505
210 505
379 505
275 506
281 506
208 507
321 507
323 507
423 507
16 508
149 508
385 508
405 508
38 509
368 509
63 510
111 510
303 510
358 510
386 510
117 511
205 511
303 511
321 511
357 511
429 511
277 512
370 512
451 512
474 512
83 513
171 513
203 513
282 513
328 513
342 513
113 514
117 514
247 514
284 514
287 514
325 514
104 515
230 515
238 515
282 515
358 515
391 515
139 516
281 516
346 516
410 516
262 517
48 518
54 518
79 518
82 518
147 518
255 518
392 518
431 518
6 519
25 519
106 519
113 519
197 519
110 520
303 520
327 520
459 520
288 521
76 522
310 522
330 522
393 522
395 522
414 522
47 523
132 523
134 523
217 523
74 524
222 524
317 524
378 524
47 525
216 525
263 525
289 525
18 526
74 526
96 526
133 526
161 526
417 526
41 527
186 527
240 527
350 527
435 527
237 528
367 528
442 528
463 528
121 529
132 529
162 529
188 529
238 529
307 529
336 529
65 530
123 530
269 530
416 530
118 531
187 531
203 531
233 531
421 531
384 532
426 532
81 533
87 533
149 533
233 533
285 533
352 533
5 534
146 534
149 534
171 534
205 534
231 534
251 534
288 534
404 534
124 535
151 535
354 535
385 535
425 535
469 535
62 536
177 536
203 536
307 536
323 536
269 537
288 537
385 537
449 537
49 538
55 538
110 538
114 538
232 538
337 538
53 539
107 539
116 539
307 539
355 539
200 540
323 540
424 540
25 541
50 541
55 541
196 541
334 541
477 541
76 542
138 542
227 542
304 542
371 542
390 542
425 542
429 542
129 543
199 543
74 544
411 544
67 545
97 545
45 546
71 546
135 546
162 546
167 546
186 546
459 546
93 547
321 547
377 547
42 548
97 548
132 548
240 548
285 548
390 548
392 548
65 549
67 549
97 549
218 549
236 549
240 549
319 549
90 550
122 550
281 550
304 550
396 550
415 550
437 550
132 551
157 551
260 551
419 551
153 552
184 552
220 552
308 552
341 552
6 553
60 553
122 553
126 553
285 553
415 553
466 553
118 554
417 554
84 555
209 555
281 556
342 556
380 556
421 556
437 556
80 557
302 557
444 557
120 558
233 558
305 558
322 558
364 558
23 559
52 559
204 559
368 559
474 559
84 560
114 560
147 560
152 560
176 560
353 560
366 560
112 561
401 561
108 562
170 562
276 562
302 562
108 563
114 563
253 563
340 563
399 563
193 564
277 564
281 564
382 564
430 564
449 565
144 566
163 566
322 566
130 567
140 567
166 567
226 567
427 567
5 568
64 568
67 568
34 569
164 569
199 569
411 569
98 570
100 570
121 570
134 570
299 570
355 570
411 570
105 571
246 571
267 571
322 571
340 571
267 572
399 572
193 573
339 573
369 573
460 573
54 574
67 574
124 574
241 574
356 574
358 574
53 576
145 576
318 576
433 576
89 577
152 577
340 577
369 577
240 578
260 578
292 578
159 579
181 579
182 579
213 579
245 579
353 579
438 579
17 580
438 580
52 581
156 581
293 581
390 581
404 581
151 582
419 582
112 583
177 583
372 583
463 583
44 584
76 584
143 584
297 584
135 585
314 585
137 586
336 586
374 586
44 587
129 587
334 587
406 587
132 588
139 588
194 588
205 588
231 588
73 589
254 589
310 589
357 589
360 589
404 589
470 589
189 590
268 590
388 590
392 590
393 590
33 591
289 591
292 591
95 592
173 592
187 592
312 592
358 592
446 592
59 593
65 593
127 593
130 593
375 593
56 594
162 594
225 594
283 594
306 594
377 594
64 595
191 596
283 596
429 596
52 597
56 597
118 597
121 597
124 597
149 597
361 597
17 598
158 598
244 598
329 598
395 598
409 598
412 598
82 599
151 599
310 599
479 599
51 600
277 600
284 600
298 600
83 601
217 601
120 602
345 602
328 603
394 603
457 603
181 604
146 605
38 606
302 606
463 607
238 608
253 608
106 609
175 609
29 610
361 610
376 610
440 610
71 611
269 611
294 612
321 612
419 612
468 613
97 614
166 614
205 614
340 615
387 615
59 616
226 616
191 617
290 617
130 618
315 618
424 618
85 620
339 620
357 620
450 620
158 621
263 621
479 622
46 624
116 624
194 624
217 625
237 625
283 625
150 626
354 626
389 626
33 627
431 627
108 628
69 629
330 629
254 630
371 630
466 630
302 632
348 633
97 634
139 634
177 634
213 634
272 634
58 635
389 637
446 637
85 638
406 638
294 639
320 639
