144 2
235 2
412 2
166 3
259 4
375 4
384 4
400 4
225 5
285 5
161 6
218 7
246 7
369 7
346 8
332 9
446 10
436 11
464 11
478 11
202 12
420 13
124 14
240 14
264 14
403 14
196 15
147 16
167 16
230 16
313 17
375 18
388 18
188 19
345 19
276 20
208 21
225 21
333 21
441 21
466 22
453 23
407 24
294 25
427 25
321 26
348 26
475 26
239 27
258 27
396 27
149 28
173 29
193 29
337 31
384 31
121 32
141 34
366 34
447 34
466 34
222 35
307 35
427 35
247 36
276 36
326 36
114 37
359 37
415 37
176 38
196 38
132 39
296 39
153 40
395 40
191 41
195 41
213 42
346 42
169 43
325 43
385 43
226 44
254 44
278 45
287 45
434 45
446 45
466 45
201 46
244 46
313 46
371 46
117 47
365 47
474 47
161 48
272 48
355 48
368 48
418 48
140 49
269 49
312 49
408 49
141 50
180 50
179 51
176 52
234 52
265 52
391 52
395 52
152 54
206 54
299 54
389 54
395 54
190 55
295 55
325 55
188 56
250 56
251 56
255 56
126 57
129 57
367 57
381 57
281 58
289 58
368 58
442 58
453 58
463 58
184 59
314 59
353 59
415 59
427 59
477 59
165 60
225 60
420 60
106 61
313 61
414 61
280 62
145 63
305 63
196 64
265 64
399 64
236 65
337 65
383 65
214 66
375 66
92 67
119 67
137 67
192 67
255 67
297 67
358 68
250 69
255 69
269 69
113 70
319 70
415 70
448 70
152 71
169 71
223 71
431 71
433 71
186 72
187 72
200 72
434 72
457 72
282 73
466 73
84 74
281 74
346 74
183 75
281 75
405 75
145 76
197 76
306 76
379 76
388 76
303 77
199 78
242 78
256 78
259 78
299 78
364 78
369 78
125 79
142 79
177 79
214 79
372 79
157 80
158 81
193 81
328 81
354 82
464 82
171 83
420 83
423 83
442 83
451 83
272 84
292 84
406 84
409 84
430 84
476 84
98 85
134 85
209 85
314 85
201 86
203 86
267 86
287 86
421 86
248 87
269 87
338 87
395 87
381 88
383 88
306 89
387 89
163 90
225 90
265 90
310 90
365 90
368 90
224 91
84 92
129 92
178 92
241 92
352 93
297 94
271 95
444 95
476 95
193 96
209 96
323 96
426 96
430 96
141 97
270 97
421 97
75 98
405 98
459 98
154 99
254 99
259 99
290 99
386 99
414 99
97 100
236 100
285 100
387 100
218 101
312 101
117 102
184 102
317 102
375 102
88 103
304 103
166 104
203 104
254 104
278 104
364 104
474 104
252 105
300 105
308 105
352 105
274 106
341 106
195 107
215 107
226 107
142 108
276 108
225 109
270 109
423 109
243 110
268 110
325 110
407 110
440 110
105 111
209 111
293 111
391 111
436 111
320 112
390 112
399 112
444 112
458 112
123 113
173 113
317 113
371 113
266 114
363 114
372 114
75 115
292 115
468 115
366 116
97 117
189 117
309 117
478 117
137 118
156 118
238 118
354 118
222 119
256 119
202 120
214 120
235 120
281 120
312 120
338 120
118 121
167 121
170 121
350 121
254 122
278 122
67 123
133 123
235 123
250 123
302 123
403 123
415 123
434 123
127 124
161 124
183 124
184 124
393 124
87 125
131 125
215 125
249 125
327 125
395 125
397 125
407 125
92 126
112 126
185 126
384 126
459 126
111 127
181 127
183 127
210 127
270 127
325 127
369 127
370 127
84 128
103 128
144 128
213 128
227 128
448 128
59 129
142 129
296 129
331 129
359 129
82 130
468 130
101 131
103 131
117 131
139 131
291 131
325 131
190 132
270 132
353 132
84 133
190 133
359 133
140 134
151 134
242 134
288 134
317 134
343 134
475 134
119 135
152 135
224 135
289 135
348 135
426 135
165 136
402 136
412 136
419 136
200 137
439 137
49 138
96 138
120 138
307 138
337 138
342 138
181 139
200 139
311 139
453 139
133 140
236 140
391 140
76 141
134 141
236 141
241 141
282 141
377 141
157 142
217 142
329 142
379 142
310 143
326 143
144 144
197 144
278 144
364 144
326 145
88 146
177 146
367 146
375 146
65 147
90 147
109 147
172 147
193 147
358 147
173 148
89 149
111 149
296 149
325 149
353 149
355 149
210 150
246 150
301 150
125 151
351 151
427 151
153 152
169 152
228 152
266 152
343 152
401 152
413 152
421 152
435 152
83 153
430 153
447 153
167 154
388 154
167 155
186 155
261 155
392 155
452 155
83 156
104 156
148 156
294 156
385 156
120 157
307 157
309 157
465 157
146 158
166 158
207 158
283 158
387 158
395 158
102 159
160 159
242 159
290 159
470 159
162 160
220 160
375 160
285 161
292 161
329 161
77 162
98 162
200 162
255 162
114 163
359 163
116 165
139 165
159 165
177 165
239 165
279 165
360 165
425 165
46 166
141 166
255 166
278 166
353 166
411 166
433 166
159 167
214 167
238 167
317 167
346 167
348 167
434 167
436 167
445 167
91 168
277 168
284 168
257 169
353 169
111 170
311 170
396 170
457 170
65 171
194 171
231 171
126 172
130 172
309 172
389 172
87 173
175 173
341 173
404 173
124 174
208 174
254 174
377 174
125 175
251 175
294 175
304 175
334 175
471 175
154 176
207 176
266 176
269 176
273 176
402 176
58 177
104 177
151 177
210 177
246 177
250 177
292 177
138 178
331 178
337 178
81 179
149 179
151 179
224 179
272 179
298 179
363 179
423 179
137 180
186 180
206 180
224 180
355 181
436 181
169 182
265 182
317 182
429 182
434 182
320 183
321 183
241 184
447 184
54 185
310 185
323 185
352 185
319 186
460 186
99 187
182 187
259 187
289 187
321 187
75 188
130 188
202 188
241 188
279 188
284 188
345 188
400 188
470 188
114 189
218 189
314 189
338 189
381 189
93 190
111 190
163 190
259 190
279 190
312 190
416 190
47 191
426 191
69 192
264 192
370 192
432 192
433 192
478 192
110 193
144 193
282 193
314 193
278 194
304 194
334 194
216 195
220 195
261 195
307 195
126 196
336 196
440 196
91 197
109 197
122 197
157 197
158 197
179 197
326 197
106 198
108 198
195 198
282 198
285 198
36 199
234 199
302 199
326 199
448 199
463 199
83 200
104 200
155 200
216 200
160 201
218 201
275 201
392 201
408 201
416 201
105 202
122 202
253 202
295 202
371 202
378 202
395 202
471 202
134 203
453 203
59 204
134 204
424 204
28 205
351 205
100 207
118 207
133 207
135 207
171 207
431 207
117 208
137 208
194 208
247 208
292 208
340 208
228 209
234 209
464 209
153 210
269 211
441 211
136 212
209 212
247 212
265 212
331 212
336 212
112 213
153 213
189 213
290 213
316 213
364 213
366 213
414 213
94 214
138 214
372 214
452 214
78 215
133 215
151 215
230 215
270 215
288 215
368 215
378 215
72 216
112 216
388 216
208 217
311 217
357 217
399 217
230 218
291 218
458 218
248 219
288 219
317 219
364 219
431 219
133 220
166 220
265 220
478 220
225 221
44 222
208 222
311 222
184 223
350 223
441 223
61 224
129 224
149 224
339 224
86 225
417 225
466 226
121 227
210 227
86 228
282 228
299 228
375 228
29 229
259 229
380 229
396 229
163 230
258 230
308 230
376 230
426 230
451 230
101 231
102 231
197 231
210 231
228 231
379 231
82 232
143 232
474 232
79 233
226 233
245 233
280 233
295 233
373 233
387 233
397 233
53 234
370 234
260 235
276 235
356 235
408 235
437 235
97 236
145 236
181 236
211 236
326 236
226 237
300 237
317 237
344 237
416 237
17 238
128 238
143 238
301 238
317 238
94 239
196 239
245 239
255 239
111 240
162 241
463 241
319 242
334 242
68 243
107 243
239 243
288 243
332 243
339 243
86 244
379 244
387 244
389 244
427 244
450 244
104 245
316 245
321 245
383 245
37 246
196 246
225 246
292 246
390 246
394 246
104 247
121 247
139 247
142 247
287 247
366 247
399 247
408 247
433 247
472 247
176 248
433 248
105 249
268 249
313 249
316 249
54 250
161 250
242 250
314 250
123 251
210 251
285 251
311 251
413 251
349 252
457 252
75 253
284 253
358 253
370 253
439 253
138 254
301 254
348 254
370 254
25 255
193 255
280 255
290 255
366 255
464 255
479 255
94 256
386 256
238 257
281 257
286 257
345 257
178 258
257 258
341 258
45 259
273 259
401 259
445 259
132 260
280 260
335 260
392 260
467 260
63 261
113 261
223 261
256 261
333 261
396 261
269 262
324 262
91 263
111 263
146 263
424 263
427 263
128 264
177 264
255 264
314 264
196 265
249 265
110 266
127 266
319 266
407 266
451 266
211 267
247 267
89 268
369 268
143 269
297 269
310 269
31 270
55 270
354 270
390 270
408 270
436 270
142 271
237 271
357 271
392 271
414 271
474 271
344 272
368 272
81 273
105 273
370 273
274 274
285 274
122 275
181 275
215 275
343 275
379 275
417 275
102 276
228 276
393 276
18 277
158 277
257 277
266 277
81 278
103 278
118 278
203 278
329 278
337 278
380 278
458 278
478 278
118 279
332 279
379 279
398 279
141 280
145 280
251 280
417 280
443 280
77 281
261 281
328 281
190 282
256 282
257 282
326 282
401 282
417 282
41 283
193 283
248 283
307 283
310 283
359 283
431 283
433 283
93 285
112 285
317 285
325 285
434 285
30 286
62 286
231 286
307 286
357 286
371 286
401 286
114 287
218 287
220 287
228 287
321 287
422 287
217 288
242 288
293 288
388 288
433 288
130 289
231 289
280 289
82 290
88 290
90 290
173 290
277 290
298 290
300 290
347 290
356 290
405 290
437 290
452 290
464 290
23 291
109 291
287 291
304 291
420 291
82 292
139 292
437 292
269 293
346 293
196 294
273 294
347 294
352 294
370 294
425 294
49 295
160 295
186 295
251 295
258 295
262 295
266 295
387 295
425 295
40 296
154 296
126 297
140 297
156 297
329 297
336 297
340 297
142 298
211 298
220 298
234 298
241 298
321 298
103 299
163 299
168 299
226 299
322 299
333 299
443 299
241 300
73 301
100 301
309 301
324 301
380 301
387 302
458 302
23 303
117 303
114 304
180 304
325 304
95 305
112 305
140 305
362 305
99 306
290 306
309 306
317 306
60 307
181 307
184 307
471 307
60 308
66 308
98 308
278 308
429 308
64 309
140 309
200 309
208 309
272 309
350 309
407 309
427 309
93 310
133 310
144 310
188 310
199 310
248 310
289 310
86 311
90 311
242 311
263 311
276 311
383 311
159 312
208 312
221 312
235 312
337 312
357 312
128 313
215 313
42 314
123 314
223 314
339 314
346 314
80 315
161 315
462 315
120 316
327 316
103 317
23 318
72 318
79 318
104 318
172 318
177 318
16 319
306 319
107 320
376 320
427 320
63 321
291 321
319 321
446 321
477 321
64 322
69 322
183 323
326 323
365 323
93 324
95 324
266 324
282 324
294 324
309 324
368 324
466 324
195 325
244 325
258 325
277 325
128 326
148 326
264 326
394 326
47 327
135 327
142 327
213 327
298 327
349 327
44 328
140 328
230 328
153 329
155 329
258 329
274 329
393 329
443 329
164 330
265 330
359 330
369 330
399 330
158 331
365 331
390 331
393 331
418 331
363 332
428 332
11 333
26 333
83 333
349 333
62 334
75 334
107 334
113 334
327 334
390 334
85 335
93 335
105 335
177 335
328 335
74 336
117 336
191 336
323 336
339 336
61 337
125 337
317 337
328 337
349 337
60 338
108 338
334 338
379 338
202 339
290 339
382 339
389 339
126 340
285 340
380 340
136 341
257 341
456 341
146 342
152 342
217 342
232 342
272 342
268 343
159 344
245 344
271 344
27 345
376 345
408 345
8 346
46 346
57 346
266 346
438 346
38 347
66 347
79 347
320 347
374 347
16 348
86 348
153 348
366 348
402 348
78 349
175 349
259 349
451 349
305 350
346 350
362 350
97 351
111 351
125 351
128 352
188 352
280 352
303 352
278 353
288 353
476 353
140 354
199 354
273 354
279 354
353 354
395 354
431 354
269 355
343 355
347 355
354 355
140 357
216 357
337 357
463 357
251 358
329 358
248 359
331 359
29 360
39 360
228 360
250 360
384 360
53 361
252 361
258 361
308 361
420 361
66 362
320 362
76 363
177 363
240 363
262 363
373 363
439 363
270 364
441 364
88 365
294 365
296 365
245 366
297 366
406 366
439 366
106 367
189 367
256 367
409 367
95 368
119 368
127 368
185 368
264 368
288 368
291 368
404 368
456 368
124 369
132 369
194 369
199 370
360 370
405 371
134 372
348 372
206 373
399 373
431 373
140 374
145 374
158 374
312 374
340 374
392 374
156 375
162 375
218 375
327 375
18 376
32 376
50 376
312 376
39 377
46 377
165 377
57 378
249 378
265 378
294 378
424 378
263 379
273 379
287 379
298 379
311 379
383 379
415 379
470 379
72 380
171 380
232 380
242 380
251 380
294 380
306 380
307 380
418 380
63 381
88 381
257 381
285 381
444 381
181 382
294 382
298 382
371 382
408 382
175 383
193 383
16 384
185 384
361 384
404 384
435 384
440 384
181 385
458 385
193 386
29 387
103 387
133 387
145 387
404 387
188 388
193 388
144 389
47 390
205 390
346 390
392 390
451 390
50 391
68 392
141 392
303 392
333 392
152 393
223 393
322 393
423 393
71 394
119 394
164 394
253 394
297 394
305 394
306 394
423 394
474 394
61 395
73 395
158 395
162 395
172 395
232 395
86 396
244 396
273 396
285 396
381 396
122 397
178 397
245 397
174 398
253 398
262 398
289 398
259 399
424 399
415 400
19 401
133 401
170 401
353 401
99 402
364 402
463 402
185 403
405 403
34 404
191 404
196 404
352 404
353 404
399 404
108 406
151 406
350 406
50 407
62 407
142 407
145 407
156 407
197 407
218 407
312 407
340 407
393 407
395 407
396 407
441 407
446 407
201 408
309 408
330 408
213 409
297 409
430 409
201 410
230 410
310 410
322 410
340 410
435 410
74 411
121 411
159 411
214 411
236 411
287 411
315 411
151 412
163 412
226 412
229 412
263 412
229 413
248 413
253 413
256 413
274 413
280 413
297 413
375 413
377 413
386 413
168 414
266 414
300 414
378 414
156 415
241 415
418 415
94 416
380 416
28 417
127 417
132 417
366 417
378 417
134 418
186 418
351 418
419 418
472 418
359 419
404 419
417 419
176 420
184 420
354 420
369 420
194 421
353 421
408 421
144 422
182 422
340 422
342 422
464 422
42 423
400 423
407 423
206 424
334 424
447 424
148 425
198 425
238 425
244 425
279 425
293 425
349 425
57 426
212 426
217 426
234 426
250 426
328 426
395 426
147 427
263 427
290 427
291 427
320 427
112 428
156 428
278 428
313 428
325 428
332 428
260 429
301 429
385 429
386 429
126 430
159 430
161 430
304 430
308 430
383 430
78 431
100 431
130 431
298 431
369 431
421 432
122 433
25 434
173 434
351 435
134 436
144 436
213 436
360 436
472 436
92 437
182 437
184 437
215 437
218 437
354 437
402 437
438 437
439 437
142 438
190 438
231 438
461 438
39 439
344 439
141 440
340 440
401 440
95 441
270 441
350 441
398 441
57 442
196 442
240 442
249 442
260 442
274 442
314 442
335 442
390 442
109 443
154 443
194 443
259 443
332 443
398 443
150 444
192 444
326 444
109 445
161 445
209 445
287 445
307 445
389 445
68 446
157 446
211 446
297 446
374 446
383 446
205 447
374 447
418 447
76 448
114 448
117 448
442 448
23 449
81 449
127 449
159 449
168 449
212 449
221 449
416 449
37 450
165 450
412 450
119 451
131 451
134 451
174 451
363 451
364 451
81 452
354 452
407 452
89 453
130 453
345 453
348 453
474 453
50 454
81 454
253 454
357 454
362 454
144 455
181 455
238 455
249 455
255 455
261 455
404 455
459 455
86 456
144 456
186 456
190 456
253 456
261 456
341 456
354 456
322 457
139 458
192 458
277 458
326 458
335 458
388 458
450 458
475 458
63 459
149 459
197 459
275 459
343 459
99 460
206 460
286 460
298 460
312 460
326 460
469 460
422 461
436 461
159 462
199 462
218 462
372 462
28 463
156 463
201 463
108 464
216 464
220 464
227 464
367 464
374 464
380 464
415 464
429 464
106 465
174 465
378 465
114 466
173 466
370 466
407 466
230 468
350 468
363 468
453 468
46 469
75 469
236 469
346 469
408 469
118 470
129 470
130 470
250 470
356 470
409 470
60 471
85 471
133 471
142 471
182 471
188 471
261 471
338 471
138 472
325 472
335 472
440 472
144 473
476 473
85 474
262 474
271 474
272 474
280 474
324 474
398 474
90 475
147 475
190 475
198 475
294 475
311 475
336 475
439 475
97 476
136 476
139 476
384 476
430 476
154 477
389 477
421 477
102 478
208 478
216 478
466 478
156 479
159 479
201 479
208 479
225 479
365 479
418 479
424 479
219 480
232 480
382 480
422 480
36 481
158 481
169 481
371 481
239 482
352 482
176 483
257 483
58 484
179 484
243 484
110 485
123 485
172 485
342 485
445 485
274 486
328 486
119 487
130 487
326 487
340 487
73 488
286 488
304 488
404 488
187 489
288 489
313 489
434 489
82 490
87 490
124 490
134 490
203 490
392 490
434 490
126 491
132 491
140 491
141 491
145 491
196 491
313 491
323 491
332 491
388 491
421 491
466 491
97 492
223 492
291 492
295 492
300 492
318 492
384 492
81 493
144 493
195 493
210 493
220 493
227 493
94 494
102 494
148 494
206 494
237 494
379 494
389 494
29 495
91 495
144 495
352 495
368 495
419 495
163 496
230 496
233 496
352 496
48 498
114 498
251 499
115 500
64 501
124 501
120 502
178 502
266 502
284 503
304 503
439 503
440 503
287 504
296 504
302 504
321 504
404 504
474 504
180 505
388 505
76 506
174 506
223 506
302 506
329 506
340 506
362 506
379 506
394 506
211 507
452 507
138 508
213 508
226 508
343 508
345 508
425 508
426 508
146 509
217 509
417 509
92 510
157 511
241 511
412 511
418 511
420 511
92 512
101 512
155 512
192 512
108 513
237 513
40 514
108 514
161 514
195 514
199 514
260 515
468 515
288 516
297 516
314 516
165 517
300 517
333 517
382 517
54 518
121 518
169 518
269 518
297 518
343 518
442 518
116 519
212 519
213 519
332 519
346 519
362 519
66 520
321 520
340 520
381 520
454 520
351 521
356 521
138 522
430 522
131 523
182 523
226 523
409 523
77 524
227 524
235 524
238 524
420 525
92 526
100 526
101 526
105 526
194 526
228 526
243 526
402 526
149 527
231 527
233 527
251 527
289 527
297 527
203 528
244 528
395 529
399 529
156 530
254 530
292 530
315 530
341 530
383 530
246 531
395 531
460 531
36 532
262 532
309 532
325 532
112 533
346 533
359 533
56 535
211 535
420 535
50 536
272 536
411 536
421 536
438 536
175 537
217 537
227 537
66 538
131 538
406 538
218 539
226 539
285 539
398 539
417 539
141 540
85 541
281 542
318 542
82 543
304 543
379 543
88 544
98 544
205 544
234 544
241 544
245 544
295 544
296 544
308 544
318 544
93 545
153 545
362 545
386 545
448 545
244 546
260 546
332 546
344 546
425 546
466 546
363 547
383 547
166 548
433 548
439 548
211 549
258 549
371 549
395 549
407 549
117 551
134 551
214 551
402 551
48 552
113 552
133 553
181 553
274 553
277 553
290 554
71 555
83 555
148 555
227 555
288 556
145 557
195 557
472 557
91 558
249 558
447 558
87 559
240 559
296 559
434 559
157 560
304 560
359 560
372 560
432 560
208 561
254 561
318 561
249 562
258 562
323 562
357 562
422 562
101 563
221 563
333 563
337 563
349 563
371 563
402 563
257 564
376 564
384 564
388 564
265 565
116 566
170 566
221 567
274 567
127 568
271 568
64 569
232 569
188 570
86 571
476 571
245 572
457 572
243 573
281 573
444 573
210 574
359 575
215 576
328 576
223 577
227 577
248 577
339 577
357 577
363 577
374 577
395 577
410 577
431 577
218 578
265 578
291 578
296 578
379 578
106 579
259 579
360 579
397 579
168 580
267 580
299 580
310 580
309 581
312 581
120 582
185 584
214 586
336 586
74 587
415 587
426 587
138 588
203 588
343 588
214 589
216 590
238 590
273 590
455 590
150 591
236 591
252 591
275 591
361 591
370 591
87 592
245 592
258 592
272 592
280 592
298 592
356 592
391 592
286 593
294 593
369 593
370 593
286 594
307 594
394 594
159 595
301 595
165 597
305 597
317 597
101 598
324 598
409 599
176 601
428 601
131 603
222 603
232 603
448 604
343 605
460 605
252 608
318 608
364 608
115 609
137 610
197 610
210 611
268 612
282 613
409 614
147 615
297 617
431 617
175 618
219 618
340 618
225 620
326 621
234 622
240 622
350 622
246 626
264 628
381 628
257 629
212 631
202 639
