180 2
214 3
260 4
406 4
443 4
164 5
278 5
291 5
364 5
255 6
370 6
416 7
203 8
305 9
319 9
230 10
379 10
191 12
337 12
386 12
145 13
428 13
218 14
395 15
178 16
294 16
438 16
137 17
270 17
283 17
349 17
238 18
253 18
304 18
405 18
312 20
164 22
216 22
368 22
447 22
203 23
419 23
328 24
268 25
380 25
194 26
342 27
256 28
391 28
430 28
180 29
240 29
278 29
294 29
350 29
440 29
224 30
140 31
306 31
317 32
450 33
410 34
166 35
208 35
331 35
366 35
126 36
248 36
259 36
268 37
239 38
282 38
226 39
381 39
424 39
191 40
468 40
182 41
346 41
151 42
216 42
305 42
315 42
435 42
437 42
142 43
179 43
397 43
177 44
320 44
364 44
432 44
112 45
326 45
399 45
401 45
178 46
206 46
364 46
368 46
444 46
263 47
337 47
374 47
169 48
251 48
272 48
408 48
239 49
259 49
286 49
286 50
377 50
128 51
385 51
409 51
418 51
157 52
221 52
187 53
305 53
316 53
349 53
386 53
422 53
426 53
417 54
464 54
392 55
182 56
317 56
319 56
364 56
384 56
432 56
174 57
211 57
388 57
434 57
330 58
394 59
135 60
257 60
262 60
267 60
280 60
161 61
166 61
247 61
258 61
342 61
399 61
404 61
114 62
292 62
300 62
448 62
194 63
197 63
198 63
250 63
291 63
373 63
412 63
159 64
239 64
403 64
185 65
305 65
321 66
356 66
419 66
144 67
184 67
225 67
379 67
176 68
425 68
214 69
383 69
171 70
332 70
433 70
435 70
469 70
133 72
169 72
170 72
262 72
397 72
200 73
273 73
283 73
298 73
370 73
246 74
283 74
299 74
306 74
405 74
196 75
197 75
248 75
310 75
119 76
158 76
448 76
236 77
318 77
229 78
314 78
358 78
375 78
378 78
414 78
415 78
154 79
186 79
221 79
377 80
461 80
150 81
387 81
424 81
429 81
106 82
145 82
178 82
337 82
386 82
432 82
468 82
209 83
269 83
272 83
274 83
358 83
422 83
173 84
261 84
294 84
388 84
391 84
247 85
249 85
277 85
287 85
293 85
304 85
397 85
478 85
243 87
357 87
405 87
438 87
440 87
169 88
314 88
371 88
193 89
194 89
236 89
375 89
188 90
448 90
123 91
130 91
328 91
375 91
159 92
219 92
419 92
420 92
153 93
156 93
341 93
379 93
181 94
269 94
272 94
340 94
381 94
256 95
352 95
432 95
247 96
296 96
355 96
247 97
285 97
354 97
360 97
437 97
105 98
147 98
201 98
308 98
393 98
395 98
436 98
170 99
298 99
304 99
310 99
146 100
309 100
365 100
134 101
136 101
216 101
227 101
316 101
370 101
319 102
328 103
375 103
93 104
122 104
130 104
329 104
336 104
341 104
413 104
414 104
159 105
188 105
261 105
451 105
260 106
270 106
355 106
152 107
157 107
204 107
236 107
286 107
124 108
157 108
225 108
247 108
427 108
183 109
427 109
466 109
118 110
145 110
305 110
307 110
362 110
388 110
151 111
393 111
173 112
143 113
177 113
320 113
345 113
392 113
369 114
394 114
398 114
441 114
107 115
165 116
210 116
248 116
250 116
259 116
199 117
268 117
290 117
332 117
351 117
356 117
414 117
238 118
255 118
278 118
287 118
288 118
338 118
416 118
128 119
157 119
163 119
188 119
230 119
292 119
302 119
452 119
188 120
191 120
296 120
359 120
235 121
358 121
386 121
412 121
417 121
88 122
186 122
221 122
316 122
338 122
475 122
122 123
218 123
314 123
342 123
150 124
393 124
425 124
217 125
344 125
349 125
369 125
113 126
173 126
177 126
460 126
206 127
258 127
323 127
324 127
374 127
398 127
137 128
355 128
435 128
137 129
277 129
287 129
380 129
239 130
249 130
266 130
335 130
381 130
401 130
102 131
163 132
193 132
230 132
298 132
362 132
407 132
409 132
158 133
192 133
236 133
311 134
473 134
94 135
126 135
181 135
346 135
408 135
218 136
313 136
314 136
122 137
154 137
374 137
416 137
454 137
208 138
317 138
354 138
420 138
147 139
174 139
208 139
171 140
200 140
324 140
334 140
426 140
109 141
139 141
359 141
401 141
429 141
140 142
198 143
247 143
253 143
360 143
386 143
229 144
236 144
238 144
266 144
281 144
293 144
438 144
468 144
101 145
199 145
234 145
286 145
438 145
129 146
195 146
345 146
371 146
158 147
220 147
223 147
300 147
410 147
130 148
188 148
220 148
309 148
352 148
410 148
213 149
378 149
151 150
183 150
329 150
375 150
409 150
440 150
86 151
207 151
418 151
452 151
148 152
317 152
121 153
165 155
197 155
250 155
386 155
390 155
284 156
324 156
362 156
194 157
258 157
281 157
344 157
427 157
161 158
230 158
239 158
290 158
428 158
76 159
137 159
162 159
274 159
291 159
131 160
192 160
220 160
238 160
283 160
300 160
191 161
298 161
304 161
333 161
408 161
468 161
103 162
181 162
286 162
293 162
153 163
155 163
382 163
407 163
440 163
154 164
297 164
360 164
380 164
125 165
153 165
206 165
306 165
310 165
384 165
91 166
345 166
362 166
307 167
315 167
148 168
170 168
349 168
416 168
447 168
144 169
198 169
394 169
117 170
372 170
420 170
168 171
243 171
256 171
263 171
275 171
352 171
421 171
139 172
190 172
230 172
325 172
326 172
375 172
194 173
221 173
283 173
401 173
426 173
431 173
461 173
77 174
297 174
135 175
292 175
299 175
361 175
399 175
106 176
179 176
431 176
434 176
435 176
155 177
209 177
295 177
299 177
470 177
304 178
341 178
384 178
199 179
125 180
337 180
347 180
412 180
151 181
173 181
304 181
312 182
318 182
421 182
373 183
151 184
171 184
252 184
355 184
120 185
221 185
261 185
273 185
354 185
450 185
91 186
143 186
189 186
243 186
397 186
469 186
138 187
140 187
166 187
280 187
210 188
232 188
323 188
364 188
379 188
380 188
398 188
287 189
290 189
161 190
285 190
297 190
381 190
157 191
179 191
290 191
333 191
340 191
368 191
82 192
369 192
411 192
415 192
432 192
436 192
411 193
479 193
133 194
305 194
308 194
344 194
387 194
437 194
156 195
198 195
346 195
411 195
418 195
71 196
100 197
132 197
150 197
173 197
246 197
257 197
311 197
375 197
440 197
218 198
393 198
394 198
423 198
463 198
147 199
241 199
268 199
319 199
359 199
165 200
358 200
361 200
381 200
401 200
424 200
448 200
97 201
189 201
280 201
281 201
64 202
89 202
145 202
148 202
209 202
231 202
290 202
325 202
361 202
120 203
163 203
184 203
91 204
165 204
368 204
370 205
409 205
163 206
183 206
201 206
430 206
434 206
87 207
223 207
301 207
330 207
335 207
117 208
138 208
179 208
200 208
338 208
352 208
388 208
436 208
86 209
440 209
175 210
254 210
313 210
373 210
411 210
415 210
474 210
262 211
264 211
392 211
111 212
198 212
218 212
243 212
269 212
358 212
154 213
191 213
232 213
243 213
249 213
357 213
378 213
395 213
174 214
277 214
423 214
76 215
129 215
382 215
447 215
171 216
187 216
209 216
347 216
290 217
326 217
406 217
94 218
96 218
102 218
124 218
148 218
150 218
165 218
285 218
293 218
427 218
458 218
126 219
182 219
349 219
366 219
368 219
406 219
94 220
96 220
146 220
388 220
167 221
181 221
160 222
203 222
244 222
254 222
299 222
336 222
349 222
436 222
161 223
258 223
305 223
370 223
92 224
117 224
265 224
302 224
92 225
226 225
314 225
339 225
414 225
440 225
175 226
275 226
276 226
357 226
65 227
219 227
281 227
321 227
342 227
470 227
112 228
137 228
172 228
276 228
340 228
424 228
108 229
279 229
343 229
380 229
85 230
108 230
173 230
327 230
447 230
169 231
171 231
212 231
283 231
422 231
83 232
347 232
403 232
80 233
129 233
170 233
289 233
400 233
103 234
150 234
184 234
252 234
312 234
478 234
84 235
238 235
258 235
310 235
369 235
202 236
232 236
257 236
333 236
389 236
249 237
269 237
299 237
315 237
317 237
333 237
389 237
435 237
262 238
460 238
143 239
354 239
436 239
120 240
145 240
200 240
226 240
268 240
299 240
376 240
434 240
439 240
165 241
337 241
95 242
143 242
278 242
280 242
415 242
417 242
159 243
219 243
338 243
68 244
195 244
277 244
323 244
339 244
358 244
442 244
344 245
383 245
398 245
173 246
361 246
447 246
108 247
155 247
241 247
246 247
141 248
233 248
234 248
289 248
310 248
344 248
367 248
425 248
138 249
153 249
189 249
216 249
243 249
251 249
331 249
350 249
471 249
208 250
228 250
259 250
308 250
366 250
402 250
84 251
119 251
215 251
221 251
252 251
351 251
169 252
224 252
389 252
406 252
58 253
208 253
212 253
316 253
269 254
297 254
319 254
335 254
408 254
183 255
313 255
372 255
455 255
111 256
132 256
275 256
394 256
434 256
208 257
278 257
437 257
72 258
199 258
278 258
299 258
302 259
322 259
376 259
478 259
144 260
419 260
441 260
247 261
342 261
360 261
462 261
84 262
228 262
241 262
246 262
345 262
381 262
125 263
256 263
107 264
158 264
240 264
403 264
192 265
219 265
224 265
327 265
346 265
379 265
446 265
141 266
142 266
145 266
173 266
291 266
381 266
404 266
264 267
427 267
139 268
267 268
268 268
366 268
469 268
211 269
290 269
57 270
99 270
217 270
350 270
78 271
210 271
293 271
297 271
154 272
205 272
317 272
384 272
388 272
412 272
120 273
183 273
202 273
334 273
351 273
154 274
275 274
296 275
299 275
460 275
166 276
250 276
307 276
355 276
201 277
232 277
302 277
437 277
70 278
133 278
136 278
138 278
239 278
246 278
278 278
321 278
341 278
375 278
392 278
420 278
440 278
149 279
230 279
258 279
281 279
370 279
389 279
96 280
260 280
295 280
358 280
360 280
422 280
178 281
225 281
254 281
392 281
398 281
89 282
194 282
376 282
114 283
235 283
324 283
379 283
470 283
261 284
374 284
428 284
264 285
299 285
378 285
394 285
450 285
159 286
330 286
431 286
214 287
287 287
107 288
209 288
316 288
346 288
363 288
366 288
475 288
146 289
213 289
365 289
127 290
397 290
62 291
170 291
250 291
403 291
436 291
186 292
208 292
272 292
369 292
417 292
457 292
104 293
306 293
387 293
274 294
336 294
292 295
75 296
252 296
336 296
323 297
200 298
279 298
355 298
373 298
384 298
444 298
230 299
404 299
408 299
426 299
117 300
138 300
180 300
258 300
391 300
408 300
96 301
204 301
224 301
259 301
354 301
387 301
227 302
312 302
430 302
297 303
161 304
217 304
237 304
241 304
280 304
342 304
358 304
409 304
471 304
230 305
360 305
361 305
375 306
394 306
436 306
194 307
256 307
262 307
329 307
432 307
92 308
175 308
398 308
458 308
212 309
246 309
346 309
417 309
437 309
267 310
284 310
302 310
380 310
437 310
359 311
109 312
129 312
216 312
330 312
400 312
156 313
264 313
318 314
403 314
64 315
145 315
207 315
367 315
418 315
204 316
231 316
232 316
303 316
350 316
86 317
170 317
188 317
261 317
288 317
352 317
423 317
205 318
266 318
407 318
427 318
428 318
451 318
225 319
337 319
351 319
104 320
252 320
222 321
278 321
370 321
472 321
239 322
338 322
123 323
434 323
79 324
307 324
96 325
164 325
235 325
456 325
145 326
168 326
183 326
200 326
267 326
268 326
292 326
293 326
337 326
413 326
139 327
199 327
280 327
433 327
94 328
158 328
182 328
241 328
254 328
256 328
311 328
392 328
268 329
326 329
360 329
96 330
120 330
142 330
199 330
281 330
308 330
345 330
415 330
94 331
111 331
118 331
213 331
251 331
282 331
420 331
464 331
135 332
182 332
211 332
282 332
299 332
444 332
271 333
378 333
95 334
178 334
196 334
254 334
312 334
417 334
70 335
271 335
299 335
315 335
400 335
150 336
238 336
426 336
112 337
178 337
209 337
225 337
254 337
419 337
112 338
166 338
271 338
300 338
366 338
63 339
89 339
93 339
192 339
288 339
351 339
450 339
87 340
287 340
300 340
330 340
114 341
127 341
132 341
192 341
272 341
425 341
432 341
129 342
237 342
304 342
333 342
336 342
354 342
429 342
175 343
205 343
406 343
476 343
271 344
388 344
162 345
221 345
249 345
435 345
126 346
128 346
147 346
201 346
204 346
235 346
410 346
104 347
109 347
159 347
176 347
218 347
248 347
456 347
188 348
189 348
233 348
234 348
288 348
125 349
173 349
254 349
319 349
343 349
83 350
203 350
291 350
322 350
378 350
75 351
174 351
187 351
200 351
254 351
341 351
277 352
325 352
442 352
159 353
236 353
268 353
278 353
296 353
362 353
406 353
425 353
159 354
307 354
411 354
140 355
199 355
265 355
390 355
267 356
425 356
97 357
114 357
120 357
155 357
184 357
246 357
249 357
347 357
366 357
413 357
431 357
470 357
139 358
213 358
292 358
298 358
113 359
154 359
246 359
267 359
325 359
410 359
450 359
95 360
198 360
200 360
296 360
312 360
327 360
119 361
152 361
229 361
251 361
433 361
436 361
116 362
134 362
151 362
350 362
351 362
374 362
197 363
210 363
214 363
315 363
436 363
473 363
66 364
111 364
133 364
267 364
374 364
399 364
417 364
439 364
130 365
166 365
179 365
357 365
415 365
108 366
111 366
112 366
133 366
285 366
333 366
348 366
350 366
378 366
438 366
87 367
134 367
163 367
208 367
247 367
263 367
355 367
86 368
90 368
192 368
211 368
281 368
315 368
335 368
338 368
397 368
242 369
301 369
361 369
244 370
462 370
126 371
207 371
223 371
278 371
380 371
129 372
222 372
257 372
360 372
399 372
424 372
445 372
257 373
280 373
361 373
376 373
146 374
163 374
302 374
322 374
343 374
408 374
429 374
106 375
258 375
429 375
80 376
205 376
288 376
385 376
103 377
123 377
125 377
176 377
323 377
342 377
222 378
412 378
102 379
158 379
174 379
235 379
310 379
311 379
364 379
391 379
270 380
273 380
277 380
367 380
472 380
101 381
217 381
389 381
453 381
248 382
251 382
294 382
100 383
367 383
373 383
102 384
115 384
156 384
170 384
186 384
231 384
266 384
349 384
72 385
93 385
169 385
315 385
373 385
392 385
435 385
459 385
117 386
184 386
199 386
394 386
418 386
118 387
182 387
187 387
267 387
116 388
134 388
212 388
247 388
396 388
443 388
479 388
95 389
201 389
268 389
90 390
115 390
243 390
331 390
355 390
427 390
66 391
112 391
150 391
425 391
152 392
199 392
228 392
290 392
301 392
333 392
334 392
243 393
259 393
305 393
361 393
407 393
113 394
132 394
382 394
83 395
106 395
197 395
278 395
285 395
429 395
132 396
146 396
161 396
293 396
295 396
410 396
455 396
82 397
277 397
307 397
312 397
341 397
359 397
385 397
108 398
223 398
253 398
366 398
108 399
176 399
290 399
302 399
315 399
415 399
127 400
314 400
340 400
413 400
437 400
464 401
127 402
238 402
392 402
192 403
273 403
315 403
319 403
346 403
350 403
370 403
222 404
251 404
322 404
470 404
142 405
214 405
374 405
377 405
395 405
214 406
327 406
353 406
72 407
168 407
217 407
98 408
153 408
265 408
380 408
447 408
242 409
360 409
378 409
477 409
138 410
141 410
424 410
240 411
336 411
136 412
214 412
308 412
117 413
232 413
332 413
382 413
407 413
454 413
286 414
299 414
307 414
388 414
261 415
286 415
292 415
342 415
62 416
135 416
316 416
160 417
309 417
82 418
203 418
312 418
316 418
340 418
255 419
108 420
177 420
228 420
276 420
370 420
224 421
325 421
442 421
470 421
249 422
351 422
421 423
272 424
354 424
382 424
123 425
329 425
71 426
126 426
194 426
220 426
240 426
358 426
378 426
129 427
171 427
246 427
337 427
98 428
143 428
217 428
265 428
147 429
334 429
411 429
219 430
364 430
366 430
389 430
116 431
127 431
212 431
214 431
124 432
233 432
296 432
368 432
370 432
140 433
298 433
342 433
184 434
205 434
209 434
306 434
316 434
346 434
419 434
439 434
86 435
141 435
391 435
279 436
288 436
401 436
113 437
324 437
329 437
398 437
470 437
136 438
210 438
378 438
351 439
135 440
159 440
202 440
228 440
425 440
446 440
252 441
268 441
477 441
154 442
379 442
138 443
219 443
356 443
359 443
385 443
411 443
246 444
154 446
218 446
245 446
417 446
100 447
174 447
193 447
221 447
249 447
363 447
365 447
367 447
149 448
169 448
223 448
126 450
145 450
464 450
94 451
124 451
169 451
308 451
320 451
396 451
211 453
297 453
336 453
88 454
167 454
170 454
211 454
215 454
330 454
334 454
437 454
475 454
117 455
246 455
285 455
350 455
386 455
408 455
163 456
185 456
271 456
346 456
204 457
266 457
276 457
335 457
383 457
236 458
356 458
390 458
109 459
139 459
198 459
133 460
197 460
231 460
275 460
419 460
78 461
257 461
358 461
155 462
161 462
266 462
365 462
422 462
456 462
220 463
227 463
264 463
154 464
176 464
367 465
256 466
125 467
222 467
246 467
95 468
127 468
224 468
332 468
382 468
471 468
151 469
153 469
169 469
214 469
244 469
261 469
249 470
257 470
322 470
382 470
386 470
394 470
437 470
125 471
167 471
206 471
333 471
288 472
304 472
312 472
345 472
152 473
160 473
164 473
205 473
202 474
329 474
341 474
357 474
408 474
279 475
338 475
237 476
274 476
321 476
324 476
413 476
450 476
181 477
197 477
199 477
369 477
417 477
112 478
149 478
184 478
188 478
231 478
365 478
138 479
149 479
178 479
419 479
411 480
262 481
419 481
138 482
173 482
260 482
267 482
424 482
100 483
218 484
346 485
472 485
128 486
162 486
255 486
334 486
164 487
211 487
219 487
254 487
207 488
216 488
251 488
324 488
344 488
346 488
353 488
396 488
400 488
438 488
325 489
349 489
352 489
402 489
196 490
202 490
289 490
302 490
314 490
361 490
119 491
201 491
204 491
328 491
338 491
371 491
190 492
277 492
267 493
278 493
371 493
151 494
248 494
407 494
414 494
416 494
242 495
383 495
179 496
192 496
419 496
457 496
103 497
182 497
230 498
231 498
234 498
424 498
425 499
219 500
227 500
471 502
129 503
160 503
336 503
212 504
215 504
356 504
441 504
327 505
362 505
435 505
478 505
320 506
342 506
361 506
391 506
440 506
192 507
203 507
218 507
255 507
304 507
331 507
335 507
397 507
270 508
280 508
321 508
352 508
364 508
382 508
405 508
447 508
253 509
256 509
260 509
338 509
401 509
180 510
200 510
271 510
324 510
397 510
454 510
106 511
249 511
287 511
190 512
200 512
176 513
237 513
416 513
419 514
183 515
223 515
158 516
429 516
435 516
466 516
141 517
223 517
356 519
333 520
438 520
447 520
126 521
217 521
340 522
354 522
379 522
367 523
368 523
374 523
324 524
394 524
119 525
257 525
311 525
390 525
396 525
208 526
226 526
231 526
270 526
283 526
300 526
197 527
244 527
267 527
399 527
205 528
252 528
314 528
172 529
188 529
195 529
161 530
166 530
173 530
411 530
431 530
142 532
170 532
168 533
362 534
380 534
453 535
348 536
130 537
330 537
364 537
236 538
246 539
253 539
268 539
472 539
209 540
220 540
234 540
273 540
276 540
382 540
246 541
263 541
267 541
280 541
301 541
204 542
269 542
317 542
206 543
253 543
288 543
289 543
303 543
165 544
176 544
205 544
191 545
403 545
157 546
410 547
337 548
371 548
391 548
424 548
169 549
351 549
363 549
365 550
376 550
226 551
230 551
239 551
392 551
439 551
141 552
227 553
237 553
281 553
454 553
257 554
240 555
248 555
270 555
273 555
257 556
269 556
282 556
290 556
308 557
193 559
168 560
312 560
326 560
174 562
158 563
210 563
348 564
366 564
402 564
388 565
145 566
417 566
236 567
431 569
263 571
284 573
299 573
319 574
327 574
339 574
355 575
184 578
199 578
212 578
368 578
168 579
380 579
237 581
401 582
258 583
396 583
408 583
273 585
315 585
331 585
300 586
359 586
215 591
202 592
242 594
258 596
299 596
323 596
353 596
373 596
275 597
333 599
220 606
337 607
252 608
302 611
321 611
255 612
285 612
