210 2
311 2
378 2
232 3
247 5
431 5
323 6
471 6
338 8
270 9
401 11
116 12
134 13
289 13
149 14
161 14
364 14
418 14
453 14
182 15
199 15
218 16
235 19
308 19
252 20
429 20
467 21
334 22
391 22
268 23
280 24
354 24
100 25
116 25
130 27
152 28
184 28
167 29
147 30
415 30
449 30
199 31
219 31
373 31
235 32
340 33
260 34
398 37
466 37
96 38
127 38
283 38
112 39
362 39
122 40
296 40
309 40
427 40
412 41
432 41
415 42
425 42
438 42
167 43
324 43
187 44
206 44
228 44
319 44
379 44
432 44
439 44
158 45
386 45
138 46
150 46
169 46
186 46
242 46
186 47
260 47
388 47
251 48
331 48
454 48
120 49
130 49
259 49
338 49
95 50
287 50
346 50
266 51
272 51
279 51
339 51
406 51
297 52
350 52
301 53
358 53
282 54
371 54
426 55
179 56
363 56
425 56
161 57
189 57
195 57
211 57
440 57
473 57
234 58
433 58
137 59
154 59
172 59
174 59
191 59
314 59
319 59
327 59
332 59
391 59
158 60
242 60
322 60
324 60
95 61
108 61
124 61
148 61
336 61
381 61
392 61
447 61
241 62
328 62
330 62
390 62
345 63
401 63
246 64
254 65
355 65
412 65
356 66
405 66
409 66
418 66
190 67
217 67
236 67
286 67
421 67
470 67
182 68
286 68
160 69
200 69
305 69
361 69
127 70
136 70
138 70
143 70
156 70
286 70
288 70
313 70
369 70
425 70
122 71
135 71
380 71
434 71
437 71
425 72
105 73
381 73
433 73
83 74
95 75
331 75
449 75
334 76
340 76
398 76
399 76
71 77
76 77
245 77
268 77
344 77
162 78
211 78
233 78
262 78
269 78
188 79
254 79
347 79
354 79
411 79
419 79
463 79
143 80
177 80
180 80
352 80
412 80
286 81
288 81
291 81
359 81
138 82
203 82
363 82
365 82
430 82
122 83
114 84
313 84
364 84
428 84
478 84
125 85
308 85
372 85
388 85
430 85
103 86
376 86
396 86
433 86
440 86
318 87
324 87
381 87
399 88
403 88
87 89
234 89
248 89
408 89
450 89
81 90
180 90
182 90
198 90
229 90
236 90
278 90
348 90
162 91
241 91
243 91
253 91
259 91
401 91
152 92
208 92
231 92
225 93
289 93
305 93
137 94
143 94
291 94
296 94
368 94
469 94
309 95
415 95
128 96
129 96
372 96
319 97
374 98
425 98
433 98
102 99
115 99
127 99
276 99
312 99
388 99
254 100
315 100
391 100
242 101
262 101
332 101
269 102
290 102
404 102
266 103
343 103
401 103
90 104
193 104
298 104
394 104
444 104
169 105
174 105
190 105
305 105
308 105
145 106
184 106
193 106
207 106
224 106
298 106
356 106
408 106
159 107
191 107
201 107
233 108
417 108
136 109
142 109
371 109
250 111
258 111
262 111
424 111
428 111
462 111
110 112
265 112
270 113
377 113
435 113
290 114
93 115
314 115
380 115
430 115
190 116
229 116
303 116
318 116
320 116
288 117
336 117
477 117
78 118
166 118
178 118
193 118
206 118
244 118
296 118
437 118
440 118
72 119
165 119
343 119
408 119
140 120
154 120
165 120
185 120
252 120
259 120
398 120
402 120
162 121
337 121
60 122
134 122
142 122
260 122
354 123
419 123
453 124
111 125
113 125
370 125
373 125
120 126
275 126
283 126
416 126
418 126
105 127
419 127
112 128
230 128
262 128
279 128
308 128
371 128
376 128
202 129
218 129
244 129
251 129
253 129
275 129
304 129
321 129
384 129
471 129
95 130
176 130
258 130
289 130
388 130
338 131
434 131
93 132
165 132
174 132
188 132
335 132
80 133
149 133
161 133
162 133
169 133
179 133
184 133
344 133
91 134
130 135
346 135
352 135
399 135
405 135
69 136
440 136
61 137
446 137
120 139
252 139
286 139
297 139
367 139
227 140
298 140
419 140
104 141
106 141
212 141
239 141
266 141
275 141
284 141
300 141
314 141
185 142
324 142
386 142
418 142
182 143
199 143
313 143
318 143
333 143
380 143
168 144
169 144
192 144
198 144
322 144
326 144
427 144
387 145
395 145
424 145
83 146
92 146
392 146
431 146
471 146
150 147
404 147
354 148
395 148
135 149
63 150
265 150
72 151
367 151
403 151
445 151
265 152
272 152
368 152
119 153
121 153
224 153
260 153
280 153
310 153
412 153
117 154
283 154
294 154
367 154
113 155
190 155
208 155
324 155
378 155
382 155
385 155
386 155
52 156
108 156
187 156
389 156
83 157
162 157
181 157
341 157
424 157
95 158
336 158
344 158
387 158
458 158
97 159
435 159
389 160
398 160
401 160
432 160
433 160
144 161
357 162
257 163
261 163
269 163
275 163
74 164
291 164
366 164
403 164
404 164
129 165
205 165
279 165
308 165
412 165
113 166
222 166
242 166
258 166
315 166
446 166
193 167
253 167
322 167
67 168
98 168
121 168
177 168
422 168
477 168
335 169
386 169
158 170
329 170
159 171
56 172
90 172
146 172
151 172
50 173
391 173
208 174
352 174
118 175
140 175
295 175
364 175
399 175
434 175
277 176
290 176
398 176
404 176
407 176
438 176
464 176
81 177
190 177
198 177
308 177
135 178
240 178
247 178
264 178
308 178
367 178
183 179
328 179
373 179
415 179
170 180
183 180
223 180
322 180
450 180
115 181
417 181
66 183
108 183
132 183
154 184
381 184
388 184
56 185
157 185
346 185
380 185
389 185
292 186
429 186
200 187
258 187
274 187
322 187
351 187
99 188
289 188
302 188
306 188
347 188
389 188
46 189
182 189
193 189
237 189
249 189
311 189
333 189
462 189
242 190
244 190
395 190
439 190
148 191
159 191
166 191
172 191
225 191
358 191
90 192
405 192
434 192
137 194
376 194
445 194
67 195
135 195
206 195
132 196
372 196
378 196
57 197
182 197
265 197
278 197
418 197
83 198
122 198
132 198
197 198
292 198
379 198
423 198
188 199
420 199
424 199
252 200
389 200
393 200
51 201
254 201
319 201
334 201
395 201
110 202
220 202
237 202
423 202
459 202
72 203
206 203
361 203
346 204
361 204
435 204
185 205
352 205
359 205
402 205
42 206
101 206
164 206
172 206
176 206
94 207
160 207
166 207
183 207
185 207
410 207
153 208
154 208
479 208
284 209
366 209
413 209
30 210
118 210
140 210
142 210
294 210
311 210
318 210
375 210
139 211
150 211
251 211
263 211
265 211
273 211
412 211
63 212
92 212
253 212
328 213
335 213
387 213
90 214
142 214
236 214
391 214
448 214
342 215
191 216
204 216
329 216
332 216
387 216
83 217
203 217
220 217
347 217
356 217
398 217
469 217
54 218
128 218
194 218
429 218
79 219
124 219
179 219
115 220
165 220
354 220
178 221
272 221
288 221
365 221
428 221
477 221
43 222
170 222
261 222
269 222
294 222
305 222
360 222
301 223
407 223
438 223
457 223
255 224
266 224
270 224
294 224
301 224
153 225
243 225
314 225
322 225
375 225
73 226
202 226
308 226
328 226
372 226
379 226
151 227
154 227
194 227
201 227
319 227
105 228
111 228
195 228
230 228
236 228
337 228
339 228
390 228
413 228
27 229
105 229
193 229
227 229
468 229
66 230
349 230
99 231
141 231
142 231
183 231
186 231
347 231
389 231
450 231
184 232
278 232
421 232
97 233
100 233
132 233
215 233
218 233
260 233
268 233
360 233
94 234
131 234
256 234
357 234
87 235
171 235
208 235
257 235
122 236
208 236
253 236
296 236
308 236
367 236
402 236
403 236
52 237
159 237
205 237
286 237
296 237
432 237
457 237
288 238
374 238
236 239
240 239
323 239
479 239
194 240
41 241
81 241
157 241
193 241
268 241
265 242
375 242
414 242
38 243
76 243
111 243
183 243
221 243
261 243
333 243
383 243
414 243
438 243
145 244
149 244
220 244
257 244
443 244
104 245
247 245
257 245
346 245
111 246
212 246
261 246
472 246
69 247
104 247
138 247
251 247
309 247
417 247
28 248
58 248
73 248
210 248
298 248
393 248
399 248
172 249
285 249
296 249
309 249
320 249
363 249
401 249
52 250
101 250
167 250
284 250
361 250
367 250
429 250
453 250
67 251
97 251
129 251
132 251
225 251
227 251
198 252
45 253
227 253
265 253
274 253
404 253
19 254
64 254
124 254
158 254
241 254
373 254
90 255
128 255
41 256
60 256
187 256
213 256
328 256
64 257
256 257
434 257
479 257
41 258
61 258
121 258
128 258
156 258
305 258
154 259
230 259
250 259
316 259
341 259
463 259
81 260
147 260
150 260
178 260
185 260
288 260
345 260
381 260
106 261
176 261
305 261
329 261
349 261
389 261
440 261
82 262
85 263
199 263
220 263
351 263
388 263
418 263
51 264
77 264
81 264
363 264
445 264
74 265
116 265
394 265
398 265
117 266
139 266
172 266
193 266
274 266
422 266
471 266
101 267
165 267
215 267
365 267
370 267
429 267
164 268
211 268
365 268
76 269
113 269
158 269
270 269
400 269
25 270
138 270
260 270
316 270
319 270
429 270
47 271
111 271
130 271
162 271
186 271
310 271
320 271
331 271
378 271
410 271
42 272
68 272
93 272
97 272
180 272
250 272
293 272
302 272
342 272
404 272
65 273
70 273
111 273
153 274
285 274
288 274
347 274
379 274
412 274
42 275
46 275
152 275
221 275
349 275
355 275
382 275
460 275
479 275
92 276
199 276
389 276
414 276
437 276
14 277
63 277
108 277
172 277
233 277
356 277
411 277
38 278
88 278
145 278
171 278
280 278
416 278
109 279
256 279
85 280
142 280
168 280
230 281
368 281
441 281
82 282
120 282
233 282
260 282
277 282
100 283
186 283
210 283
252 283
275 283
316 283
325 283
398 283
423 283
60 284
161 284
186 284
249 284
336 284
341 284
101 285
119 285
269 285
302 285
375 285
467 285
54 286
75 286
185 286
219 286
295 286
313 287
323 287
77 288
164 288
264 288
337 288
341 288
348 288
350 288
449 288
23 289
112 289
204 289
240 289
267 289
406 289
134 290
202 290
243 290
287 290
298 290
343 290
47 291
94 291
156 291
177 291
279 291
44 292
69 292
355 292
361 292
110 293
112 293
471 293
91 294
232 294
281 294
391 294
229 295
257 295
150 296
107 297
112 297
173 297
196 297
370 297
15 298
88 298
108 298
172 298
272 298
316 298
437 298
222 299
418 299
125 300
188 300
218 300
297 300
328 300
335 300
85 301
146 301
250 301
302 301
343 301
457 301
33 302
103 302
105 302
189 302
266 302
309 302
478 302
188 303
294 303
301 303
381 303
422 303
62 304
64 304
286 304
348 304
165 305
168 305
186 305
240 305
120 306
161 306
182 306
210 306
212 306
27 307
47 307
140 307
288 307
402 307
76 308
96 308
162 308
234 308
281 308
283 308
238 309
280 309
366 309
430 310
58 311
98 311
116 311
372 311
445 311
76 312
136 312
157 312
163 312
230 312
286 312
43 313
114 313
177 313
278 313
311 313
321 313
331 313
410 313
466 313
21 314
58 314
72 314
114 314
199 314
277 314
322 314
337 314
333 315
382 315
198 316
300 316
177 317
351 317
450 317
38 318
93 318
224 318
295 318
300 318
15 319
173 319
270 319
297 319
471 319
93 320
129 320
152 320
173 320
394 320
156 321
192 321
361 321
68 322
191 323
362 323
371 323
431 323
109 324
196 324
212 324
403 324
432 324
125 325
225 325
368 325
472 325
51 326
145 326
168 326
186 326
315 326
329 326
413 326
435 326
455 326
32 327
172 327
288 327
324 327
337 327
8 328
67 328
85 328
145 328
261 328
323 328
329 328
375 328
412 328
128 329
184 329
336 329
415 329
105 330
186 331
240 331
123 332
207 332
347 332
389 332
422 332
26 334
47 334
390 334
427 334
428 334
100 335
166 335
223 335
281 335
432 335
80 336
200 336
301 336
355 336
359 336
437 336
442 336
466 336
151 337
169 337
137 338
181 338
257 338
325 339
395 339
407 339
41 340
58 340
118 340
136 340
187 340
323 340
368 340
94 341
163 341
202 341
237 341
277 341
360 341
219 342
326 342
334 342
200 343
471 343
374 344
417 344
421 344
340 345
54 346
76 346
132 346
133 346
298 346
379 346
417 346
459 346
35 347
149 347
164 347
346 347
430 347
92 348
134 348
161 348
182 348
341 348
352 348
422 348
426 348
478 348
149 349
166 349
217 349
14 350
183 350
197 350
348 350
388 350
431 350
9 351
200 351
254 351
353 351
389 351
128 352
131 352
236 352
354 352
387 352
50 353
110 353
401 353
129 354
145 354
199 354
269 354
323 354
326 354
393 354
395 354
448 354
29 355
88 355
180 355
197 355
330 355
163 356
300 356
359 356
69 357
147 357
166 357
460 357
44 358
132 358
199 358
163 359
326 359
327 359
371 359
471 359
218 360
304 360
402 360
84 361
104 361
128 361
200 361
180 362
240 362
252 362
413 362
131 363
37 364
66 364
83 364
348 364
61 365
160 365
182 365
217 365
424 365
116 366
161 366
383 366
129 367
286 367
99 368
102 368
132 368
144 368
149 368
315 368
438 368
114 369
220 369
27 370
82 370
200 370
237 370
272 370
291 370
77 371
160 371
184 371
236 371
306 371
354 371
391 371
54 372
55 372
132 372
95 373
114 373
163 373
180 373
223 373
358 373
360 373
454 373
51 374
341 374
19 375
74 375
143 375
184 375
257 375
339 375
367 375
323 376
403 376
70 377
95 377
127 377
219 377
239 377
294 377
344 377
146 378
149 378
183 378
466 378
476 378
44 379
151 379
350 379
69 380
110 380
201 380
202 380
225 380
278 380
282 380
65 381
69 381
313 381
376 381
411 381
128 382
10 383
73 383
163 383
201 383
205 383
301 383
348 383
128 384
183 384
185 384
224 384
240 384
242 384
263 384
123 385
125 385
352 385
424 385
38 386
83 386
95 386
353 386
61 387
63 387
124 387
205 387
210 387
223 387
302 387
335 387
387 387
148 388
266 388
437 389
450 389
109 390
165 390
287 390
32 391
226 391
227 391
465 391
188 392
308 392
479 392
107 393
205 393
57 394
59 394
78 394
136 394
184 394
401 394
151 395
366 395
80 396
121 396
184 396
187 396
248 396
310 396
23 397
136 397
207 397
230 397
344 397
349 397
374 397
290 398
343 398
49 399
107 399
212 399
274 399
76 400
187 400
236 400
296 400
170 401
232 401
453 401
91 402
122 402
136 402
373 402
415 402
212 403
277 403
355 403
422 403
425 403
337 404
465 404
74 405
124 405
319 405
361 405
422 405
106 406
300 406
432 406
363 407
474 407
154 408
234 408
258 408
175 409
40 410
70 410
282 410
306 410
393 410
403 410
194 411
391 411
445 411
140 412
213 412
371 412
389 412
283 413
367 413
155 414
290 414
391 414
34 415
224 415
330 415
410 415
241 416
352 416
400 416
420 416
178 417
201 417
375 417
462 417
85 418
266 418
58 419
290 419
374 419
417 419
423 419
124 420
143 420
161 420
222 420
402 420
144 421
225 421
337 421
376 421
426 421
125 422
225 422
230 422
378 422
142 423
184 423
201 423
225 423
301 423
422 423
439 423
209 424
250 424
288 424
321 424
365 424
418 424
435 424
440 424
102 425
226 425
274 425
384 425
431 425
50 426
206 426
368 426
22 427
234 427
392 427
79 428
128 428
167 429
257 429
306 429
346 429
44 430
210 430
228 430
331 430
391 430
455 430
146 431
209 431
295 431
474 431
78 432
146 432
212 432
399 432
113 433
132 433
232 433
374 433
235 434
261 434
374 434
401 434
192 435
239 435
279 435
317 435
375 435
408 435
156 436
301 436
338 436
404 436
427 436
59 437
96 437
217 437
35 438
129 438
217 438
300 438
303 438
359 438
379 438
410 438
74 439
129 439
152 439
174 439
241 439
387 439
412 439
407 440
439 440
360 441
133 442
197 442
344 442
383 442
27 443
178 443
269 443
291 443
390 443
416 443
455 443
163 444
309 444
327 444
463 444
109 445
289 445
473 445
355 447
45 448
332 448
375 448
64 449
105 449
183 449
428 449
84 450
140 450
205 450
351 450
336 451
406 451
407 451
254 452
336 452
400 452
436 452
164 454
322 454
363 454
435 454
104 455
114 455
438 455
440 455
98 456
102 456
300 456
363 456
385 456
388 456
451 457
69 458
121 458
258 458
44 459
417 459
460 459
94 460
474 460
173 461
215 461
236 461
283 461
284 461
91 463
197 463
373 463
381 463
388 463
151 464
400 464
62 465
108 465
306 465
308 465
268 466
394 466
156 467
289 467
308 467
350 467
401 467
186 468
292 468
44 469
184 469
246 469
82 470
296 470
134 471
162 471
167 471
225 471
297 472
337 472
359 472
425 472
438 472
79 473
207 473
418 473
419 473
447 473
254 474
317 474
338 474
435 474
455 474
463 474
64 475
84 475
100 475
104 475
193 475
300 475
304 475
323 475
468 475
476 476
91 477
97 477
113 477
143 477
169 477
188 477
192 477
304 477
372 477
424 477
434 477
190 478
281 478
305 478
372 478
173 479
385 479
120 480
215 480
345 480
48 481
175 481
235 481
343 481
354 481
260 482
348 482
387 482
153 483
291 484
348 484
356 485
80 486
131 486
201 486
397 486
65 487
86 488
182 488
206 488
225 488
241 488
269 488
271 488
357 488
404 488
428 488
276 489
402 489
410 489
94 490
131 490
138 490
160 490
245 490
331 490
419 490
471 490
479 490
186 491
301 491
408 491
427 491
444 491
461 491
47 492
93 492
98 492
140 492
144 492
226 492
103 493
146 493
229 493
342 493
371 493
308 494
332 494
344 494
231 495
250 495
279 495
311 495
344 495
112 496
257 496
278 496
381 496
115 497
213 497
253 497
257 497
148 498
279 498
125 499
154 499
312 499
316 499
317 499
392 499
219 500
257 500
259 500
353 500
58 501
81 501
129 501
198 501
219 501
261 501
314 501
356 501
73 502
85 502
245 502
318 502
353 502
91 503
159 503
406 503
408 503
414 503
435 503
296 504
353 504
422 504
428 504
96 505
220 505
262 505
267 505
360 505
422 505
436 505
328 506
434 506
437 506
452 506
471 506
329 507
331 507
143 508
167 508
264 508
302 508
147 509
186 509
268 509
337 509
372 509
207 510
212 510
110 511
207 512
270 512
309 512
388 512
122 513
121 514
151 514
156 514
240 514
252 514
348 514
192 515
213 515
310 515
216 516
281 516
314 516
343 516
401 516
122 517
219 517
55 518
284 518
353 518
412 518
430 518
73 519
312 519
321 519
86 520
134 520
247 520
141 521
170 521
199 521
289 521
455 521
463 521
476 521
362 522
447 522
99 523
297 523
324 523
179 524
204 524
293 524
149 525
179 526
202 526
204 526
261 526
295 526
378 526
142 527
175 527
230 527
214 528
260 528
179 529
337 529
156 530
230 530
268 530
392 530
398 530
118 531
157 531
233 531
53 532
70 532
190 532
271 532
303 532
311 532
348 532
389 532
185 533
127 534
250 535
310 535
454 535
469 535
84 536
238 536
310 536
359 536
424 536
131 537
133 537
318 537
319 537
363 537
437 537
191 538
206 538
248 538
96 539
172 539
200 539
193 540
202 540
324 540
373 540
253 541
178 542
397 542
214 543
256 543
106 544
290 544
294 544
393 544
397 544
408 544
184 545
266 546
300 546
339 546
236 547
266 547
269 547
442 547
121 548
143 548
465 548
64 549
124 549
149 549
311 549
426 549
123 550
81 551
268 552
275 552
354 552
166 553
312 553
371 553
383 553
137 554
169 554
172 554
100 555
136 555
195 555
197 555
205 555
284 555
318 555
213 556
214 556
218 556
227 556
287 556
397 556
174 557
207 557
226 557
245 557
378 557
394 557
396 557
115 558
141 559
254 559
301 559
319 559
151 560
180 560
301 561
461 561
327 562
422 562
260 563
446 563
455 563
342 564
437 564
109 566
164 566
275 566
90 567
366 567
221 568
123 569
199 569
136 572
378 572
178 573
401 574
102 575
239 576
316 576
325 576
449 576
145 577
248 577
424 577
438 578
162 579
206 579
260 580
340 580
274 582
179 584
358 584
117 585
294 585
305 587
379 587
135 589
237 589
392 589
403 589
194 590
210 590
317 590
412 591
151 592
248 592
341 595
268 596
166 597
351 598
283 599
178 600
183 600
362 600
374 600
297 602
218 604
227 604
312 604
206 605
253 608
337 608
268 610
344 610
282 613
