178 5
304 5
262 6
196 7
350 7
377 9
215 10
281 10
230 12
323 14
256 15
294 15
392 16
363 17
162 18
182 19
204 19
333 19
307 20
145 21
281 23
232 24
379 24
414 25
190 27
214 27
248 27
295 27
319 27
354 27
174 29
263 29
158 30
390 30
278 31
142 33
339 34
373 34
300 36
349 36
407 36
227 38
242 38
384 38
211 39
319 39
198 40
182 41
191 41
227 41
259 41
174 42
200 42
276 42
278 42
328 42
332 42
366 42
191 43
273 43
418 43
158 44
177 44
284 44
333 44
391 44
291 45
335 45
137 47
150 47
333 47
347 48
402 49
350 50
380 50
385 50
225 51
242 51
303 51
385 51
206 52
415 52
434 52
192 53
204 53
220 53
263 53
274 54
316 54
324 55
366 55
178 56
186 56
167 57
181 57
362 57
289 58
290 58
292 58
366 58
162 59
364 59
398 59
401 59
133 61
149 61
342 61
378 61
123 62
228 62
305 62
311 62
341 62
239 63
247 63
255 63
225 64
214 65
230 65
252 65
259 65
269 65
186 66
201 66
208 66
210 66
285 66
346 66
420 66
173 67
321 67
194 68
297 68
355 68
145 69
388 69
393 69
127 70
157 70
169 70
174 70
293 70
299 70
303 70
304 70
327 70
360 70
433 70
362 71
367 72
398 72
402 72
328 73
111 74
236 74
221 75
259 75
228 76
444 76
199 77
249 77
268 77
271 77
281 77
376 77
266 78
342 78
413 78
349 79
276 80
384 80
157 81
175 81
282 81
293 81
143 82
159 82
141 83
152 83
301 83
386 83
423 83
163 84
356 84
136 85
320 85
394 85
148 86
366 86
139 87
146 87
213 87
136 88
212 88
248 88
253 88
434 88
186 89
188 89
217 89
226 89
232 89
240 89
256 89
263 89
369 89
119 90
200 90
104 91
180 91
274 91
286 91
334 91
375 91
408 91
184 92
194 92
373 92
375 92
171 93
290 93
383 93
384 93
162 94
184 94
292 94
88 95
343 95
165 96
298 96
301 96
448 96
152 97
390 97
311 98
312 98
354 98
394 98
204 99
224 99
420 99
134 100
139 100
395 100
125 101
129 101
188 101
245 101
255 101
325 101
361 101
371 101
397 101
244 103
252 103
266 103
319 103
402 103
127 104
267 104
335 104
371 104
463 104
255 105
114 106
170 106
282 106
226 108
284 108
292 108
296 108
439 108
94 110
153 110
208 110
210 110
212 110
225 110
230 110
234 110
307 110
140 111
193 111
197 111
296 111
383 111
417 111
195 112
312 112
134 113
141 113
187 113
316 113
79 114
134 114
172 115
453 115
358 116
167 117
246 117
256 117
257 117
267 117
429 117
127 118
222 118
332 118
371 118
156 119
268 119
269 119
280 119
372 119
217 120
226 120
276 120
113 121
141 121
374 121
380 121
197 122
106 123
192 123
288 123
344 124
408 124
435 124
440 124
175 125
184 125
409 125
468 125
300 126
412 126
384 127
385 127
85 128
228 128
310 128
353 128
418 128
419 128
155 129
233 129
253 130
317 130
395 130
72 131
148 131
127 132
141 132
210 132
222 132
322 132
267 133
270 133
363 133
364 133
124 134
134 134
197 134
334 134
126 135
182 135
280 135
456 135
290 136
121 137
167 137
179 137
181 137
281 137
102 138
300 138
301 138
404 138
431 138
168 139
296 139
435 139
156 140
164 140
210 140
231 140
308 140
379 140
86 141
239 141
249 141
255 141
293 141
312 141
378 141
150 142
228 142
314 142
209 143
316 143
446 143
134 144
196 144
348 144
420 144
76 145
396 145
143 146
184 146
472 146
324 147
361 147
418 147
124 148
170 148
331 148
395 148
396 148
66 149
175 149
257 149
283 149
368 149
112 150
239 150
241 150
275 150
281 150
425 150
222 151
264 151
272 151
285 151
454 151
226 152
283 152
291 152
374 152
376 152
162 153
215 153
255 153
275 153
285 153
373 153
434 153
216 154
289 154
300 155
351 155
405 155
406 155
410 155
433 155
150 156
200 156
313 156
436 156
138 157
323 157
409 157
91 158
386 158
183 159
185 159
387 159
419 159
467 159
128 160
440 160
80 161
90 161
131 161
327 161
364 161
415 161
227 162
257 162
113 163
166 163
169 163
171 163
245 163
283 163
396 163
478 163
65 164
228 164
264 164
270 164
421 164
448 164
154 165
213 165
234 165
340 165
373 165
221 166
288 166
297 167
303 167
351 167
405 167
143 168
148 168
149 168
202 168
292 168
304 168
311 168
104 169
347 169
385 169
96 170
313 170
319 170
359 170
406 170
433 170
187 171
411 171
437 171
105 172
137 172
435 172
124 173
131 173
88 174
94 174
114 174
176 174
247 174
251 174
335 174
80 175
225 175
231 175
465 175
168 176
243 176
416 176
438 176
116 177
210 177
286 177
337 177
369 177
396 177
157 178
161 178
209 178
272 178
417 178
446 179
345 180
347 180
402 180
59 181
142 181
196 181
292 181
427 181
144 182
305 182
308 182
191 183
195 183
303 183
314 183
95 184
130 184
432 184
129 185
184 185
209 185
317 185
357 185
358 185
85 186
180 186
208 186
217 186
230 186
258 186
266 186
331 186
384 186
92 187
244 187
268 187
414 187
251 188
271 188
283 188
77 189
282 189
340 189
419 189
159 190
171 190
149 191
285 191
291 191
416 191
417 191
436 191
465 191
113 192
114 192
165 192
300 192
349 192
370 192
101 194
145 194
397 194
423 194
439 194
58 195
311 195
331 195
403 195
213 196
226 196
312 196
427 196
194 197
243 197
247 197
356 197
407 197
130 198
252 198
262 198
323 198
182 199
360 199
411 199
440 199
88 200
317 200
342 200
350 200
386 200
412 200
449 200
129 201
277 201
121 202
287 202
84 203
370 203
169 204
113 205
335 205
157 206
223 206
234 206
237 206
307 206
424 206
70 207
110 207
155 207
227 207
259 207
426 207
428 207
147 208
206 208
244 208
208 209
342 209
380 209
53 210
143 210
192 210
342 210
274 211
318 211
460 211
100 212
352 212
365 212
401 212
326 213
90 214
176 214
288 214
327 214
387 214
435 214
132 215
119 216
374 216
123 218
232 218
310 218
337 218
414 218
80 219
162 219
215 219
216 219
251 219
262 219
472 219
147 220
203 220
209 220
223 220
225 220
341 220
444 220
105 222
276 222
326 222
425 222
427 222
150 223
60 224
94 224
287 224
366 224
183 225
193 225
355 225
98 226
134 226
328 226
404 226
136 227
388 227
302 228
372 228
406 228
88 229
171 229
430 229
433 229
458 229
156 230
230 230
248 230
259 230
339 230
356 230
408 230
436 230
119 231
233 231
240 231
241 231
313 231
342 231
410 231
431 231
152 232
222 232
272 232
342 232
104 233
117 233
212 233
325 233
410 233
76 234
204 234
209 234
213 234
417 234
434 234
145 235
204 235
383 235
65 236
98 236
142 236
201 236
368 236
138 237
198 237
290 237
329 237
168 238
332 238
443 238
469 238
187 239
299 239
132 240
354 240
400 240
420 240
424 240
54 241
91 242
154 242
155 242
192 242
253 242
307 242
381 242
84 243
120 243
121 243
87 244
174 244
179 244
265 244
266 244
309 244
321 244
381 244
424 244
85 245
147 245
230 245
242 245
217 246
219 246
407 246
409 246
80 247
111 247
384 247
275 248
430 248
112 249
143 249
219 249
368 249
414 249
100 250
141 250
163 250
205 250
286 250
291 250
325 250
392 250
412 250
454 250
103 251
296 251
332 251
352 251
164 252
302 252
374 252
67 253
195 253
293 253
416 254
94 255
307 255
419 255
121 256
181 256
239 256
249 256
357 256
87 257
243 257
255 257
263 257
317 257
361 257
396 257
402 257
414 257
439 257
54 258
122 258
145 258
153 258
342 258
222 259
258 259
270 259
470 259
82 260
170 260
213 260
232 260
281 260
382 260
172 261
385 261
169 262
209 262
326 262
328 262
387 262
403 262
135 263
347 263
328 264
369 264
76 265
106 265
162 265
298 265
428 265
131 266
291 266
130 267
165 267
192 267
349 267
158 268
305 268
353 268
96 269
125 269
158 269
183 269
229 270
252 270
390 270
436 270
453 270
61 271
183 271
234 271
236 271
241 271
264 271
412 271
121 272
229 272
263 272
336 272
337 272
415 272
177 273
211 273
225 273
362 273
216 274
377 274
150 275
203 275
204 275
314 275
439 275
86 276
141 276
173 276
284 276
83 277
343 277
166 278
289 278
292 278
423 278
107 279
321 279
383 279
397 279
399 279
463 279
108 280
135 280
160 280
162 280
164 280
190 280
323 280
344 280
367 280
416 280
438 280
47 281
131 281
165 281
383 281
222 283
424 283
71 284
132 284
244 284
252 284
255 284
303 284
330 284
370 284
426 284
218 285
248 285
258 285
263 285
268 285
302 285
385 285
387 285
471 285
238 286
241 286
271 286
350 286
96 287
101 287
151 287
184 287
231 287
372 287
448 287
208 289
276 289
311 289
407 289
122 290
176 290
276 290
337 290
391 290
420 290
149 291
308 291
90 292
143 292
357 292
407 292
198 293
283 293
378 293
58 294
142 294
167 294
218 294
285 294
477 294
107 295
198 295
438 295
251 296
288 296
289 296
396 296
359 297
364 297
378 297
381 297
423 297
137 298
192 298
219 298
261 298
342 298
437 298
458 298
48 299
75 299
107 299
159 299
252 299
321 299
426 299
185 300
209 300
241 300
254 300
399 300
128 301
157 301
273 301
361 301
414 301
232 302
364 303
444 303
204 304
296 304
300 304
71 305
178 305
382 305
430 305
117 306
228 306
299 306
366 306
148 307
206 307
226 307
330 307
350 307
386 307
305 308
308 308
369 308
384 308
432 308
449 308
137 309
220 309
257 309
258 309
470 309
87 310
148 310
249 310
271 310
303 310
389 310
60 311
134 311
282 311
372 311
434 311
114 312
148 312
216 312
219 312
246 312
309 312
407 312
416 312
436 312
188 313
281 313
437 313
167 314
251 314
263 314
435 314
53 315
87 315
128 315
160 315
187 315
213 315
374 315
392 316
417 316
456 316
79 317
85 317
107 317
357 317
233 318
288 318
394 318
235 319
318 319
339 319
101 320
157 320
288 320
294 320
316 320
374 320
122 321
297 321
99 322
223 322
93 323
95 323
174 323
191 323
293 323
316 323
360 323
385 323
403 323
427 323
68 324
223 324
255 324
299 324
380 324
423 324
137 325
264 325
366 325
151 326
218 326
249 326
261 326
266 326
318 326
403 326
428 326
242 327
300 327
345 327
363 327
467 327
60 328
211 328
323 328
326 328
404 328
197 329
274 329
307 329
364 329
164 330
244 330
304 330
385 330
403 330
105 331
241 331
387 331
80 332
184 332
209 332
278 332
407 332
325 333
429 333
205 334
306 334
323 334
327 334
50 335
126 335
144 335
226 335
278 335
325 335
332 335
350 335
106 336
221 336
371 336
387 336
428 336
99 337
283 337
308 337
371 337
283 338
69 339
100 339
178 339
204 339
331 339
393 339
433 339
454 339
219 340
283 340
285 340
307 340
410 340
197 341
292 341
311 341
353 341
388 341
408 341
411 341
118 342
156 342
116 343
193 343
256 343
260 343
292 343
436 343
177 344
198 344
218 344
236 344
249 344
263 344
268 344
291 344
417 344
91 345
211 345
333 345
89 346
294 346
395 346
440 346
60 347
130 347
168 347
268 347
438 347
112 348
294 348
375 348
400 348
274 349
359 349
393 349
105 350
230 350
147 351
319 351
417 351
80 352
168 352
315 352
360 352
419 352
459 352
124 353
207 353
277 353
340 353
98 354
169 354
183 354
225 354
417 354
254 355
297 355
340 355
95 356
186 356
207 356
303 356
362 356
301 357
317 357
379 357
444 357
67 358
95 358
183 358
220 358
298 358
387 358
117 359
120 359
139 359
203 359
243 359
319 359
379 359
118 360
182 360
281 360
327 360
342 360
385 360
426 360
93 361
201 361
340 361
471 361
164 362
249 362
285 362
325 362
426 362
217 363
262 363
266 363
367 363
386 363
286 364
305 364
110 365
161 365
231 365
407 365
180 366
198 366
323 366
83 367
215 367
241 367
130 368
147 368
180 368
217 368
292 368
328 368
452 368
159 369
174 369
255 369
351 369
254 370
327 370
349 370
410 370
412 370
174 371
286 371
290 371
351 371
367 371
257 372
270 372
311 372
434 372
287 373
355 373
391 373
74 374
243 374
371 374
415 374
101 375
174 375
229 375
334 375
434 375
211 376
275 376
331 376
440 376
141 377
295 377
331 377
412 377
258 378
276 378
335 378
415 378
416 378
155 379
171 379
195 379
297 379
463 379
192 380
260 380
316 380
117 381
332 381
210 382
293 382
396 382
60 383
356 383
135 384
228 384
246 384
341 384
300 385
376 385
87 386
195 386
214 386
231 386
246 386
261 386
420 386
212 387
251 387
279 387
443 387
228 388
149 389
166 389
320 389
338 389
131 390
178 390
197 390
283 390
342 390
426 390
233 391
251 391
253 391
402 391
105 392
178 392
268 392
472 392
74 393
423 393
196 394
285 394
210 395
306 395
403 395
176 396
178 396
286 396
301 396
306 396
341 396
87 397
218 397
237 397
363 397
163 400
305 400
408 400
414 400
454 400
103 401
143 401
163 401
194 401
215 401
388 401
326 402
364 402
84 403
121 403
192 403
257 403
123 404
230 404
274 404
289 404
327 404
346 404
435 404
143 405
176 405
293 405
196 406
291 406
347 406
353 406
372 406
96 408
175 408
177 408
366 408
462 408
348 409
351 409
388 409
394 409
144 410
219 410
244 410
352 410
369 410
370 410
415 410
352 411
411 411
72 412
116 412
231 412
295 412
374 412
390 412
400 412
142 413
143 413
175 413
196 413
234 413
280 413
350 413
394 413
396 413
418 413
420 413
439 413
201 414
233 414
333 414
357 414
265 415
338 415
439 415
442 415
195 416
313 416
422 416
85 417
158 417
335 417
399 417
427 417
109 418
172 418
177 418
196 418
314 418
319 418
337 418
357 418
398 418
421 418
473 418
129 419
197 419
359 420
162 421
380 421
383 421
140 422
216 422
249 422
272 422
301 422
304 422
340 422
358 422
427 422
141 423
176 423
196 423
287 423
405 423
223 424
138 425
159 425
320 425
181 426
199 426
405 426
78 427
122 427
123 427
197 427
242 427
339 427
157 428
254 429
457 429
97 430
157 430
306 430
405 430
415 430
156 431
366 431
178 432
295 432
304 432
340 432
366 432
408 432
159 433
206 433
324 433
118 434
210 434
389 434
179 435
135 436
410 436
160 437
164 437
204 437
419 437
228 438
330 438
372 438
163 439
411 439
114 440
348 440
394 440
414 440
87 441
251 441
278 441
282 441
346 441
442 441
474 441
305 442
329 442
208 443
253 443
266 443
305 443
331 443
128 444
182 444
350 444
422 444
186 445
189 445
283 446
354 446
104 447
126 447
144 447
164 447
236 447
452 447
169 448
307 448
379 448
127 449
217 449
268 449
287 449
126 450
150 451
215 451
216 451
256 451
273 451
288 451
431 451
133 452
199 452
260 452
293 453
334 453
404 453
468 453
191 454
259 454
296 454
168 455
192 455
272 455
273 455
293 455
314 455
437 455
136 456
240 456
126 457
294 458
356 458
115 459
223 459
289 459
200 460
245 460
344 460
385 460
137 461
320 461
339 461
413 461
222 462
273 462
300 462
366 462
140 463
148 464
151 464
177 464
252 464
323 464
152 465
274 465
299 465
449 465
183 466
205 466
253 466
98 467
204 467
211 467
180 468
234 468
423 468
123 469
228 469
299 470
304 470
307 470
350 470
351 470
461 470
162 471
130 472
160 472
234 472
323 472
374 472
117 473
158 473
185 473
305 473
401 473
129 474
161 474
164 474
430 474
185 475
211 475
238 475
284 475
139 476
237 476
441 476
136 477
261 477
310 478
139 479
236 479
409 479
194 480
264 480
308 480
310 481
359 481
291 482
147 483
218 483
221 483
244 483
221 484
268 484
418 484
450 484
226 485
341 485
246 486
103 487
392 487
228 488
343 488
121 489
162 489
247 489
318 489
427 489
227 490
250 490
343 490
205 491
270 491
371 491
133 492
179 492
203 492
321 492
204 493
275 493
300 493
250 494
257 496
234 497
349 498
150 499
235 499
305 499
188 500
214 500
216 500
219 501
262 501
217 502
356 502
410 502
223 503
285 503
158 504
262 504
223 505
338 506
170 507
223 507
246 507
423 508
127 509
228 509
367 509
292 510
314 510
397 510
202 511
204 511
230 511
269 512
432 512
177 513
250 513
251 513
142 514
322 516
150 517
253 517
324 517
373 517
235 518
351 518
407 519
156 520
186 520
258 520
276 520
218 522
243 523
284 525
391 526
198 527
230 529
344 529
368 529
289 530
138 532
319 532
177 533
211 534
378 534
398 534
275 535
353 536
249 538
404 538
149 539
328 540
194 541
298 541
222 542
158 543
258 544
283 544
365 545
206 546
233 546
305 546
343 547
169 548
379 550
180 551
245 551
320 551
267 552
219 554
252 554
295 556
334 556
356 556
195 557
341 559
205 561
370 562
315 563
237 564
267 564
291 565
332 567
304 570
252 572
295 579
