152 2
166 2
288 2
303 2
422 3
434 5
131 6
323 6
392 6
341 7
113 8
450 8
471 8
226 9
239 9
82 10
213 10
252 10
97 11
275 12
410 13
192 14
366 14
69 15
291 15
309 17
319 17
337 18
392 19
155 20
438 22
139 23
454 23
111 24
230 24
240 24
250 24
125 25
214 25
267 25
363 25
203 27
284 27
387 27
85 28
187 28
403 28
99 29
305 30
333 30
420 32
160 33
73 34
357 34
446 35
140 37
465 37
386 38
126 39
370 39
270 40
110 41
213 41
223 41
290 41
303 41
198 42
241 42
253 42
273 42
295 42
306 42
95 43
275 43
304 43
405 43
407 43
107 44
320 44
188 45
319 45
327 45
336 45
425 45
452 45
99 46
411 46
82 47
157 47
169 47
172 47
350 47
85 48
159 48
172 48
351 48
92 49
347 49
134 50
135 50
149 50
150 50
434 50
71 51
146 51
254 52
257 52
268 52
268 53
367 53
242 54
382 54
472 54
123 55
220 55
267 55
279 55
287 55
297 56
314 56
112 57
298 57
321 57
406 57
82 58
164 58
173 58
177 58
194 58
202 58
99 59
341 59
81 60
107 60
165 60
454 60
100 61
188 61
321 61
325 61
347 61
412 61
416 61
91 63
350 63
363 63
128 64
130 64
146 64
419 64
469 64
354 65
84 66
89 66
170 66
231 66
386 66
85 67
174 67
252 67
253 67
270 67
438 67
123 68
209 68
281 68
296 69
440 69
70 71
304 71
321 71
155 72
407 72
103 73
140 73
152 73
193 73
339 73
192 74
322 74
132 75
184 75
343 75
415 75
342 76
378 76
227 77
243 77
254 77
357 77
257 78
393 78
423 78
121 79
173 79
205 79
268 79
278 79
123 80
201 81
273 81
465 81
290 82
313 83
315 83
408 83
303 84
365 84
101 86
146 86
448 86
74 87
126 87
322 87
422 87
140 88
237 88
258 88
93 89
231 89
332 89
187 90
206 90
208 90
427 90
185 91
194 91
208 91
223 91
393 91
398 91
65 92
115 92
165 92
439 92
464 92
119 93
284 93
357 93
108 94
116 94
158 95
292 95
413 95
104 96
374 96
258 97
300 97
311 97
378 97
413 97
144 98
303 98
327 98
451 98
131 99
234 99
244 99
272 99
311 99
421 99
94 100
127 100
133 100
145 100
220 100
317 100
90 101
321 101
131 102
184 102
335 102
352 102
201 103
77 104
184 104
195 104
352 104
110 105
168 105
172 105
403 105
436 105
403 106
257 107
260 107
263 107
275 107
469 107
367 108
64 109
110 109
239 109
287 109
370 109
154 110
297 110
311 110
418 110
205 112
323 112
455 112
89 113
196 113
211 113
383 113
88 114
136 114
392 114
133 115
428 115
435 115
343 116
86 117
123 117
401 117
406 117
180 118
222 118
244 118
343 118
399 118
228 119
238 119
251 119
268 119
356 119
210 120
234 120
295 120
201 121
68 122
110 122
159 122
282 122
374 122
298 123
62 124
102 124
377 124
416 124
320 125
104 126
314 126
315 126
426 126
477 126
335 127
388 127
467 127
89 128
133 128
179 128
331 128
429 128
437 128
98 129
144 129
219 129
226 129
241 129
85 130
137 130
207 130
228 130
342 130
344 130
92 131
172 131
220 131
259 131
354 131
358 131
437 131
124 132
238 132
401 132
257 133
277 133
169 134
188 134
82 135
114 135
115 135
296 136
379 136
423 137
468 137
63 138
111 138
158 138
325 138
147 139
314 140
388 140
234 141
245 141
258 141
322 141
333 141
94 142
249 142
398 142
93 143
98 143
193 143
215 143
235 143
255 143
335 143
336 143
278 144
440 144
92 145
133 145
172 145
182 145
401 145
353 146
362 146
413 146
119 147
292 147
413 147
286 148
424 148
78 149
161 149
166 149
304 149
373 149
304 150
371 150
428 150
153 151
316 151
328 151
226 152
308 152
146 153
222 153
317 153
338 153
390 153
100 154
151 154
216 154
246 154
63 155
100 155
136 155
190 155
203 155
206 155
251 155
255 155
268 155
335 155
132 156
182 156
198 156
476 156
89 157
93 157
281 157
354 157
409 157
86 158
90 158
175 158
192 158
88 159
297 159
451 159
82 160
130 160
158 161
286 161
371 162
424 162
316 163
324 163
77 164
111 164
113 164
228 164
244 164
319 164
375 164
377 164
398 164
116 165
432 165
148 166
217 166
334 166
402 166
405 166
439 166
246 167
194 168
437 168
57 169
206 169
338 169
473 169
101 170
177 170
348 170
412 170
78 172
293 172
348 172
357 172
123 173
266 173
269 173
283 173
286 173
302 173
384 173
424 173
428 173
96 174
97 174
238 174
289 174
364 174
398 174
452 174
253 175
295 175
299 175
369 175
228 176
317 176
114 177
162 177
221 177
316 178
84 179
329 179
440 179
85 180
209 180
414 180
441 180
59 181
192 181
341 181
103 182
391 182
105 183
474 183
141 184
280 184
74 185
176 185
263 185
355 185
361 185
228 186
244 186
398 186
128 187
229 187
261 187
298 187
364 187
454 187
314 188
432 188
433 188
217 189
324 189
159 190
325 190
83 191
335 191
153 192
200 192
329 192
471 192
341 193
418 193
443 193
53 194
110 194
337 194
385 194
344 195
355 195
387 195
142 196
279 196
456 196
186 197
260 197
273 197
282 197
287 197
301 197
240 198
242 198
254 198
360 198
396 198
302 199
427 199
230 200
236 200
270 200
296 200
403 200
99 201
96 202
124 202
160 202
213 202
367 202
435 202
125 203
331 203
435 203
203 204
217 204
74 205
198 205
213 205
329 205
342 205
379 205
383 205
114 206
206 206
146 207
390 207
417 207
146 208
185 208
267 208
476 208
141 209
148 209
246 209
270 209
84 210
134 210
138 210
244 210
286 210
292 210
451 210
183 211
226 211
258 211
299 211
309 211
360 211
175 212
224 212
311 212
399 212
430 212
77 213
127 213
431 213
98 214
167 214
212 214
371 214
403 214
158 215
49 216
93 216
331 216
334 216
373 216
462 216
211 217
336 217
415 218
64 219
145 219
386 219
445 219
112 220
257 220
413 220
88 221
240 221
258 221
274 221
287 221
82 222
144 222
228 222
352 222
81 223
293 223
109 224
174 224
392 224
53 225
221 225
318 225
366 225
474 225
404 226
426 226
96 227
99 227
154 227
202 227
404 227
455 227
258 228
336 228
376 228
378 228
400 228
403 228
426 228
68 229
191 229
406 230
40 231
154 231
185 231
386 231
248 232
140 233
241 233
258 233
286 233
354 233
82 234
106 234
108 234
283 234
390 234
57 235
87 235
213 235
271 235
310 235
421 235
468 235
206 236
274 236
297 236
317 236
366 236
419 236
136 237
139 237
211 237
259 237
268 237
361 237
368 237
445 237
424 238
167 239
204 239
320 239
68 240
164 240
326 240
371 240
398 240
428 240
97 241
121 241
247 241
152 242
153 242
191 242
329 242
407 242
348 243
44 244
118 244
342 244
219 245
237 245
59 246
83 246
232 246
356 246
435 246
106 247
113 247
171 247
276 247
306 247
137 248
373 248
206 249
303 249
254 250
290 250
300 250
324 250
390 250
99 251
129 251
130 251
321 251
386 251
397 251
462 251
98 252
163 252
257 252
69 253
154 253
160 253
190 253
243 253
255 253
328 253
354 253
421 253
446 253
188 254
243 254
249 254
359 254
153 255
234 255
331 255
362 255
477 255
93 256
117 256
122 256
229 256
330 256
396 256
400 256
151 257
179 257
332 257
339 257
342 257
363 257
215 258
335 258
44 259
340 259
344 259
374 259
432 259
84 260
140 260
168 260
290 260
291 260
305 260
338 260
62 261
200 261
268 261
278 261
350 261
163 262
266 262
281 262
350 262
81 263
103 263
295 263
301 263
311 263
455 263
105 264
107 264
252 264
316 264
320 264
50 265
131 265
247 265
384 265
229 266
324 266
419 266
123 267
191 267
358 267
392 267
475 267
394 268
120 269
154 269
215 269
213 270
148 271
176 271
402 272
65 273
282 273
366 273
175 274
197 274
229 274
303 274
374 274
377 274
445 274
467 274
198 275
287 275
300 275
338 275
342 275
86 276
275 276
283 276
303 276
108 277
167 277
289 277
323 277
264 278
279 278
330 278
352 278
410 278
129 279
132 279
262 279
51 280
254 280
257 280
156 281
217 281
436 281
473 281
73 282
101 282
186 282
389 282
453 283
147 284
202 284
362 284
94 285
237 285
302 285
312 286
66 287
68 287
170 287
424 287
116 288
301 288
305 288
320 288
165 289
171 289
193 289
276 289
283 289
44 290
138 290
326 290
335 290
339 290
442 290
66 291
113 291
276 291
376 291
86 292
111 292
44 293
137 293
261 293
187 294
463 294
41 295
128 295
154 295
185 295
247 295
248 295
347 295
102 296
160 296
242 296
41 297
43 297
133 297
159 297
107 298
240 298
310 298
78 299
153 299
302 299
359 299
386 299
97 300
207 300
314 300
412 300
433 300
204 301
232 301
289 301
317 301
327 301
358 301
54 302
451 302
53 303
172 303
233 303
292 303
32 304
93 304
145 304
261 304
272 304
279 304
281 304
140 305
163 305
335 305
113 306
187 306
257 306
220 307
394 307
69 308
89 308
92 308
113 308
158 308
159 308
218 308
179 309
243 309
336 309
370 309
243 310
439 310
479 310
239 311
45 312
127 312
344 312
132 313
200 313
299 313
422 313
63 314
101 314
197 314
349 314
61 315
122 315
312 315
460 315
40 316
233 316
302 316
377 316
210 317
278 317
279 317
306 317
348 317
401 317
120 318
229 319
166 320
247 320
326 320
57 321
74 321
170 321
268 321
379 321
425 321
18 322
147 322
243 322
410 322
446 322
183 323
31 324
83 324
185 324
51 325
260 325
357 325
95 326
383 326
64 327
129 327
198 327
261 327
331 327
379 327
110 328
194 328
344 328
365 328
407 328
195 329
257 329
260 329
410 329
469 329
67 330
25 331
290 331
302 331
309 331
433 331
158 332
288 332
310 332
318 332
335 332
339 332
383 332
389 332
412 332
79 333
171 333
246 333
346 333
40 334
77 334
190 334
284 334
411 334
121 335
269 335
299 335
317 335
338 335
371 335
383 335
367 336
426 336
101 337
137 337
244 337
283 338
322 338
45 339
321 339
388 339
456 339
474 339
59 340
89 341
203 341
259 341
371 341
413 341
353 342
223 343
71 344
325 344
440 344
411 345
184 346
295 346
297 346
113 347
157 347
289 347
304 347
388 347
30 348
255 348
273 348
293 348
90 349
178 349
198 349
347 349
355 349
133 350
214 350
255 350
353 350
413 350
460 350
476 350
72 351
191 351
417 351
345 352
429 352
430 352
72 353
274 353
287 353
326 353
376 353
56 354
41 355
150 355
289 355
328 356
392 356
168 357
268 357
227 358
368 358
390 358
418 358
445 358
84 359
125 360
345 360
125 361
166 361
311 361
103 362
237 362
290 362
351 362
371 362
414 362
434 362
50 363
172 363
186 363
208 363
211 363
251 363
398 363
415 363
21 364
84 364
352 364
163 365
232 365
334 365
466 365
414 367
50 368
63 368
82 368
122 368
231 368
273 368
435 368
206 369
346 369
306 370
389 370
418 370
79 371
81 371
188 371
190 371
331 371
33 372
121 372
140 372
231 372
233 372
46 373
124 373
213 373
215 373
254 373
351 373
418 373
99 374
348 374
452 374
158 375
365 375
188 376
14 377
158 377
322 377
389 377
321 378
59 379
179 379
238 379
417 379
120 380
136 380
345 380
436 380
45 381
62 381
177 381
198 381
284 381
385 381
58 382
81 382
139 382
156 382
259 382
77 383
471 383
25 384
217 384
309 385
333 385
58 387
115 387
238 387
437 387
179 388
400 388
401 388
198 389
203 389
237 389
382 389
418 389
455 389
94 390
240 390
361 390
72 391
42 392
243 392
322 392
332 392
157 393
216 393
440 393
157 394
379 394
421 394
353 395
437 395
41 396
59 396
138 396
177 396
329 396
476 396
111 397
282 397
309 397
416 397
24 398
184 398
398 398
437 398
204 399
293 399
460 399
125 400
160 400
71 401
440 401
89 402
122 402
202 402
298 403
350 403
400 403
93 404
182 404
300 404
477 404
210 405
249 405
255 405
418 405
351 406
353 406
40 407
88 407
255 407
230 408
54 409
232 409
263 409
344 409
380 409
89 410
106 410
240 410
268 410
326 410
124 411
328 411
268 412
319 412
346 412
449 412
461 412
318 413
161 414
196 414
275 414
314 414
417 414
309 415
431 415
25 416
107 416
274 416
289 416
93 417
107 417
183 417
362 417
291 418
298 418
341 418
142 419
144 419
342 419
391 419
79 420
163 420
210 420
377 420
38 421
64 421
128 421
161 421
238 421
293 421
145 422
193 422
241 422
432 422
51 423
141 423
161 423
167 423
446 423
464 423
94 424
182 424
360 424
403 424
211 425
250 425
145 426
109 427
220 428
92 429
224 429
229 429
126 430
166 430
325 430
355 430
171 431
232 431
260 431
344 432
66 433
95 433
187 433
193 433
227 433
292 433
389 433
37 434
227 434
285 434
307 434
368 434
128 435
203 435
280 435
309 435
464 435
148 436
170 436
285 436
342 436
349 436
53 437
176 437
225 437
432 437
207 438
81 439
113 439
177 439
297 439
235 440
449 440
151 441
176 441
231 441
97 442
156 442
202 442
213 442
337 442
243 443
362 443
399 443
415 443
148 444
152 444
38 445
83 445
135 445
381 445
178 446
211 446
239 446
396 446
84 447
95 447
182 447
200 447
330 447
400 447
467 447
69 448
111 448
219 448
355 448
398 448
153 449
56 450
96 450
100 450
163 450
157 451
430 451
272 452
187 453
226 453
85 454
223 454
285 454
313 454
188 455
222 455
299 455
351 455
118 456
232 456
297 456
84 457
116 457
138 457
196 457
42 458
102 458
115 458
57 459
117 459
451 459
71 460
120 460
193 460
338 460
100 461
467 461
156 462
224 462
347 462
136 464
140 465
173 466
201 466
373 466
43 467
89 467
159 467
254 467
319 467
122 468
203 469
300 469
345 469
204 470
267 470
290 470
306 470
366 470
142 471
285 471
308 471
60 472
75 472
364 472
388 472
110 473
183 473
287 473
297 473
301 473
107 474
204 474
212 474
217 475
361 475
191 476
227 476
44 477
149 477
169 477
166 478
222 478
384 478
190 479
330 479
464 479
170 480
360 480
379 480
447 480
153 481
191 481
229 481
328 481
402 481
64 482
178 482
244 482
353 483
397 483
318 484
132 485
262 485
117 486
291 486
399 486
49 487
85 487
303 487
272 488
351 488
138 489
161 489
162 489
199 489
398 489
160 490
417 490
167 491
334 491
339 491
373 491
392 491
201 492
395 492
69 494
124 494
175 494
334 495
371 495
86 496
107 496
179 497
334 497
130 498
460 498
129 499
332 499
149 500
233 500
359 501
322 502
405 502
438 502
353 503
385 503
298 504
247 505
285 505
353 505
382 506
259 508
275 508
379 508
346 510
382 510
139 512
232 512
202 513
374 513
397 513
456 513
308 515
346 515
330 516
393 516
162 517
190 518
245 518
146 519
123 520
148 520
189 520
220 520
91 521
105 521
325 521
334 521
256 522
284 522
292 522
328 523
359 523
411 523
193 524
271 524
359 524
173 525
317 525
135 526
389 526
205 529
308 529
352 530
425 530
101 531
184 531
315 531
447 531
238 532
307 532
342 532
377 532
299 533
117 534
251 534
306 534
344 534
163 535
187 535
261 535
290 536
338 536
347 536
367 537
349 538
146 539
281 539
328 539
342 539
196 540
287 540
321 540
324 540
169 541
395 541
419 541
149 543
178 543
89 544
233 544
127 545
177 545
390 545
109 546
313 546
436 546
308 547
414 547
360 548
388 549
356 550
433 550
306 551
348 551
191 552
138 553
164 553
301 553
215 554
257 554
290 554
97 555
174 556
274 556
375 556
347 557
380 558
406 558
121 559
206 560
227 560
337 560
322 561
339 562
184 563
366 563
134 566
240 566
261 567
394 567
163 568
198 569
304 569
284 570
354 571
218 572
410 574
379 575
147 576
182 578
324 578
234 579
344 581
159 582
311 583
196 584
252 584
399 584
206 586
270 586
286 586
294 586
363 586
169 587
220 588
332 589
185 593
236 593
350 594
199 595
253 597
310 597
269 599
286 599
219 602
237 606
259 611
