252 2
154 4
341 4
413 4
75 6
113 6
298 6
399 6
192 7
240 7
324 8
136 10
227 12
280 12
95 15
176 15
213 16
431 16
269 17
351 17
368 17
416 17
449 18
47 19
399 19
122 21
257 21
338 21
204 22
36 23
161 23
79 24
316 24
113 26
248 26
304 27
146 29
70 30
236 30
291 30
464 30
188 31
410 32
447 32
428 33
100 34
376 34
394 34
130 35
225 35
344 36
361 36
269 37
55 38
212 39
202 40
333 40
84 41
170 41
61 42
164 42
248 42
320 42
325 42
331 42
88 43
246 43
55 44
117 44
309 44
81 45
157 46
7 47
240 47
297 48
437 48
454 48
76 49
188 49
420 49
42 50
146 50
184 50
235 50
360 50
470 50
346 51
362 51
391 51
408 51
47 52
210 52
280 52
377 52
76 53
206 53
281 53
370 53
108 54
175 54
337 54
138 55
133 56
200 56
206 57
230 57
260 57
70 58
99 58
221 58
222 58
320 58
65 59
33 60
257 61
216 62
250 62
301 63
360 63
364 63
158 64
463 64
239 65
348 65
412 65
434 65
451 65
122 66
477 66
186 67
400 67
20 68
234 68
286 68
345 68
186 70
334 70
388 70
79 71
182 71
396 71
323 72
378 72
225 73
321 73
58 74
146 74
271 74
107 76
112 76
171 76
305 76
366 77
206 78
361 78
437 78
254 79
455 79
172 80
419 80
469 80
9 81
206 81
93 82
241 82
292 82
46 83
51 83
133 83
343 83
241 84
396 84
399 84
157 85
189 85
280 85
330 85
42 86
386 86
276 87
381 87
229 88
272 88
474 89
121 90
315 90
424 90
444 90
373 91
460 91
224 92
258 92
268 92
270 92
367 92
375 92
36 93
406 93
264 94
303 94
358 94
71 95
169 95
215 95
253 96
197 97
211 97
76 98
110 98
341 99
141 100
288 100
238 101
185 102
277 103
325 103
202 104
22 105
61 105
266 105
390 105
409 105
422 105
435 105
462 105
450 106
475 106
50 107
99 107
134 107
222 107
309 107
249 109
355 109
368 109
162 110
291 110
280 112
123 113
187 113
342 113
13 115
207 116
215 116
237 116
232 117
266 117
326 117
49 118
84 118
148 118
315 118
392 119
397 119
405 119
394 120
432 120
461 120
475 121
112 122
171 122
228 122
295 122
298 122
46 123
73 123
80 123
137 123
224 123
288 123
311 123
2 124
69 124
108 124
251 124
282 124
141 125
358 125
192 126
138 127
96 128
280 128
65 129
216 129
348 129
65 130
160 130
210 131
233 131
234 131
331 131
339 131
30 132
265 132
154 133
179 133
316 133
180 134
201 134
262 134
268 134
124 135
432 135
451 135
461 135
475 135
128 136
413 136
83 137
150 137
387 137
220 138
172 139
299 139
121 140
360 140
370 140
148 141
245 141
247 141
18 142
353 142
111 143
292 143
334 144
337 144
289 145
46 146
111 146
235 146
236 146
137 147
182 147
273 147
324 147
331 147
427 147
100 148
158 148
206 148
440 148
132 149
406 149
434 149
455 149
466 149
310 150
380 150
388 150
478 150
93 151
229 151
259 151
274 151
370 151
426 151
10 152
62 152
67 152
272 152
361 152
225 153
259 153
261 153
384 153
124 154
223 154
303 154
364 154
170 155
146 156
168 156
253 156
357 156
32 157
168 157
192 157
195 157
57 158
249 158
295 158
117 159
84 160
249 160
338 160
214 161
242 161
282 161
435 161
108 162
212 162
406 162
422 162
460 162
475 162
180 163
237 163
324 163
408 163
77 164
80 164
131 164
391 164
395 164
154 165
50 166
100 166
203 166
267 166
309 166
313 166
373 166
198 167
307 168
308 168
360 168
101 169
353 169
120 170
226 170
23 171
348 171
360 171
295 172
306 172
67 173
93 173
416 173
253 174
333 174
398 174
214 175
285 175
398 175
412 175
451 175
161 176
329 176
182 177
293 177
384 177
386 177
471 177
66 178
134 178
84 179
237 179
367 179
320 180
364 180
40 181
106 181
275 181
11 182
352 183
55 184
63 184
307 184
428 184
56 185
79 185
304 185
340 185
439 185
171 186
224 186
261 186
265 186
452 186
464 186
165 187
404 187
144 188
196 188
292 188
417 188
117 189
120 189
474 189
215 190
261 190
376 190
404 190
27 191
255 191
321 191
157 192
362 192
212 193
389 193
95 194
253 194
284 194
248 195
382 195
66 196
110 196
306 196
343 196
381 196
129 197
226 197
244 197
275 197
281 197
464 197
178 198
244 198
339 198
442 198
105 199
105 200
151 200
245 200
368 200
420 200
196 201
330 201
372 201
422 201
37 202
269 202
293 202
400 202
404 202
82 203
219 203
320 203
146 204
12 206
77 206
142 206
57 207
165 207
261 207
355 207
386 207
54 208
232 208
74 209
140 209
211 209
442 209
429 210
452 210
461 210
473 210
50 211
259 211
260 211
340 211
370 211
372 211
413 211
94 212
112 212
301 212
159 213
403 213
50 214
406 215
200 216
286 216
2 217
25 217
126 217
177 217
222 217
249 217
322 217
67 218
71 218
150 218
393 218
381 219
368 220
389 220
309 221
433 222
446 222
458 222
423 223
467 223
120 224
190 224
303 224
40 225
63 225
82 225
353 225
141 226
98 227
210 227
233 227
115 228
157 228
181 230
289 230
109 232
257 232
9 233
73 233
389 233
403 233
415 233
54 234
103 234
247 234
431 234
97 235
221 235
311 235
323 235
394 235
443 235
30 236
93 236
134 236
279 236
378 236
2 237
459 237
473 237
172 238
195 238
46 240
115 240
303 241
213 242
342 242
349 242
112 243
113 243
145 243
235 243
267 243
110 244
63 245
425 245
292 246
390 246
414 246
426 246
86 247
162 247
184 247
330 247
382 247
403 247
440 247
210 248
320 248
83 249
369 249
436 249
225 250
380 250
453 250
15 251
37 251
251 251
278 251
281 251
60 252
138 252
202 253
309 253
312 253
371 253
473 253
119 254
355 254
99 255
102 255
198 255
55 257
215 257
347 257
9 258
214 258
241 258
266 258
78 259
117 259
133 259
170 259
347 259
425 259
448 259
171 260
271 260
298 260
418 260
459 260
96 261
193 261
338 261
424 261
435 261
190 262
231 262
465 262
381 263
387 263
400 263
401 263
475 263
207 264
250 264
331 264
391 264
26 265
49 265
376 265
396 265
2 266
47 266
248 266
369 266
169 267
320 267
363 267
127 268
286 268
141 269
146 269
205 269
357 269
441 269
311 270
69 271
160 271
179 272
219 272
348 272
457 272
179 273
201 273
204 273
258 273
87 274
159 274
200 274
239 274
334 274
349 274
306 275
423 275
472 275
218 276
339 276
40 277
136 277
199 277
381 277
399 277
14 278
108 278
251 278
254 278
273 278
301 278
412 278
432 278
177 279
372 279
388 279
107 280
172 280
273 280
326 280
425 280
441 280
64 281
211 281
129 282
134 282
153 282
193 282
62 283
288 283
292 283
460 283
227 284
267 284
271 284
245 285
290 285
359 285
56 286
102 286
471 286
170 288
260 288
285 288
316 288
104 289
123 289
145 289
353 289
28 290
59 290
77 290
204 290
260 290
445 290
3 292
259 292
395 292
406 292
453 292
55 293
142 293
276 293
336 293
369 293
381 293
421 293
307 294
306 295
429 295
464 295
183 296
276 296
24 297
95 297
218 297
235 297
159 298
251 299
295 299
439 299
137 300
114 301
136 301
327 301
48 302
178 303
246 303
46 304
69 304
157 304
265 304
371 304
208 305
293 305
386 305
455 305
193 306
364 306
373 306
396 306
17 307
87 307
157 307
284 307
316 307
392 307
409 307
155 308
243 308
356 308
423 308
105 309
110 309
176 309
221 309
317 309
416 309
471 309
285 310
243 311
39 312
66 312
264 312
346 312
434 312
148 313
170 313
187 313
243 313
259 313
336 313
62 314
107 314
148 315
203 315
216 315
307 315
127 316
237 316
445 317
390 318
76 319
78 319
184 319
467 319
376 320
391 320
6 321
183 321
319 321
277 322
362 322
403 322
417 322
474 322
361 323
100 324
144 324
197 324
230 324
252 324
53 325
163 325
351 325
305 326
310 326
76 327
431 327
460 327
273 328
29 329
93 330
337 330
120 331
181 331
206 331
296 331
72 332
95 332
226 332
374 332
439 332
244 333
291 333
391 333
395 333
177 334
402 334
469 334
92 335
268 335
139 336
292 336
326 337
449 337
22 338
47 338
115 339
156 339
296 339
242 340
476 340
65 341
199 341
362 341
419 341
90 343
175 343
218 343
382 343
385 343
456 343
194 344
284 344
287 344
348 344
88 346
315 346
434 346
264 347
404 347
153 348
16 349
62 349
189 349
235 350
62 351
108 351
131 351
413 351
105 352
169 352
339 352
464 352
172 353
190 353
215 353
250 353
450 353
111 355
284 355
62 356
82 356
201 356
36 357
149 357
166 357
311 357
382 357
419 357
441 357
334 359
371 359
393 359
80 360
184 360
280 360
371 360
145 361
246 361
250 361
261 362
307 362
400 362
427 362
460 362
8 363
104 363
213 363
229 363
363 363
56 364
125 364
166 364
370 364
479 364
409 365
146 366
197 366
279 367
427 367
33 368
98 368
351 369
329 370
446 370
23 371
75 371
144 371
303 371
192 372
227 372
162 373
259 373
277 373
279 373
94 374
141 374
211 374
384 374
470 374
53 375
178 375
275 375
414 375
142 376
242 376
244 376
264 376
326 376
114 377
398 377
157 378
211 378
223 378
191 379
369 379
434 379
454 379
92 380
364 380
113 381
141 381
225 381
49 382
144 383
261 383
343 383
109 384
206 384
176 385
397 385
27 386
302 386
475 386
224 387
280 387
326 387
417 387
10 388
109 388
171 388
263 388
438 388
455 388
172 389
383 389
67 390
89 390
107 390
125 390
222 390
257 390
388 390
368 391
378 391
87 392
188 392
238 392
263 392
279 392
258 393
43 394
138 395
459 395
120 397
154 397
298 397
204 398
402 398
420 398
437 398
202 399
302 399
169 400
279 400
385 400
81 401
237 401
339 401
4 403
22 403
348 403
365 403
117 404
135 404
206 404
221 404
241 404
257 404
372 405
40 406
60 406
100 406
254 406
274 406
309 406
418 406
186 407
396 407
436 407
465 407
146 408
278 408
279 408
392 408
438 408
258 409
76 410
202 410
259 410
472 410
322 411
391 412
410 412
131 413
187 413
240 414
389 414
395 414
169 415
242 415
330 415
35 416
113 416
157 416
185 416
301 416
378 416
221 417
457 417
474 417
202 419
240 419
384 419
411 419
92 420
139 420
342 420
369 420
375 420
413 420
433 420
376 421
153 422
282 422
440 422
11 423
215 423
260 423
355 424
32 425
53 425
309 425
364 425
397 425
236 426
238 426
256 426
454 426
138 427
153 427
220 427
108 428
184 428
169 429
394 429
400 429
69 430
317 430
423 430
293 431
200 432
400 432
426 432
46 435
86 435
121 435
154 435
167 435
265 435
394 435
242 436
272 436
379 436
400 436
454 436
219 437
244 437
274 437
326 437
121 438
344 438
394 438
420 438
150 439
365 439
377 440
3 441
386 441
184 442
245 442
298 442
372 442
217 443
367 443
471 443
101 444
200 444
434 444
44 445
221 445
247 445
384 445
436 445
63 446
217 446
219 446
277 446
412 446
23 447
82 447
166 447
246 447
309 447
432 447
448 447
275 448
147 449
304 449
357 449
218 450
231 450
310 450
314 450
341 450
148 451
260 451
353 451
405 452
407 452
455 452
116 453
181 453
469 453
39 454
323 454
201 455
17 456
130 456
391 456
317 457
78 458
97 458
365 458
421 458
201 459
268 459
288 459
361 460
368 460
339 461
163 462
219 462
235 462
34 463
148 463
271 463
357 463
439 463
454 463
466 463
54 464
179 464
342 464
383 464
191 466
205 466
395 466
428 466
434 466
145 467
253 467
328 467
380 467
410 468
5 469
74 469
109 469
142 469
273 469
348 469
431 469
146 470
148 470
300 470
126 471
368 471
308 472
430 473
446 473
221 475
239 475
460 475
143 476
317 477
401 477
49 478
105 478
158 478
194 478
319 478
24 479
259 479
422 479
427 479
88 480
125 480
160 480
259 480
282 480
69 481
472 481
242 482
376 482
417 482
178 483
293 484
366 484
208 485
264 485
302 485
331 485
355 485
417 485
142 486
265 487
345 487
388 487
436 487
302 488
410 488
228 489
43 490
162 490
178 490
467 490
18 491
115 491
405 491
410 491
128 492
193 492
247 493
447 493
253 494
382 494
431 494
212 496
280 496
375 496
63 497
250 497
377 497
400 497
39 498
83 498
231 498
425 498
460 498
162 499
252 499
401 499
10 501
97 501
285 501
319 501
421 501
366 502
419 502
142 503
256 503
299 503
438 503
300 504
309 504
337 504
353 504
395 504
439 504
469 504
182 505
262 505
392 505
453 505
439 506
321 507
127 508
264 508
416 508
109 509
269 509
478 509
200 510
387 510
390 510
33 511
215 511
240 512
269 512
274 513
390 513
3 514
72 514
153 514
278 514
282 514
383 514
430 514
446 514
462 514
185 515
382 515
289 516
367 516
49 517
138 519
306 519
168 520
403 520
224 521
259 521
364 521
454 521
472 521
47 522
87 522
105 522
205 522
256 522
304 522
356 522
102 523
169 523
421 523
22 524
63 524
224 524
438 524
64 525
105 525
153 525
187 525
319 525
334 525
349 525
185 526
396 526
120 527
392 528
100 529
232 530
251 530
277 530
465 530
253 531
213 532
290 533
38 534
100 534
443 534
171 535
368 535
380 535
14 536
366 536
374 536
424 536
263 537
301 537
363 537
77 538
136 538
240 538
477 538
216 539
339 539
405 539
153 540
196 540
349 540
269 541
315 541
456 541
268 542
328 542
52 543
75 543
79 543
48 544
96 544
180 544
221 544
225 544
330 544
415 544
279 545
398 545
468 545
98 547
174 547
207 547
278 547
394 547
430 547
26 548
116 548
254 548
290 548
390 548
92 549
446 549
202 550
367 550
477 550
211 551
236 551
301 551
68 552
361 552
232 553
359 553
44 554
157 554
211 554
382 554
65 555
211 555
239 555
459 555
96 556
347 556
237 557
334 557
420 557
89 558
115 558
270 558
336 558
93 559
136 559
241 559
244 560
469 560
13 561
399 561
159 562
287 562
297 562
315 562
37 563
61 563
223 563
310 563
360 563
432 563
254 564
449 564
61 565
201 565
55 566
253 566
237 567
384 567
410 567
256 568
382 568
461 568
60 569
79 570
108 570
208 571
422 571
192 572
336 572
438 572
284 573
169 574
375 574
399 574
402 574
472 574
273 575
284 575
49 576
301 576
318 576
432 576
223 577
143 578
314 578
22 579
65 579
300 579
360 579
411 579
430 579
450 579
126 580
237 580
390 580
235 581
354 581
408 581
70 582
239 582
179 583
248 583
103 584
464 584
254 585
66 586
338 586
40 587
207 587
64 588
313 588
439 588
266 589
278 589
414 589
122 590
206 590
269 590
281 590
307 590
310 590
327 590
368 590
440 590
6 591
286 591
415 591
474 591
58 592
275 592
296 592
391 593
166 594
432 594
90 595
246 595
354 595
388 595
253 597
182 598
374 599
380 599
426 599
448 599
146 600
375 600
376 600
403 600
465 600
341 601
22 602
205 602
132 603
321 603
363 604
73 605
106 605
275 605
308 606
472 606
224 607
293 607
391 607
46 608
241 608
415 608
254 610
437 610
167 611
61 612
348 612
408 612
450 613
94 614
189 614
374 614
36 615
83 618
203 618
328 618
360 619
396 619
457 619
474 619
29 621
133 621
306 621
420 621
224 622
286 622
440 622
114 623
147 623
241 624
268 624
66 625
253 625
11 626
350 626
380 626
164 627
53 628
106 628
175 628
465 628
333 629
98 630
401 630
191 631
434 631
207 633
321 634
366 634
455 634
474 634
33 635
228 635
276 635
303 636
81 637
25 638
386 638
