215 2
419 2
256 4
314 4
377 5
297 6
385 6
404 6
474 6
360 9
199 11
348 11
235 12
274 13
444 14
184 15
328 16
430 17
222 18
416 18
311 19
406 19
163 20
468 20
249 21
461 21
395 22
205 23
378 23
298 24
362 25
284 26
190 28
349 28
235 29
331 30
139 31
268 31
467 31
177 32
320 33
443 33
387 34
413 34
426 34
218 35
305 37
372 37
248 38
290 39
161 41
206 41
290 41
349 41
116 42
336 42
355 42
192 44
198 44
329 45
338 45
451 45
468 45
138 46
183 46
229 46
268 47
326 47
415 47
429 47
193 48
312 48
320 48
413 48
429 48
176 49
183 50
187 50
302 50
380 50
396 50
180 52
363 52
214 53
125 55
241 55
285 55
347 55
366 55
155 56
412 57
441 57
163 58
325 58
340 58
459 58
403 59
430 59
436 59
475 59
264 60
439 60
196 61
309 61
184 63
105 64
299 64
140 65
186 65
234 65
293 65
301 66
368 67
384 67
397 67
171 69
275 69
358 69
367 69
422 69
220 70
343 70
361 70
396 70
165 71
337 71
363 71
408 71
444 71
462 71
166 72
326 72
415 72
126 73
332 73
206 75
261 75
301 76
310 76
248 77
312 77
150 79
189 79
293 79
194 80
106 82
183 82
235 82
279 82
295 82
367 82
387 82
145 83
365 83
378 83
424 83
138 84
178 84
228 84
384 84
397 84
410 84
415 84
447 84
129 85
135 85
268 85
355 85
359 85
371 85
387 85
401 85
413 85
438 85
218 86
264 86
419 86
431 86
461 86
137 87
270 87
330 87
345 87
353 87
364 87
169 88
174 88
220 88
314 88
431 88
213 89
270 89
313 89
327 89
122 90
310 90
217 91
247 92
256 92
292 92
158 93
198 93
239 93
288 94
106 95
235 95
200 96
189 97
197 97
278 97
382 97
396 97
413 97
187 98
227 98
394 98
181 99
357 99
374 99
422 99
476 99
135 100
141 100
265 100
342 100
398 100
412 100
417 100
428 100
431 100
433 100
90 101
223 101
436 101
464 101
131 102
180 102
330 102
331 102
409 102
303 103
317 103
356 103
431 103
129 104
316 104
125 105
129 105
296 105
298 105
448 105
80 106
246 106
287 107
205 108
290 108
459 108
164 109
155 110
287 110
159 111
190 111
230 111
275 111
283 111
108 112
373 112
383 112
402 112
144 113
265 113
271 113
365 113
406 113
272 114
341 114
379 114
381 114
405 114
410 114
185 115
258 115
345 115
474 115
172 116
335 116
356 116
391 116
422 116
133 117
136 117
215 117
260 117
327 117
349 117
358 117
424 117
430 117
129 118
243 118
317 118
292 119
165 120
299 120
303 120
439 120
292 121
443 121
236 122
82 123
460 123
187 124
274 124
149 125
391 125
113 126
216 126
465 126
255 127
371 127
378 127
404 128
420 128
330 129
413 129
422 129
423 129
202 130
319 130
321 130
352 130
355 130
169 131
328 131
340 131
132 132
306 132
425 132
231 133
289 133
323 133
431 133
94 134
270 135
436 135
448 136
181 137
154 138
200 139
251 139
348 139
375 139
400 139
405 139
415 139
80 140
373 140
384 140
391 140
403 140
110 141
339 141
364 141
368 141
412 141
414 141
229 142
295 142
320 142
469 142
140 143
291 143
288 144
303 144
306 144
320 144
427 144
171 145
274 145
425 145
267 146
436 147
247 149
369 149
91 150
154 150
204 150
387 150
447 150
123 151
343 151
358 151
230 152
356 152
390 152
398 152
186 153
303 153
322 153
325 153
407 153
459 154
281 155
283 155
409 155
82 156
280 156
415 156
103 157
211 157
265 157
174 158
474 158
133 159
241 159
247 160
70 161
202 161
435 161
160 162
352 162
229 163
236 163
238 163
308 163
337 163
366 163
396 163
147 165
269 165
291 165
86 166
179 166
221 166
449 166
113 167
379 167
213 168
252 168
408 168
202 170
207 170
334 170
325 171
161 172
238 172
308 172
69 173
153 173
351 173
391 173
427 173
185 174
232 174
234 174
293 174
466 174
282 175
266 176
362 176
91 177
122 177
224 177
171 178
440 178
447 178
210 179
373 179
248 180
409 180
163 182
137 183
231 183
384 183
317 184
330 184
347 184
73 185
189 185
298 185
307 185
217 186
274 187
460 187
100 188
122 188
177 188
91 189
217 189
362 189
400 189
430 189
203 190
250 190
260 190
469 191
57 192
168 192
414 193
139 194
238 194
109 195
333 195
382 195
444 195
157 196
224 196
297 197
342 197
66 198
186 198
308 198
315 198
353 198
234 199
279 199
235 200
264 200
398 200
178 201
364 201
395 201
459 201
122 202
174 202
202 202
408 202
90 203
217 203
434 203
251 204
254 204
379 205
468 205
52 206
136 206
418 206
79 207
110 207
162 207
186 207
188 207
291 207
347 207
312 208
332 208
357 209
391 209
318 210
393 210
272 211
277 211
364 211
443 211
179 212
268 212
403 212
147 213
229 213
257 213
269 213
66 215
118 215
170 215
198 215
378 215
90 217
190 217
319 217
139 218
168 218
212 218
241 218
386 218
388 218
419 218
456 218
157 219
292 219
303 219
184 220
328 220
53 221
237 221
274 221
343 221
403 222
127 223
360 223
464 223
436 224
74 225
222 225
372 225
97 226
251 226
263 226
45 227
250 227
141 228
190 228
384 228
206 229
238 229
416 229
114 230
242 230
303 230
387 230
280 231
290 231
315 231
333 231
343 231
163 232
178 232
275 232
276 232
352 232
394 232
85 233
222 233
427 233
459 233
54 235
364 235
104 236
215 236
262 236
369 236
189 237
403 237
251 238
306 238
72 239
316 239
375 239
471 239
242 240
443 240
143 241
236 241
336 241
120 242
344 242
345 242
415 242
64 243
84 243
175 243
224 243
335 243
388 243
280 244
292 244
137 245
190 245
214 245
265 245
281 245
292 245
300 245
390 245
421 245
81 246
111 246
154 246
263 246
298 246
305 246
357 246
452 246
129 247
57 248
94 248
112 248
167 248
256 248
308 248
319 248
90 249
366 249
110 250
148 250
372 250
200 251
242 252
330 252
405 252
233 253
341 253
464 253
101 254
136 254
441 254
64 255
157 255
102 256
288 256
349 256
157 257
217 257
297 257
303 257
354 257
475 257
151 258
169 258
276 258
315 258
392 258
418 258
150 259
297 259
312 259
82 260
320 260
370 260
452 260
178 261
258 261
403 261
124 262
126 262
205 262
246 262
17 263
325 263
342 263
384 263
51 264
234 264
381 264
64 265
239 265
431 265
354 266
386 266
192 267
81 268
348 268
80 269
140 269
220 269
277 269
293 269
309 269
404 269
266 270
310 270
364 270
469 270
114 271
132 271
16 272
210 272
253 272
270 272
377 272
95 273
131 273
153 273
179 273
255 273
416 273
246 274
384 274
446 274
241 275
245 275
331 275
377 275
28 276
127 276
194 276
394 276
86 277
299 277
346 277
123 278
228 278
393 278
82 279
219 279
67 280
167 280
309 280
363 280
430 280
44 281
101 281
121 281
141 281
309 281
136 282
212 282
326 282
406 282
160 283
183 283
274 284
95 285
112 285
156 285
162 285
203 285
253 285
339 285
376 285
442 285
466 285
21 286
418 286
71 287
194 287
237 287
129 288
242 288
349 288
387 288
51 289
53 289
146 289
227 289
478 289
148 290
172 290
216 290
316 290
11 291
65 291
226 291
233 291
314 291
359 291
325 292
30 293
66 293
103 293
148 293
292 293
428 293
451 293
183 294
284 294
289 294
398 294
205 295
207 295
257 295
271 295
296 295
371 295
80 296
138 296
161 296
203 296
294 296
334 296
410 296
198 297
207 297
141 298
244 298
56 299
112 299
134 299
194 299
310 299
343 299
457 299
92 300
238 300
438 300
53 301
167 301
230 301
302 301
69 302
149 302
169 302
318 302
352 302
19 303
124 303
316 303
467 303
183 304
184 304
395 304
158 305
213 305
360 305
384 305
424 305
33 306
50 306
204 306
256 306
62 307
63 307
86 307
142 307
144 307
272 307
283 307
328 307
402 307
201 308
239 308
409 308
46 309
156 309
197 309
296 309
370 309
170 310
172 310
230 310
337 310
452 310
135 311
98 312
438 312
478 312
7 313
53 313
258 313
311 313
25 314
308 314
73 315
206 315
50 316
319 316
381 316
403 316
68 317
110 317
129 317
132 317
183 317
184 317
354 317
70 318
160 318
428 318
465 318
88 319
204 319
238 319
251 319
290 319
326 319
102 320
241 320
272 320
284 320
364 320
174 321
176 321
235 321
263 321
300 322
337 322
395 322
413 323
477 323
219 324
376 324
395 324
454 324
11 325
80 325
120 325
59 326
347 326
31 327
167 327
438 327
143 328
316 328
424 328
162 329
278 329
406 329
461 329
160 330
185 330
241 330
329 330
359 330
382 330
204 331
288 331
107 332
231 332
389 332
91 333
301 333
219 334
261 334
336 334
21 335
56 335
369 335
114 336
132 336
171 336
271 336
416 336
471 336
153 337
209 337
313 337
376 337
146 338
173 338
451 338
98 339
199 339
200 339
13 340
49 340
70 340
167 340
190 340
287 340
380 340
399 340
403 341
162 342
359 342
433 342
478 342
31 343
189 343
299 343
326 343
365 343
386 343
240 344
254 344
65 345
220 345
262 345
306 345
389 346
440 346
463 346
5 347
78 347
107 347
181 347
43 348
45 348
124 348
139 348
156 348
271 348
372 348
417 348
42 349
315 349
340 349
358 349
370 349
78 350
91 350
283 350
21 351
210 351
377 352
197 353
397 353
446 353
72 354
172 354
174 354
291 354
328 354
380 354
402 354
116 355
353 355
474 355
54 356
148 356
236 356
98 357
130 357
247 357
301 357
428 357
229 358
255 358
69 359
33 360
216 360
343 360
453 360
186 361
211 361
279 361
321 361
94 362
163 362
364 362
411 362
81 363
326 363
179 364
295 364
311 364
124 365
438 365
460 365
106 366
158 366
208 366
272 366
392 366
91 367
155 367
203 367
350 367
352 367
372 367
3 368
135 368
138 368
227 368
240 368
332 368
45 369
193 369
250 369
420 369
75 370
176 370
193 370
305 370
333 370
284 371
353 371
59 372
196 372
322 372
468 372
359 373
403 373
427 373
147 374
263 374
343 374
383 374
97 375
101 375
295 375
362 375
99 376
189 376
218 376
451 376
112 377
349 377
66 378
212 378
15 379
34 379
224 379
232 379
267 379
348 379
389 379
82 380
96 380
126 380
168 380
211 380
332 380
412 380
432 380
353 381
143 382
204 382
212 382
373 382
109 383
140 383
182 383
393 383
205 384
310 384
8 385
137 385
474 385
167 386
286 386
358 386
457 386
250 387
440 387
26 388
152 388
360 388
135 389
137 389
235 389
258 389
380 389
402 389
174 390
196 390
232 390
323 390
324 390
366 390
423 390
45 391
104 391
226 391
265 391
60 392
152 392
219 392
349 392
391 392
104 393
193 393
71 394
173 394
297 394
463 394
103 395
191 395
274 395
351 395
118 396
412 396
241 397
447 397
170 398
211 398
248 398
320 398
378 398
18 399
233 399
239 399
112 400
164 400
180 400
186 400
287 400
342 400
234 401
359 401
433 401
36 402
100 402
128 402
182 402
205 402
436 402
256 403
362 403
419 403
475 403
262 404
383 404
405 404
81 405
142 405
294 405
330 405
441 405
109 406
266 406
14 407
48 407
313 407
437 407
159 408
197 408
198 408
223 408
269 408
460 408
228 410
277 410
370 410
407 410
30 411
132 411
392 411
62 412
172 412
446 412
77 413
197 413
274 413
335 413
353 413
428 413
318 414
464 414
215 415
245 415
302 415
191 416
375 416
92 418
130 418
213 418
236 418
240 418
289 418
413 418
170 419
248 419
252 419
255 419
398 419
40 420
450 420
104 421
169 421
250 421
264 421
342 421
156 422
235 422
245 422
308 422
5 423
215 423
255 423
263 423
325 423
361 423
438 423
473 423
53 424
115 424
167 424
383 424
211 425
329 425
344 425
422 425
192 426
267 426
33 427
178 427
271 427
423 427
406 428
67 429
232 429
330 429
332 429
388 429
150 430
295 430
314 430
210 431
231 431
464 431
16 432
191 432
274 432
123 433
135 433
179 433
194 433
229 433
330 433
350 433
449 433
189 434
192 434
225 434
430 434
82 435
257 435
316 435
412 435
165 436
277 436
96 437
147 437
251 437
111 438
222 438
336 438
371 438
396 438
10 439
60 439
189 439
208 439
227 439
279 439
401 439
415 439
431 439
478 439
178 440
257 440
243 441
260 441
355 441
399 441
241 442
282 442
436 442
456 442
131 443
163 443
166 443
253 444
342 444
376 444
146 445
265 445
302 445
316 445
418 445
90 446
165 446
243 446
279 446
403 446
21 447
76 447
135 447
176 447
330 447
343 447
240 448
261 448
391 448
442 448
57 449
135 449
208 449
120 450
161 450
191 450
226 450
284 450
318 450
382 450
423 450
4 451
245 451
247 451
262 451
344 451
345 451
144 452
358 452
371 452
102 453
131 454
161 454
224 454
302 454
334 454
394 454
175 455
448 455
227 456
230 456
253 456
361 456
430 456
34 457
398 457
413 457
213 458
320 458
146 459
177 459
271 459
374 459
101 460
148 460
194 460
84 461
118 461
244 461
419 461
334 462
349 462
389 462
377 463
42 464
160 464
192 464
267 464
458 464
100 465
439 465
145 466
23 467
161 467
198 467
58 468
263 468
264 468
270 468
339 468
405 468
129 469
200 469
217 469
350 469
365 469
423 469
82 471
164 471
181 471
312 471
326 471
397 471
184 472
223 472
257 472
201 473
229 473
240 473
256 473
38 474
249 474
367 474
476 474
244 475
251 475
428 475
127 476
463 476
114 477
129 477
206 477
279 477
291 477
398 477
447 477
164 478
343 478
184 479
386 479
401 479
415 479
21 480
54 480
185 480
147 481
305 481
372 481
82 482
99 482
292 482
329 482
466 482
389 483
129 485
263 485
358 485
434 485
114 486
187 486
220 486
35 487
374 487
233 488
244 488
404 488
303 489
457 489
16 490
243 490
255 490
317 490
440 490
473 490
196 491
254 491
332 491
390 491
67 492
81 492
347 492
150 493
303 493
51 494
98 494
169 494
290 494
302 495
186 496
272 496
317 496
364 496
381 496
13 497
35 497
209 497
273 497
306 497
425 497
152 498
269 498
466 498
118 499
222 500
300 500
334 500
173 501
351 501
413 501
33 502
97 502
451 502
260 503
283 503
319 503
367 503
432 503
83 504
236 504
249 504
284 504
300 504
67 505
135 505
288 505
318 505
398 505
300 506
369 506
386 506
107 507
155 507
355 508
457 508
374 509
474 509
178 510
197 510
419 510
68 512
280 512
371 512
309 514
317 514
405 514
332 515
377 515
444 515
163 516
207 516
271 516
343 516
83 517
218 517
249 517
264 517
297 517
466 517
14 518
33 518
53 518
98 518
187 518
426 518
240 519
390 520
126 521
144 521
228 521
261 521
293 521
167 522
170 522
172 522
194 522
394 522
432 523
112 524
195 524
413 524
102 525
111 525
173 525
251 525
362 525
395 525
450 525
34 526
128 526
102 527
195 527
348 527
474 527
379 528
208 529
304 529
151 530
156 530
232 530
291 530
17 531
220 531
383 531
434 531
87 532
88 532
150 532
319 532
399 532
32 533
135 533
275 533
459 533
56 534
73 534
367 534
381 534
188 535
335 535
383 535
266 536
418 537
92 538
163 538
255 538
464 538
443 539
94 540
353 540
469 540
140 541
220 541
121 542
176 542
246 542
372 542
403 542
144 543
163 543
237 543
386 543
79 544
170 544
389 544
40 546
61 546
127 547
23 548
84 548
428 548
477 548
125 549
148 549
340 549
359 549
128 550
305 550
394 550
109 551
111 551
181 551
182 551
394 551
125 552
266 552
297 552
6 553
210 553
412 553
224 554
257 554
134 555
192 555
162 556
165 556
243 556
361 556
459 556
50 557
291 557
90 558
142 558
376 558
316 559
391 559
281 560
419 560
439 560
119 561
139 561
378 561
49 562
148 562
149 562
346 562
382 562
22 563
77 563
145 563
213 564
231 564
103 565
179 565
336 565
366 565
184 566
264 566
349 566
381 566
425 566
306 567
405 567
58 568
123 568
159 568
298 568
369 568
128 569
161 569
287 569
433 569
450 569
190 570
194 571
110 572
116 572
138 572
189 572
247 572
41 573
134 573
192 573
278 573
341 573
476 573
69 574
90 574
137 574
354 574
44 575
62 575
204 575
360 575
432 575
273 576
329 576
389 576
411 576
413 576
45 577
65 577
221 577
374 577
438 577
180 578
267 578
394 578
122 579
183 579
342 579
311 580
419 580
421 580
463 580
230 581
422 581
124 582
153 582
258 582
297 582
362 582
128 583
157 583
190 583
426 583
223 584
250 584
336 584
380 584
238 585
406 585
445 585
83 586
206 586
288 586
166 587
212 587
224 587
382 587
58 588
110 588
137 588
168 588
202 588
213 588
282 588
352 588
354 589
13 590
318 590
373 590
385 591
457 591
46 592
145 592
437 592
48 593
150 593
176 593
273 593
120 594
263 594
313 594
75 595
147 595
306 595
362 595
418 595
156 596
367 596
183 597
355 597
396 597
399 597
188 598
237 598
370 598
60 599
98 599
199 599
224 599
298 599
34 600
161 600
222 600
345 600
376 600
398 600
238 601
291 601
329 602
472 602
132 603
432 603
10 604
108 604
249 604
274 605
16 607
318 607
213 608
385 608
438 608
267 609
78 610
120 610
147 610
206 610
157 611
414 611
221 612
302 612
56 613
126 614
187 614
233 614
94 615
359 615
425 615
295 616
401 616
31 617
337 617
104 618
134 618
281 619
323 620
380 620
463 620
251 621
312 621
233 622
389 622
412 623
47 624
209 624
75 625
197 625
225 625
448 627
286 628
124 630
61 631
353 631
374 632
333 633
272 635
321 635
402 635
306 636
