260 15
215 18
267 19
314 21
230 24
279 25
168 26
243 27
327 27
177 29
214 30
248 31
291 31
372 33
187 34
266 37
230 38
350 39
310 40
207 41
158 42
274 42
165 45
319 45
176 46
245 47
288 48
360 48
395 48
128 52
252 52
149 55
260 55
339 55
415 55
371 56
219 57
304 57
164 59
268 60
377 61
90 62
430 62
186 63
315 63
275 64
105 65
235 65
197 67
355 68
206 69
245 69
290 69
150 71
251 71
440 71
327 72
412 72
216 73
220 73
294 73
461 73
390 74
165 75
304 75
264 76
337 76
88 77
175 77
368 77
112 79
187 79
121 81
133 81
348 82
399 82
205 83
281 83
124 84
136 84
434 84
377 85
320 86
158 87
225 87
354 87
63 88
146 88
236 88
243 88
156 89
326 89
161 90
296 90
78 91
337 92
94 93
177 93
362 93
186 95
259 95
391 95
132 96
194 96
413 96
203 98
267 98
311 98
281 100
47 101
51 101
145 101
347 101
459 101
156 102
375 102
65 103
425 103
281 104
229 106
298 106
401 106
90 107
324 107
382 107
110 108
169 108
244 108
295 108
333 109
464 109
122 110
256 111
307 111
471 111
135 112
182 112
130 113
149 113
150 113
264 113
270 113
440 113
195 115
310 115
363 115
346 116
416 116
206 118
281 118
44 119
448 119
67 120
77 120
215 120
225 120
287 120
88 121
90 121
320 121
420 121
118 122
86 123
88 123
116 123
293 123
104 124
236 124
330 124
356 124
383 124
387 124
120 125
244 125
431 125
167 126
153 128
163 129
261 129
176 130
307 130
396 131
186 132
368 132
35 133
192 133
413 133
93 134
180 134
348 134
53 135
88 135
206 135
284 135
69 136
93 136
96 136
183 136
191 136
321 136
81 137
96 137
193 137
226 137
380 137
377 139
299 140
471 140
111 141
125 141
143 142
242 142
360 142
382 142
340 143
432 143
155 144
32 145
257 145
415 145
308 146
168 147
269 147
479 147
186 148
371 148
197 149
61 150
70 150
167 150
389 150
84 151
174 151
222 151
391 151
397 151
186 152
282 152
450 152
91 153
107 153
319 153
205 154
292 154
26 155
120 155
237 155
359 155
328 156
37 157
142 158
161 160
251 160
367 160
157 161
338 161
379 161
258 162
263 162
336 162
465 162
412 163
180 164
188 165
273 165
388 165
414 165
267 166
88 167
109 167
266 167
348 167
440 167
206 168
74 169
97 169
216 169
90 170
106 170
121 170
273 170
356 170
25 171
101 171
323 171
421 171
452 171
129 172
228 172
289 172
427 172
108 173
138 173
242 174
362 174
430 174
434 175
151 176
159 176
163 176
304 176
403 176
252 177
167 178
339 178
372 178
408 178
163 179
173 179
184 179
407 180
435 180
463 180
185 181
189 181
195 181
265 182
313 182
341 182
436 182
202 183
275 183
419 183
99 184
194 184
278 184
383 184
58 185
74 185
101 185
200 185
322 185
45 186
88 186
95 186
214 186
322 186
326 186
353 186
419 186
474 186
117 187
129 187
453 188
18 189
163 189
224 189
298 189
155 190
428 190
13 191
167 191
395 191
174 192
175 192
245 192
249 193
341 193
360 193
403 193
428 194
192 195
204 195
432 195
320 196
279 197
372 197
405 197
103 198
286 198
330 200
413 200
135 201
147 201
149 201
327 201
58 202
76 202
92 202
99 202
105 202
90 203
167 203
299 203
418 203
447 203
342 204
389 204
41 205
61 205
194 205
204 205
223 205
236 205
278 205
384 205
58 206
212 206
473 206
14 207
25 207
224 207
250 207
177 208
252 208
259 208
355 208
249 209
261 210
6 211
362 211
323 212
406 213
407 213
431 213
436 213
126 214
437 214
108 215
145 215
268 215
281 215
324 215
100 216
127 216
141 216
334 216
85 217
99 217
227 217
373 217
94 218
158 218
188 218
236 218
72 219
82 219
173 219
295 219
379 219
383 219
90 220
167 220
301 220
415 220
68 221
186 221
242 221
351 221
390 221
58 222
72 222
194 222
199 222
460 222
59 223
261 223
314 223
354 223
355 223
215 224
262 224
398 224
422 224
429 224
268 225
422 225
218 226
272 226
329 226
21 227
399 227
13 228
127 228
325 228
432 228
141 229
367 229
368 229
478 229
143 230
236 230
331 230
98 231
126 231
129 231
134 231
140 231
153 231
155 231
284 231
376 231
111 232
114 232
410 233
443 233
168 234
171 234
340 234
343 234
378 234
296 235
439 235
84 236
198 236
256 236
307 236
217 237
451 237
224 238
68 239
226 239
238 240
319 240
324 240
394 240
58 241
225 241
276 241
360 241
394 241
327 242
403 242
27 243
34 243
48 243
432 243
99 244
401 244
468 244
112 245
125 245
141 245
152 245
362 245
7 246
294 246
164 247
254 247
371 247
177 248
204 248
172 249
182 249
195 249
212 249
378 249
412 249
217 250
308 250
345 250
411 250
231 251
268 251
479 251
226 252
227 252
386 252
102 255
243 255
359 255
392 255
448 255
27 256
76 256
64 257
88 257
130 257
295 257
298 257
425 257
399 259
425 259
175 260
260 260
308 260
336 260
136 261
143 261
166 261
183 261
370 261
402 261
7 262
153 262
202 262
214 262
432 262
52 263
195 263
277 263
380 263
460 263
472 263
346 264
411 264
43 265
221 265
227 266
290 266
435 266
437 266
232 267
287 267
36 268
240 268
242 268
323 268
415 268
23 270
101 271
116 271
335 271
360 271
423 271
181 272
193 272
264 272
393 272
9 273
134 273
149 273
177 273
303 273
308 273
165 274
199 274
206 274
214 274
311 274
82 275
316 275
70 276
275 276
236 277
378 277
434 277
347 278
456 278
60 279
416 279
324 280
462 280
252 281
386 282
123 283
135 283
116 284
141 284
151 284
185 284
194 284
221 284
263 284
299 284
335 284
102 285
165 285
169 285
191 285
368 285
424 285
446 285
203 286
229 286
398 286
22 287
209 287
311 287
402 287
88 288
367 288
469 288
9 289
399 289
78 290
345 290
255 291
433 291
377 292
282 293
325 293
413 293
61 294
192 294
376 294
165 295
216 295
225 295
230 295
297 295
357 295
390 295
445 295
51 296
125 296
177 296
220 296
113 297
422 297
399 298
422 298
37 299
243 299
336 300
458 300
145 301
94 302
266 302
314 302
371 302
140 303
349 303
218 304
409 304
90 305
84 306
186 306
390 306
163 307
199 307
229 307
284 307
440 307
472 307
67 308
177 308
155 309
299 309
416 309
249 310
301 310
335 310
419 310
365 311
378 311
262 313
315 314
431 314
452 314
121 315
345 315
213 316
23 317
277 317
373 317
383 317
384 317
406 317
433 317
106 318
148 318
225 318
357 318
432 318
11 319
88 319
203 319
329 319
174 320
204 320
222 320
238 320
296 320
393 320
186 321
52 322
255 323
74 324
81 324
255 324
395 324
399 324
416 324
467 324
310 325
43 326
148 326
274 326
341 326
424 327
134 328
322 328
373 328
26 329
282 329
289 329
452 329
219 330
350 330
428 330
63 331
181 331
194 331
204 331
231 331
245 331
326 331
374 331
111 332
378 332
384 332
428 332
243 333
251 334
299 334
357 334
411 334
432 334
253 335
95 336
46 337
87 337
265 337
416 337
161 338
167 338
275 338
313 338
385 338
86 339
419 339
27 340
37 340
79 340
158 340
168 340
283 340
343 340
402 340
444 340
115 341
467 341
325 342
370 342
391 342
68 343
225 343
226 343
292 343
109 344
141 344
220 344
237 344
329 344
376 344
100 345
203 345
247 345
127 346
195 346
215 346
57 347
179 347
358 347
376 347
377 347
415 347
430 347
11 348
207 348
261 348
333 348
337 348
260 349
377 349
417 349
436 349
167 350
227 350
307 350
458 350
157 351
305 351
341 351
384 351
2 352
82 352
84 352
321 352
352 352
112 353
231 353
41 354
279 354
411 354
465 354
291 355
352 355
368 355
105 356
125 356
138 356
239 356
441 356
69 357
220 357
247 357
290 357
28 358
417 358
197 359
209 359
258 359
300 359
335 359
61 360
397 360
398 360
420 360
118 361
262 361
86 362
179 362
337 362
153 363
405 363
478 363
313 364
10 365
47 365
314 365
352 365
405 365
82 366
277 366
384 366
457 366
98 367
232 367
345 367
349 367
438 367
139 368
358 368
414 368
77 369
85 369
241 369
292 369
325 369
196 370
416 370
436 370
68 371
256 371
364 371
466 371
117 372
257 372
414 372
28 373
184 373
244 373
393 373
443 373
209 374
229 374
262 374
304 374
422 374
60 375
110 375
166 375
333 375
152 376
374 376
275 377
279 377
354 377
400 377
59 378
475 378
53 379
91 379
96 380
124 380
140 380
284 380
453 380
43 381
88 381
346 381
207 383
74 384
109 384
223 384
235 384
367 384
411 384
432 384
184 385
197 385
388 385
74 386
391 386
71 387
171 387
248 387
297 387
369 387
467 387
393 388
31 389
101 389
129 389
332 389
356 389
157 390
268 390
309 390
25 391
146 391
150 391
266 391
55 392
400 392
423 392
90 393
279 393
341 393
48 394
84 394
114 394
446 394
135 395
346 395
381 395
404 395
426 395
54 396
182 396
254 396
49 397
83 397
104 397
210 397
407 397
106 398
230 398
292 398
329 398
349 398
102 399
160 399
464 399
45 400
434 400
67 401
72 401
162 401
304 401
373 401
391 401
334 402
374 402
91 403
121 403
314 403
456 403
34 404
141 405
318 405
421 405
361 406
184 407
216 407
267 407
341 407
462 407
80 408
109 408
201 408
363 408
405 408
407 408
75 409
130 409
192 409
427 409
21 410
172 410
232 410
282 410
388 410
74 411
309 411
332 411
15 412
369 412
432 412
248 413
44 414
66 414
290 414
376 414
434 414
449 414
93 415
412 415
358 416
115 417
375 417
418 417
420 417
381 418
439 418
36 419
136 419
227 419
304 419
321 419
460 419
477 419
75 420
185 420
345 420
74 421
256 421
29 422
106 422
164 422
175 422
240 422
404 422
269 423
313 423
330 424
369 424
373 425
433 425
451 425
96 426
151 426
388 426
54 427
286 427
392 427
135 428
474 428
88 429
289 429
415 429
45 430
122 430
296 431
325 431
200 432
219 432
323 432
360 432
81 433
235 433
247 433
343 433
402 433
447 433
72 434
183 435
363 435
403 435
108 436
429 436
158 437
170 437
270 437
63 438
428 438
472 438
281 439
283 439
318 439
392 439
98 440
147 440
337 440
356 440
357 441
135 443
361 443
443 443
199 444
295 444
190 445
86 446
220 446
238 446
384 446
48 447
120 447
181 447
252 447
302 447
326 447
330 447
404 447
172 448
303 448
422 448
78 449
179 449
310 449
388 449
470 449
164 450
268 450
273 451
370 451
108 452
61 453
282 453
352 453
356 453
374 453
453 453
58 454
135 454
313 454
147 455
212 455
337 455
358 455
314 456
342 456
95 457
376 457
183 458
383 458
47 459
48 459
174 459
197 459
187 460
233 460
238 460
298 460
320 460
125 461
169 461
176 461
256 461
363 461
446 461
85 462
119 462
161 462
215 462
386 462
424 462
259 463
264 463
326 463
271 465
304 465
347 465
368 465
107 466
287 466
327 466
350 466
77 467
197 467
150 468
51 469
281 469
396 469
31 470
77 470
336 470
417 470
478 470
68 471
99 471
312 471
334 471
168 472
223 472
333 472
357 472
461 472
242 473
381 473
136 474
295 474
398 474
319 475
402 475
425 475
62 476
89 476
198 476
256 476
122 477
250 477
153 478
342 478
343 478
181 479
182 479
269 479
365 479
15 480
40 480
262 480
388 480
449 480
366 481
407 481
139 482
236 482
106 483
173 483
279 483
329 483
392 484
73 485
104 485
233 485
312 485
329 485
411 485
435 485
162 486
221 486
287 486
353 486
395 486
439 486
210 487
416 487
97 488
152 488
157 488
214 488
226 488
462 488
27 489
127 489
234 489
376 489
193 490
235 490
243 490
252 490
60 491
120 491
266 491
356 491
118 492
182 492
265 492
401 492
52 493
87 493
404 493
426 493
145 494
302 494
142 495
171 495
359 495
364 495
314 496
385 496
427 496
276 497
73 498
107 498
161 498
340 498
451 498
473 498
41 499
158 499
279 499
348 499
321 500
368 500
153 501
196 501
186 502
195 502
347 502
435 502
96 503
123 503
291 503
63 504
224 504
348 504
391 504
397 504
31 505
115 505
144 505
185 505
248 505
395 505
413 505
436 505
212 506
242 506
353 506
371 506
57 507
229 507
239 507
256 507
458 507
84 508
136 508
172 508
173 508
266 508
304 508
333 508
355 508
22 510
161 510
268 510
200 511
465 511
105 512
135 512
439 512
100 513
314 513
384 513
407 513
423 513
104 514
280 514
339 514
360 514
364 514
406 514
15 515
71 515
123 515
154 515
186 515
383 515
387 515
41 516
94 516
184 516
345 517
385 517
387 517
448 517
178 518
319 518
472 518
142 519
237 519
429 519
434 519
117 520
224 520
342 520
391 520
61 521
246 521
292 521
172 522
214 522
216 522
255 522
345 522
411 522
435 522
478 522
85 523
167 523
197 523
201 523
290 523
432 523
434 523
455 523
132 524
206 524
324 524
201 525
264 525
419 525
104 526
159 526
298 526
436 526
383 527
418 527
188 528
197 528
301 528
422 528
47 529
273 529
307 529
402 529
154 530
179 530
401 530
73 531
284 531
352 531
464 531
145 532
176 532
238 532
280 532
329 532
367 532
444 532
95 533
146 533
227 533
233 533
250 533
257 533
351 533
234 534
69 535
115 535
311 535
334 535
311 536
36 537
203 537
216 537
428 537
62 538
166 538
288 538
335 538
453 538
136 539
412 539
85 540
375 540
408 540
411 540
476 540
157 541
195 541
184 542
298 542
320 543
339 543
359 543
360 543
56 544
124 544
160 544
191 544
234 545
245 545
322 545
415 545
459 545
100 546
223 546
266 546
342 546
415 546
438 546
124 547
229 547
236 548
241 548
250 548
347 548
172 549
213 549
274 549
302 549
325 549
347 549
399 549
20 550
47 550
72 550
169 550
246 550
270 550
342 550
384 550
425 550
93 551
115 551
135 551
283 551
324 551
351 551
366 551
423 551
165 552
203 553
208 553
284 553
353 553
424 553
426 553
144 554
190 554
213 554
403 554
448 554
472 554
204 555
351 555
130 556
310 556
106 557
144 557
332 557
350 557
426 557
87 558
159 558
180 559
182 559
224 559
265 559
391 559
59 560
294 560
319 560
410 560
454 560
258 561
175 562
249 562
271 562
315 562
376 562
57 563
100 563
249 563
264 563
299 563
336 563
363 563
55 564
433 564
77 565
114 565
240 565
438 565
133 566
276 566
354 566
302 567
343 568
401 568
25 569
192 569
228 569
400 569
418 569
44 570
283 570
464 570
322 571
143 572
203 572
206 572
210 572
308 572
402 572
71 573
263 573
288 573
89 574
208 574
291 574
404 574
421 574
254 575
255 575
257 575
307 575
389 575
445 575
471 575
125 576
154 576
248 576
293 576
372 576
184 577
216 577
260 577
271 577
306 577
409 578
411 578
425 578
31 579
136 579
221 579
361 579
407 579
452 579
83 580
218 580
241 580
478 580
162 581
361 581
55 582
149 582
197 582
332 582
430 582
116 583
312 583
362 583
279 584
313 584
365 584
394 584
212 585
284 585
286 585
287 585
348 585
414 585
179 586
364 586
461 586
265 587
367 587
379 587
54 588
78 588
130 588
208 588
232 588
267 588
276 588
364 588
380 588
222 589
401 589
110 590
190 590
159 591
254 591
313 591
92 592
419 593
71 594
236 594
338 594
356 594
204 595
455 595
69 596
322 596
373 596
421 597
116 598
127 598
372 598
204 599
233 599
267 599
305 599
219 600
156 601
276 601
246 602
294 602
405 602
170 603
442 603
467 603
44 604
201 604
185 605
126 606
218 606
253 606
358 606
473 606
84 607
232 607
389 607
317 608
23 609
410 609
450 609
112 611
151 611
169 611
199 612
357 612
218 613
262 613
305 613
337 613
378 613
416 613
432 613
139 614
236 614
458 614
82 615
185 616
280 617
294 617
138 619
361 619
96 620
202 620
221 621
331 621
465 621
378 622
396 622
184 623
247 623
405 623
321 624
120 626
167 626
354 626
270 627
287 627
309 627
228 628
257 628
449 629
83 630
299 630
346 630
241 631
187 634
270 634
121 636
338 636
205 637
236 638
369 638
