283 26
232 28
236 30
298 32
251 35
258 38
268 39
324 40
280 41
340 43
199 44
386 45
293 46
227 47
239 47
213 48
351 48
306 49
245 52
257 53
365 53
402 53
145 55
264 56
275 56
408 56
327 58
412 58
426 58
231 59
171 60
282 60
288 61
378 61
190 62
434 62
295 63
342 63
242 65
205 66
249 66
309 67
356 67
256 68
392 68
450 68
118 70
363 70
227 71
135 72
156 72
266 72
426 72
146 73
400 73
328 75
179 76
464 76
375 77
193 78
187 79
198 79
283 80
382 80
437 80
343 81
294 82
222 83
313 83
237 84
245 84
303 84
418 84
355 85
399 87
400 87
118 88
136 88
141 88
321 88
358 88
175 89
369 89
154 90
181 90
265 90
178 91
183 91
189 91
190 91
199 91
203 91
326 91
369 91
460 91
211 92
224 92
431 92
217 93
336 93
340 93
213 94
238 94
276 94
282 95
479 95
299 96
409 96
236 97
382 97
250 98
339 98
350 98
298 99
107 100
394 100
118 101
162 101
133 102
149 102
306 102
356 102
359 102
448 103
167 104
180 104
317 104
428 104
363 105
197 106
207 107
220 107
337 107
401 107
241 109
376 109
461 109
209 110
226 110
336 110
69 111
79 111
238 111
264 111
282 111
384 111
377 112
60 113
86 113
106 113
387 114
415 114
121 115
145 115
153 116
170 116
286 116
352 116
388 116
170 117
300 117
442 117
311 119
423 119
478 119
197 120
224 120
324 120
361 120
216 122
368 123
430 123
324 124
451 124
84 125
244 125
334 125
231 126
378 126
457 126
74 127
98 127
340 127
51 128
156 128
165 128
170 128
408 128
114 129
119 129
133 129
286 129
462 129
114 130
273 130
184 131
289 131
290 131
179 132
288 132
193 133
303 133
356 133
393 133
309 134
352 134
475 134
200 135
294 135
310 135
316 135
212 137
430 137
90 138
330 138
369 139
404 139
51 140
86 140
105 140
228 140
143 141
165 141
241 141
130 142
151 142
175 142
188 142
380 142
445 142
178 143
194 143
252 143
343 143
460 143
184 144
262 145
274 145
288 146
291 146
417 146
285 148
289 149
293 149
358 149
304 150
317 150
399 150
308 151
310 151
319 151
153 154
429 154
37 155
73 155
82 155
159 155
178 155
375 155
122 156
165 156
199 156
214 156
337 156
466 156
44 157
51 157
88 157
109 157
133 157
182 157
200 157
224 157
412 157
92 158
114 158
145 158
110 159
242 159
258 160
278 160
353 160
441 160
243 161
256 161
382 161
385 161
395 161
282 162
423 164
304 165
400 165
451 165
309 166
364 166
323 167
405 167
144 169
175 169
194 169
320 169
90 170
125 170
149 170
194 170
327 170
71 171
81 171
100 171
117 171
166 171
176 171
207 171
152 172
277 172
332 172
376 172
409 172
411 172
417 172
61 173
148 173
229 173
243 173
339 173
434 173
15 174
220 174
251 174
287 174
353 174
385 174
24 175
240 175
278 175
351 175
421 175
345 176
467 176
259 177
436 177
396 179
261 180
263 180
317 180
431 180
445 180
365 181
368 181
81 182
100 182
303 182
309 182
367 182
129 183
150 183
120 184
159 184
317 184
373 184
140 185
142 185
173 185
408 185
196 186
335 186
161 187
333 187
379 187
213 188
382 188
202 189
245 189
63 190
229 190
236 190
239 190
384 190
31 191
38 191
76 191
278 191
422 191
464 191
264 192
350 192
425 192
10 193
88 193
262 193
275 193
383 193
398 194
271 195
288 195
300 195
434 195
303 196
363 197
366 197
401 197
177 198
178 198
181 198
479 198
197 199
199 199
300 199
319 199
121 200
144 200
148 200
156 200
185 200
195 200
311 200
314 200
376 200
127 201
445 201
110 202
218 202
209 203
248 203
375 203
450 203
232 204
327 204
385 204
240 205
250 205
342 205
78 206
415 206
52 207
64 207
263 207
352 207
354 207
457 207
41 208
277 209
16 210
26 210
362 210
427 210
424 211
425 211
154 212
286 212
299 212
130 213
308 213
468 213
150 214
157 214
188 214
145 215
166 215
215 215
372 215
129 216
176 216
234 216
384 216
437 216
112 217
254 217
344 218
479 218
100 219
120 219
123 219
254 219
325 219
329 219
351 219
351 220
389 220
395 220
453 221
84 222
394 222
366 223
37 224
400 224
407 224
365 225
51 226
70 226
343 226
414 226
18 227
45 227
176 227
192 227
211 227
229 227
301 227
245 228
277 228
6 229
134 229
237 229
257 229
267 229
288 229
308 229
316 229
421 229
165 230
472 230
144 231
151 231
265 231
385 231
134 232
143 232
327 232
264 233
334 233
389 233
146 234
330 234
120 235
400 236
439 236
99 237
348 237
43 238
368 238
449 238
88 239
457 239
293 240
74 241
196 241
204 241
368 241
170 242
185 242
221 242
420 242
238 243
261 243
309 243
160 244
250 244
6 245
381 245
466 245
143 246
329 246
60 248
339 248
388 248
433 249
128 250
284 250
398 250
476 251
42 252
43 253
118 253
305 253
352 253
445 254
219 255
363 255
410 255
190 256
198 256
230 256
258 256
379 256
237 257
324 257
375 257
28 258
160 258
165 258
174 258
263 258
83 259
172 259
283 259
461 259
16 261
293 261
343 261
387 261
428 261
74 262
77 262
306 262
69 263
73 263
394 263
59 265
139 265
361 267
439 267
130 268
322 268
479 268
189 269
206 269
218 269
447 269
121 270
162 270
229 270
412 270
40 271
177 271
238 271
248 271
263 271
279 271
335 271
375 271
455 272
111 273
275 273
278 273
294 273
350 273
89 274
97 274
31 275
75 275
460 275
22 276
311 276
426 276
76 277
365 277
70 278
327 279
468 279
184 280
404 280
167 281
193 281
194 282
227 282
376 282
438 282
64 283
152 283
233 283
250 283
479 283
56 284
140 284
201 284
209 284
219 284
269 284
282 284
345 284
414 284
136 285
202 285
44 286
89 286
358 286
295 287
392 287
418 288
35 289
451 289
42 290
45 290
311 290
26 291
116 291
19 292
325 292
403 292
428 292
198 293
334 293
462 293
72 294
100 294
106 294
177 294
232 294
245 294
264 294
269 294
9 295
181 295
260 295
275 295
290 295
379 295
64 296
166 296
216 296
275 296
333 296
343 296
409 296
415 297
306 298
446 298
64 299
344 299
86 300
91 300
146 300
152 301
357 301
358 301
392 301
22 302
135 302
146 302
321 302
455 302
55 303
132 303
75 304
221 305
253 305
368 305
403 305
404 305
126 306
201 306
207 306
217 306
332 306
46 307
48 307
189 307
204 307
232 307
266 307
275 307
288 307
295 307
437 307
9 308
182 308
303 308
378 308
436 308
471 308
168 310
315 310
414 310
325 311
446 312
157 313
350 313
153 314
87 315
259 315
394 315
29 316
88 316
143 316
144 316
284 316
299 316
364 316
421 316
425 316
24 317
231 317
243 317
428 317
458 317
76 319
189 319
311 319
468 319
14 320
126 320
138 320
187 320
191 320
226 320
430 320
54 321
119 321
319 321
326 321
407 321
180 322
52 323
63 323
213 323
334 323
382 323
48 324
117 324
170 324
417 324
51 325
118 325
206 325
101 326
105 326
284 326
352 326
458 326
102 327
103 327
42 328
44 328
100 328
107 328
160 328
265 328
298 328
155 329
230 329
244 329
253 329
188 330
192 330
307 330
366 330
429 330
150 331
317 331
405 331
85 332
222 332
445 332
148 333
177 333
329 333
410 333
434 333
30 334
133 334
71 335
384 335
73 336
62 337
413 337
475 337
66 338
108 338
115 338
349 338
452 338
189 339
194 339
271 339
281 339
293 339
57 340
179 340
200 340
201 340
363 340
422 340
173 341
216 341
307 341
397 341
99 342
241 342
253 342
307 342
57 343
154 344
432 344
463 344
44 345
91 345
147 345
153 345
84 346
124 346
410 346
44 347
46 347
89 347
342 347
379 347
34 349
79 349
141 349
225 349
215 350
286 350
299 350
271 351
286 351
419 351
72 352
105 352
201 352
260 352
299 352
307 352
357 352
395 352
447 352
24 353
109 353
162 353
183 353
200 353
319 353
110 354
311 354
366 354
424 354
479 354
322 355
17 356
103 356
62 357
94 357
130 357
333 357
50 358
407 358
248 359
343 359
381 359
50 360
51 360
161 360
233 360
413 360
48 361
87 361
224 361
251 361
44 362
438 362
458 362
359 363
44 364
113 364
204 364
305 364
41 365
145 366
150 366
207 366
283 366
403 366
175 367
262 367
271 367
102 368
426 368
445 368
29 369
95 369
135 369
247 369
255 369
327 369
63 370
164 370
195 370
292 370
373 370
234 372
125 373
160 373
163 373
223 373
236 373
239 373
388 373
180 374
347 374
154 375
156 375
306 375
436 375
77 376
115 376
147 376
149 376
173 376
420 376
79 377
358 377
45 378
47 378
275 378
287 378
314 378
110 379
258 379
367 379
463 379
49 380
264 380
279 380
142 381
256 381
36 382
45 382
69 382
330 382
405 382
136 383
243 383
245 383
185 384
96 385
381 385
96 386
128 386
151 386
220 386
344 386
57 387
58 387
453 387
308 388
57 389
167 389
300 389
392 389
205 390
359 390
54 391
121 391
256 391
116 392
251 392
262 392
324 392
415 392
432 392
114 393
142 393
156 393
199 393
286 393
461 393
44 394
78 394
139 394
188 394
231 394
241 394
250 394
251 394
276 394
370 394
181 395
247 395
329 395
106 396
231 396
297 396
318 396
341 396
441 396
135 397
148 397
422 397
467 397
105 398
217 398
132 399
176 399
410 399
213 400
384 400
352 401
63 402
127 402
203 403
206 403
452 403
478 403
155 404
274 404
362 404
94 405
120 405
315 405
249 406
283 406
304 406
458 406
175 407
315 407
436 407
116 408
237 408
228 409
335 409
422 409
194 410
230 410
375 410
400 410
224 411
138 412
168 412
345 412
425 412
468 412
212 414
407 414
450 414
183 415
201 416
475 416
68 417
99 417
248 417
259 417
277 417
292 417
359 417
122 418
123 418
201 418
205 418
296 418
415 418
150 419
245 419
260 419
276 419
291 419
307 419
311 419
396 419
94 420
230 420
459 420
114 421
371 421
228 422
318 422
442 423
187 425
157 426
384 426
407 426
134 427
333 427
430 427
472 427
208 428
248 428
282 428
248 429
257 429
267 429
273 429
347 429
74 430
102 430
298 430
454 430
41 431
148 431
175 431
238 431
301 431
197 432
395 432
121 433
438 433
225 434
226 434
355 434
141 435
215 435
423 435
89 437
203 437
214 437
446 437
159 438
134 439
369 439
111 440
182 440
259 440
293 440
306 440
411 440
471 440
250 441
261 441
280 441
320 441
322 441
348 441
56 442
76 442
78 442
79 442
239 442
335 443
379 443
395 443
435 443
230 444
348 444
458 444
52 445
105 445
174 445
358 447
42 448
98 448
355 448
45 449
161 449
216 449
207 451
358 451
62 452
154 452
188 452
265 452
266 452
277 452
285 452
288 452
390 452
407 452
292 453
297 453
319 453
409 453
245 454
300 454
309 454
371 454
430 454
471 454
114 455
458 455
147 456
326 456
235 457
111 458
139 458
173 458
335 458
222 459
337 459
340 460
401 460
348 461
422 461
23 462
130 462
212 462
74 463
109 463
163 464
200 464
263 464
278 464
360 464
410 464
428 464
449 464
469 464
101 465
253 465
284 465
302 465
242 466
293 466
355 466
410 466
68 467
283 467
429 467
453 467
247 468
251 468
329 468
367 468
64 469
151 469
184 469
247 469
59 470
115 470
333 470
438 470
229 471
82 472
114 472
145 472
329 472
58 473
172 473
279 473
346 473
59 474
378 474
402 474
421 474
198 475
277 475
426 475
108 476
211 476
345 476
355 476
132 477
257 477
258 477
348 477
402 477
103 478
245 478
267 478
301 478
160 479
292 479
432 479
450 479
290 480
293 480
302 480
362 480
411 480
248 481
314 481
189 482
227 482
233 482
278 482
391 482
45 483
236 483
328 483
391 483
410 483
433 483
71 484
182 484
410 484
114 485
331 485
396 485
438 486
460 486
261 487
341 487
126 488
212 488
170 489
344 489
248 490
375 490
397 490
421 490
54 491
56 491
143 491
287 491
351 491
357 491
445 491
467 491
231 492
297 492
163 493
305 493
50 494
324 494
382 494
133 495
136 495
197 495
227 495
319 495
98 496
131 496
133 496
154 496
406 496
157 497
263 497
365 497
453 497
135 498
215 498
51 499
70 499
152 499
246 499
333 499
430 499
436 499
46 500
127 500
185 501
19 502
151 502
341 502
388 502
236 503
346 503
415 503
459 503
349 504
375 504
392 504
204 505
392 505
440 505
224 506
228 506
283 506
82 507
106 507
167 507
196 507
225 507
273 507
397 507
214 508
289 508
467 508
55 509
136 509
296 509
360 509
424 509
99 510
307 510
316 510
361 510
418 510
245 511
258 511
327 511
72 512
427 512
74 513
129 513
155 513
324 513
448 513
124 514
372 514
384 514
407 514
94 515
181 515
233 515
376 515
340 516
402 516
410 516
144 518
145 518
223 518
411 518
336 519
342 519
410 519
45 520
65 520
88 520
170 520
258 520
477 520
113 521
137 521
215 521
384 521
459 521
353 522
133 523
247 523
107 524
185 524
286 524
298 524
415 524
205 525
212 525
156 526
274 526
311 526
318 526
392 526
395 526
231 527
127 528
276 528
366 528
468 528
53 529
150 529
198 529
369 529
400 529
424 529
447 529
121 530
223 530
263 530
364 530
96 532
222 532
257 532
375 532
402 532
141 533
186 533
341 533
215 534
246 534
89 536
208 536
250 536
381 536
384 536
455 536
434 537
438 537
137 538
239 538
133 539
157 539
161 539
203 539
299 539
379 539
407 539
179 540
285 540
308 540
354 540
407 540
105 541
227 541
233 541
275 541
361 541
380 541
81 542
197 542
228 542
231 542
316 542
385 542
444 543
123 544
262 544
325 544
363 544
383 545
464 545
123 546
146 546
166 546
194 546
219 546
249 547
332 547
96 548
116 548
166 548
217 548
367 548
427 548
160 549
45 550
367 550
342 551
294 552
315 552
375 553
396 553
110 554
135 554
176 554
178 554
201 554
287 554
372 554
89 555
156 555
263 556
437 556
475 556
349 557
196 558
264 558
81 559
256 559
421 560
103 561
217 561
375 561
380 561
402 561
57 562
424 562
146 563
186 563
245 563
307 563
381 563
461 563
124 564
189 564
330 564
145 566
161 566
183 566
290 566
407 566
446 566
143 567
213 567
279 567
334 567
363 567
386 567
427 567
232 568
274 568
386 568
118 569
159 569
391 569
93 570
194 570
388 570
68 571
263 571
432 571
174 572
195 572
226 572
227 572
272 572
345 572
347 572
412 572
133 573
249 573
369 573
416 573
109 574
153 574
204 574
264 574
370 574
393 574
453 574
473 574
131 575
352 575
390 575
84 576
63 577
167 577
218 577
437 577
242 578
355 578
379 578
424 579
148 580
312 580
318 580
319 580
376 580
397 580
198 581
236 581
325 581
374 581
415 582
479 582
299 583
336 584
462 584
175 585
362 585
162 586
193 586
270 586
382 586
251 587
290 587
74 588
117 588
139 588
158 588
288 588
343 588
382 588
383 588
449 589
93 590
134 590
175 590
405 590
202 591
286 591
349 591
385 591
70 592
247 592
262 592
405 592
432 592
227 593
370 593
109 594
187 594
228 594
184 595
277 595
308 595
315 595
149 596
243 596
368 596
407 596
409 596
83 598
166 598
195 598
306 598
455 598
475 598
125 599
178 599
392 599
162 600
220 600
373 600
425 601
103 602
176 602
206 602
346 602
457 602
339 603
157 605
237 605
439 605
266 606
280 606
189 607
334 607
51 608
235 608
249 608
312 608
217 609
89 610
139 610
169 610
398 610
70 611
262 612
381 612
152 613
281 613
432 613
46 615
132 616
325 616
465 616
185 617
245 617
353 617
364 617
176 618
277 618
304 619
214 620
334 620
228 621
401 621
449 621
417 622
470 622
258 623
74 624
310 624
185 625
290 625
375 625
320 627
436 627
475 627
143 628
198 628
210 629
158 630
256 630
275 630
364 630
395 630
171 631
294 631
196 633
338 633
353 633
63 634
85 634
242 634
179 635
230 636
260 637
389 637
196 638
278 638
