205 1
466 1
474 2
134 3
275 3
415 4
159 5
232 5
405 5
191 6
340 6
349 7
367 7
434 7
120 8
264 8
379 8
395 8
450 9
325 10
216 11
109 12
179 12
248 12
309 12
292 14
140 15
412 17
472 18
273 20
335 21
222 22
342 22
350 22
370 22
384 22
429 22
189 23
313 24
394 24
451 24
119 25
153 25
214 25
253 25
181 27
306 27
292 28
468 28
143 29
238 29
408 29
202 30
275 32
427 32
478 32
133 34
228 34
318 34
333 34
350 34
368 35
440 36
96 37
156 37
261 37
383 37
217 38
396 38
186 40
288 40
120 41
146 41
284 41
181 42
233 42
279 42
146 43
173 43
411 43
463 43
178 44
268 45
334 45
198 46
424 46
171 47
222 47
357 47
368 47
139 48
264 48
320 48
334 48
339 48
351 48
439 49
134 50
189 50
192 50
314 50
323 50
358 50
380 50
133 51
189 51
298 51
302 51
393 51
294 52
449 52
121 53
240 53
124 54
284 54
459 54
150 55
233 55
275 55
94 56
409 56
203 57
474 57
260 58
347 58
88 59
112 59
222 59
350 59
422 59
138 60
171 60
340 60
355 60
249 61
330 61
139 62
198 62
249 62
320 62
366 62
443 62
106 63
290 63
188 64
306 64
313 64
381 64
157 67
203 67
234 67
398 67
459 67
269 68
125 69
154 69
85 71
179 71
200 71
417 71
194 72
256 72
325 72
352 72
475 72
179 73
216 73
342 73
110 74
147 74
146 75
172 75
245 75
308 75
331 75
344 75
359 75
438 75
138 76
172 76
322 76
378 76
301 77
369 77
395 77
136 78
453 78
133 79
228 79
164 80
199 80
275 80
414 80
131 81
470 82
338 83
259 84
64 85
98 85
246 85
325 86
359 86
381 86
392 86
438 86
92 87
121 87
246 87
290 87
309 87
123 88
182 88
214 88
237 89
89 90
406 90
414 90
116 91
276 91
119 92
168 93
141 94
226 94
228 94
347 94
423 94
109 95
113 95
230 95
456 95
81 96
199 96
256 96
335 96
360 96
367 96
440 96
197 97
319 98
470 98
298 99
405 99
75 100
132 100
134 100
157 100
391 100
405 100
125 101
163 101
244 101
190 102
279 102
232 103
235 103
96 104
149 104
278 104
128 105
152 105
121 106
180 106
208 106
268 106
353 106
446 106
64 107
261 107
309 107
93 108
97 108
149 108
174 108
255 108
337 108
382 108
115 109
178 109
368 109
458 109
221 110
323 110
387 110
137 111
242 111
54 112
173 112
292 112
404 112
411 112
467 112
165 113
197 113
276 113
88 114
276 114
416 114
195 115
230 115
192 116
267 116
431 117
81 118
104 118
157 118
344 118
359 118
222 119
228 119
257 119
82 120
184 120
451 120
313 121
374 121
294 122
311 122
327 122
394 122
212 123
240 123
286 123
297 123
382 123
386 123
387 123
120 124
215 124
323 124
145 125
180 125
319 125
469 125
337 126
410 126
58 127
272 127
202 128
419 128
94 129
228 129
438 129
260 130
360 131
371 131
93 132
112 132
161 132
70 133
136 133
221 133
245 133
458 133
90 134
113 134
388 135
237 136
312 136
313 136
398 136
107 137
324 137
209 138
235 138
275 138
290 138
325 138
335 138
433 138
152 139
281 139
398 139
442 139
104 140
208 140
103 141
176 141
231 141
346 141
408 141
257 142
462 142
40 143
61 143
197 143
198 143
370 143
415 143
474 143
120 144
358 144
372 144
75 145
168 146
425 146
387 147
301 148
93 149
138 149
213 149
246 149
298 149
166 150
239 150
283 150
306 150
331 150
391 151
439 151
271 152
296 152
314 152
454 152
231 153
404 153
183 154
112 155
155 155
338 155
344 155
43 156
86 156
224 156
359 156
106 157
107 157
129 157
203 157
256 157
352 157
64 158
223 158
377 158
419 158
174 159
357 159
468 159
219 160
374 160
80 161
221 161
190 163
388 163
431 163
211 164
241 164
282 164
298 164
309 164
310 164
321 164
139 165
163 165
283 165
46 166
75 166
272 166
333 166
403 166
210 167
448 168
94 169
226 169
349 169
409 169
165 170
186 170
112 171
363 171
254 172
417 172
64 173
150 173
180 173
222 173
282 173
460 173
295 174
220 175
376 175
163 176
197 176
310 176
312 176
392 176
429 176
144 177
213 177
266 177
321 177
473 177
213 178
248 178
86 179
329 179
340 179
240 180
404 181
103 182
173 182
57 183
119 183
444 183
101 184
292 184
294 184
353 184
74 185
169 185
230 185
367 185
408 185
453 185
38 186
187 186
203 186
97 187
279 187
170 188
198 188
263 188
309 188
382 188
419 188
49 189
132 189
321 189
148 190
253 190
114 191
335 191
423 191
429 192
467 192
216 193
218 193
23 194
146 194
194 194
242 194
348 194
395 194
90 195
175 195
247 195
299 196
356 196
84 197
292 197
305 197
410 197
412 197
476 197
87 198
189 198
207 198
279 198
294 198
441 198
141 199
268 199
313 199
368 199
408 199
62 200
123 200
230 200
108 201
385 201
106 202
154 202
170 202
200 202
324 202
453 202
57 203
79 203
258 203
37 204
85 204
104 204
223 204
14 205
197 205
337 205
423 205
247 207
53 208
100 208
214 208
348 208
433 208
466 208
399 209
374 210
52 211
93 211
176 211
177 211
239 211
360 211
52 212
97 212
113 212
293 212
307 212
439 212
146 213
163 213
271 213
323 213
384 213
55 214
76 214
93 214
283 214
412 214
475 214
130 215
209 215
323 215
188 216
231 216
262 216
24 217
369 217
416 217
44 218
91 218
330 218
69 219
71 219
334 219
421 219
450 219
63 220
109 220
224 220
85 221
251 221
431 221
199 222
428 222
139 223
350 223
378 223
15 224
142 224
200 224
311 224
41 225
61 225
154 225
245 225
291 225
302 225
404 225
471 225
319 226
167 227
183 227
238 227
278 227
359 227
458 227
80 228
99 228
154 229
180 229
270 229
388 229
439 229
198 230
324 230
329 230
331 230
336 230
414 230
479 230
99 231
260 231
331 231
34 232
52 232
116 232
181 232
193 232
445 232
59 233
212 233
231 233
76 234
80 234
468 234
132 235
147 235
150 235
179 235
345 235
423 235
52 236
293 236
132 237
282 237
376 237
402 237
26 238
55 238
351 238
353 238
248 239
302 239
401 239
426 239
71 240
159 240
173 240
330 240
187 241
306 241
358 241
455 241
90 242
202 242
382 242
71 243
311 243
358 243
107 244
273 244
109 245
264 245
340 245
415 245
107 246
235 246
436 246
140 247
254 247
364 247
43 248
124 248
321 248
391 248
87 249
216 249
346 249
87 250
90 250
254 250
285 250
464 250
59 251
292 251
370 251
444 251
9 252
86 252
152 252
196 252
373 252
405 253
100 254
425 254
119 255
212 255
229 255
249 255
310 255
353 255
476 255
299 256
351 256
380 256
395 257
452 257
163 258
352 258
102 259
133 259
416 259
432 259
30 260
77 260
267 260
148 261
190 261
243 261
314 261
333 261
381 261
382 261
240 262
462 262
52 263
207 263
256 263
296 263
95 264
113 264
162 264
174 264
361 264
23 265
116 265
224 265
71 266
284 266
340 266
361 266
253 267
299 267
402 267
440 267
471 267
18 268
110 268
128 268
316 268
88 269
275 269
278 269
319 269
370 269
423 269
285 270
336 270
388 270
241 272
91 273
144 273
187 273
279 273
280 273
371 273
478 273
64 274
157 274
205 274
271 274
320 274
411 274
459 274
39 275
85 275
303 275
304 275
373 275
386 275
6 276
172 276
235 276
270 276
323 276
90 277
465 277
262 278
338 278
431 278
104 279
389 279
390 279
30 280
169 280
204 280
354 280
405 280
104 281
304 281
306 281
415 281
420 281
139 282
219 282
233 282
253 282
323 282
450 282
54 283
122 283
186 283
230 283
340 283
417 283
436 283
140 284
287 284
353 284
154 285
204 285
308 285
360 285
377 285
470 285
27 286
153 286
282 286
302 286
421 286
318 287
202 288
99 289
305 289
341 289
188 290
298 290
323 290
394 290
75 291
132 291
298 291
342 291
430 291
458 291
478 291
151 292
172 292
328 292
117 293
255 293
261 293
381 293
413 293
94 294
134 294
229 294
287 294
21 295
252 295
257 295
283 295
361 295
46 296
214 296
280 296
287 296
343 296
445 296
346 297
284 298
318 298
381 298
401 298
251 299
302 299
91 300
144 300
159 300
212 300
276 300
283 300
188 301
400 301
433 301
128 302
223 303
230 303
274 303
280 303
387 303
467 303
35 304
63 304
129 304
237 304
108 305
173 305
297 305
365 305
273 306
328 306
376 306
157 307
405 307
472 307
273 308
361 309
409 309
455 309
81 310
143 310
327 310
343 310
357 310
58 311
297 311
438 311
122 312
315 312
311 313
25 314
140 314
193 314
221 314
239 314
298 314
439 314
198 315
214 315
226 315
261 315
294 315
357 315
406 315
407 315
240 316
135 317
157 317
201 317
252 317
325 317
406 317
139 318
294 318
341 318
391 318
461 318
73 319
280 319
309 319
325 319
379 319
423 319
429 319
479 319
16 320
46 320
139 320
176 320
203 320
211 320
238 320
341 320
362 320
446 321
97 322
135 322
153 322
77 323
99 324
152 324
160 324
176 324
410 324
463 324
136 325
268 326
321 326
60 327
36 328
113 328
358 328
381 328
431 328
135 329
186 329
258 330
338 330
377 330
395 330
4 331
132 331
299 331
376 331
409 331
90 332
156 332
206 332
282 332
353 332
92 333
156 333
199 333
208 333
243 333
231 334
216 335
274 335
472 335
223 336
311 336
394 336
450 336
70 337
215 337
270 337
24 338
291 338
377 338
422 338
143 339
48 340
90 340
109 340
167 340
359 340
124 341
177 341
308 341
170 342
253 342
265 342
290 342
323 342
436 342
462 342
67 343
186 343
87 344
170 344
332 344
409 344
478 344
183 346
346 346
395 346
452 346
15 347
230 347
300 347
373 347
422 347
39 348
191 348
224 348
394 348
467 348
197 349
58 350
213 350
390 350
409 350
149 351
315 351
257 352
372 352
99 353
354 353
274 354
338 354
369 354
439 354
75 355
245 355
453 355
30 356
118 356
240 356
372 356
406 356
51 357
151 357
240 357
274 357
238 358
387 358
421 358
162 359
176 359
232 359
366 359
69 360
91 360
95 360
168 360
300 360
140 361
174 361
214 361
408 361
424 361
226 362
268 362
332 362
418 362
186 363
198 363
349 363
473 363
316 364
439 364
20 365
82 365
87 365
107 365
211 365
440 365
316 366
63 367
102 367
213 367
255 367
331 367
436 367
126 368
343 368
459 368
42 369
359 369
426 370
10 371
287 371
311 371
33 372
55 372
247 372
439 372
52 373
97 373
330 373
420 373
55 374
230 374
324 374
378 374
144 375
305 375
358 375
91 376
237 376
276 376
299 376
154 377
175 377
270 377
347 377
422 377
25 378
59 378
111 378
220 378
47 379
59 379
135 379
163 379
213 379
340 379
358 379
468 379
265 380
297 380
320 380
112 381
117 381
120 381
188 381
202 381
221 381
399 381
47 382
12 383
106 383
354 383
80 384
291 384
353 384
370 384
82 385
338 385
437 385
247 386
254 386
313 386
107 387
416 387
455 387
37 388
350 388
395 388
237 389
309 389
367 389
434 389
31 390
280 390
229 391
302 391
349 391
61 392
96 392
153 392
429 392
475 392
26 393
118 393
126 393
326 393
347 393
364 393
412 393
142 394
299 394
387 394
164 395
217 395
268 395
430 395
451 395
88 396
176 396
190 396
200 396
326 396
345 398
408 398
463 398
288 399
361 399
43 400
318 400
426 400
52 401
255 401
315 401
311 402
338 402
66 403
67 404
312 404
71 405
377 405
445 405
463 405
39 406
41 406
60 406
307 406
163 407
243 407
369 407
399 407
103 408
136 408
233 408
331 408
119 409
126 409
154 409
196 409
212 409
272 409
23 410
99 410
111 410
224 410
460 410
474 410
33 411
86 411
143 411
150 411
218 411
222 411
369 411
82 412
165 412
206 412
416 412
438 412
186 413
212 413
262 413
293 413
371 413
80 414
176 414
178 414
193 414
87 415
363 415
411 415
470 415
284 416
64 417
79 417
315 417
342 417
384 417
457 417
429 418
405 419
62 421
66 421
238 421
384 421
248 422
448 422
305 423
244 424
272 424
405 424
40 425
109 425
117 425
230 425
437 425
125 426
142 426
377 426
87 427
106 427
132 427
143 427
167 427
181 427
210 427
213 427
473 427
32 428
121 428
198 428
296 428
326 428
437 428
156 429
167 429
461 429
21 430
373 430
374 430
286 431
68 433
258 433
391 433
65 434
166 434
396 434
448 435
64 436
246 436
282 436
287 436
388 437
171 438
175 438
234 438
302 438
337 438
381 438
37 439
47 439
104 439
175 439
409 439
475 439
109 440
194 440
196 440
207 440
273 440
306 440
434 440
221 441
304 441
427 441
434 441
82 442
92 442
210 442
357 442
378 442
433 442
27 443
99 443
120 443
261 443
378 443
131 444
258 444
459 444
141 445
257 445
296 445
326 445
149 446
157 446
293 446
349 446
298 447
420 447
422 447
167 448
241 448
395 449
177 450
288 450
369 450
445 450
46 451
339 451
39 452
41 452
60 452
280 452
281 452
188 453
314 453
438 453
20 454
88 454
395 454
407 454
57 455
261 455
333 455
388 455
42 456
54 456
93 456
113 456
202 456
265 456
432 456
29 457
124 457
215 457
359 457
427 457
224 458
254 458
155 459
242 459
244 459
299 459
471 459
148 460
252 460
325 460
141 461
453 462
346 463
170 464
291 464
412 464
446 465
284 466
308 466
43 467
64 467
186 467
341 467
438 467
60 468
35 469
72 469
74 469
208 469
267 469
275 469
394 469
21 470
263 470
336 470
357 470
56 471
75 471
89 471
100 471
252 471
215 472
232 472
250 472
327 472
425 472
379 474
122 475
133 475
321 475
474 475
141 476
418 476
458 476
153 477
414 477
368 478
409 478
158 479
445 479
403 480
431 480
434 480
199 481
292 481
358 481
398 481
170 482
177 482
295 482
341 482
343 482
358 482
395 482
45 483
187 483
209 483
303 483
63 484
183 484
194 484
330 484
353 484
70 485
96 485
204 485
269 485
333 485
336 485
34 486
39 486
76 486
270 486
80 487
212 487
86 488
88 488
96 488
253 488
385 488
479 488
139 489
237 489
100 490
112 490
379 490
462 490
115 491
227 491
316 491
453 491
122 492
365 492
429 492
114 493
135 493
154 493
168 493
437 493
356 494
416 494
181 495
313 495
356 495
282 496
178 497
254 497
273 497
274 497
293 497
405 497
193 498
345 498
398 498
175 499
337 499
351 499
36 500
177 500
199 500
210 500
388 500
479 500
52 501
92 501
346 501
381 502
66 503
79 503
94 503
106 503
115 503
331 503
344 503
470 503
119 504
237 504
335 504
113 505
222 505
323 505
369 505
452 505
125 506
316 506
363 506
426 506
97 507
129 507
142 507
310 507
438 507
158 508
233 508
132 509
139 509
156 509
298 509
152 510
167 510
244 510
263 510
277 510
287 510
298 510
306 510
408 510
155 511
165 511
264 511
296 511
193 513
181 514
203 514
392 514
468 514
175 515
373 515
383 515
219 516
94 517
96 517
103 517
366 517
61 518
360 518
374 518
42 519
342 519
364 519
79 520
96 520
99 520
107 520
313 520
340 520
305 521
329 521
360 521
129 522
285 522
298 522
313 522
326 522
116 523
401 523
447 523
459 523
144 524
161 524
406 524
409 524
435 524
152 525
250 525
396 525
477 525
178 526
219 526
237 526
379 526
413 526
190 527
195 527
242 527
261 527
269 527
278 527
200 528
211 528
238 528
380 528
185 529
269 529
387 529
267 530
272 530
313 533
291 534
328 534
366 534
360 535
69 536
75 536
341 536
349 536
56 537
118 537
365 537
370 537
374 537
408 537
89 538
100 538
143 538
348 538
383 538
410 538
412 538
439 538
216 539
230 539
238 539
402 539
403 539
441 539
454 539
467 539
156 540
237 540
261 540
392 540
425 540
172 541
188 541
204 541
218 541
246 541
423 541
244 542
259 542
435 542
207 543
237 543
190 544
193 544
276 544
283 544
213 545
305 547
317 548
327 549
60 550
116 551
345 551
89 552
350 552
73 553
104 553
383 553
400 553
437 553
125 554
236 554
241 554
365 554
380 554
406 554
465 554
148 555
256 555
415 555
447 555
170 556
205 556
219 556
225 556
394 556
401 556
431 556
457 556
180 557
186 557
238 557
414 557
187 558
206 558
262 558
280 559
278 560
290 561
298 562
338 563
317 564
376 566
74 567
88 567
100 567
126 567
357 567
389 568
407 568
147 569
133 570
169 570
187 570
442 570
179 571
249 571
423 571
226 572
239 572
251 572
194 573
204 573
264 573
467 574
204 575
288 575
202 576
272 576
286 576
302 577
295 579
317 580
341 580
303 581
90 582
99 582
362 582
391 582
466 582
107 583
121 583
134 583
331 583
383 583
149 584
232 584
114 585
242 585
247 585
175 586
400 586
434 586
457 586
129 587
141 587
155 587
416 587
161 588
263 588
277 588
286 588
204 589
196 590
207 590
291 591
202 594
213 596
228 597
228 598
297 598
303 598
308 598
247 599
317 599
333 599
237 600
271 600
259 601
350 601
376 601
388 601
424 601
124 602
141 602
148 602
364 602
403 603
190 607
202 609
215 611
303 612
237 613
255 614
277 614
290 614
312 614
321 614
334 615
179 621
194 623
219 627
312 627
261 629
282 630
305 630
