275 46
288 47
306 48
322 48
262 49
339 51
353 52
218 53
185 59
288 60
298 61
237 63
361 63
270 64
316 64
331 64
218 67
151 68
197 70
385 71
136 73
267 76
359 76
236 77
249 77
402 77
296 78
313 78
163 80
119 81
333 82
149 85
388 88
254 89
134 90
370 90
272 91
308 91
401 91
328 94
169 96
115 98
158 98
397 99
269 101
198 102
97 103
141 103
252 103
359 103
262 104
129 107
330 107
378 107
420 108
171 110
396 112
156 113
436 114
106 115
190 115
246 115
76 116
236 116
257 116
98 118
269 118
331 118
143 119
410 120
212 122
85 124
376 124
117 126
388 127
432 128
105 129
76 130
142 130
174 130
241 130
230 131
262 131
249 132
399 132
280 133
450 133
415 134
366 135
59 138
90 138
387 140
291 141
112 143
257 145
406 145
246 146
274 146
440 147
426 148
50 149
69 149
169 150
303 151
366 151
380 153
57 154
92 154
389 154
120 156
458 158
110 159
401 159
264 160
280 160
231 161
287 161
418 162
42 163
71 163
298 163
315 163
473 163
220 164
138 166
213 166
376 168
94 169
438 169
124 170
203 171
290 171
57 173
314 174
400 174
232 175
246 175
302 175
151 176
224 177
410 177
461 177
419 178
363 179
472 180
75 181
204 182
375 182
141 183
293 184
439 184
131 185
39 186
284 186
392 186
233 187
312 188
156 189
224 191
406 193
58 194
87 194
170 194
215 194
458 194
146 195
286 195
369 196
205 197
475 197
136 198
298 198
423 198
21 199
79 199
238 199
312 199
381 199
340 202
451 202
281 203
46 204
72 204
220 206
355 206
28 207
154 209
208 209
148 210
38 211
62 211
447 211
467 211
321 213
229 214
79 217
135 217
333 217
350 219
213 220
458 220
181 221
204 222
470 222
241 223
446 223
29 224
232 224
300 224
12 226
49 226
145 227
315 227
124 228
326 229
222 230
23 233
210 233
355 233
465 233
60 235
247 235
441 235
337 236
367 236
35 237
116 238
421 238
55 239
198 240
451 240
76 241
229 241
108 244
190 244
433 244
15 246
89 246
265 246
277 246
291 246
407 246
71 247
213 247
247 248
304 248
467 248
28 249
241 249
161 250
180 251
230 251
201 252
401 253
431 253
315 254
451 254
100 255
171 256
217 256
273 256
285 256
43 257
60 258
263 258
441 258
15 259
252 259
334 259
417 259
77 260
189 261
350 262
37 263
207 263
236 263
307 263
93 264
110 264
461 264
317 265
223 267
409 267
434 267
194 268
268 269
256 270
334 270
469 270
86 271
167 271
281 271
294 271
446 272
50 273
242 273
63 274
28 275
207 275
309 275
349 275
185 276
139 277
426 277
227 278
44 279
406 279
77 281
363 281
389 281
456 281
477 281
219 282
271 282
292 282
18 283
285 283
194 285
212 285
411 285
306 286
374 288
439 288
57 289
312 289
166 290
149 291
185 291
423 291
128 292
199 292
228 292
13 293
69 293
385 293
402 293
470 293
31 294
53 295
217 295
281 297
142 298
296 299
365 299
434 299
451 299
476 299
175 300
303 300
121 301
46 302
85 302
169 303
189 303
209 303
236 303
415 303
396 304
26 305
316 305
377 306
227 307
79 308
202 308
357 308
179 309
154 310
285 310
404 310
59 311
116 311
196 311
292 311
463 311
328 312
343 313
447 313
132 314
301 314
371 314
390 315
14 316
255 316
352 316
410 316
114 317
307 317
455 318
54 319
171 319
189 319
431 319
394 320
163 321
235 321
338 322
200 323
283 324
294 324
318 325
184 327
274 327
224 329
249 329
302 329
347 330
463 330
26 331
196 331
210 331
140 334
260 334
158 335
313 335
240 336
124 337
338 337
357 337
378 337
187 338
217 339
283 339
475 340
202 341
455 341
294 342
234 343
172 344
251 344
345 344
322 345
307 348
182 349
210 350
465 351
245 352
269 353
278 353
309 353
165 354
196 354
288 355
331 355
355 356
449 356
347 357
395 358
467 358
191 360
176 362
206 362
238 362
453 362
125 363
433 363
44 364
319 364
136 366
162 366
415 366
401 367
474 367
149 368
368 368
456 369
173 370
136 373
190 373
230 373
68 374
123 374
371 375
59 376
200 376
440 376
147 377
423 377
476 377
160 378
326 378
41 379
80 379
134 379
185 379
265 379
461 379
172 380
344 380
196 382
386 382
375 383
239 385
61 386
184 386
401 386
362 387
417 387
160 388
429 389
391 390
448 390
378 391
405 391
77 392
170 393
144 394
91 396
132 399
436 400
75 402
299 402
351 402
156 404
223 404
452 405
336 406
311 409
473 410
143 411
196 411
132 412
339 412
295 413
55 414
103 414
324 414
353 414
442 416
72 417
89 417
297 418
458 418
382 420
143 423
340 423
412 424
325 426
52 427
352 427
394 427
70 428
240 428
445 428
403 429
152 432
339 432
460 433
473 433
390 435
141 437
415 439
126 440
355 442
321 444
337 444
402 446
68 447
269 447
448 447
475 447
461 449
353 450
416 451
334 454
63 456
214 456
404 457
106 458
433 460
351 461
416 461
450 462
120 466
466 466
350 468
56 469
333 469
313 471
135 474
403 475
415 475
79 476
330 476
438 476
451 476
346 477
208 478
94 479
170 482
58 484
182 486
199 488
454 491
161 493
76 495
223 495
236 496
471 497
173 498
190 499
441 501
263 502
271 502
57 504
164 506
178 508
78 509
360 509
441 513
389 514
270 515
406 515
218 517
237 518
455 519
195 522
309 522
209 523
286 524
223 525
319 525
355 525
250 526
132 528
184 528
314 529
335 530
260 532
148 533
370 533
162 534
173 535
294 535
351 535
203 536
231 536
285 536
92 537
135 538
404 538
305 540
331 541
419 541
106 542
151 543
236 543
222 544
384 544
195 545
176 546
459 547
78 548
344 548
317 549
95 550
139 550
109 552
124 552
210 552
287 552
229 554
379 556
357 558
139 559
156 559
321 559
187 560
299 560
455 561
221 565
288 565
335 565
81 568
409 569
144 570
97 571
129 572
164 572
309 572
370 572
346 575
407 576
119 580
287 580
363 582
312 584
329 586
191 587
156 589
350 589
296 590
365 591
379 591
124 593
394 594
232 595
371 595
312 596
326 599
340 599
355 599
407 601
243 602
297 602
189 604
152 605
320 605
130 606
113 607
262 609
397 609
231 610
378 614
141 615
197 615
333 615
297 616
166 617
283 617
355 617
184 618
204 618
394 619
268 620
124 621
226 622
209 623
346 623
192 626
313 626
162 628
365 628
266 630
336 630
137 631
298 631
281 633
176 637
