417 1
205 2
260 2
246 4
122 5
157 5
436 5
368 8
232 9
322 9
352 9
453 9
185 10
311 10
385 10
286 11
301 11
338 11
141 12
362 12
402 12
470 13
418 14
214 15
173 16
268 16
100 17
431 18
125 20
200 21
244 21
380 21
158 22
370 22
446 22
86 23
308 24
232 25
316 25
333 25
345 26
361 26
398 26
465 26
146 27
185 27
292 27
414 27
214 29
275 29
106 30
478 31
260 32
375 35
238 37
380 37
434 37
84 38
157 38
299 38
316 38
456 38
189 39
334 39
119 40
307 40
348 40
393 40
220 42
414 42
146 43
474 44
109 45
76 46
205 46
430 46
96 49
240 50
442 51
451 52
227 53
332 53
121 54
402 54
83 56
151 56
462 56
359 57
199 58
476 58
139 60
424 61
297 62
103 63
234 63
445 64
97 65
154 66
209 67
265 68
87 69
461 69
113 70
198 71
409 71
239 73
469 73
475 73
168 74
420 74
226 76
433 76
135 77
67 78
102 79
214 79
302 79
445 79
254 81
283 81
269 82
88 83
168 84
197 85
462 85
231 86
473 88
376 89
70 90
180 90
286 90
220 91
295 91
449 91
302 92
209 93
172 94
270 94
320 94
398 94
250 95
191 96
461 96
163 98
237 98
57 100
373 100
221 102
82 103
299 103
446 103
460 103
209 104
395 104
286 105
179 106
270 106
319 106
477 106
251 107
42 109
365 109
69 110
238 110
131 111
191 111
449 111
37 113
382 113
308 114
162 115
218 115
319 115
294 116
398 116
464 116
209 118
259 118
279 118
89 119
364 119
150 120
195 121
238 122
378 122
53 123
169 124
229 125
312 125
447 125
217 127
268 128
327 128
463 128
47 129
200 130
346 130
252 131
364 131
235 133
374 133
64 134
474 134
40 135
191 135
442 136
303 137
389 137
217 138
145 139
80 140
272 140
333 140
113 141
171 141
200 141
344 142
353 142
458 142
245 143
255 143
52 145
367 145
377 146
27 147
163 147
231 147
219 149
396 149
328 150
474 150
182 151
66 153
205 153
346 154
452 154
169 156
270 156
194 157
249 157
293 157
389 157
234 158
399 158
33 160
80 160
304 160
365 160
419 162
462 162
158 163
329 163
428 163
470 163
128 164
51 165
204 169
45 170
241 170
254 171
272 171
446 171
143 172
361 172
19 173
65 173
410 173
455 173
88 175
214 176
463 176
375 177
133 178
424 178
474 180
150 181
179 181
31 182
267 183
277 183
256 184
437 184
229 186
50 187
404 187
453 188
21 189
69 189
410 189
320 190
373 190
139 192
181 192
416 192
252 193
64 194
464 194
122 195
268 195
278 195
41 196
156 196
428 196
474 198
59 199
437 200
197 201
444 201
30 203
187 204
322 204
338 205
375 205
145 206
451 207
386 210
351 211
459 211
175 213
196 214
202 214
324 216
396 216
364 217
15 218
80 218
476 218
166 219
340 219
187 220
34 221
59 222
377 222
355 226
419 226
453 226
330 227
6 228
172 228
31 229
394 229
339 230
460 230
367 231
196 232
324 235
403 235
166 236
189 236
376 236
469 236
22 237
440 238
334 239
384 239
181 240
208 240
97 241
424 242
479 242
15 243
157 243
258 243
266 243
454 243
233 244
314 244
36 245
413 245
113 246
195 246
287 246
461 246
227 248
431 248
125 249
138 250
400 250
422 250
215 251
437 251
302 252
150 253
169 253
189 253
248 253
6 254
90 255
238 255
449 255
105 256
204 256
307 256
313 256
476 256
286 257
409 259
25 260
44 260
117 260
131 262
145 262
229 262
295 262
391 262
159 263
319 263
434 263
456 263
220 264
418 266
82 267
191 267
14 268
97 268
328 268
399 269
444 269
468 269
173 270
210 270
110 272
139 272
308 272
429 272
153 273
407 273
123 274
186 274
448 274
204 275
313 276
169 277
290 277
33 278
120 279
224 279
479 279
91 280
416 280
456 280
5 281
106 281
197 281
50 282
146 282
358 282
26 283
69 283
256 284
394 284
132 285
165 285
181 285
277 285
377 285
120 286
344 286
462 286
241 287
364 288
85 289
449 289
261 290
327 291
280 292
20 293
40 294
101 294
144 294
163 294
385 294
474 294
116 295
311 295
345 295
193 296
457 296
131 297
360 297
262 298
279 298
375 298
332 299
390 299
126 300
7 301
61 301
246 301
97 302
177 302
423 302
189 303
444 303
79 304
144 304
363 305
281 306
350 306
111 307
463 307
158 308
337 308
255 309
383 309
367 310
30 311
146 311
265 311
354 311
470 311
74 312
90 312
219 312
245 312
398 312
452 312
2 313
50 313
212 313
417 313
130 314
187 314
337 314
388 316
355 317
342 318
47 319
116 320
169 320
322 320
478 320
103 322
201 322
286 322
20 323
85 323
181 323
332 323
64 325
318 325
115 327
299 327
445 327
391 328
37 329
12 330
363 330
469 331
282 332
60 333
78 333
99 334
319 334
335 334
161 335
451 335
298 336
379 336
398 337
2 338
114 338
168 339
478 339
53 340
177 340
196 340
365 340
31 341
187 342
314 342
456 342
94 343
349 343
333 344
386 345
15 346
295 346
363 346
309 347
71 349
464 349
50 351
90 351
200 352
333 352
376 352
444 352
349 353
115 354
180 355
189 355
173 356
250 356
281 357
314 357
3 358
390 358
471 358
46 359
24 360
100 360
67 361
289 361
304 362
364 362
375 362
452 362
42 363
82 363
258 365
346 365
479 365
188 366
142 367
181 367
310 369
393 369
456 369
170 370
361 370
295 371
32 373
375 374
342 375
8 376
361 376
196 377
478 378
26 379
110 379
120 379
190 379
444 379
462 379
98 381
391 381
131 382
182 382
19 384
168 384
287 384
38 385
380 385
300 387
315 387
451 387
245 388
84 390
286 391
314 392
395 392
55 393
194 394
233 394
301 394
375 394
420 394
16 396
459 396
102 397
179 397
112 398
169 399
443 399
94 400
121 401
146 401
159 401
310 401
326 401
76 402
249 402
294 402
390 402
37 404
351 404
371 404
469 404
63 407
320 408
383 409
283 410
341 410
451 410
18 411
187 411
304 411
53 412
100 414
112 414
363 414
416 414
84 415
176 415
46 416
135 416
316 416
123 417
158 417
380 417
434 417
148 418
459 418
8 419
294 419
142 420
417 420
466 420
399 421
333 422
23 424
353 424
446 424
470 424
200 426
287 426
307 426
412 426
190 427
170 428
371 428
78 429
94 429
325 429
392 429
57 430
68 430
386 430
458 430
109 432
142 432
164 432
177 432
320 432
123 433
135 433
409 433
43 434
151 434
298 434
362 435
37 436
473 438
338 439
19 440
206 440
452 440
261 441
229 442
427 442
201 443
374 444
310 445
414 445
253 446
282 446
45 447
65 447
83 447
100 447
141 447
157 447
328 448
468 448
126 449
114 450
243 450
32 451
214 451
402 451
441 451
22 453
204 454
343 454
294 455
315 456
366 456
429 456
388 458
134 459
230 459
261 459
333 459
450 459
154 460
179 460
48 461
57 461
67 461
414 461
39 462
167 462
376 462
469 462
79 463
157 463
284 463
89 464
216 464
306 464
101 465
250 465
400 465
350 466
115 467
245 468
326 468
126 469
296 469
435 469
134 470
237 470
272 470
362 471
458 471
318 472
343 472
32 473
382 473
45 474
146 474
222 474
289 475
308 475
51 476
425 476
72 477
83 477
210 477
334 477
464 477
59 478
257 478
282 478
409 479
477 479
114 480
303 480
445 480
108 481
367 481
401 481
99 482
322 482
394 483
129 485
235 485
146 486
350 486
294 487
314 487
470 487
31 488
37 488
225 488
154 489
381 489
46 491
56 491
174 491
209 491
336 491
374 491
427 491
436 491
190 492
414 492
461 494
79 495
325 495
390 495
401 495
91 496
98 496
112 498
359 498
346 499
130 502
137 502
291 503
434 503
455 503
146 504
162 504
227 504
151 505
342 505
44 506
210 506
417 506
333 507
407 507
181 508
196 508
58 509
63 509
384 509
393 509
70 510
98 510
186 511
80 512
125 512
270 512
372 512
362 513
113 514
231 514
354 514
458 514
474 514
240 515
212 516
345 516
434 516
442 516
136 517
152 519
158 519
338 519
425 519
170 520
327 521
53 523
64 523
73 523
321 523
83 524
276 524
258 526
89 527
246 527
98 528
222 528
449 528
459 528
466 528
204 529
111 530
126 530
236 530
422 530
349 531
139 533
152 533
339 533
331 534
319 535
272 539
287 539
416 539
54 540
257 540
354 540
244 541
445 541
75 542
89 542
461 542
112 543
209 543
103 544
120 544
138 544
228 544
344 544
220 546
151 548
314 548
159 549
251 551
266 553
347 554
439 554
452 554
76 555
464 555
359 556
103 557
81 558
116 558
190 558
132 559
148 559
217 559
206 560
177 561
250 562
287 566
304 568
436 568
325 569
339 569
374 570
389 570
403 570
455 571
413 572
86 573
109 573
356 573
128 574
165 574
180 574
198 574
141 575
154 575
222 575
147 576
240 577
258 580
290 581
306 581
318 583
347 583
337 584
382 584
399 585
437 585
417 586
449 586
107 587
365 587
130 588
149 588
140 589
212 589
164 590
174 590
186 590
199 590
224 590
291 598
302 598
350 598
324 599
358 600
412 600
194 602
202 602
209 602
217 602
373 602
392 602
227 605
264 614
278 614
208 615
294 615
232 617
217 619
265 626
