357 1
435 1
260 2
339 2
453 2
211 3
37 4
112 5
171 5
4 6
138 6
470 6
200 7
85 8
243 8
308 8
54 10
289 11
158 12
184 13
230 13
274 13
373 13
386 13
128 14
357 14
21 15
74 15
99 15
412 15
426 15
342 16
146 17
214 18
327 18
448 18
171 19
256 19
466 19
117 20
313 20
63 22
298 22
37 23
244 23
199 25
235 25
104 26
162 26
282 26
368 26
404 27
9 28
127 28
187 28
351 28
422 28
77 29
336 29
435 29
319 30
51 31
223 31
449 31
270 32
307 32
459 32
170 34
112 35
211 35
257 35
475 35
141 36
291 36
23 37
85 37
380 37
389 37
240 38
400 38
415 39
200 40
369 40
59 41
188 41
326 41
355 41
424 41
101 42
157 42
272 42
38 44
187 44
310 44
337 44
442 44
455 44
120 45
389 45
170 46
254 46
71 47
176 47
191 47
293 47
328 47
333 48
93 49
163 49
241 49
50 50
371 50
394 50
415 50
118 51
215 51
269 51
279 51
319 51
327 51
84 52
140 52
196 52
436 52
24 53
309 53
419 53
202 54
341 54
349 54
447 54
106 55
154 55
178 56
184 56
261 56
81 57
111 57
288 57
304 57
335 57
460 57
36 60
92 60
168 60
205 60
230 60
247 60
289 60
339 60
384 60
467 60
87 61
412 61
52 62
380 62
403 62
143 63
167 63
240 63
364 63
424 63
436 63
120 64
193 64
231 64
67 65
172 65
354 65
93 66
271 66
436 66
183 68
331 68
343 68
111 69
209 69
7 70
257 70
318 70
453 70
132 71
60 72
81 72
92 72
177 72
248 72
372 72
468 72
319 73
22 74
153 74
395 74
101 75
178 75
300 75
408 75
38 76
322 76
417 76
420 76
122 77
146 77
233 77
409 77
436 77
198 79
364 79
451 79
165 80
13 81
269 81
292 81
72 82
189 82
367 82
42 83
112 83
257 83
337 83
352 83
135 84
224 84
326 84
465 84
383 86
152 87
177 87
395 87
422 88
86 89
208 89
409 89
433 89
286 90
290 91
443 91
101 93
124 93
236 93
274 93
149 94
339 95
364 95
452 95
24 96
74 96
165 96
352 96
467 97
191 98
224 98
312 98
319 98
391 98
328 99
136 100
257 100
303 100
90 101
405 101
37 102
180 102
154 103
208 104
241 104
423 104
13 105
67 105
109 105
28 107
130 107
275 107
305 107
171 108
442 108
145 110
189 110
334 110
347 110
366 110
373 110
383 110
322 111
359 111
398 111
461 111
408 112
61 113
226 113
74 115
425 115
468 115
255 116
3 117
95 117
116 117
157 117
136 118
177 118
293 119
435 119
18 120
315 120
389 120
191 121
41 122
283 122
447 122
213 123
407 123
243 124
346 124
371 124
108 125
422 125
71 126
271 126
319 126
333 126
358 126
462 126
61 127
85 127
379 127
469 127
95 128
127 128
164 128
234 128
183 129
206 129
387 129
305 130
34 131
438 131
476 131
50 132
409 132
102 133
227 133
259 133
298 134
8 135
54 135
78 135
139 135
454 135
197 136
421 136
50 137
343 138
392 138
248 139
316 139
355 139
116 140
153 140
329 140
28 141
93 141
215 141
241 141
251 141
269 141
279 141
366 141
467 141
172 142
402 142
432 142
69 143
376 143
189 144
270 145
411 145
444 145
477 145
44 146
66 146
282 146
248 147
452 147
109 148
204 148
234 148
127 150
142 150
304 150
390 150
87 151
259 151
341 151
308 152
317 152
331 152
429 152
464 152
16 153
157 153
178 153
224 153
298 153
355 153
438 154
369 155
404 155
103 156
362 156
91 157
196 157
290 157
36 158
278 158
420 158
473 158
101 159
120 159
134 159
248 159
258 159
78 160
149 160
451 160
56 161
172 161
395 161
393 162
376 164
6 165
263 165
215 166
305 166
320 166
392 166
188 167
338 167
348 167
439 167
465 167
72 168
130 168
413 168
28 169
295 169
93 170
363 170
420 170
210 173
237 173
111 174
279 174
454 174
139 175
159 175
377 175
405 175
48 176
179 177
431 177
204 179
318 179
336 179
346 179
17 180
66 180
362 180
386 180
446 180
231 181
268 181
84 183
470 183
42 184
175 184
415 184
130 185
395 185
451 185
105 186
151 186
304 186
478 187
225 188
363 188
289 189
330 189
255 190
373 190
377 190
422 190
12 191
198 191
442 191
80 192
348 192
378 192
401 192
120 193
379 193
33 194
169 194
465 195
58 196
80 196
98 196
146 196
186 196
221 198
358 198
432 199
276 200
76 201
413 201
453 201
67 202
323 202
396 202
366 203
114 204
197 204
217 204
313 204
335 204
386 204
474 204
95 205
162 205
179 205
5 206
88 206
245 206
71 207
145 207
127 208
344 208
93 209
479 209
50 210
51 210
442 210
462 210
405 211
268 212
354 212
117 213
102 214
371 214
381 214
400 214
427 214
23 215
242 215
122 216
159 216
194 216
215 216
88 217
140 218
466 218
327 219
392 219
66 220
105 220
174 220
265 220
289 220
359 221
341 222
415 222
39 223
310 223
120 224
156 224
331 224
451 224
470 224
436 225
379 226
67 227
135 227
195 227
16 228
241 228
350 228
398 228
341 230
319 231
475 231
106 232
112 232
265 232
297 233
368 233
80 234
100 234
153 234
171 234
324 234
359 234
461 234
31 235
88 235
49 236
420 236
193 237
381 237
399 237
442 237
9 238
116 238
330 238
233 240
302 240
61 241
309 241
247 242
43 243
79 243
134 243
178 243
214 243
344 243
363 243
403 243
291 244
380 244
120 245
171 245
238 245
465 245
4 246
95 246
279 246
325 246
446 246
151 247
320 247
288 248
303 248
246 249
313 250
360 250
426 250
40 251
114 251
191 251
401 251
22 252
71 253
88 253
317 253
338 253
469 253
131 255
408 255
425 255
178 256
260 256
381 256
194 257
232 257
450 257
54 258
166 259
172 259
271 259
416 259
149 260
235 260
94 261
111 261
329 261
354 261
432 261
36 262
82 262
408 262
472 262
131 264
193 264
435 264
281 265
312 265
324 265
217 266
218 267
374 267
400 267
419 267
454 267
14 268
114 268
183 268
243 268
294 268
303 269
308 269
319 270
149 271
110 272
170 272
436 272
475 272
59 273
77 273
96 273
396 274
30 275
226 275
256 275
340 275
128 276
368 276
439 276
459 277
477 278
102 279
180 279
199 279
91 280
113 280
263 280
405 280
147 281
184 281
334 281
43 282
94 282
173 282
9 283
100 283
279 283
329 283
74 284
440 284
360 285
396 285
110 286
232 286
298 286
317 286
216 287
325 287
126 288
310 288
350 288
291 289
55 290
210 290
99 291
145 291
177 291
22 292
413 292
440 292
91 293
160 293
235 293
244 293
459 293
478 293
81 294
102 294
223 294
277 294
294 294
352 294
372 294
4 295
303 296
71 297
190 297
109 298
127 299
287 299
258 300
344 300
36 301
396 301
425 301
442 302
51 303
411 303
184 304
220 304
357 304
198 305
359 305
306 306
331 306
353 306
461 306
18 307
164 307
88 308
147 308
105 309
177 309
119 310
186 310
293 310
306 310
380 310
437 310
184 311
233 311
276 311
262 312
318 312
393 312
303 313
233 314
69 315
205 315
374 315
407 315
478 315
304 316
347 316
458 316
117 317
188 317
308 317
30 318
48 318
331 318
421 318
150 319
166 319
243 319
169 320
306 320
438 320
201 321
67 322
121 322
251 323
367 323
176 324
384 324
478 324
338 325
402 325
44 326
84 326
214 326
454 326
27 327
100 327
172 327
189 327
70 328
78 328
104 328
436 328
312 329
413 329
470 329
10 330
224 330
266 331
302 331
136 332
280 332
65 333
195 333
291 333
356 334
450 334
90 335
157 335
236 335
324 335
103 336
185 336
374 336
87 337
120 337
246 337
175 339
262 339
38 340
50 340
55 340
347 340
405 340
140 342
211 342
385 342
253 343
83 344
134 344
478 344
160 345
426 345
313 346
88 347
461 347
6 348
134 348
184 348
398 348
243 349
336 349
360 349
444 349
66 350
108 350
226 350
231 350
20 351
63 351
216 351
241 351
272 351
301 351
77 352
267 352
287 352
257 353
331 353
422 353
211 354
376 354
50 355
76 355
126 356
143 356
197 356
391 356
408 356
167 358
188 358
351 358
438 358
454 358
471 358
77 359
32 360
207 360
418 360
87 361
228 361
111 362
221 363
236 363
315 363
104 364
145 364
366 364
382 364
401 364
220 365
468 365
62 367
151 367
181 367
430 367
93 368
132 368
234 368
297 368
336 368
445 368
72 369
181 369
184 369
28 370
360 370
99 371
297 371
412 371
79 372
250 372
281 372
355 372
391 372
8 373
113 373
266 374
209 375
373 375
158 376
172 376
44 377
310 377
181 378
207 378
326 378
435 378
139 379
332 379
420 379
462 379
189 380
403 380
220 381
449 381
284 382
25 383
96 383
154 383
314 383
379 383
232 384
167 385
194 385
430 385
298 386
359 386
62 387
79 387
98 387
160 388
280 388
338 388
415 388
121 389
245 389
477 389
2 390
179 390
197 390
86 392
224 392
259 392
392 392
41 394
124 394
153 394
210 394
350 394
438 394
456 394
21 395
101 395
307 395
58 396
220 396
325 396
211 397
327 397
354 397
365 397
405 397
42 398
128 398
183 398
194 399
231 399
298 399
83 400
418 400
450 400
382 401
289 402
469 403
428 404
138 405
277 405
315 405
395 406
200 407
268 407
354 407
14 408
64 408
110 408
169 408
257 408
41 409
215 410
443 410
86 411
227 411
244 411
406 411
460 411
149 412
150 412
330 412
366 413
183 415
291 415
421 415
383 416
165 417
344 418
316 419
398 419
34 420
5 421
118 421
135 421
452 421
356 422
374 422
434 422
266 423
97 424
307 424
471 424
104 425
111 425
202 425
412 425
151 426
213 426
247 426
333 426
70 427
111 427
144 427
230 427
154 429
292 429
122 430
166 430
386 430
52 431
322 431
365 431
285 432
424 432
444 432
29 433
108 433
341 433
112 434
121 436
183 436
462 436
124 437
136 437
191 437
271 437
401 437
110 439
199 439
350 439
256 440
376 440
49 441
238 441
300 441
153 442
215 442
225 442
452 442
433 443
413 444
80 445
94 445
287 446
369 446
465 446
17 447
321 447
180 448
112 449
338 450
387 450
362 451
424 451
478 451
271 452
306 452
404 452
75 453
133 454
252 454
438 454
60 455
76 455
168 455
153 456
294 456
35 457
205 457
238 457
3 458
157 458
224 458
326 458
150 459
170 459
351 459
415 459
184 460
95 461
453 461
77 462
121 462
374 462
124 463
281 463
468 463
344 464
426 464
119 465
308 466
390 467
132 468
261 468
19 469
71 469
135 469
332 470
69 471
418 471
238 472
293 472
399 472
13 473
154 473
382 473
63 474
154 474
219 474
359 474
437 474
459 474
78 475
132 475
200 475
45 476
170 476
64 477
184 477
284 478
315 478
328 478
64 479
94 480
106 480
179 480
389 480
408 480
341 481
428 481
37 482
266 482
27 483
122 483
375 483
450 483
140 485
255 486
299 486
399 486
419 486
158 487
237 488
209 489
471 489
323 490
14 491
359 493
366 493
433 493
461 493
278 494
333 495
343 495
81 496
371 496
384 496
64 497
76 497
197 497
46 498
96 498
185 498
239 498
303 498
380 498
44 499
112 499
260 499
31 500
133 500
168 500
229 500
399 500
477 500
150 501
211 501
354 501
423 501
447 501
374 503
394 503
59 504
330 504
96 507
286 507
412 507
467 507
73 508
108 510
359 510
393 510
431 510
316 511
261 513
458 513
137 514
234 514
243 514
250 514
349 514
398 514
37 515
65 515
304 515
149 516
14 517
82 517
167 517
103 518
119 518
192 518
213 518
338 518
384 518
417 518
50 520
363 520
116 522
282 522
328 522
370 523
467 523
100 524
439 524
316 527
402 527
259 529
313 529
426 529
358 530
112 531
127 531
312 531
457 531
240 532
143 533
299 533
41 534
227 534
13 535
25 535
158 535
179 535
220 535
62 536
78 536
196 536
290 536
341 536
446 536
380 538
472 538
96 539
293 540
407 540
281 541
325 541
117 542
369 542
260 543
290 543
429 545
316 546
117 548
130 548
241 548
303 548
350 548
413 549
455 549
21 550
153 550
223 551
387 551
45 552
54 552
106 552
165 552
292 552
63 553
88 553
196 553
210 553
180 555
373 555
272 556
331 556
432 556
84 557
400 558
258 560
223 563
348 563
414 563
479 563
122 564
305 564
405 564
470 564
389 565
98 566
147 566
450 566
47 567
287 568
66 569
168 569
204 569
188 570
374 570
270 571
364 572
258 573
431 573
221 574
247 574
352 574
335 576
324 577
416 579
307 581
72 582
95 584
115 585
290 585
398 585
126 587
382 587
135 588
156 588
174 588
145 589
190 590
359 591
241 592
251 592
264 592
227 593
340 593
207 594
296 596
310 596
324 596
