270 69
286 69
298 71
316 72
335 73
276 82
212 83
253 83
233 84
295 87
393 87
313 90
328 91
408 93
354 96
247 100
267 100
229 102
368 102
215 103
294 104
312 105
186 106
163 108
333 109
394 109
404 110
144 114
260 114
422 114
233 117
286 118
312 118
126 119
216 120
233 121
302 121
430 121
200 122
290 122
364 122
188 123
284 124
441 124
240 125
375 125
177 126
213 127
283 127
340 127
163 128
225 128
148 129
307 129
261 130
396 130
346 131
459 131
295 132
407 132
245 133
285 133
288 133
328 133
238 135
133 136
314 136
360 136
213 137
356 137
352 138
205 139
214 140
229 140
114 141
188 141
228 143
341 143
384 143
163 146
333 146
202 147
253 147
220 148
272 148
446 149
281 150
310 150
319 150
406 150
202 151
294 151
341 151
146 152
424 152
298 153
330 153
125 154
353 154
192 155
217 155
232 155
464 155
284 156
343 157
354 157
178 159
352 159
106 160
209 160
218 160
310 160
377 160
278 161
393 161
149 162
157 162
159 162
328 162
404 163
219 164
307 164
130 165
251 165
128 166
134 167
160 167
265 167
324 167
355 167
430 167
203 168
260 168
193 169
346 169
350 169
143 170
338 170
434 170
443 170
148 171
341 171
145 172
325 172
366 172
175 173
349 173
429 173
142 174
250 174
353 174
405 174
160 175
261 175
284 175
326 175
387 175
242 176
420 176
111 177
407 177
454 177
99 178
297 178
306 178
360 178
133 179
341 179
142 180
156 180
236 180
417 180
422 180
468 180
169 181
211 181
140 183
340 183
429 183
190 184
415 184
422 184
130 185
375 186
134 187
142 187
75 188
153 188
353 188
433 188
119 190
356 190
407 190
421 190
208 191
220 191
235 191
298 191
106 192
127 192
393 192
191 193
262 193
319 193
430 193
61 194
146 194
275 194
336 194
152 195
158 195
331 195
351 195
339 196
450 196
172 197
333 197
352 197
135 198
148 198
368 198
86 199
248 200
404 200
349 201
103 202
401 202
414 202
147 203
261 203
439 203
467 203
105 204
110 204
162 204
215 204
251 204
386 204
261 205
293 205
340 205
102 206
228 206
241 206
311 206
425 206
193 207
421 207
130 208
181 208
397 208
258 209
426 209
74 210
175 210
273 210
422 210
85 211
182 211
192 211
366 211
262 212
443 212
174 213
337 213
374 213
94 214
193 214
340 214
432 214
54 215
263 215
280 215
83 216
281 216
156 217
180 217
234 217
253 217
297 217
398 217
434 217
453 217
263 218
174 219
189 219
220 219
268 219
312 219
355 219
206 220
337 220
321 221
459 221
111 222
171 222
325 222
338 222
135 223
243 223
350 223
280 224
365 224
175 225
334 225
92 226
329 226
409 226
474 226
178 227
272 227
340 227
431 227
85 228
331 228
106 229
160 229
173 229
267 229
388 229
422 229
167 230
277 230
295 230
331 230
97 231
193 231
256 231
309 231
87 232
187 232
251 232
235 233
185 234
209 234
340 234
140 236
340 236
439 236
405 237
460 237
191 239
276 239
286 240
301 240
403 240
122 241
386 241
377 242
379 242
420 242
225 243
238 243
311 243
438 243
334 244
405 244
361 245
66 246
107 246
155 246
469 246
224 247
363 247
365 248
431 248
211 249
350 249
247 250
263 250
281 250
359 250
295 251
445 251
53 252
86 252
127 253
195 253
209 254
301 254
370 254
322 255
389 255
285 256
452 256
112 258
153 258
208 258
434 258
337 259
315 260
68 261
246 261
293 261
309 261
362 261
374 261
98 262
140 262
228 262
260 262
283 262
350 262
168 263
298 263
469 263
233 264
305 264
435 265
129 266
283 266
404 266
442 266
55 267
304 267
313 267
325 267
435 267
219 268
236 268
398 268
297 269
338 269
404 269
81 270
154 270
282 270
185 271
43 272
214 272
257 273
268 273
351 273
364 273
370 273
203 274
242 274
383 274
421 274
436 274
108 275
377 275
240 276
362 276
369 276
394 276
455 276
146 277
65 279
220 279
223 279
294 279
322 279
410 279
440 279
95 280
136 280
434 280
461 280
414 281
205 282
210 282
219 282
323 282
146 283
155 283
387 283
334 284
78 285
157 285
211 285
234 285
286 285
352 285
136 286
258 286
428 286
473 286
275 287
44 288
135 288
170 289
307 289
334 289
272 290
367 290
133 291
215 291
222 291
406 291
225 292
29 293
449 293
108 294
125 294
157 294
263 294
383 294
227 295
253 295
354 295
213 296
248 296
223 297
335 297
420 297
125 298
203 298
213 298
343 298
392 298
216 299
333 299
458 299
78 300
191 300
212 300
62 301
144 301
178 301
285 301
307 301
345 301
358 302
190 303
224 303
253 303
254 303
124 304
201 304
265 304
267 304
317 304
351 304
366 304
402 304
430 304
153 305
357 306
244 307
435 307
115 308
273 308
356 308
165 309
186 309
226 309
240 309
411 309
468 309
386 310
81 311
235 311
240 311
259 311
348 311
54 312
178 312
181 312
217 312
129 313
192 313
284 313
332 313
185 314
188 314
355 314
136 315
151 315
177 315
274 315
302 315
420 315
475 315
46 316
102 316
180 316
236 316
241 316
318 316
142 317
394 317
68 318
184 318
221 318
242 318
368 318
451 319
258 320
330 320
99 321
105 321
402 321
57 323
119 323
378 323
153 324
194 324
347 324
57 325
268 325
355 325
408 325
36 326
281 326
300 326
461 326
255 327
434 327
98 329
180 329
314 329
388 329
90 330
368 330
50 331
82 331
248 331
444 331
89 332
212 332
330 332
24 333
395 333
420 333
469 333
55 334
61 334
173 334
241 334
105 335
55 336
68 336
135 336
291 336
82 337
204 337
344 337
379 337
163 338
231 338
97 339
274 339
259 340
406 340
97 341
116 341
361 341
431 341
454 341
113 343
191 343
220 343
68 344
124 344
312 344
73 345
327 345
393 345
459 345
49 346
71 346
151 346
245 346
299 346
368 346
33 348
179 348
215 348
443 348
94 349
106 349
418 349
51 350
280 350
235 351
343 351
381 351
48 352
118 352
267 352
41 353
466 353
98 354
173 354
138 355
253 356
63 357
90 357
197 357
357 357
395 357
224 358
297 358
310 358
324 359
429 359
476 359
453 360
47 361
98 361
281 361
160 362
336 362
406 362
144 363
238 364
268 364
369 364
68 365
185 366
436 366
210 367
40 368
352 368
229 369
394 369
416 369
144 370
255 370
121 371
90 372
116 372
329 372
441 372
462 372
121 373
146 373
221 373
304 373
317 373
198 374
425 374
155 375
288 375
173 376
276 376
340 376
400 376
58 377
111 378
268 379
362 379
158 380
194 380
383 380
407 380
78 382
147 382
211 382
468 382
236 383
258 383
354 384
389 385
432 385
452 385
186 387
206 387
323 387
362 387
103 388
157 388
291 388
308 388
229 389
299 389
476 389
46 390
336 390
416 390
167 391
284 391
129 392
395 392
71 393
372 393
123 394
267 394
275 394
125 395
341 395
97 396
145 396
164 396
240 396
439 396
460 396
220 397
41 398
134 398
155 398
179 398
198 398
421 398
353 399
401 400
43 401
280 401
251 402
277 402
299 402
362 402
443 402
117 403
235 403
301 403
55 404
213 404
467 404
63 405
157 405
371 405
407 405
89 406
137 406
194 406
269 406
306 407
365 407
63 408
394 408
427 408
317 409
329 409
370 409
391 409
446 410
53 411
173 411
265 411
310 411
319 411
76 412
113 412
279 412
305 412
57 413
191 413
229 413
268 413
293 413
342 413
209 414
252 414
273 414
150 415
267 415
309 415
314 415
412 415
468 415
54 416
58 416
389 416
381 417
57 418
79 418
243 418
265 419
379 419
41 420
106 420
128 420
186 420
250 420
261 420
296 420
301 420
350 420
57 421
361 421
22 422
268 422
282 422
417 422
437 422
74 423
85 423
148 423
295 423
320 423
321 423
455 423
476 423
204 424
223 424
240 424
244 424
268 424
302 424
385 424
164 425
285 425
289 425
51 426
402 426
245 427
252 427
357 427
377 427
268 428
319 428
386 428
69 429
258 429
67 430
333 430
14 431
122 431
198 431
292 431
390 431
244 432
367 432
424 432
387 433
397 433
219 434
302 434
311 434
441 434
81 435
160 435
236 435
342 435
41 436
138 436
385 436
74 437
177 437
271 437
463 437
35 438
96 439
262 439
389 439
404 439
385 440
251 441
323 441
206 442
294 442
308 442
339 442
376 442
427 442
52 443
233 443
321 443
349 443
130 444
137 444
141 444
262 444
155 445
192 445
424 445
79 446
228 446
358 446
134 447
201 447
217 447
272 447
277 447
287 447
407 447
445 447
52 448
142 448
237 448
270 448
42 449
69 449
117 449
225 449
290 449
365 449
390 449
471 449
208 450
334 450
370 450
25 451
158 451
311 451
359 451
420 451
128 452
383 452
146 453
165 453
175 453
220 453
244 453
288 453
324 453
349 453
51 454
154 454
320 454
381 454
383 454
437 454
127 455
232 455
318 455
428 455
48 456
52 456
90 456
209 456
243 456
110 457
189 457
213 457
385 457
402 457
408 457
436 457
450 457
150 458
396 458
462 458
154 459
249 459
296 459
310 459
334 459
72 460
347 460
427 461
161 462
253 462
128 463
241 463
64 464
140 464
229 464
18 465
58 466
86 466
245 466
410 466
412 466
465 466
107 467
233 467
297 467
310 467
323 467
431 467
438 467
44 468
175 468
74 469
232 469
247 469
320 469
376 469
431 469
126 471
218 471
305 471
416 471
437 471
383 472
428 472
453 472
283 473
35 474
64 474
130 474
189 474
207 474
330 474
386 474
400 474
141 476
229 476
390 476
396 476
10 477
151 477
249 477
438 477
235 478
387 478
55 479
64 479
223 479
345 479
437 479
468 479
201 480
406 480
419 480
157 481
172 481
267 481
284 481
422 481
55 482
216 482
380 482
227 483
340 483
456 483
85 484
395 484
398 484
220 485
236 485
253 485
28 486
372 486
380 486
237 487
406 487
223 488
272 489
307 489
473 489
131 490
135 490
171 490
187 490
212 490
291 490
395 490
122 491
372 491
438 491
82 492
148 492
240 492
366 492
375 492
391 493
94 494
122 494
373 494
393 494
110 495
312 495
345 495
366 495
375 495
384 495
423 495
23 496
46 496
153 496
460 496
474 496
213 497
68 498
341 498
360 498
123 499
148 499
187 499
217 499
325 499
362 499
374 499
393 499
130 500
348 500
115 501
149 501
201 502
259 502
276 502
298 502
319 502
354 502
128 503
388 503
394 503
439 503
43 504
172 504
367 504
142 505
242 505
339 505
109 506
151 506
450 506
478 506
86 507
160 507
187 507
235 507
18 508
97 508
122 508
201 508
155 509
216 509
306 509
368 509
424 509
152 510
381 510
101 511
203 511
334 511
62 512
236 512
88 513
136 513
328 513
81 514
113 514
336 514
143 515
148 515
171 515
245 515
465 515
227 516
263 517
358 517
378 517
438 517
104 518
384 518
392 518
86 519
117 519
187 519
226 519
313 519
353 519
59 520
155 520
291 520
478 520
37 522
210 522
226 522
247 522
314 522
84 523
107 523
161 523
219 523
308 523
453 523
294 524
314 524
80 525
89 525
202 525
317 525
324 525
361 525
412 525
119 526
220 526
376 526
138 527
152 527
285 527
83 528
96 528
185 528
189 528
269 528
339 528
346 528
109 529
178 529
354 529
240 530
466 530
54 531
181 531
203 531
211 531
249 531
427 531
83 532
205 532
226 532
229 533
320 533
73 534
28 535
97 535
276 535
179 536
291 536
410 536
422 536
82 537
90 537
204 537
219 537
452 537
223 538
234 539
399 539
87 540
152 540
435 540
50 541
100 541
166 541
230 541
104 543
223 543
254 543
434 543
177 544
301 544
93 545
298 545
329 545
388 545
422 545
465 545
67 546
108 547
176 547
215 547
375 547
405 547
416 547
312 548
105 549
136 549
182 549
408 549
425 549
448 549
180 550
292 550
362 550
417 550
432 550
84 551
196 551
347 551
228 552
232 552
263 552
431 552
166 553
416 553
182 554
42 555
213 555
101 556
304 556
440 556
116 557
192 557
231 557
316 557
414 557
433 557
465 557
152 558
173 558
285 558
425 558
91 559
220 560
230 560
367 560
209 561
376 561
404 561
81 562
96 562
269 562
408 562
422 562
111 563
320 563
416 563
441 563
59 564
199 564
219 564
227 564
92 565
133 565
279 565
179 566
194 566
318 566
34 567
78 567
245 567
403 567
223 568
237 568
258 568
91 569
314 569
477 569
156 570
327 570
428 570
461 570
234 572
314 572
337 572
75 574
286 574
305 575
383 575
258 576
302 576
369 576
376 576
107 577
197 577
282 577
355 577
140 578
238 578
427 578
222 580
433 580
233 581
183 582
221 582
235 582
256 582
288 582
418 582
170 583
475 583
51 584
71 584
190 584
194 584
270 584
323 584
414 584
96 585
191 586
422 586
177 587
331 587
429 587
439 587
453 587
211 588
214 588
423 588
425 588
115 589
127 589
341 589
108 590
190 590
234 590
400 590
354 591
99 592
221 592
231 592
305 592
388 592
431 592
436 592
81 593
171 593
252 593
271 593
365 593
148 594
167 594
248 595
273 595
274 596
435 596
107 597
180 597
295 597
414 598
432 598
64 599
116 599
174 599
233 599
307 600
318 600
282 601
327 602
468 602
337 603
373 603
83 605
360 605
245 606
347 606
417 606
129 607
454 607
107 608
268 608
310 608
155 609
290 609
175 610
401 610
199 611
223 611
387 613
73 615
252 615
323 615
434 615
477 615
375 617
280 618
302 619
340 619
354 619
471 620
181 622
234 622
417 622
107 625
135 625
92 626
403 626
268 627
312 627
436 627
161 628
212 628
462 628
391 630
245 631
321 632
378 632
278 633
447 633
367 634
87 635
346 635
113 636
218 636
413 637
144 638
196 638
289 638
