280 32
341 34
364 36
246 40
306 40
298 43
293 44
196 47
348 49
357 49
368 51
311 52
265 53
380 53
298 54
249 56
400 57
199 60
275 61
333 61
356 61
446 61
168 62
319 62
345 62
364 63
416 63
376 65
456 65
389 67
213 68
181 71
243 71
410 72
299 73
318 73
286 74
425 74
373 76
221 78
265 78
252 79
385 79
188 81
212 81
220 81
231 81
236 82
404 82
239 83
243 83
336 83
360 83
218 84
220 84
227 84
334 84
344 84
239 85
338 85
224 86
350 86
356 86
417 86
216 87
302 87
320 87
335 87
283 88
325 88
266 89
438 90
202 91
221 91
230 92
234 92
339 92
372 92
222 94
247 94
394 94
207 95
331 95
381 95
235 96
405 96
454 97
341 98
193 99
202 99
208 99
232 99
310 100
357 100
285 101
298 101
273 103
430 103
260 104
179 106
212 107
238 107
240 108
373 108
205 109
249 109
381 109
390 109
171 110
455 110
104 111
218 111
307 111
404 111
196 112
342 112
232 113
314 113
334 114
413 114
138 115
209 115
359 115
425 115
188 116
232 116
283 116
295 116
236 117
278 117
328 117
155 118
434 118
348 119
322 120
353 120
367 120
129 121
171 121
190 122
196 122
265 122
377 122
204 123
248 123
449 123
389 124
148 125
401 125
172 126
193 126
457 126
121 127
237 127
176 128
331 128
164 129
313 129
184 130
292 130
422 130
225 131
340 131
347 131
280 132
361 132
269 133
438 133
189 134
373 134
477 134
167 135
210 135
163 136
254 136
391 136
127 137
172 137
200 137
245 138
102 139
137 140
407 140
454 140
168 141
178 141
161 142
238 142
299 143
307 143
317 143
325 143
348 143
426 143
147 144
333 144
95 145
232 145
109 146
274 146
359 146
373 147
128 149
215 149
387 149
262 150
398 150
443 151
479 151
102 152
251 152
410 153
204 154
80 155
172 155
177 155
419 155
144 156
181 156
183 156
239 156
320 156
189 157
302 157
310 157
333 157
343 157
460 157
427 158
169 159
292 159
93 160
109 160
172 160
226 160
272 160
207 161
243 161
273 161
287 161
375 161
395 161
70 162
232 162
253 162
392 162
210 163
263 163
380 163
294 164
255 165
276 165
285 165
287 165
301 165
444 165
139 166
207 166
262 166
266 166
272 166
474 166
176 167
211 167
409 167
131 168
137 168
147 168
159 168
249 168
299 168
301 168
370 168
392 168
453 168
122 169
135 169
157 169
215 169
234 169
330 169
361 169
385 169
124 170
202 170
219 170
242 170
293 170
318 170
378 170
423 170
76 171
101 171
205 171
211 171
234 171
323 171
126 172
137 172
158 172
281 172
295 172
344 172
351 173
95 174
122 174
252 174
298 174
301 174
365 174
374 174
395 174
459 174
163 175
307 175
140 176
148 176
192 176
202 176
275 176
284 176
252 177
295 177
311 177
373 177
376 177
411 177
110 178
213 178
241 178
243 178
257 178
281 178
366 178
371 178
380 178
442 178
139 179
180 179
398 179
471 179
87 180
219 180
235 180
245 180
249 180
251 180
268 180
297 180
300 180
377 181
385 181
242 182
248 182
271 182
142 183
158 183
234 183
424 183
64 184
103 184
125 184
133 184
222 184
361 184
398 184
145 185
197 185
311 185
331 185
366 185
478 185
77 186
201 186
205 186
215 186
234 186
239 186
318 186
343 186
397 186
136 187
228 187
230 187
263 187
283 187
374 187
400 187
56 188
154 188
167 188
288 188
303 188
317 188
353 188
379 188
438 188
124 189
249 189
97 190
112 190
217 190
252 190
293 190
392 190
243 191
312 191
467 191
145 192
297 192
388 192
408 192
180 193
277 193
443 193
152 194
154 194
223 194
363 194
372 194
71 195
129 195
265 195
296 195
395 195
109 196
137 196
271 196
293 196
368 196
234 197
240 197
198 198
213 198
246 198
257 198
424 198
451 198
476 198
126 199
170 199
252 199
316 199
329 199
339 199
345 199
235 200
284 200
382 200
133 201
239 201
292 201
331 201
339 201
345 201
78 202
163 202
213 202
220 202
227 202
281 202
438 202
269 203
363 203
461 203
260 204
96 205
159 205
359 205
374 206
117 207
414 207
143 208
205 208
242 209
328 209
390 210
215 211
336 211
473 211
209 212
304 212
354 212
425 212
177 213
229 213
159 214
433 214
45 215
62 215
279 215
352 215
82 216
126 216
239 216
268 216
289 216
103 217
124 217
138 217
210 217
362 217
404 217
132 218
340 218
372 218
121 219
155 219
190 219
469 219
158 220
169 220
209 220
216 220
223 220
449 220
219 221
236 221
252 221
415 221
115 222
214 222
352 222
77 223
151 223
229 223
354 223
383 223
305 224
319 224
356 224
129 225
133 225
147 225
232 225
237 225
337 225
391 225
48 226
342 226
479 226
287 227
429 227
179 228
240 228
347 228
66 229
149 229
267 229
275 229
323 229
333 230
437 230
464 230
214 231
257 231
363 231
107 232
234 232
310 232
406 232
149 233
206 233
373 233
242 234
339 234
153 235
157 235
411 235
39 236
205 236
229 236
239 236
296 236
350 236
379 236
449 236
64 237
146 237
168 237
232 237
339 237
417 237
140 238
152 238
278 238
287 238
345 238
347 238
387 238
56 239
137 239
201 240
210 240
268 240
455 240
96 241
133 241
241 241
244 241
114 242
182 242
223 242
393 242
396 242
199 243
359 243
363 243
248 244
461 244
254 245
271 245
431 245
328 246
73 247
279 247
300 247
309 247
319 247
386 247
138 248
214 248
245 248
362 248
157 249
290 249
334 249
123 250
174 250
409 250
444 250
469 250
46 251
90 251
345 251
370 251
375 251
381 251
385 251
280 252
379 252
107 253
232 253
275 253
366 253
353 254
478 254
241 255
266 255
382 255
417 255
184 256
88 257
198 258
273 258
397 258
130 259
147 259
314 259
329 259
456 259
166 260
374 260
100 261
115 261
220 261
276 261
301 261
438 261
254 262
343 263
373 263
394 263
276 264
289 264
369 264
427 264
191 265
392 265
394 265
405 265
78 266
238 266
259 266
364 266
367 266
354 267
252 268
449 268
465 268
157 269
140 270
173 270
271 270
30 271
206 271
232 271
280 271
245 272
268 272
317 272
384 272
415 272
276 273
305 273
325 273
179 274
294 274
361 274
472 274
268 275
344 275
397 275
437 275
454 275
72 276
104 276
382 276
89 277
151 277
270 277
368 277
419 277
52 278
120 278
133 278
241 279
257 279
269 279
284 279
389 279
165 280
197 280
348 280
390 281
427 281
31 282
290 282
293 282
316 282
101 283
145 283
265 283
83 284
174 284
239 284
254 284
287 284
306 284
383 284
406 284
264 285
313 285
371 285
385 285
394 285
67 286
272 286
320 286
360 286
256 287
323 287
448 287
466 287
231 288
327 288
111 289
258 289
280 289
295 289
337 289
61 290
155 290
189 290
206 290
289 290
311 290
379 290
389 290
400 290
413 290
42 291
77 291
344 291
126 292
227 292
254 292
471 292
22 293
251 293
384 293
396 293
437 293
92 294
250 294
300 294
138 295
315 295
245 296
276 296
279 297
288 297
351 297
372 297
441 297
456 297
300 298
34 299
201 299
218 299
280 299
282 299
146 300
365 300
388 300
281 301
285 301
477 301
265 302
309 302
312 302
327 302
405 302
423 302
102 303
267 303
377 303
49 304
116 304
289 304
300 304
194 305
214 305
337 305
372 305
446 305
236 306
243 306
29 307
290 307
396 307
129 308
158 308
177 308
383 308
411 308
304 309
96 310
269 310
371 310
374 310
367 311
376 311
393 311
362 312
59 313
79 313
141 313
244 313
110 314
318 314
365 315
468 315
126 316
203 316
255 316
383 316
41 317
223 317
293 317
295 317
300 317
309 317
363 317
418 317
186 318
288 318
297 318
324 318
356 318
367 318
390 318
392 318
90 319
153 319
334 319
369 319
199 320
108 321
38 322
259 322
279 322
354 322
191 323
346 323
396 323
73 324
90 324
178 324
217 324
441 324
149 325
194 325
122 326
322 326
340 327
413 327
86 328
168 328
460 328
30 329
327 329
341 329
386 329
475 329
103 330
244 330
268 330
48 331
172 331
175 331
197 331
337 331
345 331
359 331
68 332
166 332
329 333
434 333
299 334
326 334
334 334
403 334
178 335
328 335
449 335
137 336
160 336
343 336
345 336
116 337
208 337
196 338
330 338
347 338
257 339
358 339
79 340
464 340
184 341
199 341
230 341
350 341
360 341
282 342
330 342
20 343
38 343
179 343
181 343
479 343
353 344
164 345
172 345
193 345
201 345
251 345
149 346
408 346
219 347
334 347
358 347
453 347
306 348
321 348
77 349
110 349
170 349
337 349
52 350
132 350
382 350
397 350
178 351
270 351
315 351
174 352
194 352
366 352
471 352
349 353
90 354
243 354
412 354
127 355
321 355
337 355
441 356
322 357
332 357
293 358
369 358
263 359
457 359
189 360
191 360
286 360
332 360
343 360
355 360
27 361
143 361
213 361
238 361
413 361
88 362
102 362
325 362
386 362
157 363
63 364
153 364
401 364
126 365
478 365
120 366
355 366
81 367
328 367
164 368
307 368
153 369
156 369
185 369
280 369
123 370
149 370
461 370
207 371
373 371
139 372
342 372
479 372
251 373
387 373
445 373
55 374
116 374
153 374
417 374
97 375
139 375
141 375
227 375
295 375
183 376
239 378
317 378
401 378
31 379
121 379
130 379
203 379
273 379
124 380
465 381
418 382
433 382
448 382
114 383
126 383
144 383
244 383
372 383
122 384
286 384
320 384
339 384
356 384
179 385
49 386
199 386
388 386
219 388
305 388
142 389
125 390
129 390
135 390
451 390
191 391
152 392
403 392
337 393
432 393
420 394
66 395
121 395
141 395
215 395
125 396
134 396
154 396
159 396
321 396
166 397
138 399
238 399
280 399
301 399
81 400
319 401
396 401
413 401
312 402
319 403
437 403
124 404
307 404
391 404
253 405
420 405
472 405
97 406
301 406
419 407
429 407
440 407
453 407
190 408
275 408
298 408
353 408
433 408
307 409
377 409
415 409
73 410
230 410
383 410
398 410
404 410
408 410
413 410
183 411
285 411
205 412
331 412
424 412
437 412
47 413
162 413
313 413
385 413
396 413
404 413
316 414
422 414
290 415
299 415
376 415
405 415
438 415
135 416
305 416
363 416
397 417
67 418
369 418
391 418
110 419
225 420
312 420
331 420
408 420
410 420
127 421
245 421
368 421
392 421
365 422
381 422
403 422
445 422
84 423
290 423
294 423
382 423
395 423
267 424
318 424
365 424
385 424
410 424
424 424
36 425
198 425
301 425
348 425
432 425
328 426
437 426
32 427
472 427
126 428
285 428
404 428
96 429
316 429
382 429
430 429
296 430
394 430
445 430
456 430
307 431
150 432
393 432
395 433
210 434
287 434
301 434
383 435
80 436
281 436
300 436
390 436
143 437
225 437
261 437
313 437
361 438
440 438
320 439
380 439
189 440
298 440
92 441
164 441
349 441
362 441
390 441
431 441
100 442
107 442
406 442
102 443
238 443
277 443
382 443
398 443
106 444
281 444
322 444
81 445
107 445
304 445
344 445
427 445
357 446
365 446
119 447
256 447
293 447
337 447
83 448
105 448
132 448
374 448
407 448
421 448
452 448
120 449
217 449
310 449
316 449
352 449
372 449
430 449
88 450
362 450
103 451
109 451
310 451
350 451
416 451
63 452
93 452
281 452
297 452
402 452
112 453
180 453
203 453
322 453
335 453
371 453
373 453
437 453
469 453
54 454
274 454
327 454
363 454
381 454
399 454
232 455
400 455
85 456
116 456
312 456
325 456
426 456
360 457
419 457
434 457
119 458
331 458
363 458
84 459
288 460
354 460
388 460
415 460
438 460
81 461
101 461
284 461
324 461
372 461
413 461
147 462
314 462
91 463
308 463
384 463
405 463
430 463
328 464
371 464
81 465
103 465
379 465
450 465
89 466
371 466
319 467
338 467
248 468
333 468
433 468
72 469
164 469
288 469
325 469
389 469
401 469
409 469
82 470
340 470
394 470
403 470
438 470
93 471
226 471
308 471
479 471
206 472
328 472
398 472
354 473
35 474
62 474
283 474
344 474
348 474
385 474
401 474
357 475
378 475
428 475
437 475
134 476
373 476
409 476
88 477
102 477
319 477
322 477
333 477
342 477
417 477
53 478
83 478
392 478
414 478
432 478
479 478
106 479
109 479
156 479
177 479
241 479
260 479
375 479
388 479
90 480
283 480
310 480
316 480
295 481
418 481
52 482
292 482
310 485
339 485
442 485
214 486
388 487
75 488
172 488
290 489
307 489
119 490
193 490
40 491
370 491
283 492
301 492
315 492
183 493
353 493
231 494
251 494
384 494
275 495
296 495
300 495
67 496
331 496
426 496
320 497
270 499
300 499
319 500
136 501
104 502
57 503
98 503
203 503
350 503
294 504
304 504
312 504
409 504
378 505
435 505
127 506
293 506
220 507
392 507
298 508
293 509
465 509
41 510
83 511
239 511
323 511
296 512
320 513
307 514
71 515
116 515
175 515
302 516
355 516
280 517
372 517
233 519
254 519
273 519
284 519
59 520
299 520
304 520
459 520
166 521
321 521
439 521
132 522
99 523
225 523
223 524
249 524
275 524
380 524
233 525
347 525
48 526
214 526
397 526
208 527
210 528
231 528
154 529
225 529
228 529
276 529
241 530
335 530
73 531
289 531
435 531
202 532
228 532
355 532
413 532
470 532
218 533
223 533
252 533
235 534
254 534
148 535
193 535
324 535
120 536
274 536
183 537
264 537
334 537
339 537
213 538
356 538
428 538
172 539
208 539
268 539
280 539
137 540
228 540
260 540
334 540
445 540
201 541
208 541
235 541
265 541
320 541
383 541
280 542
460 542
107 543
323 543
242 544
281 544
350 544
225 545
237 545
251 545
261 545
202 546
243 546
349 546
475 546
166 547
256 547
266 547
371 547
394 547
247 550
264 550
421 550
208 551
236 551
338 552
359 552
205 553
260 553
265 554
324 554
333 554
354 554
467 554
294 556
327 556
139 557
190 557
230 557
350 557
385 557
402 557
272 558
432 558
113 559
235 559
245 559
268 559
344 559
329 560
336 560
355 560
98 561
170 561
80 562
215 562
412 562
161 563
311 563
174 565
392 565
200 566
288 566
478 566
231 568
369 568
333 569
387 569
447 569
164 570
174 570
178 570
255 570
352 571
387 571
183 572
192 572
301 572
396 572
403 572
423 572
196 573
393 573
163 574
345 574
364 574
196 575
271 575
388 575
172 576
381 576
395 577
163 578
245 578
367 578
431 578
184 579
210 579
317 579
388 579
341 580
409 580
188 581
364 581
176 582
379 582
471 582
163 583
179 583
375 583
393 583
176 584
285 585
366 586
466 586
357 587
157 588
328 588
392 588
396 588
458 588
134 589
170 589
221 589
248 589
273 589
297 589
184 590
141 591
165 592
189 592
368 592
406 592
373 593
377 593
392 593
183 594
386 594
340 595
474 595
161 596
183 596
186 596
197 596
209 597
390 597
283 598
195 599
232 599
400 599
146 600
248 600
266 600
380 600
430 600
361 602
118 603
128 603
319 604
162 607
186 607
309 607
346 607
330 608
213 609
281 610
438 610
249 611
265 614
302 617
361 619
315 620
335 620
435 622
186 624
206 625
222 626
326 630
