141 1
312 2
401 2
204 4
233 4
347 4
456 4
271 5
159 7
175 8
361 8
407 8
325 9
248 10
425 10
294 11
84 12
476 12
101 13
186 13
66 14
116 14
228 14
437 15
441 15
134 16
310 16
146 17
264 18
201 19
391 19
323 20
158 21
214 21
455 22
249 23
277 23
286 23
405 25
176 27
234 28
63 29
110 29
300 29
376 29
84 30
96 30
188 30
471 30
56 31
261 31
345 31
477 31
49 32
158 32
129 33
425 33
435 33
140 34
203 34
323 35
250 36
358 36
216 37
394 37
178 38
407 40
83 41
238 41
414 41
435 41
87 42
152 42
179 42
289 42
147 43
181 44
374 44
379 44
409 44
460 44
116 45
159 45
338 45
85 46
178 46
405 46
82 47
91 47
136 47
207 47
262 47
429 47
163 48
186 48
310 48
63 49
143 49
37 50
53 50
113 50
226 50
349 50
469 50
143 51
160 51
395 52
185 53
281 53
406 53
440 53
476 53
143 55
151 55
180 55
432 55
443 55
95 56
116 56
154 56
243 56
430 56
186 57
189 57
366 57
432 57
203 58
299 58
148 59
176 59
401 59
421 59
142 60
189 60
370 60
94 61
146 61
164 61
216 61
336 61
439 61
81 62
181 62
194 62
155 63
225 63
407 63
50 64
103 64
109 64
146 64
271 64
460 64
76 65
82 65
85 65
119 65
156 65
159 65
181 65
154 66
169 66
316 66
416 66
39 67
384 67
119 68
137 68
236 68
346 68
94 69
103 69
128 69
390 69
411 69
470 69
87 70
126 70
164 72
292 72
396 72
199 73
207 73
142 75
176 75
359 75
426 75
445 75
162 76
197 76
301 76
199 77
228 77
265 77
117 78
130 78
155 78
179 78
333 78
84 79
113 79
169 79
54 80
69 80
82 80
145 80
151 80
186 80
140 81
158 81
180 81
190 81
87 83
240 83
278 83
315 83
466 83
177 85
251 85
200 87
213 87
256 87
196 88
198 88
293 88
329 88
386 88
107 89
259 89
158 90
439 90
38 91
164 91
193 91
230 91
140 92
147 92
149 92
153 92
360 92
159 94
139 96
175 96
417 97
456 97
71 98
126 98
150 98
252 98
340 98
84 99
401 99
42 100
137 100
150 100
197 100
216 100
142 101
162 101
173 101
195 101
313 101
97 102
170 102
233 102
286 102
152 103
320 103
265 104
354 104
379 105
116 106
160 106
170 106
207 106
165 107
128 108
140 108
443 108
177 109
331 109
140 110
173 110
252 110
127 111
135 111
148 111
168 111
300 111
419 111
177 112
39 113
58 113
77 113
146 113
164 113
222 113
130 114
193 114
96 115
264 115
174 116
235 116
390 116
152 117
465 117
318 118
350 118
435 118
139 119
195 119
279 119
187 120
112 121
196 121
397 121
400 121
46 122
166 122
322 122
293 123
383 123
450 123
41 124
56 124
397 124
421 124
478 124
389 125
399 125
402 125
37 126
53 126
61 126
77 126
221 126
363 126
380 126
85 127
243 127
275 127
337 127
394 127
427 127
77 128
131 128
280 129
369 129
378 129
427 129
187 130
258 130
256 131
434 131
66 132
367 132
424 132
146 133
308 133
375 133
66 134
363 134
422 134
48 135
75 135
375 135
393 135
72 136
334 136
378 136
83 137
164 137
253 137
412 137
70 138
426 138
432 138
40 139
72 139
105 139
210 139
242 139
384 139
426 139
451 139
18 140
64 140
419 140
46 141
260 141
371 141
125 142
181 142
242 142
361 142
379 142
411 142
415 143
55 144
247 144
296 144
349 144
372 144
398 144
226 145
325 146
280 147
370 147
413 147
416 147
266 148
274 148
435 148
63 149
73 149
200 149
239 149
367 149
308 150
363 150
477 150
61 151
69 151
83 151
259 151
268 151
384 151
399 151
407 151
97 152
23 153
40 153
163 153
373 153
114 154
260 154
340 154
364 154
419 154
73 155
262 155
451 155
55 156
219 156
365 156
377 156
392 156
418 156
66 157
242 157
440 157
266 158
378 158
180 159
414 159
45 160
79 160
235 160
321 160
138 161
160 161
195 161
297 161
106 162
403 162
138 163
227 163
350 163
391 164
395 164
223 165
244 165
447 165
59 166
76 166
148 166
233 166
281 166
41 167
124 167
130 167
224 167
19 168
86 169
206 169
385 169
392 169
414 169
383 170
177 171
207 171
314 171
139 172
363 172
135 173
340 173
100 174
265 174
377 174
153 175
388 175
427 176
115 177
237 177
296 177
193 178
234 178
49 179
378 180
26 181
72 181
155 181
399 181
471 181
207 182
216 182
239 182
282 182
391 182
232 184
235 185
332 185
354 185
383 185
410 185
161 186
390 186
443 186
152 187
257 187
387 187
174 188
210 188
379 188
393 189
93 190
124 190
129 190
149 190
224 190
384 190
45 191
145 191
294 191
25 192
61 192
74 192
109 192
126 192
184 192
271 192
381 192
218 193
397 193
122 195
127 195
423 195
456 195
198 196
225 196
363 197
149 198
342 198
372 198
399 198
300 199
384 199
429 199
168 200
406 200
463 200
100 201
142 201
251 201
278 201
408 201
92 202
57 203
105 203
403 203
474 203
80 204
107 204
156 204
380 204
42 205
188 205
226 205
330 205
420 205
120 206
158 206
425 206
21 207
153 207
313 207
357 207
387 207
90 208
141 208
287 208
96 209
155 209
260 209
160 210
442 210
103 211
143 211
240 211
419 211
112 212
161 212
363 212
105 213
114 213
116 213
391 213
102 214
202 214
321 214
401 215
90 216
159 216
178 216
277 216
454 216
248 217
303 217
412 217
31 218
51 218
63 218
112 218
216 218
397 218
406 218
110 219
423 220
426 220
118 221
151 221
145 222
153 222
195 222
229 222
162 223
146 224
260 224
121 225
135 225
288 225
355 225
476 225
84 226
310 226
432 226
108 227
181 227
209 227
337 227
405 227
104 228
124 228
133 228
145 228
385 228
422 228
34 229
153 229
242 229
52 230
70 230
81 230
430 230
217 231
293 231
439 231
127 232
146 232
404 232
271 233
113 234
14 235
145 235
164 235
295 235
345 235
387 235
424 235
449 235
143 236
256 236
324 236
417 236
85 237
101 237
104 237
226 237
372 237
408 237
54 238
123 238
191 238
433 238
76 239
142 239
156 240
430 241
33 242
237 242
304 242
419 242
205 243
155 244
284 245
15 246
213 246
334 246
420 246
422 246
461 246
79 247
178 247
119 248
56 249
383 249
102 250
246 250
68 251
272 251
412 251
429 251
438 251
366 252
138 253
193 253
316 253
342 253
32 254
231 256
256 256
443 256
478 256
205 257
279 257
163 258
90 260
300 260
324 260
373 260
456 260
12 261
265 261
409 261
430 261
65 262
377 262
128 263
242 263
351 263
217 264
463 264
42 265
410 265
150 266
418 266
425 267
436 267
289 268
431 268
433 268
313 269
28 270
97 270
253 270
337 272
83 273
114 273
360 273
410 273
436 273
15 274
25 274
172 274
62 275
260 275
280 275
416 275
422 275
208 276
399 276
140 278
299 278
478 278
48 279
383 279
402 279
153 280
187 280
240 280
101 281
89 282
306 282
391 282
445 282
388 283
30 284
325 284
117 285
120 285
163 285
169 285
193 285
224 285
388 285
416 285
101 286
111 286
128 286
64 287
76 287
105 287
140 287
365 287
117 288
177 288
191 288
194 288
290 289
310 289
351 290
398 290
456 290
151 291
205 291
253 291
401 291
113 292
176 292
196 292
51 293
163 293
400 293
428 293
101 294
40 295
106 296
468 296
100 297
106 297
187 297
78 298
82 298
91 298
105 298
121 298
161 298
279 298
298 298
477 298
240 299
135 300
169 300
216 300
23 301
200 301
337 301
383 301
442 301
58 302
99 302
108 302
262 302
360 302
413 303
85 304
153 305
200 305
15 306
188 306
194 306
229 306
362 306
103 307
322 307
288 308
310 308
387 308
87 309
111 309
43 310
170 310
196 310
253 310
382 310
424 310
367 311
374 311
81 312
105 312
109 312
127 312
202 312
30 313
74 313
96 313
163 313
346 313
384 314
62 315
84 315
192 315
93 316
137 316
208 316
239 316
367 316
384 316
89 317
104 317
395 317
367 318
437 318
466 318
166 319
168 319
276 319
382 319
407 319
157 320
184 320
192 320
302 320
149 321
228 321
274 321
327 321
246 322
422 322
149 323
194 323
255 323
258 323
267 323
15 324
89 324
107 324
182 324
114 325
261 325
276 325
478 325
54 326
131 326
134 326
215 326
357 326
71 327
147 327
224 327
110 328
120 328
152 328
169 328
171 328
229 328
255 328
447 328
178 329
232 329
251 329
387 329
98 330
406 330
41 331
272 331
290 331
404 331
81 332
92 332
169 332
226 332
428 332
47 333
63 333
67 333
124 333
162 333
207 333
250 333
339 333
313 334
422 334
94 335
210 335
248 335
408 335
430 335
24 336
41 336
52 336
225 336
133 337
205 337
242 337
410 337
462 337
100 338
152 338
154 338
233 338
298 338
369 338
51 339
84 339
96 339
118 339
145 339
164 339
260 339
403 339
433 339
120 340
201 340
241 340
248 340
262 340
427 340
433 340
40 341
156 341
213 341
251 341
322 341
420 341
429 341
436 341
69 342
108 342
132 342
148 342
200 342
224 342
254 342
271 342
411 342
49 343
57 343
66 343
130 343
218 343
402 343
419 343
433 343
126 344
303 344
476 344
35 345
44 345
79 345
162 345
131 346
213 346
13 347
45 347
80 347
151 347
223 347
237 348
255 348
351 348
379 348
50 349
58 349
136 349
239 349
219 350
233 350
29 351
120 351
145 351
181 351
207 351
272 351
289 351
416 351
457 351
269 352
47 353
124 353
181 353
105 354
121 354
177 354
191 354
231 354
438 354
44 355
201 355
208 355
221 355
391 355
91 356
122 356
155 356
212 356
252 356
336 356
421 356
69 357
402 357
216 358
415 358
430 358
20 359
57 359
164 360
170 360
213 360
251 360
318 360
430 360
63 361
66 361
75 361
118 361
274 361
369 361
133 362
272 362
80 363
95 363
184 363
239 363
298 363
370 363
376 363
398 363
435 363
63 364
192 364
259 364
364 364
393 364
143 365
178 365
382 365
426 365
85 366
189 366
267 366
35 367
191 367
344 367
345 367
352 367
364 367
401 367
145 368
198 368
202 368
449 368
13 369
71 369
189 369
391 369
406 369
427 369
439 369
143 370
145 370
159 370
264 370
276 370
345 370
351 370
410 370
56 371
136 371
338 371
363 371
376 371
380 371
407 371
416 371
141 372
146 372
164 372
187 372
189 372
204 372
263 372
334 372
401 372
371 373
109 374
132 374
328 374
385 374
55 375
268 375
403 375
174 376
326 376
332 376
351 376
399 376
432 376
152 377
231 377
246 377
422 377
27 378
51 378
123 378
150 378
156 378
161 378
178 378
255 378
264 378
278 378
443 378
468 378
71 379
141 379
292 379
94 380
144 380
187 381
327 381
331 381
166 382
178 382
338 382
394 382
424 382
197 383
215 383
243 383
279 383
377 383
439 383
70 384
316 384
414 384
321 385
456 385
42 386
177 386
265 386
51 387
74 387
186 387
332 387
335 387
361 387
154 388
240 388
241 388
254 388
325 388
372 388
385 388
58 389
86 389
101 389
168 389
393 389
24 390
45 390
62 390
199 390
339 390
356 390
403 390
419 390
57 391
77 391
194 391
333 391
405 391
169 392
328 392
72 393
112 393
345 393
322 394
426 394
431 394
43 395
339 395
393 395
414 395
422 395
150 396
329 396
174 397
207 397
250 397
335 397
392 397
420 397
110 398
262 398
276 398
287 398
426 398
440 398
444 398
278 399
416 399
53 400
139 400
229 400
352 400
61 401
250 401
297 401
479 401
21 402
40 402
152 402
193 402
78 403
283 403
298 403
400 403
171 404
334 404
377 404
215 405
288 405
306 405
116 406
122 406
82 407
267 407
295 407
360 407
60 408
126 408
144 408
150 408
304 408
459 408
155 409
307 409
316 409
119 410
79 411
265 411
290 411
434 411
242 412
301 412
18 413
147 413
221 413
291 413
59 414
88 414
102 414
114 414
120 414
129 414
180 414
249 414
288 414
408 414
132 415
159 415
307 415
40 416
289 416
291 416
123 417
153 417
245 417
304 417
391 418
476 418
292 419
165 420
350 420
18 422
62 422
260 422
291 422
309 423
455 423
143 424
212 424
327 424
94 425
117 425
189 425
319 425
375 425
84 426
112 426
157 426
233 426
397 426
43 427
402 427
281 428
424 428
143 429
87 430
130 430
150 430
247 430
65 431
84 431
128 431
153 431
171 431
95 432
219 432
269 432
314 432
133 433
148 434
246 434
313 434
383 434
92 435
96 435
113 435
130 435
241 435
356 435
128 436
44 437
86 437
141 437
470 437
67 438
118 438
204 438
264 438
366 438
304 439
315 439
85 440
123 440
328 440
445 440
94 441
116 441
251 441
346 441
158 442
137 443
183 443
418 443
114 445
210 445
117 446
291 446
101 447
109 447
97 448
164 448
232 448
263 448
73 449
366 449
395 449
101 450
141 450
52 451
104 451
191 451
214 451
114 452
312 452
425 452
320 453
350 453
438 453
461 453
119 454
169 455
275 455
393 455
104 456
121 456
420 456
144 457
247 458
332 458
386 458
64 459
174 460
252 460
288 460
95 461
225 461
378 461
412 461
203 462
88 463
127 463
86 464
363 464
93 465
260 465
304 465
177 466
108 467
207 467
346 468
156 469
268 469
320 469
446 469
471 469
405 470
184 471
59 472
387 472
111 473
136 473
245 473
432 473
222 476
285 476
381 476
425 476
110 477
194 477
289 477
51 478
372 478
141 479
119 480
418 480
167 481
361 482
202 484
335 484
345 484
451 484
235 485
265 485
323 485
401 488
70 489
92 489
443 489
149 490
180 490
247 490
213 491
287 491
385 492
131 494
190 494
378 494
160 495
117 496
371 496
309 497
425 498
266 499
328 499
100 500
228 500
343 500
415 501
83 503
171 503
200 503
407 504
244 507
287 507
396 507
148 508
91 509
389 510
130 511
217 511
314 512
187 513
259 513
170 514
430 514
329 515
370 515
196 516
118 517
231 517
343 517
97 518
279 520
170 521
412 521
147 522
243 523
210 525
309 526
296 527
180 528
391 529
314 530
137 531
263 532
324 532
361 532
344 533
160 534
273 534
230 535
278 535
204 540
174 541
245 542
303 544
153 545
190 547
334 547
221 548
364 548
264 549
352 549
198 554
240 555
171 556
317 559
182 560
210 561
269 564
278 564
