236 1
452 1
459 4
253 5
384 6
472 7
342 8
184 9
273 9
307 9
420 9
103 11
122 11
169 11
201 11
354 11
434 12
396 13
222 14
241 14
319 14
365 14
298 19
448 19
74 20
253 20
381 20
86 21
336 21
67 22
271 23
463 23
107 24
394 24
141 25
158 25
175 25
194 25
209 26
285 26
349 26
359 26
122 27
223 28
478 29
306 31
244 32
374 32
449 32
418 34
71 35
90 35
257 35
334 35
64 38
226 38
274 38
322 39
396 39
125 40
141 40
172 40
350 40
157 41
191 41
239 41
466 41
115 42
151 42
289 42
420 43
248 44
411 44
308 45
362 45
431 45
99 46
146 46
203 46
217 46
479 46
152 47
154 48
277 49
334 49
402 49
433 50
450 50
77 51
151 51
382 51
223 52
416 52
145 53
165 54
202 55
186 56
432 56
358 57
424 57
467 57
143 58
259 58
314 58
149 59
234 59
98 60
123 60
131 60
208 60
113 61
372 61
146 62
478 62
144 63
223 63
276 63
440 63
443 63
78 65
330 65
174 66
297 66
125 67
218 68
245 68
343 68
192 69
402 69
134 70
131 71
213 71
261 71
308 71
390 71
418 71
456 71
145 72
402 72
112 73
138 73
434 73
153 74
156 74
208 74
222 74
462 74
214 75
277 75
403 75
101 76
238 76
365 76
124 77
212 77
228 77
403 77
467 77
86 78
407 78
421 78
434 78
374 79
424 79
475 79
300 80
338 80
403 80
411 80
66 81
183 81
210 81
432 82
137 84
142 84
134 85
313 85
432 85
350 86
384 86
139 87
238 87
413 87
417 87
118 88
157 88
227 88
265 88
323 88
423 88
94 89
224 89
438 89
284 90
365 91
403 91
414 91
423 91
144 92
331 92
393 92
400 92
140 93
146 93
174 93
215 93
458 93
302 94
63 96
141 96
190 96
148 97
257 98
132 99
415 99
100 100
211 100
227 100
236 100
324 100
81 101
132 101
416 101
66 102
289 102
419 102
424 102
472 103
149 104
226 104
305 105
356 105
385 105
225 106
163 107
106 108
215 108
241 108
278 108
338 108
413 108
439 108
79 109
133 109
184 109
450 109
205 110
212 110
137 111
218 111
258 111
206 112
323 112
64 113
197 113
209 113
224 113
230 113
436 113
232 114
291 114
351 114
372 114
409 114
429 114
43 115
121 115
125 115
236 115
431 115
138 116
207 116
204 117
335 117
208 119
252 119
307 119
103 120
140 120
163 120
462 120
104 121
424 121
209 122
268 122
390 122
420 122
439 122
184 123
224 123
351 123
409 123
93 124
323 124
416 125
435 125
83 126
100 126
220 126
425 126
394 127
405 127
60 128
219 128
292 128
423 128
471 128
91 129
334 129
39 130
97 130
106 130
209 130
232 130
81 131
95 131
121 131
168 131
217 131
364 131
477 131
137 132
151 132
258 132
239 133
413 133
66 137
312 137
379 137
120 138
352 138
220 140
280 141
418 141
151 142
45 143
131 143
173 143
194 143
331 143
465 143
239 144
251 144
411 144
430 144
405 145
118 146
236 146
113 147
298 147
367 147
442 147
119 148
216 149
395 150
427 150
64 151
210 151
271 151
345 151
414 151
417 151
425 152
165 153
211 153
150 154
223 154
232 154
236 154
379 154
43 155
138 155
182 155
217 155
320 155
421 155
207 156
455 156
112 157
289 158
225 159
205 160
250 160
403 160
416 160
423 160
85 161
143 161
345 161
265 162
306 162
466 162
353 163
391 163
63 164
328 164
174 165
367 165
408 165
146 166
194 166
342 166
353 166
150 167
213 167
315 167
415 167
473 167
148 168
124 169
127 169
130 169
359 169
424 169
39 170
283 170
109 171
229 171
354 171
333 172
423 172
247 173
324 173
86 174
334 174
384 174
423 174
455 174
360 175
410 175
168 176
72 177
184 177
419 177
401 178
262 179
357 179
53 180
304 180
366 180
436 180
153 181
121 182
199 182
274 182
347 182
218 183
35 184
115 184
329 184
412 184
443 184
142 185
469 185
93 186
126 186
153 186
343 186
377 186
230 187
347 188
289 189
342 189
424 189
65 190
129 191
162 191
244 191
453 191
479 191
140 192
178 192
253 192
304 193
360 193
129 194
195 194
46 195
112 195
158 195
362 195
401 195
382 196
92 197
218 197
268 197
356 197
437 198
154 199
237 199
338 199
439 200
162 201
61 202
75 202
266 202
283 202
137 203
256 203
341 203
357 203
369 203
411 203
111 205
442 205
360 206
475 206
97 207
114 207
183 207
335 207
46 208
33 209
171 209
330 209
358 209
399 209
97 210
141 210
193 210
212 210
449 210
168 211
183 211
356 211
382 211
259 212
455 212
196 213
198 213
228 213
273 213
103 214
171 214
308 214
321 214
327 214
58 215
92 215
143 215
196 215
360 215
132 216
337 216
432 216
96 218
194 218
390 218
459 218
81 219
164 219
317 219
285 220
345 220
358 220
371 220
158 221
213 221
329 222
116 223
125 223
148 223
187 223
196 223
230 223
339 223
464 223
73 224
84 224
300 224
326 224
332 225
352 225
136 227
443 227
167 228
185 228
246 228
266 228
269 228
84 229
156 229
350 229
55 230
134 230
198 230
244 230
355 230
378 230
423 230
125 231
275 231
137 232
216 232
271 232
285 232
327 232
334 232
353 232
404 232
479 232
148 233
241 233
232 234
262 234
40 235
361 235
386 235
127 236
135 236
139 236
186 236
331 237
116 238
144 238
191 238
294 238
266 239
351 239
363 239
414 239
454 239
97 240
149 240
185 240
187 240
391 240
62 241
85 241
114 241
198 241
439 242
89 244
94 244
223 244
272 244
418 244
372 245
47 246
83 246
102 247
111 247
280 247
294 247
300 247
467 247
167 248
355 248
146 249
185 249
288 249
327 249
338 249
137 250
247 250
297 250
355 250
401 250
100 251
122 251
290 252
312 252
348 252
30 253
71 253
207 253
260 253
306 253
404 253
326 254
451 254
291 255
304 256
87 257
230 257
382 257
59 258
271 258
311 258
410 258
294 259
317 259
433 259
154 260
245 261
315 261
107 262
131 263
193 263
368 263
79 264
216 264
392 264
105 265
351 265
87 266
116 266
118 266
282 266
341 266
318 267
323 267
329 267
417 267
443 267
470 267
108 268
344 269
110 270
114 270
162 270
299 270
24 271
64 271
119 271
295 272
95 273
97 273
148 273
180 273
239 273
380 273
343 274
294 275
47 276
84 276
98 276
128 276
274 276
403 276
109 277
205 277
425 277
118 278
295 278
315 278
219 279
103 280
111 280
253 280
465 280
90 281
134 281
150 281
46 282
209 282
306 282
377 282
32 283
83 283
108 283
145 283
250 283
288 283
79 284
104 284
152 284
163 284
175 284
390 284
449 284
147 285
193 285
98 286
254 286
50 287
217 287
222 287
94 288
136 288
233 288
241 288
320 288
435 288
216 289
235 289
258 289
479 289
221 290
361 290
133 291
226 292
356 292
218 293
233 293
240 293
244 293
49 294
310 294
213 295
417 295
59 296
139 296
160 296
170 296
236 296
185 297
230 297
241 297
282 297
370 297
466 297
103 298
142 298
199 298
290 298
361 298
368 298
148 299
276 299
388 299
50 300
65 300
103 300
110 300
305 300
368 300
131 301
226 301
344 301
386 301
448 302
114 303
143 303
217 303
284 303
35 304
60 304
223 304
226 304
294 304
105 305
327 305
394 305
402 305
229 306
316 306
424 307
224 308
399 308
478 308
151 309
166 309
216 309
265 309
380 309
396 309
108 310
175 310
269 310
317 310
352 310
385 310
145 311
150 311
190 311
216 312
230 312
240 312
242 312
60 313
97 313
137 313
210 313
270 313
199 314
295 314
158 315
204 315
315 315
368 315
51 316
249 316
399 316
462 316
39 317
86 317
123 317
245 317
382 317
385 317
410 317
143 318
240 318
393 318
67 319
77 319
106 319
141 319
215 319
242 319
264 319
111 320
158 320
222 320
329 321
158 322
252 322
438 322
109 323
220 323
365 323
470 323
182 324
292 324
358 324
59 325
205 325
224 325
230 325
308 325
390 325
80 326
213 326
227 326
198 327
215 327
23 328
234 328
258 329
229 330
277 330
421 330
314 331
332 331
337 331
221 332
339 332
341 332
449 333
67 334
116 334
227 334
349 334
45 335
167 335
261 335
299 335
148 336
402 336
452 336
89 337
239 337
343 337
376 337
182 339
244 339
322 341
358 341
102 342
202 342
220 342
347 342
431 342
130 343
29 344
234 344
353 344
383 344
56 345
227 345
287 345
98 346
196 346
306 346
76 347
270 347
342 347
365 347
339 348
118 349
258 349
148 350
472 350
413 351
205 352
225 352
333 352
441 352
91 353
168 353
241 353
292 353
136 354
238 354
342 354
275 355
175 356
247 356
358 356
477 356
107 357
217 358
225 358
64 359
321 359
397 359
452 359
83 360
176 360
209 360
332 360
396 361
34 362
89 362
96 362
138 362
298 362
45 363
108 363
255 363
81 364
87 364
194 364
374 364
321 365
358 365
107 366
124 366
400 366
425 366
154 367
302 367
339 367
96 368
239 368
133 369
198 369
388 369
77 370
89 370
364 370
385 370
362 371
396 371
404 371
133 372
262 372
305 372
126 373
152 373
223 373
379 373
446 373
54 374
84 374
166 374
394 375
430 375
87 376
160 376
203 376
246 376
391 376
20 377
288 377
329 378
370 378
475 378
99 379
109 379
133 379
139 379
126 380
111 381
150 381
229 381
351 381
156 382
254 382
414 382
180 383
187 383
314 383
134 384
272 384
85 385
101 385
149 385
153 385
458 385
194 386
155 387
158 387
333 387
64 388
82 388
152 389
215 389
296 389
237 390
29 392
105 392
370 392
419 392
444 392
121 393
168 393
337 393
138 394
362 394
90 395
131 395
133 395
392 395
97 396
360 396
404 396
102 397
263 397
168 398
243 398
324 398
391 398
471 398
84 399
343 399
425 399
203 400
235 401
285 401
393 401
417 401
42 402
60 402
153 402
190 402
202 402
249 402
235 403
308 403
440 403
135 404
370 404
374 404
435 404
215 405
400 405
88 406
173 406
430 406
234 407
458 407
433 408
96 409
111 409
208 409
252 409
351 409
87 410
222 410
410 410
83 411
136 411
102 412
298 412
177 413
275 413
384 413
393 413
96 414
257 414
77 415
156 415
376 415
386 415
56 416
321 417
391 417
105 418
195 418
207 418
405 418
415 418
464 418
36 419
214 419
371 419
433 419
179 420
203 421
207 421
409 421
88 422
381 422
446 422
340 423
405 424
423 424
265 425
312 425
397 425
119 426
139 426
225 426
243 426
401 426
160 427
202 427
287 427
385 427
383 428
95 429
112 429
239 429
347 429
433 429
417 430
184 431
228 431
357 431
411 431
271 432
377 432
409 432
431 432
438 432
52 433
297 433
424 433
457 433
208 434
87 435
97 435
323 435
109 436
230 436
96 437
76 438
163 438
237 438
404 438
407 438
421 438
333 439
121 440
257 440
109 441
135 441
180 441
266 441
105 442
116 442
154 442
363 442
399 442
330 443
350 443
366 443
393 443
119 444
170 444
211 444
236 444
304 444
389 444
85 445
89 445
135 445
198 445
380 445
332 446
180 447
186 447
371 447
375 447
387 447
270 448
191 449
470 449
216 450
253 450
284 450
171 451
316 451
272 452
276 452
352 452
78 453
121 453
142 453
332 453
262 454
474 454
115 455
124 455
126 455
276 455
418 455
221 456
265 456
393 456
446 456
357 457
169 458
174 458
275 458
376 459
156 460
259 460
334 460
336 460
358 460
382 460
84 461
135 461
183 461
252 461
299 461
364 462
91 463
264 463
303 463
355 463
399 463
88 464
357 464
143 465
185 465
341 465
116 466
127 466
369 466
400 466
143 467
156 467
200 467
321 467
429 467
69 468
101 468
201 468
355 468
370 468
390 468
463 468
83 469
108 469
116 469
228 469
106 470
144 470
151 470
178 470
311 470
360 470
366 470
165 471
413 471
171 472
207 472
257 472
145 473
259 473
261 473
318 473
382 473
102 474
236 474
359 474
108 475
186 475
375 476
110 477
143 477
148 477
296 477
323 477
368 477
371 477
273 478
331 478
82 479
153 479
191 479
436 479
84 480
108 480
118 480
131 480
156 480
158 480
177 480
243 480
271 480
272 480
338 480
479 480
73 481
217 482
150 483
196 483
204 484
227 484
429 484
473 484
125 486
186 487
333 487
349 487
466 487
116 488
170 488
250 488
283 489
187 490
393 490
138 491
192 491
340 491
371 491
385 491
154 492
228 492
353 492
343 493
265 494
337 494
169 495
448 495
75 496
162 496
181 496
296 497
334 497
186 499
236 499
174 500
234 500
354 500
432 500
162 501
231 501
331 502
355 502
425 502
307 503
324 503
143 504
312 504
415 504
273 505
125 506
185 506
199 506
235 506
330 506
210 507
232 507
246 507
375 507
195 508
197 508
219 508
390 508
225 509
355 509
81 510
200 511
323 511
290 512
353 512
203 513
220 513
349 513
239 514
336 514
441 514
191 516
260 517
104 518
207 518
352 518
432 518
303 519
138 520
184 520
333 520
158 522
239 522
274 523
413 523
388 524
212 525
187 526
321 526
284 530
251 531
147 532
294 532
220 533
338 533
351 533
175 536
200 538
367 540
386 540
404 540
269 541
314 541
157 543
212 546
244 546
284 548
191 549
343 551
228 553
171 554
260 555
208 561
278 562
