145 2
399 2
258 3
300 3
436 4
166 6
214 6
379 6
343 7
277 9
412 9
186 10
231 10
351 10
455 10
286 12
323 12
243 13
394 13
200 15
135 16
368 16
425 16
149 17
165 17
260 18
212 19
182 20
304 20
343 21
384 22
441 22
228 23
271 23
315 24
411 24
245 26
108 27
129 27
288 27
361 27
396 28
473 28
144 29
261 31
375 31
162 32
179 32
199 32
335 32
423 32
216 34
460 35
352 36
236 38
427 38
284 39
390 39
106 41
125 41
144 41
363 41
438 41
464 41
383 42
296 43
203 44
320 44
384 44
257 45
397 46
406 46
382 48
277 49
157 50
172 50
236 50
328 50
109 52
128 52
140 52
184 52
357 53
454 53
293 54
364 54
256 55
300 55
367 55
382 56
384 56
377 57
363 58
429 58
318 59
270 60
163 62
378 62
389 62
134 63
285 64
381 64
178 65
393 65
471 65
99 66
112 66
200 67
216 68
340 68
370 68
416 68
260 69
301 69
377 69
385 69
229 70
448 70
359 74
372 74
249 75
318 75
383 75
364 76
386 76
132 77
145 77
157 77
180 77
393 77
115 78
170 78
101 79
280 79
195 80
433 80
125 81
332 81
404 81
141 82
221 82
373 82
293 83
236 84
141 85
160 85
467 85
350 86
135 87
253 87
414 88
152 89
192 89
306 89
122 90
176 90
269 90
450 90
109 91
119 91
133 91
390 91
211 92
363 92
96 93
130 94
398 94
425 94
233 95
280 95
139 97
145 97
155 97
290 97
320 97
147 98
374 98
130 99
195 100
347 100
433 100
155 101
158 101
136 102
169 102
251 102
303 102
110 103
143 103
334 103
220 104
265 104
412 104
157 105
94 106
121 106
135 106
444 107
280 108
316 109
471 109
196 110
392 110
135 111
147 111
347 111
370 112
219 114
238 114
290 114
123 115
424 115
121 117
250 117
104 118
402 118
174 119
302 119
332 119
459 119
94 120
141 120
145 120
244 121
263 121
194 122
382 122
268 123
78 124
178 124
214 124
372 124
376 124
278 126
344 126
371 126
376 126
445 126
244 127
264 127
415 127
422 127
465 127
228 128
284 128
319 128
261 129
419 129
147 130
160 130
273 130
278 130
127 131
172 131
195 131
240 131
401 131
188 132
200 132
294 132
364 133
421 133
440 133
168 134
177 134
279 134
399 134
91 135
202 135
254 135
356 135
382 135
440 135
478 135
370 136
391 136
192 137
257 137
331 137
377 137
411 137
165 138
172 138
221 138
401 138
434 138
72 139
167 139
200 139
241 139
308 140
377 140
234 141
343 141
389 141
433 141
459 141
141 142
191 142
385 142
168 143
271 143
405 143
436 143
172 144
245 144
262 144
276 144
282 144
167 145
176 145
396 145
442 145
124 146
113 147
199 147
212 147
318 147
469 147
100 148
400 148
417 148
430 148
76 149
174 149
192 149
439 149
89 151
178 151
232 151
298 151
385 151
439 151
423 152
62 153
373 153
168 154
134 155
151 155
198 155
178 156
192 156
332 156
398 156
415 156
454 156
304 157
179 158
205 158
355 158
413 158
114 159
367 159
384 159
216 160
285 160
315 162
339 162
82 163
94 163
228 163
466 163
439 164
68 166
241 166
367 166
419 167
396 168
447 168
138 169
174 169
158 170
200 170
258 170
119 172
218 172
271 172
303 172
331 172
355 172
67 174
98 175
406 176
477 176
280 177
312 178
434 179
136 180
154 180
247 180
388 180
84 181
174 181
185 181
456 181
345 182
198 183
259 183
368 183
297 184
70 186
328 186
419 186
121 188
275 188
109 189
154 190
240 190
469 190
97 191
167 191
136 192
188 192
399 192
450 192
50 193
381 193
427 194
202 195
257 195
293 196
340 196
83 197
318 197
123 199
129 201
293 201
305 201
318 201
461 201
151 202
283 202
338 202
381 202
67 203
365 203
406 203
147 204
284 204
326 204
416 204
243 205
335 205
147 206
151 206
193 206
310 206
388 206
429 206
444 206
177 207
338 207
294 208
51 209
87 209
252 209
338 209
403 209
154 210
199 210
471 210
317 211
336 211
114 212
140 212
156 212
215 212
263 212
284 212
332 212
356 212
439 212
288 213
321 213
361 213
391 213
139 214
102 215
382 215
229 216
294 216
375 216
409 216
38 217
74 217
357 217
385 217
399 217
411 217
319 218
242 219
277 219
373 219
415 219
457 219
161 220
344 220
431 220
181 221
293 221
418 221
65 222
139 222
331 222
364 222
158 223
195 223
368 223
393 223
430 223
436 223
104 224
118 224
208 224
301 224
363 224
383 224
397 224
319 225
335 225
430 225
49 226
314 226
136 227
262 227
292 227
367 227
432 227
92 228
305 228
349 228
351 228
442 228
220 229
285 229
320 229
332 229
146 230
343 230
382 231
141 232
286 232
303 232
318 232
387 232
414 232
470 232
77 233
237 233
277 233
143 234
296 234
405 234
447 234
325 235
347 235
132 236
327 236
428 236
106 237
126 237
168 237
182 237
252 237
302 237
398 237
64 238
131 238
141 238
160 238
196 238
217 239
291 239
310 239
345 239
363 239
386 239
58 240
140 240
398 240
416 240
433 240
91 241
180 241
309 241
317 241
233 242
249 242
342 242
415 242
288 243
127 244
308 244
329 244
332 244
376 244
46 245
119 245
214 245
268 245
77 246
167 246
181 246
337 246
286 247
462 247
131 248
173 248
210 248
348 248
401 249
421 249
129 250
132 250
164 250
68 251
106 251
161 251
171 251
334 251
444 251
154 252
192 252
234 252
27 253
141 253
182 253
210 253
257 253
161 254
295 254
330 254
409 254
302 255
304 255
336 255
57 256
87 256
209 256
229 256
146 257
298 257
47 258
120 258
132 258
148 258
370 258
392 258
472 258
138 259
200 259
238 259
155 260
164 260
234 260
263 260
329 261
235 262
295 262
74 263
139 263
195 263
206 263
266 263
108 264
145 264
174 264
279 264
326 264
35 265
252 265
318 265
321 265
378 265
151 266
167 266
212 266
345 266
354 266
453 266
63 267
123 267
200 267
203 267
94 268
133 268
141 269
167 269
184 269
233 269
256 269
265 269
404 269
437 269
297 270
343 270
161 271
172 271
202 271
54 272
130 272
133 272
197 272
208 272
216 272
313 272
365 272
84 273
169 273
181 273
201 273
331 273
356 273
386 273
162 274
294 274
297 274
353 274
442 274
17 275
148 275
259 275
268 275
467 275
314 276
144 277
164 277
293 277
407 277
42 278
109 278
274 278
340 278
128 279
191 279
193 279
67 280
254 280
296 280
308 280
353 280
200 281
205 281
450 281
112 282
427 282
108 283
115 283
177 283
211 283
121 284
160 284
189 284
204 284
110 285
128 285
182 285
315 285
385 285
28 286
90 286
189 286
124 287
142 287
295 287
167 288
213 288
239 288
83 289
96 289
113 289
52 290
111 290
125 290
186 290
218 290
223 290
341 290
478 290
200 291
207 291
337 291
352 291
130 292
132 292
189 292
375 292
418 292
457 292
80 293
165 293
371 293
20 294
144 294
188 294
245 294
304 294
336 294
380 294
439 294
172 295
204 295
388 295
403 295
213 296
372 296
191 297
194 297
96 298
111 298
283 298
358 298
38 299
87 299
91 299
212 299
66 300
111 300
174 300
371 300
375 300
389 300
400 300
313 301
321 301
190 302
383 302
467 302
81 303
137 303
84 304
262 304
373 304
394 304
150 305
340 305
367 305
120 306
156 306
331 306
342 306
413 306
14 307
81 307
122 307
183 307
370 307
430 307
102 308
170 308
180 308
197 308
242 308
321 308
328 308
335 308
472 308
53 309
295 309
392 309
451 309
117 310
218 310
321 310
102 311
104 311
326 311
112 312
159 312
199 312
340 312
400 312
141 313
144 313
163 313
185 313
70 314
153 314
205 314
348 314
179 315
329 315
343 315
89 316
124 316
134 316
209 316
252 316
371 316
138 317
192 317
478 317
179 318
200 318
345 318
371 318
385 318
458 318
40 319
112 319
286 319
18 320
189 320
305 320
387 320
406 320
440 320
245 321
259 322
268 322
303 323
59 324
177 324
187 324
189 324
222 324
276 324
289 324
192 325
236 325
259 325
261 325
435 325
79 326
144 326
175 326
374 326
115 327
257 327
317 327
320 327
362 327
380 327
417 327
425 327
375 328
332 329
426 329
91 330
193 330
354 330
404 330
466 330
54 331
228 331
293 331
409 331
439 331
448 331
33 332
211 332
170 333
185 333
410 333
428 333
106 334
151 334
188 334
234 334
438 334
161 335
196 335
203 335
274 335
372 335
126 336
185 336
199 337
209 337
426 337
25 338
47 338
65 339
283 339
183 340
268 340
270 340
277 340
322 340
414 340
454 340
141 341
176 341
345 341
380 341
80 342
158 342
195 342
202 342
264 343
301 343
376 343
96 344
223 344
279 344
281 344
285 344
307 344
401 344
403 344
408 344
478 344
257 345
388 345
427 345
19 346
58 346
115 346
302 346
370 346
177 347
204 347
206 348
293 348
315 348
401 348
133 349
164 349
175 349
210 349
220 349
374 349
430 349
436 349
73 350
249 350
283 350
320 350
461 350
36 351
164 351
192 351
198 351
272 351
425 351
433 351
225 352
254 353
299 353
332 353
169 354
314 354
373 354
51 355
145 355
189 355
250 355
399 355
401 355
463 355
184 356
215 356
265 356
271 356
349 356
426 356
432 356
440 356
200 357
250 357
261 357
88 358
233 358
8 359
178 359
447 359
65 360
186 360
188 360
193 360
282 360
318 360
393 360
207 361
30 362
375 362
63 363
70 363
205 363
229 363
351 363
83 364
142 364
146 364
188 364
387 364
413 364
320 365
383 365
430 365
472 365
5 366
105 366
119 366
151 366
361 366
41 367
102 367
214 367
267 367
65 368
75 368
80 368
388 368
457 368
169 369
305 369
368 369
400 369
98 370
157 370
248 370
260 370
72 371
109 371
391 371
132 372
260 372
394 372
79 373
242 373
22 374
61 374
269 374
418 374
450 374
479 374
231 375
245 375
255 375
402 375
435 375
124 377
173 377
222 377
122 378
365 378
136 379
155 379
393 379
50 380
53 380
79 380
188 380
232 380
265 380
356 380
365 380
138 381
178 381
212 381
322 381
55 382
79 382
205 382
245 382
252 382
308 382
42 383
160 383
243 383
250 383
340 383
80 384
122 384
291 384
422 384
97 385
101 385
106 385
162 385
397 385
16 386
36 386
126 386
206 386
279 386
158 387
406 387
439 387
232 388
144 389
230 389
276 389
324 389
47 390
63 390
179 390
221 390
362 390
102 391
159 391
211 391
308 391
365 391
395 391
50 392
66 392
280 392
398 392
12 393
196 393
213 393
211 394
232 394
387 394
473 394
91 395
105 395
134 395
365 395
68 396
428 396
110 397
128 397
205 397
380 397
456 397
226 398
250 398
291 398
375 398
263 399
342 399
360 399
372 399
446 399
101 400
148 400
240 400
410 400
201 401
118 402
130 402
154 402
213 402
239 402
254 402
350 402
479 402
30 403
127 403
376 403
10 404
69 405
136 405
170 405
202 405
310 405
362 405
67 406
190 406
205 406
344 406
396 406
64 407
274 407
333 407
465 407
205 408
216 408
431 408
45 409
212 409
231 409
329 409
121 410
360 410
192 411
229 411
45 412
58 412
205 412
237 412
289 412
14 413
137 413
56 414
98 414
123 414
131 414
179 414
119 415
310 415
325 415
398 415
414 415
43 416
151 416
211 416
252 416
332 416
360 416
437 416
345 417
453 417
62 418
141 418
472 418
33 419
133 419
135 419
157 419
201 419
240 419
333 419
54 420
272 420
327 420
339 420
141 421
351 421
356 421
378 421
97 422
144 422
185 423
210 423
349 423
416 423
299 424
313 424
14 425
54 425
119 425
330 425
399 425
43 426
162 426
336 426
432 426
190 427
70 428
326 428
342 428
239 429
266 429
41 430
66 430
78 430
211 430
444 430
226 431
279 431
325 431
352 431
68 432
247 432
359 432
380 432
227 433
313 433
322 433
356 433
366 433
478 433
73 434
149 434
235 434
422 434
464 434
171 435
220 435
132 436
230 436
338 436
35 437
60 437
295 437
435 437
98 438
124 438
156 438
67 439
122 439
153 439
345 439
381 440
398 440
15 441
78 441
124 441
153 441
182 442
281 442
318 443
256 444
411 444
269 445
365 445
108 446
292 446
454 446
37 447
101 447
256 447
282 447
267 448
306 448
337 448
383 449
159 450
190 450
471 450
83 451
134 451
256 452
284 452
58 453
222 453
78 454
114 454
210 454
119 455
201 455
233 455
276 455
309 455
16 456
262 456
283 456
366 456
38 457
111 457
268 457
289 457
300 457
102 458
351 458
400 458
478 458
416 459
82 460
139 460
169 460
288 460
333 460
369 462
440 462
459 462
89 463
317 463
331 464
120 465
268 465
60 466
99 466
244 466
145 467
383 467
110 468
182 468
270 468
310 468
80 469
256 469
291 469
422 469
43 470
88 470
125 470
232 470
248 470
295 470
349 470
103 471
249 471
366 471
86 472
91 472
100 472
193 472
330 472
466 472
219 473
295 473
405 473
104 474
258 474
85 475
247 475
262 475
273 475
290 475
153 476
64 477
131 477
298 478
392 478
454 478
108 479
119 479
255 479
273 479
346 479
88 480
100 480
368 481
379 481
390 481
413 481
423 481
441 481
161 483
428 483
478 484
46 485
86 485
251 485
317 485
436 485
180 486
239 486
431 486
26 487
139 488
216 488
282 488
304 488
440 488
67 489
242 489
308 489
365 489
396 489
461 489
288 490
322 490
429 490
231 491
302 491
382 491
292 492
410 492
393 493
419 493
432 493
404 494
410 494
112 495
190 495
337 495
383 495
96 496
278 496
122 497
263 497
148 498
354 498
397 498
468 498
71 499
86 499
448 499
210 500
424 500
202 501
396 501
436 501
34 502
365 502
307 503
126 504
252 504
404 504
407 504
428 504
164 505
224 505
383 505
425 505
305 506
367 507
392 507
404 507
419 507
171 508
303 508
434 508
110 509
131 509
288 509
312 509
332 509
179 510
315 510
317 510
404 510
427 510
58 511
309 511
348 511
420 511
95 512
243 512
367 512
39 513
295 513
310 513
320 513
454 514
136 515
157 515
279 515
298 515
305 515
316 515
79 516
192 516
209 516
292 516
438 516
431 517
223 518
270 518
282 518
383 518
118 519
340 519
409 519
425 519
141 520
372 520
265 521
372 521
421 521
318 522
64 523
169 523
356 523
460 523
103 524
175 525
181 525
47 526
85 526
142 527
256 527
131 528
250 528
266 528
270 528
194 529
334 529
310 531
370 531
228 532
257 532
405 532
468 532
73 533
385 533
442 533
157 534
148 535
166 535
213 535
264 536
348 536
55 537
136 537
251 537
423 537
151 538
98 539
118 539
128 539
305 539
137 541
176 541
448 541
121 542
427 542
265 543
282 543
364 543
320 544
194 545
234 546
341 546
396 547
147 548
214 549
273 549
108 550
130 551
167 551
262 551
378 552
90 553
135 553
244 554
264 554
267 554
286 554
314 554
411 554
458 554
72 555
118 555
136 555
275 555
331 555
393 555
427 555
149 556
352 557
149 558
184 558
241 558
444 558
124 559
412 559
154 560
228 560
100 561
226 561
159 562
302 562
57 563
132 563
272 563
167 564
347 564
445 564
205 565
389 565
81 566
216 566
366 566
203 567
206 567
224 567
295 567
211 568
235 568
64 570
251 570
313 570
185 571
111 572
146 572
212 572
218 572
233 572
406 572
89 573
242 573
199 574
281 574
333 574
380 574
234 575
72 577
433 577
236 578
419 578
203 580
350 580
98 581
297 581
373 581
187 582
321 582
225 583
232 583
255 583
151 584
227 585
109 586
235 586
85 588
174 588
401 588
213 589
282 589
337 589
238 591
304 591
145 592
268 592
363 593
96 594
356 594
254 595
323 596
420 596
223 597
137 598
379 598
220 599
234 599
406 599
349 600
271 601
370 603
159 604
264 604
398 605
145 608
248 608
214 609
385 610
276 612
349 612
163 614
373 614
316 617
258 618
180 619
358 619
234 620
383 621
278 624
333 626
307 630
354 632
330 638
