135 2
377 2
389 2
439 3
459 4
185 5
232 5
408 7
165 8
263 9
415 10
328 11
147 12
355 12
425 12
471 12
205 13
213 13
241 13
375 14
432 15
299 17
189 18
450 18
177 19
315 21
216 22
232 22
389 22
403 22
329 24
465 24
167 25
264 25
413 25
205 26
155 27
474 28
359 29
424 29
438 30
144 31
189 33
290 33
304 33
135 35
452 35
327 36
167 38
394 38
437 38
340 39
225 40
232 40
255 40
184 41
196 41
359 41
444 41
112 42
206 42
243 42
163 43
181 43
200 43
280 43
292 43
313 43
416 44
294 45
302 45
148 46
172 46
246 46
102 47
169 47
381 47
425 47
161 48
293 48
134 49
283 49
324 49
279 50
297 50
166 51
188 51
293 51
318 51
400 52
435 52
131 53
336 53
310 54
329 54
472 54
196 55
299 55
118 56
285 56
373 56
177 57
243 57
148 58
193 58
220 58
233 58
291 58
346 58
169 59
212 59
194 60
290 60
447 60
198 61
174 62
361 62
268 63
271 63
397 63
422 63
166 64
188 64
296 64
299 64
266 65
192 66
278 66
297 66
303 66
180 67
256 67
316 67
163 68
193 68
246 68
309 68
325 68
370 68
433 69
264 70
331 70
250 71
293 71
317 71
277 72
285 72
381 72
448 72
145 73
181 73
184 73
237 73
164 74
227 74
348 74
479 74
213 75
262 75
273 75
277 77
315 77
355 77
107 78
133 78
185 78
278 79
363 79
399 79
433 79
274 80
179 81
181 81
439 81
467 81
171 82
175 82
189 82
235 82
317 82
417 82
157 83
200 83
202 83
430 83
92 84
130 84
209 84
439 84
471 84
173 85
226 85
328 85
373 85
376 85
341 86
419 86
201 87
400 87
156 88
422 88
477 88
123 89
171 89
195 89
406 89
415 89
238 91
70 92
242 92
275 92
405 92
183 93
423 93
458 94
167 95
189 95
227 95
286 95
359 95
431 95
302 96
201 97
370 97
382 97
385 97
417 97
446 97
111 98
399 98
145 99
317 99
401 99
96 101
367 101
430 101
184 102
324 102
383 102
390 102
433 102
240 103
244 103
128 104
208 104
429 104
221 105
223 105
338 105
435 105
188 106
173 107
199 107
219 107
262 107
374 107
127 108
131 108
194 108
205 108
405 108
423 108
460 108
138 109
272 109
280 109
173 110
248 110
426 110
149 111
161 111
237 111
434 111
225 112
270 112
296 112
406 112
174 113
374 113
409 113
411 113
417 113
248 114
306 114
58 115
96 115
178 115
191 115
200 115
473 115
155 116
161 116
219 116
427 116
148 117
318 117
329 117
360 117
371 117
382 117
399 117
401 117
449 117
47 118
411 118
140 119
168 119
275 119
339 119
374 119
87 120
478 120
126 121
234 121
259 121
337 121
375 121
425 121
257 122
364 122
399 122
198 123
341 123
115 124
175 124
430 124
460 124
234 125
321 125
354 125
382 125
204 126
258 126
305 126
109 127
210 127
243 127
279 127
343 127
389 127
440 127
165 129
208 129
211 129
226 129
309 129
374 129
377 129
397 129
404 129
240 130
296 130
316 130
345 130
348 130
363 130
478 130
60 131
144 131
215 132
322 132
283 133
375 133
89 134
236 134
255 134
331 134
393 134
453 134
205 135
240 135
305 135
363 135
136 137
213 137
217 137
316 137
394 137
126 138
215 138
318 138
383 138
332 139
345 139
367 139
465 139
179 140
210 140
224 140
292 140
392 140
216 141
365 141
375 141
430 141
110 142
251 142
307 142
102 143
206 143
210 143
151 144
243 144
399 144
249 145
338 145
471 145
372 146
400 146
437 146
59 147
267 147
299 148
307 148
319 148
344 148
386 148
400 148
272 149
412 149
86 150
294 151
345 151
364 151
371 151
189 152
278 152
283 152
377 152
386 152
195 153
229 153
452 153
78 154
122 154
201 154
305 154
324 154
351 155
274 156
335 156
348 156
362 156
424 156
155 157
256 157
347 157
214 158
263 158
299 158
360 158
365 158
463 158
101 159
260 159
266 159
131 161
343 161
134 162
160 162
329 162
398 162
137 163
290 163
440 163
95 164
183 164
407 165
471 165
171 166
329 166
446 166
225 167
41 168
307 168
119 169
244 169
339 169
412 169
478 169
144 170
380 170
153 171
212 171
321 171
330 171
33 172
71 172
265 172
317 172
359 172
201 173
110 174
143 174
187 174
276 174
103 175
153 175
331 175
330 176
362 176
129 177
177 177
396 177
61 178
353 178
462 178
87 179
125 179
348 179
357 179
94 180
286 180
311 180
165 181
119 182
229 182
218 183
242 183
296 183
79 184
200 184
212 184
320 184
435 184
254 185
324 185
107 187
383 187
443 187
478 187
324 188
185 189
269 189
413 189
325 190
331 190
62 191
101 191
34 192
176 193
329 193
375 193
66 194
92 194
284 194
323 195
333 195
422 195
142 196
219 197
236 197
252 197
52 198
230 198
295 198
20 199
115 199
212 199
257 199
74 200
192 200
200 200
262 200
41 201
271 201
402 201
49 202
74 202
263 202
58 203
79 203
148 204
324 204
326 204
40 205
41 205
48 205
308 205
369 205
473 205
151 206
280 206
130 207
267 207
314 207
328 208
337 208
367 208
33 209
44 209
98 209
283 209
384 209
454 209
93 210
136 210
164 210
241 210
350 210
88 211
142 211
218 211
231 211
245 211
264 211
54 212
139 212
155 212
292 212
350 212
444 212
120 213
196 213
207 213
274 213
385 213
69 214
147 214
279 214
59 215
140 215
266 215
322 215
45 216
130 216
113 217
127 217
265 217
365 217
367 217
374 217
405 217
337 218
427 218
13 220
320 220
397 220
52 221
143 221
269 221
170 222
400 222
218 223
259 223
275 223
303 223
338 223
31 224
212 224
237 224
244 224
410 224
434 224
37 225
354 225
76 226
145 226
158 226
245 226
263 226
287 226
45 227
358 227
86 228
365 228
379 228
195 229
314 229
476 229
30 230
56 230
185 230
147 231
151 231
265 231
319 231
22 232
102 232
460 232
152 233
324 233
177 234
358 234
366 234
262 235
275 235
306 235
399 235
62 236
205 236
211 236
221 236
231 236
325 236
362 236
381 236
17 237
45 237
132 237
168 237
240 237
96 238
154 238
355 238
384 238
445 238
59 239
62 239
135 239
159 239
12 240
115 240
125 240
162 240
250 240
254 240
196 241
205 241
336 241
394 241
71 242
184 242
386 242
404 242
126 243
138 243
230 243
262 243
315 243
383 243
83 244
107 244
227 244
347 244
398 244
430 244
56 245
59 245
150 245
351 245
372 245
33 246
47 246
129 246
138 246
175 246
235 246
437 246
53 247
339 247
415 247
60 248
229 248
351 248
422 248
146 249
295 249
155 250
206 250
225 250
275 250
365 250
473 250
132 251
208 251
372 251
123 252
52 253
137 253
157 253
198 253
321 253
407 253
49 254
114 254
163 254
209 254
251 254
18 255
98 255
131 255
260 255
350 255
385 255
192 256
235 256
336 256
343 256
370 256
311 257
353 257
391 257
426 257
431 257
434 257
15 258
68 258
90 258
122 258
286 258
346 258
154 259
449 259
183 260
220 260
270 260
323 260
332 260
345 260
38 261
384 261
412 261
107 262
415 262
11 263
56 263
86 263
433 263
79 264
143 264
358 264
43 265
128 265
131 265
177 265
395 265
401 265
435 265
53 266
69 266
279 266
296 266
380 266
415 266
211 267
407 267
440 267
57 268
74 268
144 268
149 268
207 268
213 268
364 268
430 268
235 269
251 269
456 269
27 270
171 270
257 270
283 270
376 270
98 271
356 271
359 271
401 271
53 272
112 272
222 272
323 272
406 272
67 273
77 273
196 273
383 273
55 274
122 274
149 274
385 274
417 274
213 275
286 275
388 275
397 275
132 276
333 276
353 276
361 276
405 276
145 277
227 277
265 277
331 277
346 277
382 277
54 278
57 278
90 278
160 278
343 278
385 278
389 278
40 279
49 279
187 279
204 279
221 279
380 279
392 279
405 279
415 279
430 279
474 279
13 280
79 280
391 281
234 282
241 282
415 282
36 283
115 283
211 283
217 283
237 283
332 283
62 284
159 284
274 284
387 284
428 284
447 284
121 285
139 285
301 285
310 285
288 286
317 286
391 286
10 287
120 287
176 287
251 287
108 288
317 288
456 288
195 289
221 289
378 289
2 290
54 290
235 290
296 290
305 290
347 290
412 290
425 290
434 290
152 291
231 291
300 291
439 291
365 292
369 292
419 292
117 293
299 293
394 293
28 294
210 294
235 294
283 294
119 295
393 295
405 295
75 296
218 296
240 296
305 296
309 296
238 297
382 297
109 298
207 298
260 298
335 298
424 298
44 299
145 300
184 300
233 300
235 300
280 300
398 300
38 301
220 301
100 302
292 302
392 302
84 303
219 303
265 303
326 303
361 303
404 303
15 304
140 304
298 304
371 304
100 305
115 305
205 305
224 305
164 306
284 306
199 307
206 307
181 308
36 309
201 309
210 309
219 309
372 309
418 309
451 309
12 311
204 311
220 311
266 311
300 311
369 311
59 312
97 312
207 312
312 312
309 313
406 313
423 313
104 314
115 314
134 314
248 314
289 314
30 315
36 315
89 315
206 315
299 315
384 315
422 315
158 316
219 316
223 316
357 316
382 316
401 316
240 317
266 317
289 317
379 317
394 317
430 317
143 318
226 318
370 318
398 318
425 318
52 319
174 319
83 320
114 320
237 320
249 320
294 320
425 320
89 321
158 321
296 321
316 321
281 322
288 322
301 322
375 322
318 323
155 324
346 324
77 325
121 325
180 325
308 325
394 325
411 325
92 326
99 326
266 326
317 326
477 326
26 327
101 327
163 327
292 327
169 329
171 329
189 329
110 330
199 330
104 331
292 331
427 331
224 332
306 332
139 333
170 333
303 333
414 333
69 334
155 334
230 335
17 336
43 336
125 336
127 336
208 336
264 336
300 336
333 337
348 337
379 337
466 337
119 338
140 338
162 338
184 338
191 338
397 338
142 339
311 339
247 340
300 340
304 340
97 341
146 341
294 341
415 341
114 342
148 342
153 342
299 342
39 343
137 343
146 343
163 343
112 344
101 345
142 345
169 345
195 345
267 345
159 346
210 346
141 347
302 347
363 347
79 348
245 348
289 348
308 348
166 349
417 349
456 349
35 350
382 350
399 350
98 351
153 351
198 351
338 351
140 352
175 352
180 353
281 353
475 353
58 354
422 354
91 355
183 355
191 355
99 356
119 356
351 356
135 357
304 357
459 357
133 358
291 358
313 358
405 358
28 359
113 359
441 359
144 360
232 360
241 360
52 361
82 361
102 361
155 361
295 361
224 362
246 362
335 362
93 363
195 363
73 364
278 364
386 364
179 365
261 365
283 365
428 365
105 366
407 366
96 367
235 367
309 367
451 367
466 367
114 368
136 368
260 368
334 368
152 369
306 369
287 370
302 370
105 371
263 371
314 371
316 371
354 371
370 372
45 373
96 373
267 373
428 373
70 375
150 375
202 375
250 375
393 375
95 376
97 376
110 376
273 376
292 376
298 376
286 377
336 377
271 378
412 378
474 378
116 379
93 380
264 380
177 381
281 381
286 381
455 381
66 382
150 382
101 383
110 383
35 384
271 384
418 384
275 385
110 386
254 386
298 386
477 386
210 388
353 388
38 389
58 389
105 389
231 389
245 389
287 390
78 391
97 391
259 391
401 391
27 392
180 392
294 392
283 393
290 393
305 393
420 393
127 394
221 394
281 394
357 394
266 395
269 395
287 395
76 396
88 396
107 396
138 396
199 396
316 396
281 397
93 398
288 398
50 400
91 400
465 400
268 401
342 401
444 401
172 402
190 402
231 402
256 402
180 403
320 403
100 404
53 405
266 405
299 405
372 405
409 405
138 406
252 406
260 406
274 406
426 406
78 407
163 407
208 407
191 408
315 408
185 409
465 409
69 410
98 410
178 410
318 410
328 410
147 411
189 411
304 411
356 411
392 411
41 412
198 412
174 413
113 414
249 414
166 416
309 416
68 417
245 417
314 417
274 418
210 419
281 419
143 420
200 420
304 420
313 420
358 420
325 421
434 421
231 422
293 422
301 422
270 423
89 424
158 424
410 424
60 425
281 425
82 426
202 426
270 426
109 427
137 427
186 427
265 427
285 427
393 427
178 428
290 428
162 429
185 429
166 430
250 431
268 431
287 431
303 432
462 432
181 433
217 433
285 433
319 433
357 433
376 433
444 433
252 434
50 435
130 435
177 435
394 435
145 437
234 437
259 437
338 437
427 437
104 438
169 438
258 438
71 439
207 439
280 439
298 439
317 440
410 441
96 442
145 442
202 442
224 442
168 443
190 443
355 443
393 443
63 446
130 446
248 446
315 446
431 446
453 446
268 447
471 447
116 448
126 448
151 448
158 448
333 448
140 449
126 450
354 450
153 451
196 451
83 453
149 453
188 453
239 453
397 453
49 455
104 455
438 455
476 455
278 456
354 458
124 459
199 459
226 460
191 461
259 461
371 461
463 461
161 462
169 462
328 462
141 463
72 464
151 464
346 464
420 464
129 465
91 466
151 466
214 466
247 466
397 466
447 466
161 468
168 468
179 468
319 468
467 469
287 470
300 470
60 471
366 473
170 474
234 474
265 474
185 475
189 475
198 475
315 475
398 475
170 476
97 477
122 477
145 477
186 477
227 477
132 478
143 478
332 478
85 479
137 479
167 479
215 479
190 480
254 480
404 480
410 480
458 480
122 481
215 481
217 481
228 481
280 481
367 482
371 482
303 484
367 484
394 484
189 485
108 486
224 486
325 486
355 486
75 487
240 487
167 488
203 488
240 488
440 488
295 489
364 489
377 489
142 490
221 490
226 490
426 492
201 494
266 494
205 495
258 495
382 495
450 495
329 496
95 497
229 498
366 498
412 498
453 499
182 500
237 500
343 500
366 500
85 501
163 501
201 501
280 502
327 502
365 502
433 502
458 502
399 503
243 504
393 504
147 505
364 505
236 506
294 506
322 506
209 507
214 507
356 507
442 508
121 509
315 509
204 510
378 510
103 511
194 511
224 511
347 511
362 511
111 512
260 512
220 513
228 513
231 513
202 514
451 514
369 515
420 515
185 516
431 516
278 517
389 517
404 517
134 518
155 518
247 518
362 518
396 518
305 519
439 519
231 520
117 521
242 521
249 521
279 523
324 523
354 523
291 524
379 524
232 525
277 526
274 527
371 527
105 528
219 528
312 528
182 529
339 529
128 530
160 530
210 530
244 530
167 531
256 531
272 531
193 532
425 532
438 532
242 533
412 534
261 535
300 535
403 535
360 536
237 537
260 537
389 537
317 539
366 539
250 540
183 543
261 544
347 544
200 545
227 545
258 545
278 545
130 546
157 546
219 546
298 546
276 547
268 548
274 548
397 549
404 549
249 550
245 551
390 551
376 553
385 554
240 555
260 556
307 556
358 556
366 557
198 558
204 558
298 558
345 558
270 560
221 561
277 565
314 566
245 568
260 568
374 573
222 574
279 577
330 577
288 578
314 578
