321 16
339 16
356 18
291 19
310 19
372 20
386 21
274 23
258 25
325 28
345 28
313 29
297 30
363 30
276 32
377 32
389 33
401 35
252 36
232 38
299 39
418 39
284 40
330 40
318 41
346 42
270 43
369 43
360 44
380 46
437 46
254 47
244 48
401 49
235 51
325 51
413 51
447 51
302 52
322 52
222 53
294 53
314 53
333 53
343 54
284 55
359 55
268 56
427 56
390 57
460 57
204 58
257 58
356 58
373 58
385 61
405 61
242 62
442 62
227 64
315 65
324 65
285 66
301 66
331 66
341 67
348 67
209 68
422 68
272 69
362 69
396 69
454 69
409 70
258 71
333 71
340 71
247 72
372 72
197 73
436 74
184 75
234 75
386 75
224 76
336 77
470 77
324 78
346 78
211 79
293 79
307 79
395 79
285 81
200 82
287 82
366 82
267 83
356 83
370 84
414 84
251 85
456 85
311 86
318 86
188 87
240 87
322 87
383 87
391 88
425 88
230 89
293 89
330 89
430 89
281 90
179 91
215 91
342 91
391 92
437 92
281 93
352 93
403 93
199 95
270 95
286 95
304 95
316 95
475 95
296 96
368 96
167 97
361 97
416 97
445 97
256 98
243 99
327 99
315 100
386 100
453 100
225 101
183 102
397 102
336 103
308 104
348 104
231 105
287 105
395 105
396 105
461 105
431 106
206 107
171 108
271 108
363 108
468 108
286 109
296 109
259 110
319 110
408 111
416 111
441 111
217 112
399 112
196 113
249 113
318 113
377 113
156 114
301 114
327 114
236 115
184 116
343 118
393 118
458 118
222 119
370 119
429 119
282 120
175 121
263 121
274 121
295 121
304 121
358 121
408 121
205 122
251 123
319 123
371 124
440 124
192 125
158 126
239 126
300 126
330 126
418 126
220 127
232 127
423 127
341 128
391 128
447 128
399 129
219 130
281 131
295 131
416 131
478 131
228 132
294 132
303 132
354 132
434 132
177 133
464 133
208 134
266 134
433 134
160 135
236 135
256 135
311 135
321 135
365 135
383 135
416 135
417 136
244 137
419 137
194 138
390 138
222 140
234 140
331 140
346 140
409 140
356 141
431 141
449 141
338 142
408 143
205 144
285 144
303 144
348 144
403 144
476 144
183 145
270 145
369 145
163 146
173 147
344 147
263 148
380 148
423 148
227 150
416 150
462 150
197 151
251 151
292 151
301 151
353 151
391 151
444 151
239 152
274 152
225 153
314 153
327 153
425 153
210 154
432 154
164 155
180 156
340 156
373 156
403 156
455 156
140 157
475 157
206 158
229 158
286 159
296 159
435 159
269 160
307 160
314 160
155 161
256 161
281 161
348 161
385 161
311 162
356 162
195 163
374 163
414 163
464 163
133 164
165 164
214 164
330 164
365 164
243 165
333 166
398 166
443 166
190 168
210 168
232 168
343 168
428 168
180 169
202 169
272 169
344 169
139 170
285 170
380 170
454 170
223 171
224 171
297 171
170 172
210 172
261 172
313 172
414 172
152 173
357 174
395 174
438 174
319 175
327 175
169 176
193 176
323 176
213 177
255 177
292 177
245 178
275 178
332 178
424 178
467 178
370 179
165 180
192 180
289 180
296 181
408 181
141 182
181 182
252 182
348 182
397 182
228 183
237 183
454 183
313 184
414 184
205 185
388 185
324 186
438 186
155 187
203 187
362 187
175 188
220 188
255 188
267 188
280 188
206 189
295 189
465 189
240 190
400 190
424 190
128 191
167 191
232 191
370 191
450 191
313 192
337 192
188 193
240 193
311 193
430 193
210 194
271 194
275 194
226 195
377 195
319 196
350 196
180 197
363 197
274 198
387 198
410 198
137 199
194 199
262 199
307 199
439 199
461 199
175 200
238 200
284 200
419 200
196 201
200 201
296 201
154 202
335 202
364 202
248 203
123 204
239 204
308 204
229 205
190 206
214 206
315 206
398 206
165 208
249 208
267 208
348 208
359 208
374 208
428 208
323 209
351 209
279 210
408 210
458 210
258 212
291 212
247 213
356 213
381 213
437 213
140 214
179 214
204 214
241 214
303 214
332 214
418 214
231 215
393 216
193 217
445 217
466 217
125 218
154 218
223 219
315 219
342 219
367 219
450 219
170 220
403 220
186 221
213 222
276 222
430 222
128 223
187 223
261 223
254 224
291 224
326 224
357 224
390 224
146 225
456 225
163 226
184 226
300 226
332 226
378 226
245 227
307 227
345 227
202 228
440 228
228 229
362 229
477 229
110 230
194 230
418 232
463 232
211 233
265 233
273 233
288 233
317 233
341 233
353 233
346 234
388 234
165 235
257 235
405 235
171 236
247 236
371 236
153 237
327 237
449 237
114 238
135 238
186 238
203 238
323 238
348 238
428 238
303 239
95 240
224 240
471 240
165 242
213 242
320 242
340 242
143 243
196 243
229 243
279 243
311 243
333 243
346 243
350 243
380 243
168 244
363 244
415 244
432 244
454 244
107 245
123 245
179 245
292 245
396 245
378 246
437 246
479 246
157 247
207 247
338 247
257 248
271 248
327 248
250 249
302 250
441 250
101 251
138 251
189 251
240 251
317 251
368 251
386 251
200 252
280 252
405 252
117 253
150 253
360 253
425 253
464 253
168 255
177 255
216 255
234 255
288 255
343 255
128 256
210 256
322 256
346 256
181 257
289 257
334 257
469 257
252 258
450 258
94 259
225 259
293 259
430 259
310 260
206 261
232 261
270 261
382 261
245 262
350 262
398 262
105 263
123 263
226 263
318 263
141 264
218 264
326 264
472 264
192 265
157 266
175 266
234 266
369 266
436 266
299 267
314 267
210 268
282 268
370 268
421 268
456 268
134 269
292 269
403 269
229 270
354 270
373 271
462 271
253 272
389 272
289 273
305 273
234 274
265 274
186 275
246 275
359 275
219 276
223 276
334 276
345 276
443 276
92 277
166 277
200 277
274 277
322 277
406 277
129 278
189 278
344 278
398 278
429 278
108 279
148 279
392 279
236 281
380 281
415 281
210 282
293 282
160 283
310 283
466 283
177 284
226 284
365 284
397 285
121 286
195 286
261 286
454 286
272 287
322 287
138 288
247 288
268 288
436 288
266 289
385 289
474 289
101 290
222 290
171 292
239 292
298 292
423 292
188 293
202 293
312 293
329 293
404 293
114 295
151 295
355 295
459 295
133 296
195 296
214 296
250 296
275 296
286 296
355 296
371 297
251 298
203 299
262 299
344 299
392 299
479 299
190 300
301 300
313 300
90 301
427 301
225 302
253 302
340 302
356 302
384 302
444 302
125 304
206 304
227 304
342 304
410 304
461 304
280 305
82 306
180 306
189 306
248 306
287 306
328 306
160 307
222 307
260 307
358 307
387 307
102 308
139 309
275 309
448 309
300 310
197 311
261 311
373 311
375 311
433 311
239 312
170 313
272 313
343 313
174 314
416 314
131 315
211 315
327 315
389 315
470 315
115 316
181 316
286 316
452 316
89 317
153 317
355 317
404 317
191 318
256 318
245 319
437 319
169 320
225 320
234 320
206 321
236 321
300 321
333 321
420 321
366 322
229 323
252 323
286 323
344 323
441 323
147 324
249 324
331 324
393 324
186 325
474 325
81 326
321 326
123 327
165 327
269 327
407 328
425 328
370 329
218 330
247 330
379 330
444 330
449 330
100 331
159 331
181 331
196 331
118 332
255 332
335 332
140 333
302 333
268 334
395 334
226 335
314 335
461 335
174 336
251 336
326 336
478 336
226 337
283 337
347 337
431 337
93 338
155 338
194 338
266 338
299 338
419 338
242 339
208 340
231 340
235 340
382 340
195 341
225 341
358 341
371 341
242 342
262 342
339 342
354 342
112 343
134 343
153 343
221 343
326 343
246 344
399 344
186 345
314 345
332 345
410 345
85 346
201 346
220 346
266 346
422 346
468 346
166 347
348 347
334 348
360 348
373 348
438 348
297 349
325 349
106 350
256 350
124 351
196 351
455 351
181 353
207 353
228 353
273 353
313 353
411 353
197 354
234 355
101 356
253 356
337 356
360 356
387 356
145 357
212 357
370 358
401 358
348 359
160 360
279 360
290 361
444 361
139 362
229 362
249 362
299 362
412 362
427 362
474 362
118 363
376 363
189 364
229 364
292 364
388 364
461 364
313 365
411 365
170 366
226 366
324 366
340 366
433 368
416 369
151 370
205 370
125 371
185 371
223 371
260 371
376 371
108 372
133 372
153 372
404 372
446 372
165 373
351 373
364 373
418 373
90 374
273 374
309 374
389 374
126 375
199 375
423 375
300 376
325 376
434 376
465 376
133 377
298 377
339 378
416 378
236 380
308 380
124 381
145 381
217 381
453 381
153 382
235 382
251 382
194 383
311 383
101 385
390 385
130 386
171 386
404 386
423 386
471 386
151 387
196 387
191 388
280 388
297 388
320 388
354 388
215 389
250 389
320 390
325 390
366 390
440 390
113 391
230 391
267 391
378 391
452 391
150 392
224 392
231 392
339 392
187 393
294 393
207 394
310 394
422 394
91 395
109 396
131 396
322 396
406 396
423 396
441 396
418 397
436 397
245 398
431 399
263 400
307 400
461 400
395 401
143 402
381 402
427 402
146 403
202 403
221 403
339 403
102 404
123 404
159 404
180 404
277 404
149 405
355 405
444 405
477 405
241 406
303 407
334 407
282 408
241 409
244 409
290 410
332 410
397 410
116 411
153 411
272 411
340 411
367 411
173 412
319 412
329 412
350 412
194 414
383 414
413 414
93 415
254 415
150 416
306 416
353 416
467 416
231 417
449 418
125 419
211 419
330 419
400 420
433 420
106 421
145 421
303 421
319 421
374 421
127 422
173 422
268 423
163 424
338 424
186 425
310 425
246 426
283 426
354 426
386 426
298 427
418 427
435 427
327 429
452 429
95 430
151 430
202 430
261 431
403 431
114 432
153 432
353 432
134 433
195 433
221 433
239 433
175 434
318 434
327 434
353 434
376 434
174 435
367 436
439 436
298 437
258 438
337 438
423 438
127 439
195 439
216 439
348 440
169 441
197 443
233 443
254 443
441 443
99 444
144 444
275 444
311 445
353 445
393 445
122 446
253 446
208 448
293 448
406 448
161 450
214 450
177 453
195 454
246 454
310 454
428 454
201 455
223 455
327 455
338 455
351 455
181 456
271 456
397 456
156 457
450 457
122 458
128 458
235 458
217 459
365 459
287 460
116 461
414 461
173 462
226 463
251 463
382 463
124 464
316 464
327 464
349 464
142 465
213 466
299 466
338 466
99 467
234 467
256 467
400 468
135 469
238 469
417 469
163 470
126 471
186 471
205 471
276 471
326 471
355 472
371 472
144 473
308 473
387 473
180 474
294 475
338 475
161 476
118 477
224 477
320 477
225 479
406 479
423 479
112 480
198 480
106 481
152 481
172 481
351 481
392 481
214 483
268 483
130 484
195 485
166 486
218 486
302 487
320 487
375 487
344 488
173 489
214 491
233 491
260 491
359 491
279 492
200 493
331 493
397 493
113 494
155 495
225 496
250 496
161 497
183 498
172 499
182 499
290 499
214 500
170 501
310 501
130 502
235 505
344 505
123 506
222 508
198 509
229 509
265 509
150 510
160 510
329 510
301 511
283 512
319 512
248 513
182 514
188 514
137 516
164 516
219 516
260 516
179 517
311 520
209 521
235 522
341 522
173 523
164 524
272 524
294 525
199 527
150 528
324 528
244 530
318 532
306 533
228 534
260 535
175 539
277 539
165 540
215 540
244 542
293 543
237 545
202 547
264 548
282 548
223 550
193 551
185 553
