279 2
388 3
430 3
461 3
312 4
444 4
345 5
414 6
403 7
238 8
268 10
382 10
229 11
374 11
296 12
328 13
198 14
222 16
436 17
463 17
359 18
420 18
252 19
447 19
403 21
284 22
346 22
310 23
379 26
182 27
209 27
233 28
460 28
333 29
442 29
426 30
255 31
275 31
329 32
411 32
294 33
363 33
325 34
392 37
465 38
216 39
375 40
440 40
456 40
236 42
311 42
344 42
427 42
280 44
414 44
422 44
405 46
253 47
402 47
208 48
332 49
357 49
424 49
185 51
292 52
327 52
222 53
426 53
377 54
446 54
462 54
432 55
244 56
321 57
175 59
265 59
412 59
363 60
280 61
315 62
208 63
351 64
358 64
399 64
422 64
391 65
231 66
446 66
170 67
289 67
421 67
472 67
201 68
340 69
378 69
438 69
459 69
248 70
268 70
418 72
365 73
424 73
163 74
220 74
299 74
328 74
409 75
261 76
405 76
193 77
238 78
394 78
290 79
353 79
439 79
255 80
318 80
358 80
360 80
313 82
380 82
449 82
478 82
463 83
182 85
209 85
228 85
340 85
245 86
269 86
304 86
311 86
370 86
316 87
257 88
438 88
421 89
389 90
407 91
357 92
169 94
390 94
398 94
218 95
321 95
459 95
473 96
479 96
256 97
291 97
228 98
343 98
375 98
416 98
162 100
192 101
390 101
400 102
416 102
285 103
441 103
158 104
419 104
186 105
277 105
305 105
330 105
430 105
402 106
448 106
351 108
386 108
439 108
148 109
211 109
245 110
466 110
180 111
232 112
264 113
320 113
473 113
257 114
367 114
146 115
200 116
407 116
225 117
284 117
336 117
398 117
419 118
433 118
307 120
447 120
386 121
237 123
272 123
351 123
216 124
458 125
298 126
322 126
370 126
234 127
247 127
337 127
470 127
162 128
184 128
479 128
185 130
231 130
231 131
437 131
261 132
308 132
405 132
426 132
207 133
394 133
448 133
282 134
420 134
352 135
381 137
319 138
385 139
321 140
198 141
219 141
367 142
269 143
291 143
333 143
190 144
403 144
436 144
452 144
407 145
420 146
472 146
239 147
147 148
260 148
395 148
208 149
305 149
350 149
351 150
181 152
232 152
320 152
375 152
167 153
386 153
274 154
176 155
334 155
336 156
200 157
249 157
449 157
289 159
357 159
408 159
420 159
433 159
468 159
167 160
223 161
306 161
397 162
312 164
386 164
155 165
193 165
322 167
279 168
411 168
158 170
239 170
315 170
335 170
373 170
435 170
213 171
369 171
345 172
442 172
148 173
292 173
416 173
455 173
181 174
232 174
253 174
360 174
308 175
385 175
404 175
434 175
271 176
327 176
175 177
293 177
395 177
472 177
173 178
192 178
163 180
346 180
297 181
386 181
199 182
245 182
298 182
186 183
318 183
373 183
132 184
313 185
357 185
175 186
428 186
468 186
436 187
357 188
411 188
162 189
352 190
396 190
218 191
425 191
251 192
400 192
190 193
325 193
449 193
311 194
300 195
281 196
377 196
232 197
265 197
341 197
183 198
464 198
423 199
428 199
194 200
410 200
417 200
312 202
360 202
141 203
167 203
273 203
393 203
440 203
201 204
174 205
425 207
452 207
252 208
327 208
357 208
238 210
283 210
373 210
300 211
464 211
147 212
344 212
470 212
216 213
411 214
429 214
434 214
475 214
192 216
163 217
230 218
337 218
392 218
443 218
211 220
160 221
172 221
273 221
458 221
185 222
298 222
330 222
349 223
254 224
310 225
348 226
373 226
467 226
130 227
179 227
224 227
239 227
473 227
294 228
343 228
281 229
261 230
402 230
237 231
412 231
436 231
478 231
173 232
201 232
309 232
338 232
359 232
392 232
430 232
442 233
166 235
215 236
141 237
357 237
330 238
167 239
465 239
268 240
329 240
346 240
376 240
231 241
248 242
324 242
348 242
162 243
188 243
282 243
399 243
392 244
405 244
421 244
222 245
414 245
328 246
366 246
428 246
130 247
231 247
298 247
391 248
459 248
295 250
242 251
317 251
203 252
356 252
468 252
379 253
444 253
258 254
275 254
293 255
332 255
259 256
405 257
290 258
352 258
358 259
414 259
452 259
220 261
248 261
422 261
173 262
215 263
310 263
376 263
426 263
191 264
266 264
368 264
460 264
322 265
189 266
350 266
199 267
340 267
283 268
439 269
246 270
306 270
361 270
366 270
133 271
228 271
469 271
342 272
206 273
262 273
327 273
391 273
161 274
331 274
473 274
242 275
411 275
449 275
416 276
353 277
400 277
157 278
385 278
178 279
277 280
302 280
428 280
377 281
201 282
218 282
296 282
346 282
287 283
202 284
255 284
317 284
436 284
462 285
234 286
272 286
291 286
356 286
147 288
218 288
292 288
368 288
341 289
444 289
171 291
214 291
269 292
297 294
310 295
336 295
377 295
354 296
357 296
189 297
285 297
342 297
209 298
137 299
330 299
474 299
360 300
246 301
238 302
387 302
411 302
156 305
441 305
460 305
344 306
351 306
292 307
334 307
264 309
281 309
348 309
421 309
197 310
302 310
217 311
376 311
399 311
175 312
350 312
363 312
322 314
393 314
232 315
299 316
381 316
428 316
466 316
246 317
343 317
364 318
407 318
260 319
452 319
202 322
208 323
275 323
296 323
316 324
384 324
165 326
335 326
476 326
187 327
425 327
224 328
359 330
389 330
397 330
160 331
192 331
379 331
240 333
273 334
442 334
459 334
203 335
290 337
202 338
393 338
426 338
309 339
264 340
219 342
152 344
411 344
254 345
427 346
462 346
387 347
368 348
321 349
346 349
168 350
198 350
236 350
409 350
221 351
443 352
169 353
271 353
317 353
426 355
186 357
438 357
214 358
290 359
382 359
402 359
137 360
359 360
407 360
423 360
252 361
334 361
250 362
300 362
372 363
418 363
198 364
274 364
139 365
182 365
342 365
369 365
162 366
311 366
443 366
310 368
374 368
399 368
421 369
466 369
194 371
313 372
302 373
414 373
253 374
282 374
308 374
320 374
321 374
345 374
395 375
258 377
366 377
154 378
194 378
440 378
212 379
229 379
333 379
438 381
243 382
395 382
173 383
466 383
291 384
389 385
415 385
298 386
328 386
315 387
385 387
306 388
240 389
368 389
252 390
354 390
232 391
278 391
456 391
143 393
348 393
361 394
214 395
250 395
263 395
307 395
431 395
433 396
189 397
287 397
421 397
171 398
155 399
366 399
309 400
376 400
402 400
301 401
194 402
451 403
245 404
290 404
323 404
428 404
375 405
221 406
309 406
383 407
421 407
427 407
221 408
366 409
247 410
334 410
264 412
458 412
158 414
207 414
417 414
449 414
175 415
387 415
270 416
349 416
479 416
280 417
277 418
295 419
410 419
242 420
258 420
337 420
192 421
234 421
301 421
444 423
315 424
150 426
376 427
472 427
368 428
215 429
159 430
273 430
402 430
420 430
255 431
261 431
212 432
455 432
220 433
287 433
295 434
357 434
392 434
397 434
176 435
215 435
306 435
332 436
390 436
205 437
387 437
240 438
197 439
339 439
279 440
326 440
414 440
447 441
265 442
431 442
279 443
374 445
470 445
219 446
296 446
260 447
307 447
406 447
440 448
463 449
357 451
348 452
279 454
242 455
338 456
392 456
461 456
202 457
298 457
307 457
316 458
429 459
255 461
327 461
453 461
224 463
347 463
178 464
274 464
285 464
445 464
424 465
374 466
238 467
336 467
364 468
475 468
278 469
355 470
412 470
446 470
251 471
334 472
276 474
365 474
254 475
295 475
301 475
316 475
324 475
424 476
270 478
433 478
221 479
395 479
423 479
175 480
184 480
238 483
465 483
378 485
269 487
421 487
200 488
359 490
296 491
344 492
410 492
213 493
255 493
317 493
476 494
330 495
448 496
278 500
387 501
472 501
230 502
296 502
410 504
436 505
245 506
370 506
467 506
199 508
355 508
325 509
460 509
263 510
264 511
393 511
334 512
416 512
267 513
216 514
311 514
425 514
300 515
290 516
449 516
233 518
250 518
250 520
262 520
240 522
360 524
402 524
327 525
395 525
437 525
470 526
337 527
271 529
208 531
383 531
278 532
285 533
421 533
369 535
411 535
299 536
451 536
225 539
237 539
322 541
384 543
256 544
437 544
269 546
432 547
280 549
469 549
457 550
420 553
452 554
304 556
330 556
402 556
359 557
443 557
255 558
336 558
349 559
381 559
281 566
