315 48
271 53
288 54
296 56
313 58
323 59
339 59
353 61
246 64
370 64
259 65
274 65
287 68
298 70
313 70
389 71
328 72
397 72
341 75
353 76
365 77
215 78
228 78
239 78
250 78
271 79
258 80
381 81
392 81
411 83
312 86
327 87
420 87
339 89
188 91
200 91
226 91
358 91
206 92
214 92
238 92
367 93
258 94
382 94
287 96
398 96
314 99
322 102
333 102
416 102
343 103
364 104
228 105
432 106
200 107
214 107
384 107
185 108
376 108
175 110
401 110
447 113
243 115
297 115
321 116
417 116
269 117
337 118
375 118
427 119
208 121
229 121
220 122
393 122
188 124
170 125
179 125
441 125
271 126
255 127
149 130
282 130
293 130
363 130
371 130
416 130
306 131
316 132
331 132
452 132
253 134
386 134
197 135
207 135
224 135
346 135
238 136
432 136
187 137
171 138
358 138
401 138
443 139
462 139
160 141
370 143
414 143
149 144
285 144
274 145
389 145
424 145
243 146
303 146
318 146
329 146
232 147
254 147
347 147
214 148
432 148
188 149
202 149
222 149
363 149
405 151
445 151
172 153
378 155
233 157
311 157
421 157
461 157
270 158
286 158
153 159
160 159
222 159
300 159
324 159
389 159
204 160
470 161
141 164
355 164
372 164
407 164
125 168
250 168
298 168
452 168
266 169
287 169
163 170
277 170
340 170
308 171
216 172
209 173
354 173
148 174
366 175
421 175
468 175
194 178
179 179
295 179
306 179
377 179
261 180
271 180
283 180
447 180
134 181
318 181
392 181
172 183
333 183
229 184
344 184
122 186
163 186
455 186
155 187
355 187
194 190
262 190
276 190
377 190
463 190
287 191
296 191
309 191
387 191
143 193
182 193
319 193
245 194
397 194
331 195
233 196
442 196
476 196
222 197
131 198
206 199
304 199
277 200
284 200
292 200
321 200
352 200
270 201
362 201
455 201
159 202
370 202
115 203
124 203
424 203
244 204
257 204
378 205
386 205
151 206
183 207
192 207
393 208
145 209
326 209
441 209
176 210
213 210
304 210
346 211
278 212
404 212
473 212
135 213
271 213
260 214
367 214
413 214
102 215
247 215
159 216
195 217
125 218
236 218
184 219
380 219
227 220
389 221
460 221
319 222
435 222
119 223
293 223
148 224
277 224
349 224
173 225
205 226
263 226
364 226
254 227
469 228
135 229
242 229
193 230
375 230
156 231
188 232
317 232
446 232
105 233
287 233
327 233
394 233
421 233
293 234
126 235
341 236
431 236
99 237
214 237
273 237
352 237
141 238
457 238
173 239
250 239
259 239
362 239
382 240
440 240
122 242
161 243
198 243
318 243
413 243
331 244
393 244
307 245
369 245
444 245
468 245
280 246
117 247
184 247
219 248
401 249
109 250
425 250
142 251
454 252
174 253
435 253
201 254
306 254
333 254
477 254
103 256
410 256
281 257
94 258
227 258
295 258
463 258
163 259
123 260
219 260
358 260
419 260
442 261
188 262
260 262
319 262
366 262
179 263
449 263
300 264
147 265
253 265
308 265
402 265
428 265
375 266
350 267
226 268
290 268
166 269
243 269
475 269
111 270
136 270
277 270
382 271
454 271
183 272
416 272
196 273
307 273
436 273
215 274
317 274
332 274
158 275
176 275
341 275
463 275
297 276
442 276
101 277
397 277
423 277
351 278
281 279
122 280
190 280
362 280
148 281
206 282
251 282
407 282
429 282
95 283
268 283
450 283
308 284
117 285
221 286
297 287
454 287
472 287
138 288
157 288
239 288
262 288
87 289
344 289
396 289
196 290
419 291
152 292
232 292
256 292
352 293
463 293
110 294
167 294
320 294
407 295
189 296
206 296
226 296
127 298
248 298
298 298
368 298
446 299
103 300
469 300
142 301
268 301
289 301
328 301
237 303
429 303
178 305
285 305
152 306
352 306
405 306
432 306
115 307
311 307
454 307
134 308
260 308
382 308
96 309
302 310
479 310
390 312
165 313
254 313
188 314
332 314
127 315
274 315
292 315
323 315
396 315
87 316
466 316
204 317
237 317
141 318
158 318
221 318
105 319
123 319
179 319
401 320
285 322
303 322
380 322
447 322
197 323
230 324
79 325
150 325
215 325
332 325
98 326
170 326
254 326
298 326
363 326
117 327
325 327
408 327
134 328
240 328
312 328
387 328
456 328
431 329
478 330
199 331
374 331
112 332
95 333
144 333
225 333
414 333
209 335
263 335
324 335
419 336
439 336
461 336
238 337
122 338
140 338
178 338
334 338
401 338
289 339
306 339
382 340
465 340
205 341
219 341
367 341
314 342
422 342
234 343
101 344
405 345
151 346
272 346
286 346
348 346
445 346
246 347
469 347
85 348
127 348
170 349
395 349
111 351
431 351
318 352
377 353
413 353
256 355
357 355
181 356
194 356
212 356
226 356
338 356
473 356
163 357
283 357
294 357
309 357
321 357
99 358
272 358
452 359
80 360
239 360
402 360
120 361
383 361
435 361
176 363
208 363
96 364
192 364
344 364
419 365
330 366
368 366
408 366
477 366
223 367
350 367
249 368
281 369
394 369
154 370
234 370
299 370
312 370
171 371
333 372
412 372
478 372
93 373
113 373
374 373
438 373
460 373
204 374
354 374
188 375
255 375
398 377
167 378
300 378
317 379
269 380
337 380
89 381
146 381
284 381
357 381
105 382
465 382
446 383
184 384
302 384
380 384
426 384
322 387
271 388
179 389
199 389
230 389
256 389
288 389
386 389
406 389
123 391
215 391
306 391
365 391
430 393
197 395
328 395
455 395
98 396
140 396
289 396
345 396
389 397
415 398
213 399
228 399
368 401
111 402
192 402
174 403
329 403
394 403
436 403
153 406
88 407
131 407
228 407
294 408
373 408
349 409
109 410
314 410
399 411
463 411
210 412
149 414
189 414
226 414
335 414
241 415
259 415
444 416
169 418
377 418
353 419
338 421
122 422
146 422
201 422
469 423
387 424
183 425
212 426
318 426
362 426
449 426
236 427
411 427
341 428
162 429
116 430
138 431
225 431
288 431
93 432
458 432
476 432
304 433
325 433
416 434
176 435
395 435
334 436
279 437
343 437
369 437
235 438
266 438
153 440
421 440
107 442
207 442
126 443
404 443
463 443
376 444
252 445
296 445
445 446
145 449
428 449
189 450
219 450
165 451
410 451
283 452
383 452
202 453
235 453
268 453
471 454
97 455
112 455
390 456
433 457
135 458
158 458
451 458
310 461
362 461
418 461
457 461
254 462
340 462
106 463
291 463
437 463
176 464
222 465
127 466
148 466
274 468
401 468
235 469
343 470
464 470
190 471
316 472
427 472
142 474
258 474
115 475
243 476
323 476
408 476
298 477
356 479
388 480
267 481
199 482
285 482
331 482
217 483
153 486
248 486
448 486
124 487
231 488
338 488
193 489
171 490
422 491
365 492
210 493
274 493
310 494
144 495
431 498
464 498
258 499
286 499
317 499
407 499
159 500
222 500
204 501
238 501
130 502
185 503
294 506
325 506
147 507
220 507
365 510
448 510
192 512
270 512
306 512
334 512
165 513
211 513
231 516
457 516
136 517
401 517
432 518
377 519
288 520
345 520
464 520
125 521
245 521
149 523
178 523
318 523
260 524
354 525
387 526
217 527
228 527
267 527
164 528
205 529
234 530
301 530
451 530
276 531
193 532
332 532
150 533
365 533
245 534
288 536
312 536
266 540
374 540
346 543
226 544
282 545
322 545
212 546
243 546
194 547
387 547
301 550
335 551
176 552
359 552
269 554
310 554
283 557
368 557
348 558
322 562
377 562
298 564
