280 32
341 34
364 36
246 40
306 40
298 43
293 44
196 47
348 49
357 49
368 51
311 52
265 53
380 53
298 54
249 56
400 57
199 60
275 61
333 61
356 61
446 61
168 62
319 62
345 62
364 63
416 63
376 65
456 65
389 67
213 68
181 71
243 71
410 72
299 73
318 73
286 74
425 74
373 76
221 78
265 78
252 79
385 79
188 81
404 82
243 83
417 86
302 87
320 87
333 87
351 87
283 88
266 89
372 92
247 94
405 96
454 97
193 99
225 99
310 100
322 100
336 100
348 100
285 101
298 101
273 103
430 103
215 104
357 105
179 106
249 109
381 109
390 109
171 110
455 110
104 111
307 111
196 112
314 113
324 114
333 114
138 115
188 116
283 116
295 116
278 117
345 117
155 118
223 118
356 118
434 118
367 120
129 121
179 122
377 122
204 123
248 123
449 123
389 124
148 125
401 125
198 126
457 126
121 127
237 127
313 129
292 130
422 130
161 131
225 131
340 131
347 131
280 132
361 132
438 133
185 134
373 134
477 134
210 135
254 136
391 136
127 137
245 138
102 139
137 140
198 140
407 140
454 140
238 142
299 143
307 143
317 143
325 143
426 143
147 144
333 144
95 145
232 145
109 146
161 146
274 146
359 146
373 147
128 149
185 149
215 149
387 149
398 150
443 151
479 151
102 152
251 152
172 153
410 153
204 154
80 155
419 155
144 156
239 156
320 156
302 157
310 157
460 157
166 158
193 158
427 158
292 159
93 160
109 160
226 160
375 161
70 162
133 162
211 163
444 165
258 166
474 166
176 167
409 167
241 168
453 168
122 169
330 169
376 169
305 170
423 170
76 171
101 171
323 171
287 172
311 172
344 172
385 172
226 173
351 173
95 174
252 174
298 174
459 174
163 175
400 175
192 176
361 176
274 177
411 177
110 178
265 178
442 178
180 179
471 179
87 180
239 181
151 183
319 183
424 183
64 184
103 184
197 185
305 185
331 185
478 185
77 186
124 186
290 186
343 186
226 187
56 188
167 188
278 188
353 188
438 188
267 189
366 189
97 190
112 190
143 190
259 191
467 191
408 192
180 193
443 193
249 194
378 194
71 195
109 196
130 196
241 197
198 198
303 198
316 198
391 198
424 198
451 198
476 198
170 199
329 199
339 199
345 199
292 201
78 202
163 202
220 202
281 202
438 202
269 203
363 203
461 203
96 205
152 206
374 206
117 207
414 207
148 210
390 210
473 211
304 212
321 212
332 212
425 212
124 213
177 213
343 213
433 214
45 215
62 215
226 215
279 215
352 215
82 216
268 216
289 216
103 217
362 217
404 217
135 218
372 218
190 219
469 219
150 220
169 220
215 220
449 220
252 221
415 221
115 222
77 223
331 223
383 223
305 224
319 224
235 225
391 225
48 226
128 226
479 226
287 227
429 227
144 228
179 228
351 228
66 229
223 229
157 230
437 230
464 230
363 231
107 232
310 232
406 232
123 233
331 233
373 233
242 234
411 235
39 236
151 236
296 236
379 236
449 236
64 237
168 237
210 237
417 237
287 238
346 238
387 238
56 239
455 240
133 241
182 242
223 242
396 242
199 243
359 243
461 244
254 245
431 245
328 246
73 247
300 247
309 247
319 247
138 248
214 248
369 248
157 249
290 249
334 249
123 250
174 250
378 250
409 250
444 250
469 250
46 251
90 251
345 251
277 252
107 253
232 253
353 254
385 254
478 254
417 255
184 256
198 258
362 258
130 259
147 259
314 259
329 259
397 259
456 259
166 260
254 260
100 261
115 261
220 261
301 261
438 261
343 263
373 263
289 264
427 264
191 265
405 265
78 266
238 266
279 266
381 266
354 267
449 268
465 268
157 269
140 270
173 270
266 270
388 270
30 271
206 271
232 271
317 272
415 272
305 273
325 273
366 273
179 274
294 274
472 274
344 275
437 275
454 275
72 276
397 276
89 277
151 277
254 277
419 277
52 278
120 278
133 278
284 279
165 280
197 280
247 280
348 280
277 281
427 281
31 282
379 282
101 283
145 283
271 283
174 284
406 284
307 285
315 285
67 286
360 286
295 287
323 287
448 287
466 287
327 288
111 289
258 289
337 289
61 290
155 290
189 290
206 290
288 290
367 290
413 290
77 291
344 291
126 292
471 292
22 293
437 293
92 294
250 294
138 295
398 296
351 297
441 297
456 297
271 298
34 299
307 299
146 300
381 301
477 301
264 302
327 302
405 302
423 302
49 304
289 304
194 305
214 305
337 305
446 305
236 306
29 307
364 307
387 307
129 308
158 308
177 308
411 308
96 310
275 311
245 312
371 312
79 313
141 313
110 314
270 314
263 315
301 315
468 315
126 316
203 316
314 316
394 316
41 317
223 317
418 317
186 318
324 318
356 318
378 318
90 319
153 319
334 319
199 320
108 321
38 322
259 322
279 322
396 323
73 324
90 324
217 324
441 324
122 326
86 328
460 328
30 329
386 329
475 329
103 330
244 330
268 330
48 331
68 332
434 333
299 334
329 334
403 334
449 335
137 336
160 336
116 337
208 337
257 339
79 340
464 340
230 341
282 342
20 343
38 343
179 343
479 343
201 345
251 345
149 346
344 346
408 346
219 347
453 347
306 348
77 349
110 349
52 350
382 350
397 350
270 351
315 351
366 352
471 352
351 353
90 354
243 354
169 356
441 356
195 357
293 358
369 358
263 359
457 359
286 360
27 361
213 361
238 361
413 361
102 362
386 362
63 364
401 364
478 365
120 366
81 367
328 367
164 368
307 368
140 369
185 369
280 369
461 370
207 371
373 371
479 372
251 373
387 373
445 373
55 374
417 374
97 375
295 375
183 376
317 378
401 378
31 379
273 379
133 380
465 381
418 382
433 382
448 382
114 383
244 383
372 383
156 384
286 384
320 384
339 384
356 384
179 385
49 386
199 386
388 386
219 388
305 388
451 390
191 391
403 392
337 393
432 393
420 394
66 395
215 395
166 397
280 399
301 399
146 400
388 402
124 404
435 404
253 405
371 405
472 405
316 406
419 406
453 407
190 408
275 408
353 408
73 410
230 410
183 411
290 411
205 412
331 412
47 413
162 413
368 414
135 416
315 416
67 418
110 419
225 420
331 420
127 421
245 421
445 422
84 423
267 424
36 425
198 425
348 425
328 426
32 427
472 427
126 428
285 428
429 428
96 429
445 430
456 430
150 432
418 432
210 434
379 435
80 436
143 437
225 437
261 437
189 440
295 440
164 441
112 442
359 442
238 443
277 443
106 444
428 445
301 446
256 447
132 448
452 448
217 449
319 449
338 449
402 450
440 450
96 451
356 451
63 452
203 453
469 453
54 454
274 454
232 455
400 455
91 456
412 456
293 458
398 461
147 462
312 462
425 462
289 465
450 465
112 466
248 468
72 469
164 469
106 470
434 470
408 471
479 471
97 472
206 472
306 473
35 474
62 474
344 474
53 478
360 478
376 478
479 478
88 479
156 479
177 479
241 479
260 479
322 479
281 480
418 481
52 482
297 484
339 485
442 485
214 486
388 487
75 488
172 488
193 490
316 490
40 491
370 491
183 493
295 493
353 493
231 494
251 494
275 495
67 496
331 496
426 496
270 499
311 500
136 501
104 502
57 503
98 503
203 503
350 503
409 504
435 505
127 506
220 507
287 507
392 507
304 509
465 509
41 510
83 511
239 511
323 511
71 515
116 515
175 515
300 515
355 516
280 517
372 517
233 519
254 519
273 519
315 519
59 520
459 520
166 521
439 521
132 522
99 523
330 524
48 526
203 527
154 529
348 529
270 530
73 531
289 531
435 531
222 532
413 532
470 532
148 535
193 535
120 536
428 538
172 539
137 540
445 540
354 542
460 542
107 543
209 543
236 543
281 544
257 545
334 545
475 546
166 547
371 547
394 547
349 550
421 550
227 551
324 554
467 554
294 556
139 557
190 557
385 557
402 557
246 558
269 558
432 558
113 559
98 561
80 562
215 562
362 562
412 562
311 563
396 563
168 564
288 566
379 566
478 566
231 568
333 569
447 569
255 570
352 571
301 572
345 574
271 575
369 577
397 577
245 578
210 579
317 579
341 580
409 580
471 582
385 583
182 584
285 585
466 586
357 587
157 588
328 588
458 588
134 589
221 589
248 589
273 589
297 589
141 591
340 595
474 595
382 596
209 597
197 598
283 598
232 599
146 600
248 600
266 600
430 600
361 602
118 603
128 603
319 604
162 607
186 607
309 607
346 607
330 608
213 609
281 610
438 610
249 611
265 614
302 617
361 619
315 620
335 620
435 622
186 624
206 625
222 626
326 630
