334 7
345 7
356 7
367 9
379 9
394 12
411 15
302 17
361 17
295 18
311 19
369 20
322 21
381 21
389 24
407 25
350 28
271 29
287 29
298 29
368 30
419 30
426 30
316 31
258 32
307 33
323 33
384 34
436 34
332 35
391 36
446 37
288 39
348 39
410 40
282 41
310 41
256 42
272 42
305 42
361 42
243 43
286 43
364 43
374 43
422 43
295 44
227 45
320 45
322 45
460 45
381 46
390 48
391 48
433 48
338 49
351 49
300 52
445 52
282 53
410 53
258 54
273 54
294 54
307 54
319 54
245 55
369 55
375 55
232 56
320 56
369 56
420 56
376 57
209 58
337 58
381 58
458 58
430 60
196 61
467 61
348 62
390 62
398 62
397 63
285 64
291 64
301 64
304 64
307 64
313 64
244 65
254 65
271 65
310 65
284 66
292 66
310 66
369 66
440 66
230 67
284 67
373 67
374 67
321 68
362 68
410 68
380 69
338 70
374 70
380 71
424 72
258 74
299 74
385 74
433 74
459 74
274 75
292 75
309 75
355 75
366 75
398 75
244 76
304 76
396 76
305 77
321 78
365 78
400 78
226 79
207 80
373 80
407 80
443 80
342 81
411 81
475 81
333 82
345 82
379 82
354 84
420 84
250 85
261 85
348 85
357 85
183 86
253 86
426 86
432 86
459 86
258 87
278 87
361 87
393 87
427 87
437 87
269 88
280 88
291 88
311 88
230 89
258 89
301 89
399 89
333 90
406 90
409 90
218 91
338 91
374 91
439 91
208 92
321 92
326 92
341 92
338 93
382 93
474 94
191 95
350 95
382 95
384 95
416 95
355 96
391 96
426 96
449 96
253 97
274 97
355 97
226 98
249 98
258 98
260 98
394 98
426 98
429 98
267 99
270 99
272 99
366 99
243 100
306 100
404 100
459 100
175 101
324 102
325 102
435 102
205 103
338 103
339 103
191 104
377 104
382 104
403 104
382 105
412 105
237 107
246 107
249 107
272 107
354 107
174 108
255 108
294 108
413 108
420 108
426 108
207 109
224 109
251 109
267 109
269 109
368 109
450 109
197 110
318 111
396 111
428 111
432 111
162 112
377 112
424 112
332 113
333 113
401 113
278 115
379 115
407 115
439 115
281 116
379 116
387 116
409 116
179 117
223 117
235 117
306 117
344 117
348 117
210 118
250 118
265 118
293 118
350 118
388 118
464 118
356 119
364 119
419 119
160 120
354 120
420 120
317 121
366 121
404 122
452 122
257 123
431 123
242 124
266 124
333 124
375 124
180 125
237 125
261 125
224 126
275 126
278 126
477 126
339 127
383 127
221 128
287 128
161 129
164 129
299 129
460 129
352 130
392 130
417 130
442 130
199 131
314 131
187 132
258 132
153 133
272 133
275 133
424 133
466 133
142 134
245 134
326 134
367 134
222 135
227 135
232 135
234 135
452 135
165 136
218 136
335 136
168 137
409 138
199 139
273 139
295 139
432 139
152 140
193 140
303 140
475 140
185 141
252 141
317 141
344 141
353 141
184 142
240 142
254 142
384 142
464 142
441 143
219 144
266 144
364 144
393 144
419 144
168 145
269 145
166 146
262 146
272 146
209 147
276 147
326 147
190 148
153 149
189 149
335 149
382 149
474 149
297 150
353 150
451 150
177 151
251 151
307 151
229 152
239 152
251 152
409 152
167 153
233 153
434 153
224 154
234 154
263 154
365 154
458 154
132 155
161 155
226 155
263 155
202 156
203 156
277 156
279 156
418 156
151 157
194 157
396 157
324 158
346 158
188 159
379 159
118 160
182 160
131 161
468 161
227 162
312 162
364 162
236 163
410 163
430 163
160 164
337 164
413 164
101 165
156 165
438 165
149 166
213 166
356 166
419 166
458 166
146 167
151 167
278 167
291 168
395 168
440 168
117 169
131 169
196 169
351 169
184 170
380 170
330 171
423 171
166 172
372 172
429 172
449 173
158 174
257 174
339 174
356 174
408 174
228 175
269 175
318 175
431 175
119 176
201 176
217 177
324 177
436 177
147 178
191 178
277 178
108 179
143 179
287 179
292 179
371 179
384 179
438 179
135 180
178 180
437 180
132 181
245 181
304 181
360 181
416 181
418 181
461 181
252 182
418 182
477 182
90 183
121 183
130 183
164 183
236 183
358 183
120 184
152 185
264 185
341 185
425 185
80 187
147 187
217 187
280 187
325 187
352 187
365 187
204 188
326 188
348 188
405 188
432 188
107 189
185 189
452 189
132 190
236 190
100 191
298 191
334 191
432 191
127 192
173 192
332 192
164 193
246 193
358 193
359 193
397 193
128 194
157 194
226 194
342 194
121 195
199 195
215 195
312 195
384 195
418 195
91 197
270 197
284 197
370 197
143 198
180 198
353 198
403 198
424 198
111 199
144 199
290 199
321 199
465 199
170 200
325 200
329 200
168 201
173 201
299 201
446 201
81 202
133 202
157 202
242 202
212 203
281 203
362 203
203 204
227 204
306 204
347 204
430 204
151 205
217 205
252 205
415 205
71 206
194 206
455 206
476 206
144 207
420 207
94 208
120 208
354 208
371 208
386 208
402 208
185 209
266 209
318 209
419 209
461 209
113 210
138 210
401 210
440 210
166 211
346 211
86 212
440 212
361 213
397 213
153 214
212 214
230 214
235 214
149 215
428 215
56 216
133 216
144 216
227 216
238 216
281 216
302 216
144 217
197 217
429 217
451 217
98 218
130 218
189 218
251 218
311 218
337 218
373 218
388 218
123 219
359 219
165 220
261 220
475 220
71 221
126 221
170 221
173 221
343 222
415 222
421 222
460 222
124 223
158 223
204 223
299 223
200 224
207 224
422 224
113 225
151 225
217 225
271 225
401 225
88 226
230 226
236 226
62 227
327 227
382 227
445 227
466 227
425 228
42 229
138 229
244 229
404 229
183 230
254 230
281 230
292 230
356 230
410 230
180 231
335 231
432 231
55 232
176 232
192 232
198 232
78 233
164 233
200 233
216 233
299 233
375 233
129 234
130 234
159 234
161 234
214 234
218 234
261 234
340 234
472 234
96 235
167 235
217 235
416 235
433 235
160 236
226 236
234 236
323 236
396 236
435 236
419 237
148 238
289 238
305 238
385 238
402 238
436 238
439 238
233 239
236 239
238 239
272 239
441 239
43 240
65 240
90 240
117 240
146 240
366 240
402 240
420 240
147 241
406 241
193 242
273 242
352 242
83 243
210 243
246 243
333 243
406 243
422 243
424 243
207 244
351 244
372 244
392 244
426 244
84 245
106 245
109 245
183 245
221 245
252 245
315 245
356 245
391 245
57 246
134 246
213 246
221 246
253 246
339 246
431 246
448 246
466 246
79 247
176 247
279 247
283 247
355 247
356 247
398 247
169 248
228 248
232 248
260 248
321 248
396 248
223 249
262 249
341 249
359 249
378 249
379 249
49 250
126 250
160 250
324 250
413 250
414 250
31 251
155 251
304 251
417 251
433 251
289 252
328 252
400 252
474 252
93 253
241 253
311 253
343 253
241 254
268 254
271 254
361 254
363 254
385 254
456 254
90 255
200 255
422 255
41 256
86 256
147 256
186 256
203 256
211 256
327 256
351 256
421 256
66 257
113 257
205 257
250 257
331 257
437 257
139 258
214 258
423 258
275 259
350 259
380 259
408 259
82 260
229 260
280 260
336 260
451 260
230 261
260 261
332 261
224 262
374 262
439 262
468 262
32 263
81 263
83 263
105 263
173 263
260 263
282 263
357 263
399 263
56 264
164 264
192 264
263 264
301 264
340 264
102 265
103 265
179 265
239 265
321 265
374 265
377 265
389 265
441 265
203 266
234 266
355 266
415 266
429 266
128 267
239 267
428 267
456 267
101 268
208 268
268 268
306 268
326 268
339 268
358 268
210 269
212 269
217 269
241 269
271 269
344 269
70 270
94 270
92 271
417 271
447 271
49 272
113 272
115 272
149 272
221 272
367 272
384 272
95 273
217 273
397 273
463 273
24 274
113 274
293 274
415 274
432 274
220 275
250 275
262 275
278 275
330 275
366 275
369 275
383 275
87 276
141 276
245 276
437 276
91 277
223 277
352 277
414 277
434 277
111 278
179 278
230 278
280 278
315 278
20 279
250 279
338 279
354 279
420 279
434 279
37 280
168 280
194 280
205 280
265 280
336 280
452 280
56 281
62 281
300 281
374 281
104 282
128 282
164 282
169 282
205 282
317 282
469 282
59 283
127 283
158 283
250 283
269 283
373 283
15 284
53 284
215 284
440 284
252 285
282 285
98 286
151 286
378 286
423 286
75 287
149 287
158 287
217 287
271 287
344 287
363 287
153 288
288 288
270 289
289 289
473 289
51 290
69 290
149 290
306 290
428 290
122 291
195 291
227 291
323 291
381 291
383 291
396 291
44 292
48 292
115 292
144 292
148 292
193 292
289 292
305 292
368 292
461 292
25 293
187 293
308 293
337 293
349 293
381 293
397 293
68 294
88 294
142 294
178 294
182 294
244 294
257 294
399 294
136 295
167 295
228 295
290 295
307 295
368 295
61 296
69 296
138 296
141 296
183 296
202 296
258 296
278 296
293 296
109 297
163 297
170 297
370 297
157 298
373 298
211 299
278 299
341 299
419 299
449 299
136 300
207 300
312 300
405 300
60 301
63 301
103 301
212 301
214 301
231 301
326 301
373 301
38 302
76 302
80 302
160 302
210 302
277 302
356 302
376 302
388 302
79 303
127 303
132 303
134 303
151 303
217 303
249 303
265 303
297 303
298 303
312 303
55 304
60 304
438 304
51 305
73 305
233 305
389 305
54 306
186 306
231 306
361 306
473 306
201 307
216 307
360 307
457 307
96 308
144 308
198 308
299 308
333 308
363 308
392 308
32 309
179 309
183 309
216 309
252 309
346 309
394 309
53 310
74 310
77 310
146 310
206 310
269 310
299 310
46 311
117 311
185 311
249 311
286 311
319 311
123 312
149 312
169 312
298 312
178 313
220 313
238 313
251 313
365 313
366 313
444 313
44 314
163 314
170 314
251 314
380 314
429 314
316 315
368 315
252 316
269 316
285 316
317 316
398 316
414 316
462 316
45 317
138 317
141 317
220 317
69 318
88 318
269 318
320 318
381 318
399 318
450 318
5 319
63 319
64 319
109 319
161 319
237 319
304 319
479 319
24 320
67 320
128 320
221 320
240 320
256 320
307 320
383 320
202 321
398 321
416 321
195 322
203 322
304 322
320 322
433 322
187 323
207 323
254 323
270 323
336 323
419 323
39 324
58 324
78 324
276 324
370 324
371 324
419 324
466 324
104 325
272 325
292 325
437 325
54 326
128 326
153 326
242 326
356 326
401 326
436 326
277 327
389 327
58 328
208 328
223 328
226 328
238 328
306 328
454 328
78 329
148 329
222 329
240 329
257 329
375 329
56 330
210 330
372 330
472 330
32 331
53 331
70 331
243 331
259 331
325 331
343 331
386 331
405 331
423 331
439 331
227 332
427 332
13 333
273 333
441 333
174 334
228 334
357 334
374 334
376 334
388 334
392 334
70 335
118 335
207 335
211 335
277 335
390 335
407 335
257 336
310 336
375 336
426 336
47 337
94 337
226 337
261 337
277 337
295 337
361 337
428 337
68 338
206 338
209 338
258 338
411 338
432 338
457 338
68 339
346 339
49 340
66 340
138 340
225 340
325 340
434 340
115 341
412 341
422 341
166 342
377 342
476 342
23 343
41 343
274 343
396 343
448 343
204 344
363 344
378 344
411 344
205 345
242 345
276 345
245 346
277 346
411 346
463 346
6 347
38 347
66 347
160 347
242 347
262 347
400 347
415 347
424 347
435 347
182 348
238 348
241 348
314 348
53 349
55 349
76 349
106 349
205 349
259 349
261 349
276 349
378 349
412 349
56 350
81 350
287 350
299 350
398 350
244 351
326 351
219 352
225 352
349 352
382 352
402 352
416 352
430 352
226 353
255 353
365 353
154 354
181 354
441 354
451 354
339 355
401 355
419 355
440 355
52 356
203 356
237 356
387 356
44 357
47 357
244 357
403 357
432 357
24 358
239 358
242 358
300 358
316 358
68 359
72 359
261 359
263 359
431 359
122 360
153 360
199 360
355 360
388 360
402 360
417 360
102 361
176 361
191 361
169 362
199 362
238 362
384 362
433 362
92 363
192 363
328 363
370 363
390 363
405 363
112 364
259 364
287 364
383 364
469 364
211 365
457 365
196 366
238 366
66 367
84 367
343 367
373 367
12 368
174 368
210 368
235 368
82 369
111 369
171 369
423 369
86 370
149 370
211 370
275 371
304 371
334 371
370 371
115 372
192 372
29 373
81 373
112 373
171 373
183 373
221 373
231 373
372 373
438 373
385 374
395 374
458 374
7 375
103 375
105 375
170 375
238 375
57 376
318 376
346 376
218 377
233 377
357 377
426 377
81 378
167 378
402 378
110 379
258 379
275 379
137 380
164 380
289 380
335 380
102 381
106 381
184 381
444 381
21 382
49 382
389 382
188 383
349 383
94 384
125 384
206 384
231 384
92 385
215 385
257 385
375 385
203 386
319 386
101 387
117 387
175 387
227 387
291 387
362 387
376 387
418 387
433 387
70 388
93 388
177 388
225 388
387 388
18 389
156 389
181 389
270 389
302 389
461 389
87 390
94 390
375 390
40 391
236 391
337 391
403 391
237 392
364 392
83 393
115 393
132 393
375 393
388 393
449 393
8 395
193 395
196 395
211 395
221 395
224 395
350 395
364 395
419 395
85 396
91 396
172 396
208 396
223 396
63 397
113 397
154 397
174 397
362 397
437 397
177 398
233 399
290 399
338 399
468 399
405 400
26 401
50 401
77 401
153 401
270 401
317 401
48 402
168 402
301 402
305 402
174 403
189 403
341 403
367 403
48 404
121 404
268 404
288 404
379 404
48 405
168 405
171 405
219 405
245 405
256 405
123 406
235 406
316 406
341 406
354 406
423 406
456 406
69 407
79 407
103 407
143 407
202 407
216 407
244 407
282 407
50 408
136 408
166 408
199 408
251 408
266 408
354 408
393 408
48 409
70 409
146 409
203 409
328 409
339 409
415 409
136 410
185 410
341 410
65 411
283 411
407 411
15 412
160 412
269 412
473 412
42 413
64 413
46 414
77 414
138 414
195 414
271 414
302 414
316 414
355 414
441 414
65 415
284 415
286 415
329 415
367 415
381 415
62 416
74 416
177 416
182 416
212 416
249 416
459 416
41 417
94 417
114 417
154 417
158 417
284 417
327 417
65 418
138 418
179 418
195 418
213 418
287 418
128 419
135 419
149 419
226 419
239 419
244 419
261 419
284 419
342 419
395 419
41 420
174 420
223 420
226 420
286 420
477 420
31 421
55 421
65 421
191 421
206 421
297 421
303 421
316 421
3 422
53 422
158 422
343 422
433 422
67 423
122 423
171 423
211 423
257 423
356 423
410 423
447 423
131 424
263 424
300 424
369 424
56 425
188 425
342 425
50 426
208 426
240 426
257 426
301 426
315 426
87 427
142 427
257 427
281 427
297 427
328 427
153 428
221 428
52 429
102 429
146 429
151 429
184 429
222 429
276 429
358 429
23 430
75 430
148 430
234 431
41 432
146 432
185 432
263 432
342 432
382 432
425 432
164 433
200 433
314 433
328 433
341 433
439 433
76 434
219 434
292 434
70 435
116 435
162 435
398 435
411 435
42 436
67 436
140 436
198 436
254 436
297 436
312 436
373 436
48 437
257 437
313 437
198 438
277 438
292 438
357 438
386 438
342 439
356 439
10 440
162 440
181 440
270 440
73 441
134 441
157 441
210 441
231 441
429 441
103 442
157 442
477 442
35 443
91 443
175 443
230 443
327 443
401 443
71 444
106 444
125 444
465 444
2 445
157 445
233 445
56 446
123 446
172 446
417 446
127 447
232 447
357 447
388 447
448 447
60 448
92 448
191 448
375 448
433 448
124 449
152 449
223 449
249 449
268 449
96 451
143 451
341 451
22 452
62 452
127 452
83 453
108 453
220 453
308 453
433 453
85 454
91 454
122 454
145 454
117 455
147 455
203 455
322 455
349 455
141 456
180 456
244 456
363 456
48 457
119 457
160 457
219 457
142 458
160 458
237 458
266 458
456 458
52 459
70 459
287 459
391 459
407 459
437 459
9 460
77 460
110 460
114 460
471 460
75 461
197 461
380 461
43 462
73 462
113 462
213 462
97 463
110 463
217 463
260 463
337 463
132 464
214 464
305 464
102 465
109 465
133 465
238 465
283 465
41 466
135 466
32 467
60 467
104 467
169 467
230 467
317 467
366 467
55 468
210 468
462 468
61 469
147 469
208 469
121 470
393 470
426 470
92 471
185 471
210 471
216 471
277 471
94 472
124 472
203 472
235 472
253 472
299 472
201 473
210 473
381 473
208 474
230 474
443 474
13 475
58 475
113 475
153 475
48 476
49 476
125 476
127 476
336 476
153 477
349 477
73 478
75 478
88 478
116 478
145 478
155 478
203 478
210 478
273 478
47 479
83 479
316 479
400 479
76 480
80 480
151 480
291 480
428 480
142 481
170 481
173 481
190 481
248 482
290 482
37 483
76 483
167 483
190 483
224 483
331 483
349 483
471 483
269 484
430 484
68 485
135 485
267 485
447 485
106 486
130 486
133 486
313 486
374 486
135 487
246 487
292 487
281 488
304 488
131 489
388 489
124 490
198 490
291 490
421 490
257 491
285 491
288 491
304 491
404 491
437 491
21 492
91 492
154 492
214 492
245 492
386 492
49 493
125 493
130 493
176 493
193 493
282 493
289 493
374 493
465 493
12 494
123 494
127 494
151 494
178 494
388 494
390 494
423 494
153 495
172 495
193 495
305 495
327 495
370 495
455 495
192 496
281 496
424 496
170 497
175 497
393 497
406 497
123 498
173 498
205 498
355 498
428 498
440 498
78 499
230 499
394 499
411 499
175 500
186 500
254 500
339 500
36 501
137 501
162 501
293 501
366 501
375 501
440 501
139 502
416 502
471 502
167 503
276 503
226 504
247 504
299 505
317 505
382 505
418 505
61 506
269 506
275 506
102 507
219 507
265 507
399 507
434 507
17 508
39 508
158 508
190 508
277 508
299 508
421 508
4 509
245 509
289 509
292 509
317 509
367 509
436 509
241 510
265 510
346 510
419 510
438 510
145 511
293 511
387 511
86 512
143 512
156 512
295 512
148 513
243 513
310 513
335 513
361 513
389 513
405 513
423 513
269 514
271 514
289 514
442 514
144 515
178 515
258 515
146 516
213 516
307 516
312 516
183 517
328 517
410 517
467 517
75 518
128 518
136 518
172 518
177 518
123 519
164 519
260 519
280 519
346 519
369 519
412 519
60 520
170 520
283 520
25 521
44 521
177 521
322 521
11 522
342 522
344 522
380 522
390 522
437 522
454 522
111 523
162 523
164 523
170 523
199 523
230 523
324 523
327 523
193 525
277 525
337 525
369 525
423 525
426 525
156 526
196 526
253 526
299 526
367 526
423 526
215 527
364 527
400 527
89 528
357 528
397 528
150 529
217 529
318 529
357 529
408 529
428 529
186 530
335 530
459 530
335 531
433 531
69 532
183 532
434 532
140 533
178 533
241 533
288 533
412 533
56 534
173 534
267 534
378 534
14 535
126 535
170 535
176 535
201 535
210 535
236 535
306 535
346 535
375 535
380 535
38 536
173 536
393 536
170 537
203 537
208 537
341 537
343 537
376 537
424 537
447 537
107 538
165 538
194 538
422 538
467 538
325 539
329 539
364 539
390 539
397 539
89 540
194 540
233 540
335 540
359 540
391 540
398 540
399 540
194 541
297 541
325 541
327 541
366 541
379 541
71 542
164 542
187 542
223 542
259 542
381 542
477 542
182 543
322 544
410 544
434 544
152 545
432 545
316 546
347 546
457 546
173 547
139 548
176 548
246 548
352 548
126 549
207 549
213 549
437 549
8 550
232 550
54 551
231 551
235 551
274 551
22 552
36 552
331 552
337 552
382 552
383 552
445 552
90 553
105 553
111 553
197 553
201 553
305 553
466 553
74 554
205 554
223 554
367 554
393 554
401 554
189 555
230 555
326 555
372 555
393 555
413 555
259 556
179 557
183 557
293 557
361 557
421 557
168 558
371 558
382 558
166 559
452 559
155 560
175 560
177 560
323 560
428 560
476 560
130 561
142 561
150 561
143 562
248 562
347 562
281 563
429 563
434 563
21 566
304 566
310 567
311 567
439 567
464 567
31 568
269 568
299 568
397 568
43 569
56 569
76 569
122 569
210 569
309 569
385 569
412 569
97 570
111 570
188 570
297 570
301 570
303 570
412 570
300 571
370 571
126 572
403 572
134 573
139 573
147 573
175 573
411 573
424 573
450 573
123 574
151 574
158 574
255 574
287 574
357 574
286 575
291 575
418 575
346 576
333 577
438 577
474 577
246 578
456 578
272 579
440 579
319 580
436 580
308 581
53 582
61 582
210 582
232 582
318 582
45 583
463 583
80 584
118 584
309 584
100 585
388 585
402 585
420 585
144 586
158 586
293 586
415 586
423 586
303 587
398 587
140 588
158 588
175 588
295 588
371 588
417 588
270 589
405 589
417 589
422 589
426 589
430 589
472 589
149 590
439 590
424 591
433 591
446 591
360 592
452 592
38 593
336 593
250 594
328 595
50 596
258 596
320 596
221 597
65 598
81 598
209 598
240 598
317 598
320 598
375 599
95 600
275 600
284 600
388 600
461 600
291 601
137 602
143 602
118 603
416 603
129 604
406 604
432 604
164 605
176 605
186 605
147 606
470 606
200 607
356 607
61 609
370 609
221 610
314 610
340 610
479 610
233 612
255 612
82 613
104 613
453 613
391 615
412 615
460 615
125 616
274 616
146 618
293 618
404 618
158 620
303 620
182 621
200 621
322 621
216 623
425 623
339 625
349 625
436 625
237 626
82 627
248 627
362 627
448 627
263 628
375 628
103 629
474 629
461 630
393 631
127 633
286 633
293 634
197 635
408 635
152 636
305 636
215 637
419 637
432 637
167 638
