137 2
363 2
288 3
232 4
467 4
332 5
168 6
418 6
476 6
396 8
267 9
70 11
157 12
205 13
373 13
316 14
52 16
255 17
356 17
109 18
192 18
143 19
454 19
473 19
293 21
431 21
334 22
235 23
175 24
408 24
41 25
87 26
129 26
391 26
320 27
374 27
221 28
277 29
313 30
211 32
160 33
14 34
113 34
197 35
261 35
477 35
462 36
407 38
444 38
248 39
392 39
424 39
146 40
344 40
63 41
253 41
373 41
236 42
241 42
248 42
327 42
52 43
66 43
246 43
310 43
236 44
308 44
138 45
188 45
227 45
315 45
222 47
230 47
45 48
46 48
225 48
281 48
287 48
295 48
86 49
129 49
227 49
278 49
226 50
219 51
222 51
280 51
126 52
169 52
265 53
270 53
272 53
437 53
80 54
214 54
267 54
382 54
422 54
116 55
266 55
458 55
473 55
211 56
403 56
202 57
267 57
368 58
71 59
74 59
153 59
246 59
322 59
347 59
148 60
156 60
247 60
332 60
72 61
248 61
310 61
360 61
250 62
306 62
318 62
147 63
302 63
349 63
102 64
182 64
344 64
307 65
294 66
22 67
281 67
289 67
229 68
298 68
222 69
52 70
56 70
136 70
227 70
229 70
281 70
129 71
271 72
393 72
423 72
270 73
277 73
409 73
441 73
164 74
210 74
261 74
471 74
80 75
213 75
270 75
85 76
256 76
354 76
379 76
114 77
121 77
153 77
317 77
349 77
362 77
310 78
41 79
333 79
351 79
245 80
322 80
301 81
73 82
178 82
68 83
149 83
237 83
288 83
196 84
299 84
64 85
230 85
298 85
104 86
62 87
138 87
279 87
336 87
400 87
39 88
225 88
231 88
271 88
422 88
337 89
434 89
450 89
329 90
330 90
476 90
381 91
466 91
165 92
273 92
87 93
208 93
266 93
313 93
317 93
371 93
260 94
317 94
319 94
29 95
208 95
300 96
358 96
304 97
306 97
250 98
255 98
289 98
124 99
199 99
240 99
242 99
285 100
294 100
355 100
79 101
152 101
243 101
247 101
295 101
20 102
147 102
149 102
292 102
446 102
70 103
74 103
409 103
422 103
438 103
454 103
279 104
180 105
275 105
332 105
471 105
72 106
225 106
389 106
109 107
269 107
326 107
61 108
272 109
368 109
141 110
262 110
315 110
316 110
133 111
165 111
304 111
59 112
254 112
358 112
52 113
99 113
137 113
210 113
300 113
248 114
289 114
353 114
4 115
152 115
158 115
129 116
201 116
440 116
391 117
429 117
461 117
277 118
334 118
339 118
412 118
121 120
143 120
238 120
372 120
40 121
87 121
229 121
328 121
188 122
233 122
272 122
166 123
117 124
222 124
320 124
306 125
258 127
210 128
306 128
156 129
209 129
75 130
411 130
445 130
173 131
292 131
374 131
390 131
398 131
407 131
417 131
432 131
27 132
206 132
236 132
237 132
284 132
406 132
430 132
460 132
474 132
106 133
420 133
422 133
194 134
203 134
276 134
355 134
284 135
332 135
134 137
218 138
321 138
260 139
96 140
159 140
251 142
314 142
49 143
294 143
8 144
177 144
209 144
233 144
237 144
411 144
121 145
290 145
203 146
230 146
240 146
284 146
293 146
401 146
439 146
86 147
371 147
424 147
231 148
282 148
423 148
397 149
450 149
460 149
144 150
193 150
360 150
477 150
41 151
161 151
221 151
264 152
250 153
338 153
109 154
325 154
130 156
305 156
178 157
307 158
202 159
299 159
232 160
289 160
300 160
301 160
426 160
59 161
393 161
420 161
60 162
94 162
148 162
280 162
284 162
286 162
407 162
439 162
451 162
22 163
231 163
291 163
395 163
415 163
119 164
168 164
377 164
468 164
223 165
346 165
351 165
360 165
383 165
388 165
267 166
275 166
335 167
349 167
360 167
369 167
141 168
266 168
69 169
218 169
265 169
83 170
336 170
312 171
319 171
40 172
306 172
71 173
214 173
318 173
6 174
151 174
202 174
302 174
253 175
291 175
401 175
415 175
69 176
126 176
176 176
244 176
287 176
390 176
417 176
64 177
65 177
102 177
430 177
447 177
464 177
280 178
408 178
419 178
276 179
352 179
368 179
372 179
30 180
336 180
352 180
391 180
91 181
228 181
274 181
191 182
231 182
56 183
275 183
331 183
340 183
136 184
160 184
219 184
266 184
256 185
264 185
331 185
24 186
262 186
321 186
258 187
314 187
78 188
299 188
48 189
51 190
209 190
211 190
248 190
304 190
385 190
404 190
436 190
100 191
149 191
204 191
244 191
394 191
357 192
365 192
372 192
374 192
424 192
284 193
289 193
458 193
74 194
233 194
355 194
358 194
473 194
165 195
279 195
67 196
140 196
192 196
333 196
347 196
238 197
273 197
323 197
325 197
331 197
333 198
12 199
63 199
66 199
87 199
305 200
218 201
313 201
320 201
65 202
181 202
36 203
107 203
129 203
249 203
297 203
152 204
100 205
150 205
381 205
392 205
413 205
76 206
205 206
25 207
121 207
365 207
433 207
443 207
143 208
240 208
285 208
291 208
349 208
51 209
241 209
281 209
287 209
335 210
467 210
98 211
74 212
114 212
228 212
236 212
238 212
273 212
48 213
135 213
189 213
320 213
133 214
137 214
164 214
318 214
111 215
305 215
231 216
85 217
108 217
219 217
258 217
399 217
414 217
64 219
124 219
149 219
177 219
202 219
289 220
340 220
381 220
425 220
433 220
33 221
221 221
249 221
368 221
324 222
7 223
96 223
101 223
148 223
192 223
464 223
76 224
96 224
117 224
144 224
210 224
353 224
59 225
78 225
120 225
240 225
116 226
271 226
185 227
233 227
52 228
162 228
212 228
345 228
134 229
206 229
234 229
111 230
258 230
25 231
67 231
69 231
228 231
332 231
381 231
402 231
424 231
130 232
132 232
176 232
234 232
286 232
294 232
83 233
109 233
151 233
292 233
444 233
106 234
198 234
277 234
454 234
47 235
245 235
362 235
283 236
319 236
62 237
128 237
151 237
318 237
467 237
78 238
95 238
124 238
222 238
224 238
18 239
142 240
165 240
187 240
93 241
262 241
302 241
33 242
91 242
117 242
410 242
215 243
304 243
389 243
421 243
432 243
416 244
432 244
89 245
8 246
204 246
284 246
364 246
375 246
443 246
108 247
155 247
280 247
440 247
106 248
135 248
242 248
271 248
86 249
271 249
456 249
48 250
105 250
328 250
84 251
124 251
343 251
354 251
475 251
147 252
174 252
270 252
314 252
317 252
198 253
99 254
105 254
312 255
384 255
416 255
120 256
125 256
426 256
20 257
40 257
405 257
427 257
443 257
97 258
185 258
251 258
255 258
428 258
69 259
114 259
219 259
136 260
158 260
460 260
247 261
209 262
242 262
155 263
277 263
286 263
12 264
109 264
241 264
471 264
129 265
241 265
364 265
375 265
74 266
93 266
274 266
350 266
174 267
336 267
156 268
198 268
390 268
29 269
152 269
262 269
86 270
129 270
227 270
306 270
323 270
402 270
428 270
51 271
100 271
148 271
315 271
414 271
416 271
417 271
440 271
252 272
404 272
423 272
5 273
120 273
304 273
252 274
449 274
83 275
102 275
141 275
187 275
250 275
65 276
143 276
245 276
288 276
82 277
116 277
209 277
458 277
94 278
94 279
276 279
282 279
472 279
21 280
159 280
352 280
362 280
41 281
58 281
116 281
134 281
240 281
327 281
332 281
174 282
201 282
241 282
338 282
398 282
413 282
41 283
271 283
330 283
408 283
335 284
412 284
90 285
153 285
221 285
263 285
314 285
409 285
228 286
311 286
54 287
213 287
216 287
14 288
88 288
167 288
189 288
256 288
299 288
301 288
423 288
429 288
106 289
216 289
296 289
310 289
207 290
434 290
31 291
73 291
101 291
451 291
98 292
120 292
227 292
49 294
138 294
287 294
288 294
289 294
353 294
354 294
393 294
68 295
242 295
360 295
374 295
390 295
404 295
465 295
159 296
176 296
276 296
344 296
356 296
380 296
68 297
276 297
332 297
334 297
364 297
414 297
219 298
370 298
421 298
4 299
118 299
267 299
433 299
324 300
434 300
66 301
211 301
261 301
440 302
23 303
130 303
302 303
441 303
260 304
62 305
227 305
294 305
308 305
453 305
41 306
44 306
84 306
148 306
182 307
203 307
222 307
38 308
200 308
286 308
412 308
41 309
81 309
82 309
282 309
339 309
424 309
465 309
103 310
125 310
251 310
282 310
342 310
354 310
365 310
373 310
219 311
221 311
248 311
321 311
473 311
243 312
280 312
282 312
319 312
328 312
341 312
353 312
384 312
385 312
389 312
435 312
16 313
239 313
274 313
314 313
386 313
158 314
321 314
393 314
394 314
56 315
78 315
81 315
239 315
316 315
439 315
441 315
478 315
116 316
194 316
269 316
94 317
116 317
137 317
265 317
170 318
413 318
49 319
115 319
210 319
307 319
421 320
210 321
459 321
28 322
70 322
92 322
185 322
228 322
261 322
9 323
153 323
253 323
321 323
428 323
204 324
291 324
370 324
438 324
287 325
337 325
350 325
361 325
437 325
471 325
45 326
131 326
205 326
365 326
372 326
404 326
145 327
401 327
110 328
279 328
372 328
382 328
407 328
158 330
202 330
222 330
246 330
412 330
415 330
419 330
448 330
217 331
62 332
141 332
158 332
172 332
194 332
384 332
20 333
160 333
237 333
268 333
455 333
212 334
422 334
158 335
394 335
397 335
424 335
33 336
81 336
122 336
315 336
100 337
316 337
337 337
466 337
139 338
152 338
165 338
208 338
306 338
348 338
137 339
214 339
232 339
237 339
308 339
324 339
361 339
187 340
259 340
362 340
375 340
408 340
368 341
441 341
476 341
55 342
134 342
286 342
298 342
366 342
10 343
208 343
370 343
228 344
367 344
385 344
418 344
423 344
94 345
114 345
387 345
421 345
456 345
132 346
136 346
146 346
422 346
427 346
223 347
225 347
131 348
159 348
180 348
133 349
200 349
27 350
343 350
73 351
130 351
326 351
388 351
395 351
45 352
154 352
217 352
310 352
314 352
129 353
220 353
297 353
306 353
442 353
468 353
129 354
245 354
416 354
3 355
173 355
288 355
368 355
88 356
191 356
67 357
285 357
362 357
425 357
238 358
19 359
105 359
212 359
214 359
430 359
372 360
383 360
214 361
239 361
380 361
120 362
165 362
218 362
236 362
382 362
409 362
123 363
145 363
186 363
187 363
352 363
386 363
40 364
164 364
166 364
273 364
434 364
99 365
189 365
390 365
81 366
164 366
233 366
16 367
120 367
305 367
59 368
233 368
313 368
387 368
100 369
120 369
419 369
166 370
210 370
262 370
304 370
364 370
398 370
78 371
135 371
210 371
233 371
318 371
392 371
395 371
179 372
236 372
295 372
313 372
365 372
179 373
334 373
114 374
119 374
200 374
368 374
376 374
208 375
281 375
298 375
424 375
159 376
196 376
31 377
94 377
98 377
114 377
232 377
403 377
93 378
112 378
177 378
352 378
383 378
230 379
378 379
194 380
466 380
9 381
227 381
384 381
96 382
90 383
128 383
434 383
71 384
157 384
174 384
190 384
224 384
365 384
110 385
280 385
140 386
205 386
310 386
326 386
364 386
391 386
415 386
456 386
176 387
250 387
366 387
46 388
93 388
316 388
339 388
399 388
24 389
108 389
367 389
370 389
476 389
4 391
298 391
318 391
370 391
312 392
347 392
106 393
135 393
173 393
225 393
227 393
273 393
424 393
85 394
105 394
200 394
372 394
84 395
153 395
169 395
202 395
246 395
296 395
464 395
221 396
289 396
407 396
444 396
59 397
121 397
170 397
185 397
227 397
392 397
119 398
220 398
221 398
240 398
2 399
37 399
204 399
427 399
133 400
201 400
226 400
270 400
287 400
376 400
55 402
71 402
85 402
166 402
241 402
329 402
416 403
468 403
132 404
266 404
271 404
147 405
201 405
359 405
70 406
151 406
245 406
312 406
342 406
416 406
52 407
129 407
309 407
431 407
453 407
15 408
67 408
221 408
289 408
309 408
438 408
474 408
96 409
114 409
272 409
283 409
434 409
31 410
379 410
420 410
65 411
130 411
162 411
202 411
239 411
288 411
48 412
178 412
78 413
220 413
262 413
295 413
341 413
399 413
128 414
201 414
299 414
61 415
77 415
319 415
45 416
49 416
199 416
267 416
359 416
478 416
47 417
64 417
94 417
317 417
325 417
462 417
142 418
47 419
381 419
24 420
129 420
160 420
238 420
399 420
403 420
422 420
63 421
78 421
109 421
141 422
145 422
177 422
219 422
252 422
282 422
56 423
143 423
243 423
246 423
284 423
403 423
407 423
5 424
42 424
58 424
160 424
123 425
344 425
424 425
124 426
141 426
246 426
253 426
280 426
426 426
57 427
71 427
278 427
363 427
380 427
403 427
467 427
19 428
86 428
197 428
246 428
290 428
446 428
41 429
140 429
249 429
290 429
325 429
127 430
140 430
201 430
224 430
429 430
431 430
70 431
124 431
141 431
305 431
427 431
225 432
284 432
402 432
140 433
160 433
293 433
307 433
313 433
108 434
290 434
301 434
358 434
69 435
178 435
408 435
94 436
122 436
338 436
471 436
137 437
158 437
217 437
261 437
427 437
32 438
381 438
415 438
138 439
408 439
428 439
65 440
238 440
242 440
265 440
269 440
431 440
451 440
376 441
51 442
106 442
322 442
328 442
379 442
415 442
93 443
197 443
221 443
75 444
220 444
327 444
346 444
385 444
473 444
220 445
356 445
73 446
283 446
324 446
12 447
47 447
88 447
120 447
121 447
155 447
174 447
314 447
435 447
59 448
106 448
244 448
322 448
351 448
397 448
399 448
455 448
62 449
292 449
374 449
382 449
383 449
303 450
341 450
418 450
75 451
136 451
343 451
371 451
71 452
73 452
26 453
44 453
46 453
202 453
205 453
227 453
343 453
382 453
104 454
335 454
347 454
438 454
476 454
59 455
73 455
86 455
256 455
202 456
227 456
397 456
56 457
86 457
152 457
177 457
340 457
58 458
330 458
120 459
367 459
42 460
54 460
118 460
265 460
339 460
461 460
479 460
280 461
372 461
56 462
68 462
332 462
6 463
39 463
99 463
231 463
23 464
85 464
133 464
234 464
239 464
321 464
361 464
360 465
86 466
316 466
359 466
393 466
398 466
65 467
99 467
117 467
150 467
212 467
324 467
356 467
396 467
441 467
235 468
82 469
116 469
180 469
215 469
309 469
357 469
97 470
163 470
239 470
51 471
114 471
244 471
113 473
294 473
349 473
414 473
460 473
64 474
67 474
134 474
193 474
215 474
217 474
276 474
351 474
370 474
441 474
64 475
100 475
114 475
17 476
111 476
397 476
66 477
115 477
257 477
348 477
369 477
33 478
336 478
202 479
331 479
342 479
364 479
60 480
366 480
185 481
200 481
221 481
263 481
338 481
424 481
443 481
97 482
110 482
151 482
395 482
168 483
306 483
309 483
358 483
411 483
138 484
78 485
123 485
151 485
183 485
291 485
331 485
358 485
463 485
13 486
61 486
228 486
323 486
336 486
166 487
184 487
275 487
124 488
258 488
241 489
243 490
273 490
315 490
331 490
378 490
440 490
190 491
205 491
318 491
311 492
334 492
424 492
167 493
233 493
242 493
328 493
347 493
393 493
408 493
76 494
151 494
153 494
301 494
39 495
54 495
171 495
346 495
371 495
122 496
244 496
298 496
423 496
458 496
187 497
405 497
91 498
189 498
422 498
435 498
24 499
250 499
423 499
438 499
7 500
109 500
193 500
246 500
173 501
214 501
249 501
320 501
386 501
122 502
172 502
190 502
256 502
267 502
335 502
125 503
192 503
139 504
158 504
272 504
401 504
455 504
74 505
141 505
171 505
176 505
224 505
277 505
311 505
313 505
327 506
433 506
263 507
287 507
290 507
360 507
91 508
108 508
194 508
198 508
435 508
470 508
124 509
158 509
233 509
277 509
332 509
352 509
413 509
59 510
180 510
354 510
48 511
158 511
181 512
321 512
143 513
267 513
373 513
177 514
179 514
453 514
19 516
140 516
163 516
346 516
389 516
209 517
321 517
92 518
160 518
178 518
346 518
32 519
140 519
73 520
126 520
310 520
314 520
92 521
189 521
385 521
407 521
111 522
185 522
257 522
382 522
388 522
74 523
262 523
189 524
230 524
265 524
276 524
298 524
334 524
380 524
428 524
58 525
96 525
110 525
197 525
239 525
241 525
98 526
187 526
273 526
284 526
399 526
466 526
269 527
446 527
43 528
129 528
249 528
110 529
128 529
144 529
195 529
254 529
262 529
278 529
328 529
82 530
98 530
422 530
10 531
169 531
275 531
408 531
86 532
269 532
113 533
391 533
56 534
207 534
349 534
68 535
70 535
440 535
455 535
475 535
97 536
115 536
38 537
370 537
417 537
220 538
56 539
132 539
135 539
156 539
314 539
341 539
365 539
381 539
400 539
20 540
53 540
81 540
150 540
84 541
152 541
156 541
381 541
384 541
83 542
246 542
114 543
118 543
155 543
186 543
232 543
295 543
469 543
263 544
270 544
335 544
432 544
447 544
52 545
190 545
158 546
178 546
272 546
279 546
410 546
66 547
252 547
263 547
278 547
280 547
394 547
159 548
249 548
276 548
354 548
138 549
158 549
181 549
374 549
390 549
34 550
53 550
373 550
99 551
140 551
144 551
206 551
324 551
392 551
162 553
424 553
219 554
436 554
68 555
403 555
82 556
86 556
167 556
341 556
385 556
464 556
13 557
49 557
100 557
122 557
103 558
230 558
312 558
379 558
449 558
294 559
363 559
192 560
197 560
279 560
357 560
377 560
30 561
244 561
253 561
257 561
101 562
195 562
249 562
269 562
337 562
152 563
261 563
275 563
64 564
271 564
416 564
479 564
208 565
394 565
257 566
180 567
217 567
327 567
47 568
347 568
127 569
327 569
457 569
4 570
67 570
302 570
438 570
70 571
85 571
229 571
345 571
348 571
365 571
137 572
189 572
318 572
406 572
23 573
46 573
297 573
47 574
285 574
289 574
339 574
380 574
418 575
310 576
312 576
451 576
66 577
111 577
168 578
197 578
276 578
471 578
66 579
262 579
428 579
89 580
242 580
255 580
263 580
352 580
355 580
72 581
149 581
215 581
252 581
302 581
333 581
394 581
67 582
41 583
354 583
348 584
296 585
329 585
406 585
181 586
289 586
365 586
442 586
42 587
162 587
461 587
41 588
15 589
189 589
382 589
118 590
135 590
314 590
341 590
359 590
420 590
72 592
311 592
396 592
41 593
73 593
98 593
263 593
303 593
150 594
201 594
337 594
357 594
212 595
332 595
373 595
433 595
244 596
305 596
355 596
453 596
56 597
75 597
164 597
228 597
4 600
34 600
57 600
108 600
473 600
289 601
321 601
343 601
385 601
410 601
281 603
363 603
423 604
54 605
134 605
266 605
443 605
189 606
400 608
465 608
375 609
154 610
196 610
214 610
223 610
236 610
252 610
24 611
297 611
329 611
348 611
95 612
111 615
180 615
284 615
366 615
412 615
320 616
432 616
453 617
66 618
16 619
268 620
466 620
40 621
133 621
335 621
386 621
305 622
361 622
6 623
251 623
423 623
477 623
204 624
237 624
404 624
150 625
170 625
294 625
463 625
97 627
183 627
221 627
349 627
438 627
323 629
24 632
118 632
275 632
341 632
371 632
413 632
454 632
15 633
132 634
427 635
470 635
259 636
68 638
331 638
80 639
153 639
218 639
236 639
