235 12
249 12
207 13
219 13
263 13
278 13
290 13
195 14
306 14
324 15
335 17
349 20
206 26
218 26
228 26
241 26
251 26
263 26
295 26
280 27
190 28
310 29
174 30
321 31
337 32
159 33
354 33
367 34
219 38
234 38
250 38
267 38
283 39
199 41
207 41
283 42
180 43
192 43
300 43
303 43
309 43
316 43
202 44
297 44
300 44
318 44
294 45
303 45
312 45
330 45
316 46
322 46
163 47
259 47
314 47
342 47
242 48
246 48
254 48
352 48
362 48
155 49
261 49
266 49
273 50
374 50
223 51
224 51
384 51
143 52
203 54
211 54
129 55
215 55
219 55
210 56
181 57
201 57
240 57
257 57
266 57
295 57
301 57
311 57
198 58
245 58
251 58
254 58
291 58
249 59
268 59
280 59
319 59
320 59
266 60
309 60
170 61
337 61
356 62
378 64
155 65
214 66
221 66
226 66
227 66
143 67
241 67
218 68
262 68
269 68
205 69
225 69
237 69
240 69
254 69
260 69
264 69
267 69
269 69
284 70
396 70
131 71
203 71
271 71
287 71
274 72
282 72
288 73
292 73
300 73
307 73
318 73
363 73
184 74
306 74
316 74
315 75
334 75
376 75
174 76
252 76
308 76
117 77
164 77
237 77
240 77
260 78
252 79
349 79
387 79
220 80
223 80
235 80
238 80
222 81
357 81
199 82
206 82
210 83
214 83
401 83
149 84
184 84
197 84
200 85
287 85
370 85
192 86
318 86
307 87
180 88
274 88
303 88
319 88
417 88
243 89
257 89
299 89
306 89
310 89
139 90
170 90
230 90
331 90
345 90
386 90
166 91
238 91
426 91
229 92
212 93
222 93
158 94
203 95
207 95
127 96
195 96
201 96
363 96
408 96
113 97
197 97
148 98
189 98
293 98
300 98
313 99
187 100
261 100
268 100
284 100
286 100
302 100
311 100
298 101
324 101
102 102
310 102
173 103
179 103
234 103
341 104
424 104
226 105
392 105
205 106
355 106
129 107
162 107
218 107
94 108
201 108
204 108
372 109
190 110
198 110
251 110
275 110
291 110
300 110
302 110
155 111
189 111
263 111
405 111
120 112
299 112
300 112
305 112
313 112
294 113
83 114
184 114
231 114
240 114
178 115
233 115
328 115
390 115
111 116
216 116
339 116
141 118
210 118
165 119
165 120
172 120
210 120
352 120
423 120
286 122
294 122
298 122
367 122
100 123
260 123
271 123
295 123
193 124
283 124
305 124
308 124
126 125
247 125
375 125
377 125
380 125
385 125
318 126
319 126
148 127
390 127
180 128
229 128
333 128
395 128
437 128
86 129
220 130
211 131
345 131
406 131
114 132
171 132
137 133
354 133
262 134
274 134
287 134
367 134
414 134
283 135
361 135
369 135
370 135
163 136
196 136
291 136
295 136
307 136
367 136
378 136
419 136
104 137
245 137
319 138
372 138
377 138
233 139
382 139
388 139
70 140
125 140
156 140
386 140
389 140
398 140
185 141
432 141
97 142
222 142
332 142
397 142
340 143
312 144
395 144
212 145
284 145
287 145
303 145
317 145
320 145
145 146
172 146
268 146
275 146
292 146
354 146
408 146
114 147
208 147
281 147
363 147
446 147
369 148
255 149
364 149
243 150
363 150
162 151
370 151
418 151
135 152
231 152
379 152
84 153
194 153
387 153
391 153
378 154
384 154
154 155
186 155
389 155
396 155
426 155
393 156
394 156
76 157
106 157
215 157
305 157
125 158
178 158
278 158
286 158
304 158
326 158
334 158
393 158
461 158
270 159
297 159
346 159
396 159
259 160
147 161
204 161
360 161
361 161
98 162
118 162
246 162
364 162
367 162
406 162
68 163
117 163
370 163
447 163
237 164
197 165
226 165
417 165
139 166
163 166
230 166
236 166
224 167
233 167
385 167
185 168
288 168
382 168
116 169
300 169
58 170
86 170
89 170
110 170
138 170
215 170
220 170
278 170
316 170
319 170
332 170
343 170
391 170
88 171
154 171
264 171
283 171
311 171
428 171
81 172
108 172
205 172
351 172
391 172
106 173
157 173
84 174
151 174
174 174
254 174
363 174
364 174
404 174
102 175
128 175
151 175
52 176
146 176
203 176
234 176
241 176
439 176
461 176
193 178
230 178
238 178
99 179
228 179
72 180
123 180
224 180
302 180
313 180
315 180
161 181
294 181
141 182
189 182
214 182
293 182
392 182
157 183
158 183
286 183
325 183
385 183
471 183
216 184
272 184
341 184
400 184
257 185
424 185
153 187
250 187
355 187
451 187
86 188
87 188
208 188
404 188
65 189
115 189
175 189
200 189
386 189
206 190
239 190
366 190
433 190
111 191
144 191
146 191
202 191
234 191
240 191
106 192
230 192
308 192
319 192
332 192
143 193
228 193
310 193
315 193
163 194
307 194
318 194
54 195
81 195
282 195
295 195
392 195
415 195
106 196
221 196
344 196
373 196
125 197
132 197
186 197
217 197
218 197
267 198
378 198
124 199
399 199
447 199
98 200
128 200
155 200
208 200
95 201
254 201
211 202
319 202
402 202
124 203
324 203
382 203
472 203
69 204
251 204
327 204
427 204
146 205
172 205
174 205
200 205
205 205
236 205
306 205
335 205
235 206
239 206
295 206
115 207
171 207
91 208
227 208
390 208
457 208
281 209
349 209
62 210
140 210
165 210
193 210
229 210
271 210
352 210
358 210
437 210
213 211
219 211
220 211
226 211
358 211
412 211
189 212
192 212
260 212
265 212
360 212
398 212
159 213
189 213
109 214
309 214
318 214
328 214
422 214
82 215
337 215
369 215
56 216
180 216
255 216
328 216
339 216
342 216
443 216
466 216
208 217
375 217
129 218
150 218
226 218
252 218
291 218
301 218
337 218
347 218
406 218
103 219
244 219
245 219
250 219
351 219
75 221
248 221
277 221
428 221
197 222
276 222
384 222
452 222
171 223
202 223
269 223
49 224
167 224
196 224
198 224
236 224
262 224
322 224
215 225
237 225
239 225
270 225
310 225
328 225
334 225
141 226
261 226
263 226
296 226
319 226
341 226
360 226
396 226
95 227
179 227
218 227
345 227
69 228
118 228
232 228
288 228
419 228
475 228
164 229
354 229
160 230
178 230
280 230
399 230
438 230
454 230
136 231
229 231
252 232
364 232
271 233
426 233
206 234
207 234
190 235
442 235
84 236
107 236
170 236
220 236
226 236
247 236
389 236
222 237
245 237
309 237
322 237
327 237
411 237
464 237
126 238
150 238
167 238
199 238
241 238
375 238
299 239
325 239
337 239
340 239
431 239
167 240
263 240
347 240
181 241
197 241
287 241
55 242
79 242
181 242
216 242
347 242
449 242
159 244
195 244
235 244
257 244
356 244
401 244
102 245
123 245
142 245
198 245
215 246
277 246
210 247
253 247
455 247
363 248
421 248
95 249
155 249
228 249
229 249
230 249
472 249
46 250
170 250
191 250
205 250
248 250
310 250
391 250
409 250
440 250
117 252
270 252
297 252
371 252
169 253
70 254
185 254
204 254
330 254
398 254
342 255
462 255
40 256
133 256
184 256
203 256
286 256
378 257
145 258
184 258
196 258
214 258
216 258
320 258
197 259
262 259
162 260
357 260
447 260
88 261
111 261
179 261
181 261
310 261
467 261
196 262
229 262
231 262
303 262
387 262
405 262
231 263
429 263
154 264
211 264
255 266
365 266
292 267
335 267
58 268
139 268
433 268
102 269
188 269
206 269
275 269
345 269
392 269
454 269
120 270
166 270
237 270
326 270
237 271
476 271
167 272
170 272
206 272
375 272
201 273
221 273
399 273
415 273
134 274
233 274
307 274
182 275
247 275
319 275
354 275
51 276
164 276
235 276
96 277
146 277
162 277
198 277
198 278
230 278
268 278
286 278
440 278
337 279
383 279
402 279
423 279
129 280
195 281
255 281
301 281
71 282
94 282
113 282
157 282
174 282
215 282
328 282
342 282
109 283
242 283
365 283
465 283
341 284
388 284
390 284
444 284
106 285
154 285
156 285
170 285
172 285
228 285
326 285
330 285
188 286
200 286
408 286
42 287
125 287
210 287
253 287
351 287
106 288
123 288
135 288
137 288
189 288
224 288
226 288
294 288
85 289
223 289
278 289
295 289
88 290
226 290
238 290
292 290
377 290
397 290
122 291
148 291
223 291
359 291
375 291
81 292
264 292
305 292
354 292
430 292
56 293
75 293
117 293
150 293
210 293
335 293
451 293
134 294
162 294
248 294
292 294
380 294
84 295
103 295
146 295
150 295
179 295
224 295
306 295
413 295
116 296
162 296
193 296
206 296
475 296
221 297
289 297
381 297
143 298
163 298
175 298
220 298
261 298
318 298
341 298
365 298
142 299
329 299
365 299
417 299
125 300
127 300
245 300
362 300
368 300
402 300
160 301
317 301
331 301
456 301
81 302
98 302
140 302
172 302
188 303
271 303
289 303
346 303
371 303
438 303
111 304
201 304
288 304
320 304
95 305
156 305
172 305
258 305
347 305
420 306
461 306
107 307
110 307
123 307
155 307
170 307
229 307
334 307
368 307
388 307
171 308
320 308
405 308
171 309
226 309
335 309
374 309
375 309
391 309
117 310
185 310
149 311
151 311
215 311
255 311
297 311
355 311
392 311
91 312
149 312
211 312
226 312
444 312
93 313
116 313
131 313
226 313
282 313
310 313
322 313
325 313
359 313
378 313
152 314
212 314
309 314
464 314
127 315
131 315
165 315
181 315
195 315
239 315
296 315
321 315
339 315
392 315
394 315
426 315
237 316
379 316
74 317
271 317
359 317
410 317
58 318
130 318
164 318
211 318
222 318
322 318
382 318
394 318
145 319
298 319
141 320
145 320
105 321
295 321
358 321
383 321
398 321
425 321
427 321
430 321
87 322
415 322
177 323
297 323
346 323
467 323
108 324
125 324
207 324
258 324
296 324
361 324
104 325
248 325
329 325
365 325
426 325
99 326
140 326
192 326
222 326
363 326
428 326
101 327
104 327
310 327
312 327
348 327
119 328
448 328
64 329
283 329
404 329
97 330
232 330
268 330
428 330
80 331
100 331
244 331
268 331
280 331
367 331
402 331
471 331
81 332
157 332
301 332
311 332
384 332
406 332
44 333
205 333
365 334
118 335
218 335
257 335
268 335
388 335
406 335
96 336
297 336
312 336
404 336
429 336
94 337
188 337
266 337
373 337
408 337
75 338
98 338
116 338
267 338
297 338
408 338
431 338
113 339
270 339
353 339
374 339
433 339
474 339
58 340
167 340
335 340
202 341
315 341
452 341
129 342
439 342
298 343
431 343
149 344
216 344
244 344
267 344
395 344
416 344
419 344
91 345
109 345
270 345
319 346
438 346
68 347
182 347
357 347
163 348
433 348
456 348
90 349
254 349
284 349
420 349
242 350
244 350
254 350
268 350
318 350
414 350
420 350
437 350
106 351
228 351
287 351
374 351
305 352
362 352
381 352
106 353
177 353
266 353
359 353
404 353
435 353
438 353
42 354
63 354
211 354
287 354
338 354
399 354
85 355
125 355
379 355
419 355
100 356
241 356
305 356
361 356
97 357
103 357
194 357
284 357
376 357
397 357
140 358
321 358
361 358
400 358
462 358
253 359
266 359
382 359
100 360
305 360
366 360
398 360
157 361
225 361
382 361
423 361
79 362
176 362
321 362
344 362
406 362
341 363
447 363
208 364
239 364
291 364
404 364
172 365
362 365
114 366
237 366
252 366
286 366
343 366
51 367
192 367
194 367
324 367
406 367
154 368
205 368
224 368
426 368
174 369
224 369
237 369
289 369
346 369
170 370
268 370
292 370
221 371
309 371
387 371
69 372
93 372
130 372
288 372
405 372
365 373
431 373
287 374
190 375
219 375
237 375
329 375
344 375
346 375
472 375
327 376
427 376
345 377
170 378
233 378
287 378
290 378
312 378
221 379
237 379
438 379
452 379
149 380
164 380
165 380
188 380
327 380
60 381
236 381
349 381
163 382
220 382
413 382
122 383
183 383
348 383
433 383
100 384
162 384
291 384
350 384
371 384
330 385
355 385
144 386
334 386
195 387
290 387
316 387
414 387
163 388
184 388
221 388
311 388
395 388
196 389
243 389
314 389
419 389
181 390
220 390
231 390
257 390
78 391
230 391
376 391
220 392
280 392
334 392
349 392
435 392
206 393
208 393
354 393
461 393
422 394
298 395
115 396
138 396
205 396
232 396
422 396
441 396
155 397
300 397
403 397
172 398
207 398
318 398
337 398
420 398
89 399
320 399
379 399
402 399
258 400
281 400
151 401
271 401
273 401
150 403
190 403
304 403
326 403
106 404
133 404
170 404
229 404
274 404
361 404
148 405
204 405
407 405
202 406
284 406
309 406
336 406
386 406
413 406
128 407
286 407
311 407
429 407
409 408
124 409
274 409
404 409
411 409
188 410
228 410
290 410
306 410
184 411
244 411
287 411
288 411
364 411
408 411
451 411
231 412
242 412
272 412
312 412
342 412
391 412
435 412
58 413
147 413
167 413
433 413
79 414
161 414
160 415
179 415
273 415
141 416
419 416
184 417
185 417
212 417
214 417
95 418
197 418
227 418
276 418
296 418
141 419
242 419
259 419
297 419
371 419
437 419
110 420
135 420
213 420
291 420
313 420
417 420
319 421
175 422
300 422
461 422
150 423
152 423
227 423
319 423
423 423
136 424
296 424
397 424
132 425
262 425
279 425
379 425
106 426
134 426
177 426
276 426
438 426
440 426
70 427
125 427
149 427
214 427
306 427
320 427
404 427
123 428
171 428
245 428
302 428
212 429
225 429
279 429
425 429
171 430
355 430
125 431
186 431
330 431
406 431
144 432
151 432
172 432
264 432
305 432
407 432
121 433
117 434
124 434
184 434
187 434
299 434
307 434
229 435
283 435
162 436
265 436
285 436
414 436
213 437
305 437
138 438
181 438
184 438
302 438
136 439
161 439
270 439
306 439
450 439
86 440
110 440
183 440
198 440
287 440
336 440
417 440
161 441
252 441
308 441
390 441
182 442
248 442
268 442
360 442
179 443
213 443
233 443
234 443
286 443
340 443
366 443
415 443
457 443
156 444
180 444
273 444
289 444
178 445
196 445
224 445
250 445
319 445
128 446
207 446
70 448
175 448
272 448
313 448
317 448
191 449
275 449
276 449
323 449
344 449
425 449
147 450
222 450
343 450
394 450
237 451
277 451
436 451
94 452
118 452
206 452
324 452
342 452
209 453
167 454
240 454
244 454
260 454
276 454
279 454
224 455
296 455
316 455
357 455
165 456
204 456
259 456
282 456
163 457
184 457
297 458
354 458
201 459
223 459
297 459
359 459
110 460
304 460
325 460
411 460
83 461
202 461
266 461
330 461
136 462
244 462
286 462
381 462
354 463
360 463
180 464
226 464
325 464
360 464
103 465
154 465
182 465
451 465
247 466
250 466
307 466
326 466
334 466
339 466
356 466
358 466
177 467
228 467
270 467
123 468
177 468
210 468
214 468
276 468
336 468
338 468
68 469
98 469
195 469
247 469
421 469
196 470
369 470
235 471
273 471
275 471
317 471
233 472
250 472
314 472
429 472
88 473
213 473
253 473
282 473
315 473
138 474
277 474
314 474
206 475
288 475
398 475
215 476
289 477
188 478
259 478
263 478
265 478
345 478
440 478
159 479
207 479
213 479
259 479
315 479
200 480
264 480
377 480
108 481
241 481
245 481
182 482
293 483
354 483
246 484
267 484
272 484
296 484
319 484
248 485
300 485
324 485
224 487
305 487
390 487
418 487
120 489
253 489
278 489
281 489
140 490
167 490
234 490
329 490
247 491
93 492
254 492
304 492
306 492
337 492
365 492
156 493
308 493
310 493
193 495
210 495
250 495
258 495
399 495
291 496
376 497
221 498
126 499
143 499
264 499
179 500
289 501
318 501
275 502
408 502
239 503
299 503
319 503
350 503
387 503
295 504
301 504
317 504
110 505
423 505
166 507
296 507
278 508
251 509
361 509
253 510
254 510
303 510
329 510
404 511
153 512
216 513
143 514
193 514
268 514
182 515
306 515
309 515
338 515
245 517
281 517
282 517
286 517
311 517
170 518
132 519
242 519
345 519
376 519
291 520
321 521
150 522
354 522
118 523
259 523
364 527
181 529
212 529
271 530
171 531
195 531
219 531
311 532
377 532
283 533
156 534
244 536
262 537
275 540
388 540
333 541
294 542
302 543
193 544
216 546
221 546
155 547
168 547
178 547
239 548
313 550
260 552
326 556
336 556
352 556
297 557
216 561
170 562
159 564
183 564
192 564
271 570
290 572
320 573
299 574
234 577
193 578
212 578
261 582
