413 2
184 3
377 5
256 9
217 10
275 10
238 11
245 11
285 11
295 11
321 11
391 11
202 12
435 12
335 13
347 14
177 17
403 17
359 18
445 18
161 19
153 21
260 22
234 23
243 23
251 23
416 23
141 24
217 24
281 24
377 24
292 25
306 25
458 25
201 26
322 27
191 28
177 31
338 31
392 31
166 32
436 32
351 33
156 35
260 35
272 36
402 36
293 37
358 37
141 38
212 38
227 38
245 38
206 40
308 40
372 40
131 41
309 41
195 42
323 42
379 43
455 43
121 44
185 44
321 44
424 44
332 45
418 45
170 46
261 46
340 46
250 47
420 47
158 48
343 48
151 49
277 49
287 49
341 49
437 49
471 49
219 50
276 50
287 50
430 50
396 51
107 52
142 52
230 52
349 52
435 52
224 53
226 53
297 53
352 53
237 54
241 54
300 54
308 54
211 55
358 55
364 55
402 55
131 56
412 56
199 57
257 57
313 57
184 58
244 58
268 58
271 59
318 59
376 59
175 60
275 60
257 61
264 61
279 61
167 62
326 62
330 62
334 62
153 64
337 64
435 64
109 65
345 65
390 65
440 65
449 66
299 67
304 67
434 67
475 67
220 68
226 68
142 69
214 69
234 69
309 69
349 69
400 69
203 70
302 70
304 70
353 70
412 70
130 71
215 71
236 71
308 71
187 72
199 72
217 72
249 72
401 72
407 72
94 73
201 73
241 73
263 73
362 73
261 74
316 74
174 75
257 75
266 75
255 76
275 76
279 76
419 77
116 78
277 78
326 78
378 78
423 78
427 78
160 79
299 79
340 79
293 80
338 83
392 83
436 83
103 84
146 84
215 84
468 84
231 85
235 85
348 85
392 85
393 85
135 86
197 86
221 86
239 86
196 87
230 87
412 87
204 88
226 88
267 88
275 88
445 88
88 89
202 89
228 89
255 89
256 89
130 90
185 90
189 90
244 90
279 90
409 90
479 90
187 91
268 91
412 91
162 92
290 92
365 92
115 93
183 93
291 93
371 93
170 94
453 94
311 95
321 96
382 96
161 97
217 97
377 97
385 98
433 98
148 99
332 99
378 99
382 99
388 99
385 100
391 100
99 101
224 101
233 101
202 102
204 102
212 102
435 102
467 102
196 103
199 103
259 103
261 103
268 103
270 103
282 103
343 103
435 103
136 104
193 104
239 104
256 104
267 104
437 104
250 105
260 105
291 105
299 105
306 105
399 105
182 106
299 106
303 106
125 107
293 107
435 107
171 108
174 108
359 108
85 109
257 109
401 109
314 110
367 110
370 110
375 110
409 110
413 110
117 111
159 111
171 111
362 111
411 111
371 112
326 113
376 113
273 114
368 114
376 114
420 114
453 114
147 115
227 115
238 115
332 115
208 116
220 116
231 116
277 116
288 116
383 116
201 117
240 117
284 117
70 118
102 118
138 118
182 118
190 118
204 118
238 118
248 118
286 118
385 118
251 119
295 119
247 120
295 120
349 120
425 120
429 120
130 121
237 121
135 122
169 122
259 122
304 122
394 122
402 122
435 122
127 123
353 123
360 124
468 124
357 125
403 125
406 125
432 125
435 125
441 125
87 126
156 126
157 126
269 126
317 126
321 127
120 128
147 128
153 128
216 128
219 128
326 128
328 128
367 129
413 129
144 130
207 130
279 130
323 130
191 131
198 131
418 132
143 133
229 133
381 133
74 134
176 134
337 134
346 134
418 134
425 134
452 134
102 135
242 135
294 135
253 136
128 137
162 137
347 137
391 137
357 138
126 139
305 139
425 139
221 140
428 140
467 140
61 141
267 141
316 141
358 141
425 141
90 142
118 142
205 142
429 142
437 142
439 142
144 143
151 143
209 143
140 144
430 144
183 145
326 145
405 145
334 146
371 146
108 147
223 147
287 147
408 147
411 147
444 147
133 148
139 148
233 148
327 148
333 148
226 149
237 149
337 149
407 149
79 150
168 150
157 151
211 151
212 151
245 151
384 151
253 152
303 152
152 153
156 153
416 153
348 154
354 154
94 155
264 155
316 155
344 155
421 155
145 156
154 156
187 156
465 156
65 157
116 157
174 158
181 158
275 158
327 158
351 158
142 159
395 159
363 160
471 160
211 161
329 161
404 161
434 161
81 162
160 162
222 162
365 162
230 163
368 163
436 163
194 164
214 164
217 164
235 164
372 164
445 164
107 165
153 165
247 165
306 165
374 165
435 165
76 166
192 166
302 166
340 166
374 166
407 166
122 167
250 167
336 167
372 167
406 167
433 167
97 168
124 168
126 168
152 168
376 168
404 168
150 169
176 169
182 169
349 169
372 169
378 169
417 169
99 170
144 170
175 170
273 170
119 171
146 171
268 171
314 171
352 171
415 171
439 171
280 172
381 172
389 172
414 172
419 172
459 172
117 173
145 173
167 173
173 173
216 173
319 173
354 173
110 174
203 174
205 174
285 174
323 174
108 175
165 175
235 175
383 175
133 176
205 176
244 176
319 176
357 176
469 176
114 177
185 177
330 177
155 178
242 178
391 178
424 178
251 179
426 179
447 179
249 180
255 180
330 180
103 181
300 181
365 181
77 182
338 182
367 182
391 182
124 183
147 183
334 183
336 183
339 183
398 183
120 184
122 184
266 184
346 184
402 184
433 184
51 185
206 185
311 185
347 185
434 185
137 186
201 186
432 186
170 187
179 187
180 187
188 187
217 187
341 187
350 187
370 187
373 187
376 187
112 188
164 188
231 188
236 188
411 188
432 188
162 189
178 189
238 189
278 189
412 189
66 190
89 190
226 190
315 190
317 190
356 190
405 190
440 190
465 190
131 191
160 191
90 192
144 192
245 192
358 192
157 193
248 193
319 193
382 193
438 193
106 194
155 194
160 194
288 194
322 194
386 194
420 194
106 195
125 195
255 195
328 195
353 195
59 196
252 196
300 196
325 196
360 196
364 196
446 196
123 197
152 197
418 197
470 197
135 198
185 198
186 198
191 198
192 198
209 198
302 198
360 198
422 198
178 199
198 199
258 199
262 199
266 199
307 199
337 199
215 200
265 200
339 200
360 200
167 201
221 201
227 201
308 201
92 202
116 202
130 202
363 202
397 202
422 202
426 202
454 202
400 203
238 204
269 204
313 204
345 204
281 205
429 205
160 207
246 207
402 207
433 207
375 208
132 209
154 209
249 209
154 210
192 210
207 210
257 210
287 210
409 210
82 211
110 211
185 211
210 211
291 211
324 211
41 212
203 212
255 212
94 213
106 213
125 213
148 213
200 213
212 213
220 213
355 213
381 213
59 214
93 214
108 214
175 214
196 214
409 214
468 214
219 215
231 215
264 215
297 215
329 215
385 215
387 215
441 215
164 216
107 217
121 217
125 217
265 217
416 217
420 217
235 218
72 219
122 219
140 219
300 219
32 220
290 220
392 220
87 221
247 221
276 221
369 221
279 222
368 222
395 222
423 222
424 222
86 223
113 223
184 223
309 223
452 223
155 224
185 224
193 224
202 224
344 224
374 224
400 224
100 225
161 225
170 225
178 225
182 225
219 225
252 225
94 226
131 226
177 226
180 226
196 226
211 226
426 226
432 226
45 227
64 227
153 227
192 227
206 227
258 227
374 227
429 227
96 228
98 228
195 228
201 228
222 228
225 228
253 228
280 228
285 228
314 228
316 228
377 228
225 229
349 229
402 229
460 229
76 231
232 231
290 231
124 232
298 232
302 232
319 232
435 232
138 233
143 233
240 233
268 233
324 233
407 233
108 234
123 234
140 234
295 234
298 234
355 234
377 234
104 235
118 235
383 235
102 236
122 236
176 236
178 236
205 236
214 236
243 236
84 237
163 237
213 237
240 237
273 237
468 237
86 238
116 238
162 238
169 238
195 238
216 238
244 238
413 238
180 239
188 239
296 239
302 239
391 239
429 239
221 240
278 240
389 240
393 240
410 240
115 241
117 241
342 241
113 242
154 242
474 242
129 243
203 243
252 243
345 243
368 243
330 244
449 244
77 245
235 245
329 245
65 246
112 246
208 246
232 246
286 246
94 247
258 247
334 247
395 247
310 248
350 248
124 250
349 250
375 250
107 251
120 251
140 251
161 251
174 251
184 251
212 251
241 251
144 252
217 252
240 252
356 252
220 253
274 253
353 253
422 253
276 254
91 255
197 255
241 255
245 255
260 255
280 255
338 255
461 255
116 256
320 256
321 256
39 257
54 257
67 257
89 257
133 257
227 257
279 257
300 257
343 257
101 258
246 258
382 258
402 258
438 258
104 259
132 259
21 260
136 260
322 260
207 261
248 261
268 261
87 262
99 262
164 262
234 262
146 263
156 263
188 263
211 263
247 263
345 263
446 263
74 264
100 264
129 264
148 264
209 264
266 264
351 264
428 264
33 265
146 265
155 265
237 265
326 265
16 266
109 266
112 266
194 266
214 266
236 266
373 266
124 267
141 267
274 267
257 268
287 268
334 268
473 268
47 269
124 269
220 269
358 269
83 270
258 270
311 270
331 270
139 271
200 271
335 271
142 272
169 272
220 272
224 272
390 272
94 273
123 273
176 273
356 273
57 274
119 274
412 274
104 275
108 275
158 275
203 275
207 276
342 276
183 277
228 277
229 277
260 277
316 277
367 277
92 278
103 278
455 278
31 279
42 279
245 279
263 279
300 279
158 280
211 280
342 280
66 281
314 281
321 281
104 282
210 282
337 282
343 282
373 282
441 282
77 283
112 284
148 284
192 284
322 284
349 284
416 284
165 285
227 285
285 285
400 285
15 286
87 286
286 286
63 287
98 287
249 287
326 287
349 287
48 288
101 288
197 288
215 288
230 288
232 288
87 289
175 289
217 289
289 289
303 289
345 289
349 289
469 289
37 290
268 290
352 290
286 291
288 291
305 291
407 291
173 292
324 292
135 293
220 293
405 293
426 293
310 294
368 294
424 294
109 295
201 295
219 295
221 295
255 295
403 295
451 295
9 296
22 296
292 296
72 297
201 297
237 297
388 297
475 297
82 298
106 298
185 298
293 298
31 299
44 299
131 299
156 299
336 299
357 299
97 300
186 301
315 301
433 301
119 302
149 302
163 302
218 302
277 302
205 303
260 303
317 303
338 303
57 304
83 304
124 304
165 304
204 304
225 304
319 304
432 304
437 304
69 305
118 306
359 306
81 307
92 307
238 307
410 307
209 308
344 308
193 309
206 309
242 309
298 309
323 309
415 309
461 309
178 310
281 310
394 310
16 311
116 311
118 311
141 311
26 312
40 312
78 312
168 312
379 312
416 312
439 312
104 313
226 313
423 313
183 314
267 314
64 315
284 315
194 316
219 316
256 316
299 316
469 316
196 317
209 317
420 317
402 318
119 319
104 320
135 320
182 320
346 320
448 320
101 321
184 321
231 321
247 321
348 321
365 321
423 321
473 321
24 322
312 322
332 322
10 323
50 323
75 323
260 323
369 323
88 324
119 324
351 324
388 324
38 325
91 325
370 325
373 325
160 327
391 327
62 328
146 328
212 328
337 328
370 328
175 329
236 329
317 329
319 329
376 329
233 330
352 330
390 330
432 330
201 331
264 331
339 331
455 331
102 332
128 332
290 332
339 332
412 332
223 333
292 333
186 334
290 334
372 334
156 335
338 335
73 336
292 336
377 336
36 337
48 337
169 337
175 337
186 337
237 337
138 338
226 338
249 338
322 338
360 338
291 339
307 339
342 339
439 339
171 340
216 340
324 340
22 341
113 341
395 341
87 342
101 342
154 342
200 342
203 342
280 342
325 342
169 343
12 344
89 344
101 344
171 344
204 344
88 345
214 345
363 345
203 346
91 347
102 347
186 347
239 347
267 347
133 348
170 348
403 348
72 349
295 349
326 349
330 349
34 350
59 350
90 350
368 350
256 351
308 351
311 351
365 351
388 351
115 352
169 352
284 352
349 353
118 354
148 354
104 355
166 355
204 355
300 355
332 355
455 355
19 356
217 356
239 356
313 356
284 357
301 357
91 358
163 358
241 358
330 358
353 358
368 358
372 358
10 359
180 359
184 359
218 359
288 359
45 360
73 360
189 360
230 360
240 360
331 360
142 361
143 361
182 361
435 361
162 362
397 362
218 363
276 363
302 363
321 363
355 363
32 364
130 364
132 364
464 364
331 365
418 365
131 366
59 367
73 367
107 367
125 367
159 367
188 367
398 367
19 369
95 369
203 369
158 370
362 371
95 372
359 372
177 373
218 373
231 373
426 373
84 374
215 374
257 374
189 375
146 376
243 376
365 376
23 377
153 377
295 377
387 377
408 377
452 377
61 378
145 378
218 378
311 378
324 378
123 379
186 379
129 380
284 380
384 380
130 381
144 381
170 381
368 381
370 381
89 382
147 383
151 383
368 383
149 384
202 384
340 384
33 385
462 385
77 386
104 386
374 386
103 387
202 387
372 387
439 387
168 388
233 388
300 388
145 389
185 389
256 389
357 389
376 389
48 390
160 390
182 390
183 390
201 390
232 390
135 391
139 391
181 391
62 392
220 392
395 392
124 393
166 393
181 393
290 393
328 393
377 393
84 394
217 394
113 395
218 395
279 395
399 395
422 395
454 395
476 395
38 396
160 396
196 396
200 396
233 396
317 396
362 396
120 397
124 397
345 397
362 397
377 397
195 398
232 398
366 398
49 399
198 399
219 399
244 399
268 399
362 399
63 400
162 400
174 400
257 400
152 402
177 402
76 403
94 403
405 403
214 404
431 404
307 405
146 406
153 406
98 407
134 408
353 408
231 409
284 409
388 409
38 410
123 410
297 410
323 410
351 410
470 410
125 411
128 411
142 411
194 411
452 411
113 412
374 412
111 413
115 413
339 413
257 414
337 414
69 415
165 415
212 415
360 415
118 417
243 417
339 417
359 417
58 419
92 419
271 419
284 419
30 421
314 421
341 421
148 422
185 422
298 422
46 424
227 424
346 424
75 425
140 425
130 426
346 426
114 427
126 427
139 427
176 427
209 427
255 428
329 428
399 428
106 429
111 429
121 429
444 429
203 430
372 430
422 430
352 431
84 433
170 433
334 433
164 434
302 434
349 434
66 435
111 435
200 436
239 436
333 436
477 436
52 437
319 437
269 438
145 439
90 440
356 440
94 441
174 441
322 441
436 441
456 441
72 442
133 442
250 442
335 442
411 442
36 443
133 443
141 443
150 443
152 443
217 443
222 443
385 443
414 443
191 444
194 444
196 444
439 444
363 445
389 445
435 445
109 446
192 446
285 446
172 447
212 447
441 447
463 447
186 448
191 448
232 448
266 448
340 448
376 448
220 449
232 450
297 450
377 450
353 451
62 452
120 452
186 452
208 452
124 453
128 453
325 453
355 453
46 454
151 454
204 454
419 454
90 455
132 455
145 455
367 455
379 455
136 456
385 456
400 456
144 457
132 458
242 459
402 459
175 460
215 460
349 460
400 460
407 460
199 461
327 461
103 462
215 462
218 462
80 463
173 463
308 463
254 464
274 464
323 464
411 464
436 464
462 464
110 465
193 465
378 465
162 467
167 467
375 467
290 468
226 469
381 469
417 469
153 470
158 470
211 470
325 470
384 470
133 471
227 471
327 471
339 471
381 471
417 471
90 472
183 473
204 473
419 473
420 473
207 474
266 474
344 474
361 474
363 474
393 474
449 474
207 475
223 475
326 475
100 476
201 476
107 477
81 478
179 478
397 478
197 479
286 479
370 479
404 479
432 479
219 480
238 480
240 480
325 480
171 481
302 481
399 481
154 482
159 482
161 482
219 482
238 482
243 482
372 482
381 482
121 483
196 483
215 483
321 483
352 483
241 484
261 484
279 484
350 484
413 484
441 484
89 485
123 485
130 485
151 485
199 485
465 485
280 486
352 486
382 486
217 487
357 487
67 488
188 488
357 488
103 489
334 489
335 489
421 489
214 490
251 490
253 490
356 490
386 490
235 491
254 491
315 491
391 491
189 492
238 492
334 492
366 492
209 493
256 493
276 493
477 493
119 494
296 494
79 495
121 495
436 495
126 496
208 496
278 496
324 496
172 497
231 497
135 498
137 498
146 498
149 498
153 498
208 498
252 498
379 498
407 498
89 499
126 499
164 499
195 501
246 501
386 501
225 502
269 502
310 502
195 503
221 503
223 503
353 503
359 503
422 503
246 504
389 504
183 505
219 505
342 505
198 506
341 506
393 506
396 506
262 507
264 507
109 508
131 508
347 508
363 508
397 508
472 508
178 509
203 509
242 509
344 509
373 509
133 510
171 510
203 510
280 510
356 510
147 511
171 511
237 511
257 511
338 511
159 512
327 512
331 512
410 512
260 513
228 514
253 514
300 514
330 514
455 514
92 515
194 515
230 515
253 515
275 515
188 517
248 517
319 517
426 517
113 520
292 520
243 521
362 521
393 521
435 521
126 522
210 522
140 523
179 523
212 523
344 523
243 524
264 524
410 524
165 525
203 525
444 525
153 526
234 527
263 527
292 528
330 528
194 529
257 529
282 530
323 530
278 531
432 532
307 533
454 534
119 535
360 535
383 535
370 536
218 537
220 537
307 537
194 538
394 538
202 539
208 539
212 539
295 539
140 540
155 540
231 540
185 541
287 542
410 542
170 543
267 545
282 545
338 545
348 546
436 546
263 547
321 547
363 547
250 548
280 549
310 549
208 550
217 550
298 550
307 550
316 550
203 551
223 551
224 551
226 551
280 551
219 552
290 553
136 554
229 554
300 554
150 555
394 556
410 556
178 558
165 559
187 559
266 559
362 561
219 562
334 563
229 564
316 564
283 565
301 566
291 568
252 569
153 570
178 571
358 576
240 582
