283 1
326 1
174 2
225 2
299 2
423 2
89 3
145 3
446 4
58 5
262 5
346 5
209 6
366 6
158 10
243 10
390 10
106 11
468 11
183 12
408 12
327 13
75 14
219 14
279 15
444 15
124 16
312 16
94 17
300 17
350 17
137 18
265 18
163 19
199 19
245 19
381 19
61 22
228 23
341 23
400 23
149 25
184 25
285 25
419 25
82 26
306 26
327 26
108 28
437 28
463 28
171 29
206 30
244 30
264 30
361 31
287 32
122 33
391 33
157 34
332 34
348 35
408 35
224 36
63 37
269 37
319 37
89 38
421 38
253 39
457 39
183 40
350 40
431 40
301 41
473 41
104 42
133 42
205 42
234 44
341 44
373 44
234 45
320 45
332 45
385 45
230 46
409 46
75 47
151 47
168 47
446 47
47 48
104 48
276 48
301 48
457 48
219 49
255 49
123 50
89 53
362 53
470 53
90 54
341 54
403 55
109 56
136 56
158 56
183 56
232 56
321 56
384 56
429 56
85 57
112 57
59 58
132 58
308 58
153 59
264 59
102 60
153 60
169 60
226 60
296 60
444 60
50 61
214 61
251 62
213 63
147 64
351 64
458 64
118 65
342 65
372 65
94 66
382 66
236 67
280 67
403 67
419 67
431 67
474 67
119 68
239 68
68 69
140 69
188 69
222 69
156 70
226 70
87 71
90 71
137 71
157 71
262 71
319 71
440 71
82 72
206 72
308 72
110 73
295 73
38 74
127 74
333 74
347 74
358 74
450 74
81 75
249 75
368 75
104 76
170 76
202 76
387 76
398 76
461 76
122 77
206 77
284 77
103 78
189 79
237 79
232 80
414 80
473 80
50 81
75 81
224 81
264 82
96 83
115 83
274 83
428 83
327 84
210 85
313 85
334 85
444 85
92 86
124 86
154 86
268 86
283 86
344 86
149 87
296 87
344 87
359 87
365 87
367 87
374 87
94 88
148 88
179 88
250 88
262 88
378 88
122 89
395 89
405 89
417 89
172 90
241 90
388 90
459 90
89 91
60 92
92 92
164 92
235 92
239 92
248 92
414 92
35 93
82 93
140 93
194 93
85 94
187 94
433 94
108 95
244 95
475 95
158 96
314 96
318 96
329 96
181 97
224 97
292 97
295 97
327 97
358 97
27 98
311 98
375 98
284 99
298 99
313 99
365 99
378 99
123 100
265 100
269 100
346 100
101 101
211 101
378 101
412 101
413 101
415 101
452 101
200 102
49 103
253 103
391 103
142 104
145 104
168 104
213 104
253 104
100 105
168 105
392 105
424 105
68 106
197 106
327 106
362 106
402 106
472 106
237 107
319 107
435 107
111 108
112 108
315 108
132 109
137 109
155 109
189 109
244 109
283 109
312 109
347 109
402 109
447 109
89 110
368 110
381 110
220 111
273 111
319 111
345 111
350 111
352 111
127 112
231 112
217 113
221 113
263 113
266 113
104 114
213 114
272 114
148 115
179 115
365 115
374 115
462 115
253 116
430 116
31 117
100 117
176 117
253 117
386 117
430 117
173 118
96 119
115 119
204 119
317 119
318 119
328 119
331 119
383 119
388 119
473 119
202 120
238 120
326 120
95 121
302 121
450 121
53 122
93 122
153 123
232 123
365 123
400 123
413 123
113 124
267 124
71 126
89 126
113 127
188 127
426 127
31 128
190 128
321 129
347 129
123 130
161 130
300 130
345 130
11 131
207 131
253 131
161 132
280 132
289 132
399 132
139 133
259 133
366 133
441 133
82 134
178 134
274 134
254 135
457 135
62 136
196 136
241 136
250 136
43 138
321 138
225 139
321 139
325 139
331 139
425 139
98 140
307 140
327 140
342 140
164 141
111 142
343 142
355 142
357 142
398 142
265 144
358 144
18 145
123 145
213 145
273 145
290 145
375 145
440 145
469 145
97 146
95 147
256 147
410 147
74 148
201 148
255 148
50 149
119 149
311 149
450 149
101 150
174 150
246 150
115 151
330 151
341 152
395 152
427 152
27 153
342 153
460 153
94 154
195 154
232 154
353 154
355 154
95 155
145 155
301 155
89 156
288 157
162 158
191 158
276 158
163 159
258 159
275 159
318 159
442 159
473 159
41 160
280 160
65 161
105 161
389 161
181 162
211 162
212 162
331 162
413 162
205 163
241 163
453 163
177 164
247 164
103 165
234 165
105 166
425 166
16 167
84 167
86 167
151 167
236 167
377 167
401 167
460 167
197 168
228 168
283 168
319 168
120 169
173 169
227 169
351 169
402 169
292 170
34 171
100 171
124 171
175 171
266 171
273 171
296 171
331 171
434 171
191 172
260 172
282 172
297 172
218 173
288 173
393 173
442 173
268 174
74 175
254 175
301 175
339 175
163 176
169 176
245 176
250 176
254 176
313 176
370 176
449 176
477 176
49 177
115 177
308 177
239 178
241 178
183 179
207 179
243 179
116 180
159 180
211 180
241 180
315 180
232 181
323 181
426 181
429 181
88 182
141 182
355 182
405 182
457 182
7 183
97 183
110 183
198 183
292 183
382 183
408 183
89 184
90 184
274 184
65 185
181 185
191 185
203 185
233 185
267 185
406 185
262 186
23 187
87 187
176 187
305 187
441 187
117 188
178 188
311 188
339 188
468 188
257 189
43 190
151 190
261 190
319 190
367 190
107 191
109 191
168 191
218 191
314 191
417 191
170 192
274 192
318 192
261 193
286 193
289 194
353 194
101 195
167 195
249 195
303 195
454 195
476 195
112 196
193 196
58 197
251 197
383 197
408 197
429 197
82 198
112 198
128 198
206 198
242 198
329 198
104 199
188 199
413 199
432 199
209 200
412 200
111 201
130 201
146 201
315 201
364 201
439 201
15 203
72 203
125 203
279 203
100 204
123 204
128 204
141 204
185 204
228 204
467 204
106 205
268 205
35 206
74 206
121 206
161 206
205 206
289 206
397 206
120 207
139 207
184 208
327 208
424 208
101 209
449 209
82 210
352 210
405 210
101 211
139 211
140 211
100 212
106 212
183 212
308 212
82 213
334 213
383 213
417 213
157 214
121 215
359 215
456 215
47 216
199 216
254 216
66 217
102 217
221 217
279 217
5 218
24 218
46 218
82 218
292 218
440 218
136 219
157 219
178 219
193 219
241 219
99 220
367 220
65 221
178 221
322 221
349 221
62 222
81 222
84 222
134 222
136 222
99 223
120 223
393 223
408 223
448 223
174 224
471 225
44 226
99 226
61 227
94 227
117 227
172 227
378 227
60 228
103 228
435 228
455 228
48 229
113 229
135 229
139 229
335 229
357 229
42 230
155 230
158 230
190 230
259 230
418 230
18 231
172 231
175 231
112 232
217 232
281 232
171 233
59 234
120 234
315 234
346 234
75 235
94 235
155 235
463 235
82 236
133 236
138 236
445 236
116 237
193 237
234 237
294 237
368 237
385 237
132 238
170 238
94 239
325 239
73 240
76 240
115 240
134 240
193 240
41 241
57 241
59 241
195 241
414 241
450 241
79 242
98 242
246 242
75 243
94 243
111 243
170 243
172 243
353 243
430 243
473 243
176 244
209 244
245 244
332 244
15 245
255 245
270 245
306 245
307 245
53 246
51 247
74 247
154 247
207 247
243 247
333 247
356 247
110 248
376 248
97 249
233 249
438 249
52 250
55 250
207 250
341 250
422 250
113 251
188 251
206 251
226 251
281 251
360 251
392 251
195 252
289 252
313 252
340 252
172 253
51 254
93 254
133 254
178 254
313 254
461 254
173 255
204 255
255 255
315 256
331 256
409 256
264 257
320 257
446 257
72 258
332 258
429 258
34 259
178 259
220 259
274 259
276 259
351 259
393 259
113 260
136 261
156 261
179 261
304 261
93 262
235 262
300 262
336 262
7 263
179 263
305 263
383 263
474 263
112 264
285 264
303 264
351 264
352 264
75 265
223 265
309 265
449 265
182 266
226 266
291 266
370 266
417 266
54 267
113 267
179 267
196 267
49 268
108 268
178 268
225 268
261 268
286 268
355 268
403 268
51 269
291 269
309 269
31 270
56 270
292 270
136 271
433 271
465 271
159 272
247 272
297 272
342 272
358 272
71 273
87 273
115 273
291 273
68 274
239 275
329 275
374 275
237 276
269 276
274 276
296 276
313 276
392 277
181 278
205 279
261 279
287 279
361 279
425 279
94 280
208 280
260 280
300 280
328 280
89 281
163 281
204 281
206 281
378 281
470 281
28 282
50 282
69 282
11 283
409 283
67 284
113 284
139 284
215 284
219 284
254 284
315 284
331 284
364 284
193 285
236 285
410 285
443 285
70 286
72 286
379 286
240 287
366 287
431 287
47 288
167 288
187 288
285 288
397 288
349 290
351 290
417 290
430 290
171 291
414 291
463 291
148 292
396 292
475 292
281 293
301 293
349 293
400 294
333 295
381 295
207 296
318 296
384 296
416 296
447 296
195 297
366 297
98 298
202 298
220 298
275 298
349 298
383 298
157 299
433 299
467 299
189 300
387 300
77 302
351 302
54 303
77 303
215 303
232 303
242 303
335 303
369 303
420 303
335 304
452 304
118 305
170 305
298 305
225 306
227 306
318 306
416 306
12 307
78 307
218 307
290 307
337 307
404 307
58 308
173 308
253 308
335 308
367 308
142 309
355 309
469 309
406 310
418 310
32 311
244 311
348 311
422 311
437 311
182 312
387 312
422 312
53 313
194 313
388 313
281 314
200 315
203 315
229 315
350 315
352 315
453 315
57 316
78 316
77 317
218 317
329 317
334 317
402 317
421 317
198 318
223 318
311 318
403 318
128 319
164 319
336 319
372 319
63 320
210 320
224 320
349 320
369 320
425 320
438 320
105 321
209 321
222 321
264 321
267 321
369 321
15 322
35 322
64 322
159 322
260 322
405 323
56 324
333 324
386 324
65 325
132 325
136 325
254 325
289 325
370 325
406 325
137 326
140 326
164 326
166 326
323 326
457 326
61 327
79 327
83 327
371 327
83 328
141 328
171 328
181 328
243 329
245 329
254 329
367 329
388 329
424 329
437 329
470 329
40 330
58 330
79 330
88 330
230 330
407 330
67 331
183 331
365 331
437 331
198 332
214 332
238 332
280 332
330 332
417 332
423 332
81 333
154 333
190 333
202 333
284 333
61 334
145 334
233 334
85 335
153 335
223 335
305 335
229 336
16 337
126 337
160 337
279 337
62 338
151 338
457 338
90 339
220 339
439 339
364 340
315 341
68 342
72 342
254 342
108 343
193 343
244 343
62 344
171 344
183 344
187 344
268 344
43 345
176 345
191 345
197 345
346 345
373 345
473 345
343 346
41 347
362 347
4 348
142 348
246 348
327 348
328 348
22 349
286 349
230 350
236 350
262 350
49 351
80 351
152 351
219 351
265 351
309 351
359 351
386 351
72 352
75 352
94 352
123 352
225 352
260 352
262 352
279 352
402 352
405 352
99 353
104 353
153 353
340 353
345 353
208 354
405 354
103 355
105 355
131 355
159 355
421 355
438 355
78 356
125 356
134 356
197 356
206 356
254 356
340 356
386 356
195 357
306 357
341 357
356 357
419 357
54 358
133 358
164 358
171 358
186 358
197 358
415 358
456 358
139 359
141 359
176 359
272 359
10 360
435 360
32 361
337 361
437 361
56 362
75 362
305 362
420 362
80 363
141 364
470 364
58 365
86 365
149 365
214 365
238 365
300 365
414 365
122 366
317 366
355 366
240 367
281 367
417 367
420 367
333 368
336 368
452 368
20 369
155 369
202 369
205 369
119 370
399 370
37 371
94 372
162 372
163 372
182 372
185 372
368 372
420 372
129 373
170 373
172 373
196 373
228 373
329 373
418 373
182 374
255 374
350 374
128 375
67 376
70 376
71 376
131 376
184 376
220 376
328 376
349 376
434 376
438 376
69 378
142 379
432 379
380 380
80 381
107 381
137 381
271 381
450 381
209 382
286 383
304 383
305 383
414 383
242 384
348 384
364 384
411 384
196 385
297 385
469 385
46 386
327 386
360 386
394 386
435 386
85 387
121 387
198 387
52 388
169 388
185 388
238 388
260 388
294 388
428 388
29 389
190 389
313 389
327 389
59 390
230 390
323 390
358 390
429 390
376 391
412 391
448 391
295 392
323 392
428 392
429 392
219 393
254 393
136 394
222 394
339 394
358 394
478 394
61 395
139 395
148 395
210 395
269 395
411 395
426 395
333 396
338 396
98 397
390 397
432 397
70 398
146 398
168 399
430 399
466 399
152 400
163 400
203 400
109 401
184 401
403 401
429 401
73 402
192 402
280 402
282 402
352 402
384 402
279 403
312 403
403 403
298 404
405 404
426 404
22 405
277 405
331 405
363 405
424 405
294 406
343 406
384 406
117 407
126 407
231 407
367 407
386 407
414 407
477 407
29 408
348 408
403 408
425 408
55 409
85 409
289 409
309 409
397 409
139 410
402 410
135 411
217 411
251 411
253 411
340 411
382 411
461 411
246 412
141 413
155 413
195 413
422 413
153 414
168 414
170 414
268 414
186 415
282 415
300 415
320 415
150 416
285 416
396 416
437 416
243 417
317 417
334 417
339 417
283 418
335 418
397 418
476 418
109 419
301 419
393 419
409 419
438 419
236 420
298 420
378 420
47 421
73 421
201 421
332 421
197 422
296 422
423 422
439 422
251 423
134 424
221 424
293 424
454 424
127 425
331 425
372 425
401 425
121 426
133 426
166 426
179 426
268 426
292 426
310 426
353 426
471 426
87 427
154 427
328 427
387 427
404 427
33 428
182 428
353 428
385 428
420 428
40 429
138 429
150 430
153 430
243 430
305 430
327 430
348 430
63 431
417 431
203 432
327 432
431 432
257 433
302 433
303 433
306 433
401 433
258 434
261 434
278 434
321 434
365 434
383 434
464 434
106 437
115 437
187 437
278 437
395 437
445 437
221 438
251 438
322 438
414 438
123 439
361 439
379 439
125 440
133 440
150 440
153 440
166 440
339 440
392 440
427 440
246 441
411 441
461 441
265 442
410 442
125 443
143 443
289 443
331 443
82 444
157 444
313 444
230 446
441 446
199 448
281 448
439 448
97 449
371 449
423 449
253 450
386 450
405 450
457 450
473 450
59 451
173 451
303 451
422 451
176 452
403 452
163 453
169 453
179 453
109 454
70 455
130 455
173 455
325 455
122 456
136 456
162 456
209 456
153 457
243 457
339 457
265 458
322 458
365 458
124 459
148 459
291 459
82 460
379 460
193 461
194 461
339 461
450 461
463 461
226 462
431 462
412 463
431 463
90 464
177 465
180 465
171 466
174 466
253 466
283 466
355 466
358 466
391 466
47 467
102 467
409 467
330 468
373 468
427 468
209 469
59 470
115 470
121 470
332 470
166 471
349 471
407 471
457 471
164 472
327 472
155 473
162 473
349 473
69 474
132 474
190 474
238 474
295 474
403 474
139 475
156 475
194 475
268 475
418 475
421 475
437 476
440 476
323 477
440 477
471 477
179 478
225 478
365 478
83 479
258 480
285 480
380 480
291 481
316 481
411 481
91 482
213 482
257 482
251 483
361 483
392 483
435 483
100 484
133 484
205 484
206 484
334 484
358 484
379 484
410 484
52 485
108 485
451 485
147 486
197 486
280 486
310 486
117 487
151 487
164 487
173 487
190 487
192 487
245 487
276 487
133 488
180 488
200 488
428 488
189 489
299 489
189 490
236 490
268 490
301 490
382 490
323 491
462 491
348 492
444 492
72 493
230 493
293 494
294 494
368 494
425 494
439 494
402 495
475 495
259 496
395 496
265 497
312 497
291 498
366 498
95 499
142 499
202 499
214 499
200 500
211 500
258 500
413 500
417 500
143 501
149 501
198 501
214 501
336 501
390 501
391 501
416 501
182 502
200 502
282 502
304 502
435 502
119 503
189 503
357 503
242 504
249 504
169 505
276 506
280 506
300 506
449 506
228 507
238 507
269 507
264 509
272 509
321 509
431 509
371 510
372 510
409 510
467 510
90 511
227 511
230 511
293 511
217 512
265 512
318 512
347 512
199 513
204 513
287 513
395 513
138 514
205 514
429 514
129 515
160 515
200 515
259 515
119 516
193 516
122 517
170 517
252 517
279 517
286 517
303 517
336 517
361 517
405 517
160 518
284 518
408 518
453 518
243 519
246 519
423 519
361 520
477 520
273 521
298 521
352 521
320 523
225 524
323 524
351 524
377 524
204 526
372 526
439 526
99 527
351 527
397 527
109 528
415 528
174 529
189 529
261 529
312 529
373 529
162 530
339 530
342 530
461 530
150 531
134 532
334 532
390 532
361 534
363 535
275 536
388 536
474 536
246 537
405 537
423 537
295 538
325 538
447 539
350 540
227 542
312 542
106 544
211 544
367 545
398 545
177 546
194 546
274 546
337 546
369 546
398 546
432 546
337 547
400 547
127 548
145 548
159 549
459 549
323 550
423 550
326 551
350 553
356 553
245 554
312 554
348 554
378 555
381 555
286 556
399 558
166 563
121 567
142 567
191 568
421 568
175 571
281 575
441 576
234 577
262 577
318 577
366 578
358 581
426 581
348 582
409 586
399 589
249 592
369 593
381 593
