417 1
205 2
260 2
246 4
122 5
157 5
436 5
368 8
232 9
322 9
352 9
453 9
185 10
311 10
385 10
286 11
301 11
338 11
141 12
362 12
402 12
470 13
418 14
214 15
173 16
268 16
100 17
431 18
125 20
200 21
244 21
380 21
158 22
370 22
446 22
86 23
308 24
232 25
316 25
333 25
345 26
361 26
398 26
465 26
146 27
185 27
292 27
414 27
214 29
275 29
106 30
478 31
260 32
375 35
238 37
380 37
434 37
84 38
157 38
299 38
316 38
456 38
189 39
334 39
119 40
307 40
348 40
393 40
217 42
220 42
268 42
280 42
342 42
414 42
146 43
182 43
209 43
359 43
214 44
272 44
474 44
109 45
136 45
256 45
258 45
269 45
76 46
205 46
430 46
133 47
168 47
166 48
169 48
371 48
96 49
240 50
390 50
156 51
189 51
193 51
442 51
297 52
314 52
333 52
451 52
183 53
218 53
227 53
283 53
332 53
121 54
149 54
228 54
402 54
182 55
211 55
347 55
83 56
151 56
213 56
360 56
462 56
262 57
345 57
359 57
199 58
252 58
270 58
476 58
143 59
168 59
134 60
139 60
195 60
244 60
246 60
360 60
141 61
199 61
240 61
253 61
424 61
297 62
373 62
103 63
234 63
235 63
125 64
160 64
386 64
445 64
97 65
163 65
186 65
228 65
322 65
125 66
154 66
158 66
188 66
315 66
331 66
209 67
286 67
329 67
400 67
207 68
265 68
274 68
278 68
342 68
345 68
87 69
176 69
461 69
113 70
200 70
209 70
257 70
339 70
355 70
145 71
147 71
198 71
247 71
263 71
409 71
248 72
141 73
239 73
254 73
360 73
469 73
475 73
168 74
371 74
420 74
168 75
134 76
142 76
164 76
186 76
226 76
228 76
433 76
135 77
158 77
187 77
190 77
384 77
67 78
102 79
214 79
302 79
316 79
324 79
445 79
151 81
254 81
283 81
327 81
392 81
404 81
97 82
269 82
88 83
342 83
168 84
117 85
197 85
366 85
462 85
91 86
116 86
231 86
359 86
419 86
111 87
379 87
383 88
473 88
111 89
117 89
371 89
376 89
385 89
70 90
142 90
180 90
286 90
220 91
295 91
433 91
449 91
105 92
301 92
302 92
304 92
307 92
396 92
209 93
286 93
310 93
319 93
387 93
98 94
106 94
135 94
172 94
270 94
294 94
320 94
398 94
250 95
328 95
338 95
127 96
191 96
355 96
413 96
461 96
91 98
163 98
237 98
88 99
99 99
57 100
87 100
373 100
429 100
221 102
82 103
299 103
394 103
446 103
460 103
209 104
285 104
395 104
286 105
315 105
145 106
179 106
270 106
319 106
340 106
352 106
397 106
477 106
111 107
251 107
399 107
366 108
42 109
365 109
69 110
103 110
238 110
100 111
131 111
191 111
378 111
449 111
373 112
37 113
382 113
295 114
308 114
96 115
162 115
218 115
310 115
319 115
327 115
414 115
293 116
294 116
398 116
426 116
464 116
114 118
119 118
209 118
259 118
279 118
87 119
89 119
362 119
364 119
367 119
150 120
351 120
195 121
198 121
82 122
231 122
238 122
378 122
53 123
239 123
385 123
110 124
169 124
229 125
312 125
392 125
410 125
447 125
136 126
317 126
400 126
403 126
162 127
184 127
217 127
281 127
289 127
295 127
302 127
214 128
216 128
268 128
282 128
297 128
327 128
413 128
415 128
421 128
463 128
47 129
98 129
211 129
364 129
200 130
346 130
423 130
205 131
252 131
364 131
202 132
364 132
430 132
197 133
235 133
374 133
64 134
158 134
474 134
40 135
119 135
191 135
193 135
442 136
303 137
318 137
389 137
401 137
217 138
301 138
409 138
145 139
217 139
318 139
80 140
272 140
333 140
113 141
171 141
200 141
281 141
281 142
344 142
353 142
458 142
106 143
169 143
238 143
245 143
255 143
425 143
172 144
282 144
423 144
52 145
238 145
367 145
227 146
295 146
377 146
27 147
163 147
225 147
231 147
373 147
431 147
438 147
187 148
216 148
228 148
311 148
317 148
428 148
219 149
222 149
396 149
121 150
182 150
328 150
395 150
402 150
407 150
474 150
95 151
182 151
216 151
440 151
179 152
183 152
408 152
415 152
66 153
205 153
173 154
207 154
346 154
452 154
175 155
169 156
270 156
111 157
167 157
172 157
194 157
249 157
284 157
293 157
389 157
136 158
234 158
282 158
399 158
365 159
374 159
427 159
33 160
80 160
161 160
238 160
304 160
308 160
365 160
397 160
367 161
215 162
315 162
321 162
369 162
419 162
462 162
76 163
100 163
158 163
329 163
371 163
428 163
470 163
128 164
338 164
420 164
432 164
51 165
344 165
381 165
387 165
97 166
103 166
120 166
341 166
48 167
430 167
75 168
116 168
173 168
208 168
341 168
44 169
94 169
96 169
120 169
204 169
395 169
399 169
45 170
46 170
241 170
288 170
358 170
254 171
272 171
446 171
46 172
70 172
91 172
143 172
228 172
360 172
361 172
398 172
19 173
41 173
65 173
93 173
110 173
113 173
189 173
230 173
410 173
411 173
455 173
65 174
118 174
218 174
302 174
85 175
88 175
316 175
324 175
411 175
64 176
214 176
222 176
367 176
463 176
82 177
163 177
322 177
375 177
64 178
133 178
337 178
424 178
210 179
331 179
375 179
82 180
428 180
474 180
106 181
150 181
179 181
435 181
438 181
31 182
52 182
56 182
344 182
351 182
387 182
391 182
98 183
229 183
235 183
239 183
267 183
277 183
97 184
170 184
256 184
359 184
437 184
52 185
198 185
290 185
360 185
49 186
367 186
50 187
306 187
404 187
408 187
94 188
116 188
222 188
453 188
21 189
69 189
326 189
410 189
320 190
373 190
412 190
106 191
42 192
45 192
109 192
139 192
181 192
328 192
380 192
416 192
64 193
84 193
212 193
239 193
252 193
333 193
64 194
103 194
237 194
464 194
102 195
122 195
268 195
278 195
347 195
351 195
386 195
420 195
41 196
42 196
68 196
156 196
386 196
428 196
65 197
87 197
203 197
222 197
63 198
170 198
220 198
296 198
474 198
59 199
205 199
286 199
361 199
60 200
394 200
398 200
437 200
77 201
132 201
152 201
197 201
444 201
171 202
199 202
250 202
309 202
325 202
30 203
322 203
327 203
166 204
187 204
322 204
409 204
129 205
146 205
160 205
236 205
252 205
337 205
338 205
375 205
377 205
145 206
265 206
277 206
342 206
126 207
188 207
211 207
220 207
272 207
340 207
451 207
278 208
90 209
107 209
182 209
208 209
273 209
383 209
71 210
210 210
291 210
386 210
421 210
156 211
206 211
303 211
351 211
393 211
459 211
46 212
387 212
175 213
196 214
198 214
202 214
246 214
254 214
311 214
365 214
132 215
193 215
153 216
166 216
169 216
247 216
324 216
396 216
429 216
133 217
271 217
325 217
364 217
15 218
80 218
148 218
165 218
167 218
230 218
236 218
257 218
267 218
269 218
331 218
338 218
367 218
476 218
99 219
147 219
166 219
169 219
224 219
279 219
280 219
334 219
340 219
378 219
187 220
192 220
215 220
407 220
440 220
34 221
59 222
113 222
146 222
213 222
348 222
377 222
130 223
185 223
215 223
293 223
180 224
352 224
201 225
205 225
123 226
155 226
355 226
358 226
419 226
453 226
155 227
179 227
205 227
247 227
330 227
385 227
6 228
172 228
31 229
178 229
268 229
315 229
364 229
394 229
70 230
137 230
249 230
254 230
266 230
271 230
339 230
361 230
460 230
193 231
227 231
237 231
262 231
279 231
367 231
428 231
135 232
196 232
324 232
340 232
122 233
133 233
152 233
239 233
104 234
88 235
184 235
218 235
324 235
348 235
403 235
434 235
46 236
146 236
163 236
166 236
168 236
189 236
215 236
218 236
290 236
327 236
376 236
469 236
22 237
130 237
183 237
189 237
65 238
214 238
305 238
440 238
203 239
334 239
384 239
145 240
181 240
208 240
257 240
333 240
79 241
97 241
65 242
265 242
360 242
388 242
424 242
479 242
15 243
157 243
247 243
258 243
266 243
269 243
275 243
454 243
64 244
233 244
313 244
314 244
36 245
62 245
287 245
366 245
393 245
395 245
413 245
113 246
195 246
279 246
287 246
345 246
461 246
74 247
285 247
292 247
370 247
227 248
322 248
396 248
431 248
125 249
346 249
55 250
138 250
304 250
400 250
422 250
73 251
215 251
328 251
437 251
302 252
381 252
51 253
150 253
169 253
189 253
248 253
332 253
350 253
6 254
250 254
310 254
379 254
90 255
238 255
257 255
266 255
357 255
381 255
449 255
51 256
105 256
204 256
307 256
310 256
313 256
476 256
73 257
254 257
261 257
286 257
389 257
316 258
337 258
338 258
268 259
360 259
409 259
25 260
44 260
63 260
117 260
267 260
313 260
386 261
46 262
131 262
145 262
229 262
295 262
391 262
64 263
159 263
276 263
319 263
344 263
434 263
456 263
220 264
277 264
296 264
346 264
396 264
281 265
372 266
418 266
41 267
82 267
191 267
304 267
326 267
14 268
41 268
97 268
242 268
328 268
248 269
307 269
398 269
399 269
444 269
468 269
173 270
210 270
304 270
360 270
379 270
267 271
75 272
110 272
139 272
268 272
284 272
308 272
429 272
153 273
290 273
350 273
407 273
58 274
123 274
186 274
255 274
448 274
72 275
204 275
293 275
350 275
366 275
387 275
250 276
307 276
313 276
370 276
72 277
169 277
271 277
290 277
310 277
337 277
33 278
390 278
120 279
224 279
255 279
317 279
340 279
479 279
91 280
416 280
456 280
5 281
106 281
151 281
197 281
296 281
317 281
334 281
356 281
438 281
50 282
135 282
146 282
358 282
26 283
69 283
123 283
169 284
256 284
355 284
394 284
424 284
132 285
148 285
165 285
181 285
277 285
326 285
357 285
377 285
120 286
210 286
235 286
344 286
462 286
241 287
360 287
364 288
85 289
133 289
449 289
261 290
292 290
329 290
411 290
431 290
229 291
311 291
327 291
199 292
280 292
20 293
348 293
40 294
101 294
144 294
163 294
385 294
418 294
474 294
116 295
191 295
311 295
345 295
438 295
165 296
193 296
220 296
282 296
293 296
327 296
457 296
131 297
194 297
332 297
360 297
127 298
176 298
178 298
262 298
279 298
292 298
348 298
375 298
332 299
390 299
405 299
126 300
129 300
210 300
314 300
7 301
61 301
246 301
300 301
317 301
97 302
336 302
423 302
189 303
444 303
79 304
144 304
146 305
162 305
299 305
363 305
281 306
350 306
111 307
331 307
463 307
158 308
319 308
337 308
411 308
147 309
255 309
356 309
383 309
429 309
162 310
318 310
353 310
367 310
30 311
128 311
146 311
265 311
354 311
470 311
74 312
90 312
219 312
245 312
398 312
452 312
2 313
50 313
128 313
212 313
299 313
417 313
130 314
337 314
146 315
359 316
388 316
439 316
217 317
322 317
332 317
355 317
143 318
210 318
313 318
342 318
47 319
170 319
116 320
169 320
322 320
478 320
239 321
275 321
334 321
358 321
421 321
103 322
146 322
164 322
201 322
286 322
388 322
20 323
85 323
181 323
195 323
332 323
358 323
373 323
179 324
197 324
362 324
64 325
65 325
318 325
374 325
408 325
60 326
131 326
231 326
273 326
358 326
80 327
115 327
270 327
272 327
346 327
445 327
65 328
223 328
252 328
255 328
334 328
391 328
37 329
57 329
63 329
249 329
322 329
392 329
12 330
251 330
363 330
322 331
398 331
469 331
242 332
282 332
333 332
60 333
78 333
219 333
246 333
99 334
319 334
335 334
412 334
161 335
208 335
318 335
377 335
399 335
431 335
451 335
153 336
253 336
298 336
379 336
53 337
58 337
336 337
378 337
398 337
2 338
60 338
114 338
168 338
320 338
168 339
195 339
478 339
53 340
133 340
177 340
196 340
348 340
365 340
31 341
167 341
260 341
333 341
415 341
54 342
177 342
180 342
187 342
279 342
314 342
347 342
436 342
456 342
94 343
317 343
349 343
72 344
263 344
275 344
297 344
333 344
362 344
55 345
225 345
308 345
331 345
386 345
15 346
243 346
295 346
363 346
74 347
309 347
69 348
71 349
216 349
240 349
258 349
274 349
291 349
350 349
464 349
75 350
50 351
90 351
143 351
335 351
402 351
424 351
68 352
155 352
200 352
269 352
306 352
329 352
333 352
376 352
444 352
175 353
197 353
336 353
349 353
71 354
115 354
311 354
175 355
180 355
189 355
70 356
173 356
250 356
279 356
326 356
329 356
161 357
250 357
281 357
314 357
389 357
414 357
3 358
264 358
290 358
390 358
471 358
46 359
49 359
62 359
71 359
211 359
24 360
100 360
309 360
311 360
327 360
335 360
429 360
67 361
220 361
244 361
289 361
418 361
46 362
304 362
327 362
364 362
375 362
405 362
431 362
452 362
42 363
82 363
83 363
258 363
329 363
415 363
99 364
126 364
324 364
404 364
433 364
84 365
97 365
191 365
258 365
272 365
274 365
346 365
419 365
479 365
79 366
188 366
303 366
349 366
434 366
142 367
161 367
181 367
309 367
344 367
438 367
57 368
64 368
78 368
165 368
168 368
272 368
328 368
155 369
171 369
235 369
310 369
393 369
456 369
170 370
176 370
296 370
299 370
311 370
361 370
404 370
407 370
214 371
235 371
295 371
346 371
405 372
439 372
32 373
56 373
202 373
209 373
267 373
321 373
55 374
202 374
357 374
375 374
76 375
115 375
197 375
231 375
243 375
342 375
406 375
8 376
205 376
361 376
102 377
196 377
277 377
321 377
191 378
231 378
257 378
289 378
478 378
26 379
53 379
110 379
120 379
190 379
228 379
358 379
408 379
422 379
444 379
462 379
48 380
76 380
222 380
255 380
320 380
360 380
426 380
98 381
101 381
116 381
167 381
186 381
391 381
113 382
131 382
174 382
182 382
190 382
257 382
271 382
143 383
166 383
274 383
19 384
47 384
65 384
156 384
168 384
169 384
172 384
246 384
287 384
408 384
411 384
38 385
87 385
212 385
249 385
380 385
90 386
314 386
410 386
430 386
63 387
165 387
245 387
288 387
300 387
302 387
315 387
451 387
162 388
245 388
299 388
357 388
240 389
244 389
303 389
84 390
199 390
238 390
318 390
205 391
286 391
313 391
329 391
332 391
84 392
261 392
263 392
314 392
395 392
431 392
434 392
55 393
239 393
440 393
120 394
194 394
233 394
301 394
348 394
351 394
353 394
375 394
184 395
258 395
311 395
313 395
16 396
47 396
50 396
112 396
227 396
353 396
459 396
102 397
117 397
179 397
222 397
255 397
112 398
132 398
177 398
222 398
89 399
169 399
174 399
216 399
226 399
277 399
443 399
94 400
98 400
101 400
105 400
293 400
69 401
121 401
146 401
159 401
173 401
310 401
326 401
356 401
76 402
216 402
249 402
294 402
347 402
390 402
74 403
242 403
270 403
408 403
37 404
66 404
209 404
214 404
286 404
351 404
371 404
422 404
469 404
62 405
326 405
342 405
234 406
320 406
430 406
63 407
205 407
350 407
60 408
205 408
232 408
238 408
308 408
320 408
427 408
431 408
383 409
260 410
283 410
326 410
341 410
431 410
451 410
18 411
108 411
187 411
277 411
304 411
53 412
343 412
404 412
405 412
59 413
175 413
222 413
229 413
340 413
74 414
100 414
112 414
178 414
226 414
363 414
416 414
84 415
91 415
176 415
435 415
46 416
54 416
135 416
316 416
419 416
123 417
158 417
294 417
380 417
434 417
52 418
148 418
166 418
245 418
274 418
459 418
8 419
294 419
142 420
203 420
335 420
337 420
417 420
466 420
205 421
213 421
267 421
314 421
328 421
399 421
333 422
357 422
415 422
259 423
309 423
23 424
209 424
262 424
263 424
329 424
353 424
446 424
470 424
235 425
286 425
63 426
200 426
287 426
307 426
327 426
347 426
412 426
57 427
89 427
188 427
190 427
228 427
345 427
85 428
100 428
114 428
170 428
182 428
184 428
303 428
371 428
426 428
78 429
94 429
179 429
219 429
308 429
325 429
392 429
47 430
57 430
68 430
101 430
120 430
251 430
257 430
324 430
386 430
458 430
92 431
283 431
328 431
66 432
70 432
84 432
90 432
105 432
109 432
142 432
164 432
177 432
179 432
320 432
422 432
429 432
94 433
123 433
135 433
161 433
218 433
271 433
344 433
409 433
436 433
438 433
43 434
59 434
113 434
151 434
277 434
298 434
346 434
411 434
429 434
437 434
66 435
240 435
242 435
271 435
295 435
362 435
37 436
41 436
112 436
214 437
290 437
296 437
401 437
440 437
266 438
473 438
200 439
262 439
19 440
197 440
206 440
265 440
452 440
236 441
261 441
262 441
358 441
181 442
195 442
203 442
314 442
331 442
334 442
426 442
427 442
201 443
286 443
356 443
418 443
187 444
199 444
374 444
251 445
310 445
350 445
414 445
168 446
253 446
282 446
45 447
65 447
83 447
100 447
141 447
157 447
179 447
227 447
249 447
161 448
328 448
468 448
126 449
329 449
114 450
243 450
346 450
32 451
214 451
239 451
249 451
301 451
319 451
322 451
401 451
402 451
404 451
441 451
342 452
22 453
325 453
347 453
204 454
341 454
343 454
294 455
344 455
196 456
261 456
315 456
366 456
429 456
189 457
192 457
228 457
416 457
440 457
174 458
199 458
334 458
388 458
134 459
230 459
233 459
261 459
333 459
410 459
450 459
154 460
179 460
187 460
229 460
289 460
306 460
48 461
57 461
67 461
287 461
414 461
39 462
167 462
281 462
328 462
333 462
376 462
403 462
469 462
79 463
157 463
284 463
352 463
355 463
89 464
216 464
256 464
280 464
306 464
101 465
250 465
400 465
212 466
346 466
350 466
115 467
245 467
275 467
328 467
351 467
196 468
197 468
245 468
270 468
326 468
126 469
272 469
294 469
296 469
435 469
134 470
233 470
237 470
272 470
292 470
351 470
362 471
424 471
429 471
458 471
238 472
312 472
318 472
343 472
32 473
236 473
382 473
45 474
146 474
171 474
173 474
222 474
226 474
233 474
286 474
334 474
164 475
289 475
308 475
417 475
51 476
214 476
263 476
408 476
413 476
425 476
72 477
83 477
210 477
308 477
334 477
420 477
438 477
464 477
59 478
174 478
182 478
183 478
193 478
200 478
257 478
282 478
207 479
251 479
328 479
333 479
409 479
440 479
477 479
114 480
303 480
445 480
108 481
367 481
401 481
99 482
248 482
322 482
394 483
232 484
266 484
298 484
129 485
235 485
146 486
247 486
350 486
294 487
314 487
470 487
31 488
37 488
213 488
225 488
290 488
313 488
154 489
285 489
381 489
234 490
46 491
56 491
174 491
209 491
279 491
284 491
336 491
374 491
427 491
436 491
190 492
414 492
310 493
278 494
282 494
461 494
79 495
325 495
390 495
401 495
91 496
98 496
275 496
112 498
249 498
262 498
315 498
319 498
359 498
250 499
261 499
294 499
346 499
231 500
259 500
295 500
300 500
130 502
137 502
256 502
221 503
226 503
288 503
291 503
434 503
455 503
146 504
162 504
207 504
217 504
224 504
227 504
230 504
151 505
289 505
342 505
44 506
210 506
417 506
280 507
333 507
407 507
181 508
196 508
205 508
58 509
63 509
275 509
384 509
393 509
70 510
98 510
269 510
186 511
277 511
319 511
80 512
125 512
270 512
320 512
372 512
313 513
314 513
362 513
113 514
231 514
239 514
253 514
354 514
458 514
474 514
240 515
264 515
297 515
212 516
233 516
345 516
434 516
442 516
136 517
207 517
228 517
214 518
302 518
152 519
158 519
305 519
338 519
425 519
170 520
289 520
327 521
282 522
293 522
405 522
408 522
53 523
64 523
73 523
321 523
325 523
382 523
394 523
409 523
412 523
83 524
181 524
276 524
202 525
258 526
89 527
211 527
246 527
365 527
434 527
439 527
98 528
122 528
192 528
221 528
222 528
449 528
459 528
466 528
204 529
348 529
111 530
126 530
236 530
354 530
422 530
437 530
130 531
142 531
146 531
344 531
349 531
127 532
139 533
152 533
339 533
143 534
331 534
319 535
323 535
329 535
335 535
161 536
178 536
331 536
299 537
404 537
412 537
405 538
407 538
272 539
287 539
401 539
416 539
54 540
257 540
354 540
377 540
430 540
431 540
211 541
244 541
367 541
391 541
402 541
412 541
445 541
75 542
89 542
204 542
434 542
461 542
112 543
209 543
231 543
237 543
239 543
103 544
120 544
138 544
228 544
344 544
354 544
141 545
179 545
186 545
214 545
217 545
128 546
132 546
196 546
205 546
212 546
220 546
223 546
171 547
231 547
133 548
151 548
314 548
337 548
159 549
251 551
286 552
306 552
431 552
266 553
410 553
424 553
339 554
347 554
369 554
423 554
439 554
452 554
76 555
383 555
398 555
464 555
359 556
103 557
81 558
116 558
157 558
190 558
132 559
148 559
197 559
217 559
163 560
206 560
216 560
177 561
242 562
250 562
269 563
272 563
250 564
264 564
275 564
273 565
274 566
275 566
287 566
300 567
310 567
271 568
304 568
436 568
325 569
339 569
374 570
389 570
403 570
455 571
413 572
86 573
109 573
356 573
128 574
165 574
180 574
198 574
141 575
154 575
222 575
147 576
240 577
251 578
247 579
255 579
272 579
295 579
298 579
258 580
268 580
315 580
250 581
277 581
284 581
290 581
306 581
268 583
278 583
318 583
347 583
337 584
382 584
399 585
437 585
417 586
449 586
107 587
365 587
130 588
149 588
140 589
212 589
164 590
174 590
186 590
199 590
224 590
245 592
265 593
257 595
270 596
277 596
281 596
283 596
255 597
261 597
291 598
302 598
350 598
320 599
324 599
296 600
358 600
412 600
194 602
202 602
209 602
217 602
373 602
392 602
227 605
264 614
278 614
208 615
294 615
232 617
217 619
265 626
