150 1
164 1
237 3
113 4
259 4
380 4
127 5
226 5
283 6
300 7
398 8
211 9
317 9
456 9
95 10
353 11
417 11
201 12
336 12
187 14
374 15
150 17
168 17
259 17
274 17
288 17
442 18
400 19
304 20
133 21
119 23
226 23
323 24
342 24
107 26
469 26
372 27
188 29
93 30
395 30
250 32
264 32
283 32
420 32
437 32
174 33
273 33
300 33
84 34
148 35
158 35
320 35
341 35
366 35
234 36
451 36
136 39
215 39
461 39
121 40
401 41
398 42
195 43
110 44
176 44
405 44
411 44
306 47
431 47
260 48
284 48
153 49
355 49
234 50
247 50
327 50
340 50
436 50
445 50
91 51
159 51
363 51
370 51
149 52
378 52
222 54
229 54
470 54
78 55
126 55
141 55
209 55
387 55
126 56
395 56
402 56
409 56
208 57
417 57
140 58
194 58
131 59
290 59
423 59
435 60
439 60
185 61
277 61
109 62
175 62
305 62
442 62
316 63
258 64
360 64
337 65
158 66
248 66
454 66
93 67
122 67
209 67
217 67
222 67
236 67
379 67
147 68
203 68
239 68
365 68
373 68
378 68
383 68
390 68
397 69
225 70
186 71
393 71
223 72
216 73
435 73
126 74
291 74
307 74
320 74
133 75
342 75
429 75
272 76
445 76
123 77
250 77
161 79
208 79
232 79
360 79
382 79
411 79
232 80
380 80
110 81
193 81
85 82
460 82
142 84
170 85
180 85
290 85
301 85
244 86
266 86
282 86
296 86
329 86
434 86
73 87
215 87
222 87
304 87
166 88
446 88
352 89
403 89
208 91
187 94
468 94
372 95
437 95
117 96
144 96
178 96
189 96
300 96
430 96
135 97
394 97
432 97
164 98
171 98
259 98
276 98
169 99
224 99
233 99
246 99
311 99
134 100
317 100
83 101
237 101
324 101
418 102
454 102
107 103
204 103
71 104
307 104
311 105
353 105
415 105
312 106
293 107
296 107
432 107
440 107
95 108
286 108
290 108
377 108
141 109
260 109
392 109
476 109
130 110
173 110
223 110
122 111
129 111
178 111
84 112
182 112
241 112
408 113
213 114
409 115
111 116
205 116
299 116
306 116
317 116
150 117
283 117
339 117
424 118
431 118
474 118
364 119
74 120
149 120
197 120
427 120
245 121
383 122
104 123
195 123
440 123
135 124
174 124
94 125
179 125
295 125
180 126
306 126
398 126
415 126
85 127
223 127
296 127
416 127
59 128
90 128
266 128
271 128
319 128
166 129
167 129
325 129
339 129
344 129
408 129
472 129
82 130
117 130
321 130
246 131
351 131
425 131
88 132
117 132
203 132
360 132
427 132
430 132
373 133
110 134
442 134
144 135
73 136
104 137
186 137
384 137
258 138
281 138
307 138
397 138
214 139
250 139
254 139
283 139
405 139
421 139
299 140
301 140
302 140
466 140
172 141
264 141
288 141
320 141
342 143
443 143
233 144
328 144
434 144
92 145
93 145
125 145
204 146
358 146
158 147
111 148
380 148
278 149
281 149
458 149
194 150
306 150
141 151
256 151
259 151
100 152
111 152
262 152
287 152
398 152
410 152
192 153
244 153
249 153
313 153
417 153
418 153
97 154
226 154
239 154
94 155
177 155
321 155
338 155
472 155
172 156
176 156
330 156
342 156
176 157
165 158
342 158
348 158
351 158
437 158
127 159
431 159
454 159
85 160
87 161
116 161
213 161
270 161
365 161
381 161
195 162
294 162
148 163
386 163
111 164
313 164
389 164
399 164
401 164
246 165
76 166
477 166
101 167
137 167
139 167
145 167
235 167
104 168
142 168
233 168
406 168
434 168
220 169
237 169
333 169
445 169
177 170
214 170
327 170
344 170
63 171
224 171
343 171
346 171
422 171
431 171
274 172
427 172
123 173
205 173
288 173
382 173
94 174
96 174
127 174
264 174
457 174
116 176
124 176
195 176
250 176
82 177
159 177
430 177
104 179
115 179
445 179
153 180
236 180
322 180
332 180
411 180
131 181
150 181
225 181
315 182
349 182
411 182
461 182
129 183
149 183
341 183
365 183
413 183
287 184
93 185
380 185
98 186
124 186
144 186
174 186
299 186
430 186
92 187
208 187
365 187
164 188
208 188
212 188
274 188
160 189
442 189
202 190
257 190
391 190
392 190
109 191
115 191
133 191
135 192
242 192
81 193
110 193
332 193
412 193
416 193
78 194
130 194
158 194
329 194
346 194
190 195
293 195
310 195
325 195
103 196
228 196
428 196
123 197
146 197
223 197
279 197
346 197
369 198
428 198
121 199
178 199
376 199
432 199
473 199
209 200
210 200
265 200
91 201
438 201
68 202
131 202
258 202
389 202
248 203
200 204
202 204
249 205
124 206
160 206
163 206
339 206
455 206
104 207
292 207
344 207
353 208
414 208
74 209
191 209
236 209
278 209
304 209
305 209
319 209
359 209
280 210
287 210
178 211
228 211
268 211
388 211
469 211
89 212
392 212
434 212
145 213
264 213
265 213
432 213
124 214
174 214
255 214
258 214
175 215
211 216
253 216
138 217
200 217
255 217
104 218
248 218
253 218
412 218
451 218
140 219
196 219
319 219
340 219
356 219
361 219
63 220
236 220
340 220
366 220
284 221
297 221
301 221
310 221
353 221
129 222
294 222
367 222
425 222
274 223
277 223
464 223
72 225
85 225
263 225
382 225
384 225
440 225
151 226
219 226
403 226
52 227
182 227
101 228
259 228
477 228
253 229
343 229
115 230
167 230
309 230
325 230
404 230
137 231
172 231
204 231
241 231
296 231
353 231
344 232
357 232
457 232
283 233
291 233
348 233
373 233
163 234
193 234
227 234
288 234
367 234
427 234
131 235
274 235
370 235
431 235
69 236
104 236
127 236
157 236
86 237
308 237
435 237
320 238
391 238
251 239
256 239
404 239
407 239
122 240
149 240
183 240
408 240
440 240
175 241
177 241
170 243
235 243
236 243
281 243
294 243
445 243
476 243
60 244
71 244
361 244
164 245
190 245
200 245
335 245
364 245
424 245
93 246
159 246
265 246
305 246
134 247
224 247
315 247
363 247
109 248
134 248
376 248
384 248
404 249
463 249
219 250
51 251
149 251
243 251
393 251
397 251
121 252
181 252
240 252
205 253
211 253
301 253
77 254
175 254
176 254
426 254
203 255
284 255
94 256
236 256
351 256
170 257
272 257
373 257
63 258
113 258
134 258
161 258
226 258
327 258
364 258
377 258
425 258
477 258
193 259
220 259
162 260
370 260
387 261
412 261
157 262
309 262
457 262
152 263
183 263
209 263
297 263
396 263
82 264
152 264
178 264
181 264
245 264
122 265
123 265
392 265
128 266
173 266
283 266
430 266
203 267
233 267
266 267
346 267
171 268
402 268
48 269
98 269
364 269
139 270
226 270
233 270
474 270
112 271
169 271
194 271
322 271
445 271
222 272
363 272
370 272
133 273
255 273
378 273
155 274
305 274
186 275
282 275
416 275
68 276
103 276
134 277
160 277
82 278
213 279
241 279
268 279
429 279
232 281
270 281
438 281
53 282
202 282
297 282
332 282
343 282
355 282
360 282
467 282
121 283
173 283
201 283
331 283
345 283
359 283
377 283
380 283
396 283
120 284
321 284
336 284
140 285
226 285
321 285
140 286
169 286
255 286
257 286
329 286
89 287
118 287
44 288
188 288
310 288
449 288
69 289
91 289
250 289
275 289
421 289
138 290
190 290
310 290
135 291
211 291
216 291
242 291
272 291
107 292
156 292
272 292
307 292
128 293
234 293
239 293
293 293
258 294
261 294
347 294
377 294
76 295
334 295
358 295
372 295
378 295
393 295
395 295
38 296
287 296
342 296
348 296
361 296
383 296
436 296
462 296
173 297
179 297
203 297
206 297
225 297
328 297
387 297
121 298
201 298
56 299
174 299
198 299
409 299
89 300
30 301
143 301
169 301
276 301
194 302
66 303
141 303
145 303
99 304
164 304
215 304
242 304
306 304
472 304
100 305
163 305
190 305
263 305
369 305
375 305
449 305
84 306
185 306
346 306
418 306
44 307
183 307
213 307
234 307
341 307
347 307
360 307
368 307
385 307
118 308
204 308
236 308
79 309
96 309
134 310
136 310
231 310
289 310
349 310
454 310
321 311
394 311
399 311
91 312
206 312
228 312
247 312
251 312
288 312
392 312
397 312
111 313
149 313
285 313
329 313
429 313
108 314
200 314
314 314
86 315
104 315
109 315
146 315
148 315
195 315
35 316
51 316
67 316
168 317
198 317
217 317
238 317
279 317
300 317
462 318
141 319
216 319
410 319
438 319
234 320
235 320
253 320
298 320
357 320
164 321
186 321
355 321
370 321
64 322
355 322
215 323
338 323
97 324
158 324
439 324
117 325
229 325
265 325
384 325
438 326
204 327
325 327
468 327
30 328
174 328
178 328
179 328
245 328
268 328
284 328
440 328
204 329
225 329
242 329
73 330
129 330
303 330
416 330
417 330
39 331
55 331
259 331
305 331
397 331
187 332
205 332
225 332
317 333
87 334
260 334
153 335
448 335
141 336
168 336
200 336
233 336
235 336
348 336
359 336
421 336
429 336
109 337
255 337
403 337
32 338
215 338
292 338
369 338
182 339
200 339
354 339
46 340
82 340
133 340
196 340
267 340
214 341
325 341
349 341
61 342
198 342
345 342
95 343
250 343
436 343
453 343
178 344
179 344
245 344
383 344
429 344
192 345
227 345
413 346
160 347
261 347
326 347
436 347
105 348
117 348
338 348
42 349
147 349
176 349
245 349
298 349
427 349
242 350
282 350
302 350
358 350
55 351
75 351
280 351
474 351
217 352
20 353
128 353
190 353
200 353
300 353
314 353
169 354
213 354
220 354
259 354
358 354
255 355
331 355
407 355
409 355
170 356
191 356
150 357
277 357
439 357
86 358
209 358
218 358
331 358
332 358
371 358
271 359
456 359
34 360
311 360
130 361
114 362
394 362
66 363
332 363
390 363
48 364
374 364
99 365
128 365
143 365
207 365
309 365
315 365
271 366
331 366
411 366
225 367
245 367
328 367
333 367
349 367
352 367
372 367
390 367
435 367
160 368
268 368
270 368
312 368
181 369
375 369
313 370
62 371
270 371
332 371
78 372
285 372
350 372
222 373
42 374
157 374
288 374
310 374
261 375
265 375
122 376
124 376
366 376
384 376
139 377
197 377
274 377
318 377
332 377
354 377
407 377
141 378
154 378
309 378
356 378
388 378
59 380
122 380
141 380
156 380
381 380
91 381
174 381
310 381
427 381
124 382
216 382
72 384
121 385
291 385
315 385
381 385
448 385
344 386
380 386
103 387
196 387
237 387
341 387
346 387
351 387
466 387
156 388
244 388
272 388
292 388
33 389
53 389
241 389
320 389
153 390
273 390
362 390
85 391
214 391
254 391
297 391
395 391
134 392
294 392
392 392
258 393
134 394
273 394
424 394
64 395
153 395
257 395
297 395
237 396
386 396
243 397
301 397
295 398
326 398
393 398
38 399
195 399
260 399
262 399
276 399
310 399
336 399
115 400
153 401
341 401
370 401
100 402
168 402
27 403
127 403
416 403
443 403
280 404
315 404
352 404
86 405
241 405
253 405
310 405
50 406
83 406
177 406
235 406
264 406
413 406
464 406
236 407
242 407
260 407
278 407
288 407
411 407
82 408
134 408
131 409
292 409
132 410
150 410
290 411
322 411
431 411
33 412
113 412
391 412
443 412
57 413
99 413
163 413
263 413
314 413
113 414
291 414
429 414
267 415
302 416
379 416
426 416
181 417
334 417
425 418
149 419
419 420
421 420
83 421
135 421
167 421
240 421
241 422
245 422
259 422
422 422
350 423
366 423
34 424
294 424
402 424
69 425
218 425
441 425
108 426
268 426
273 426
302 426
414 426
453 426
123 427
149 427
247 427
437 427
43 428
97 428
111 428
154 428
217 428
266 428
470 428
123 429
242 430
167 431
202 431
411 431
94 432
415 432
56 433
224 433
314 433
30 434
316 434
386 434
414 434
318 435
152 436
139 437
289 437
319 437
344 437
430 437
82 438
187 438
229 438
252 438
287 438
410 438
433 438
124 439
259 439
97 440
154 440
370 440
408 440
209 441
111 442
230 442
403 442
171 443
295 444
230 445
259 445
67 447
82 447
95 447
142 447
113 448
98 449
30 450
140 450
188 450
209 450
300 450
443 450
114 451
141 451
155 451
156 451
47 452
96 452
113 452
127 452
306 452
418 452
461 452
80 453
321 453
331 453
128 454
155 454
332 454
375 454
243 455
273 456
341 456
358 456
64 457
215 457
329 457
331 457
354 457
95 458
100 458
115 458
289 458
174 459
159 461
410 461
81 462
100 462
143 462
66 463
116 463
250 463
116 464
158 464
397 464
113 465
229 465
283 465
285 465
297 465
102 467
157 467
230 467
118 468
48 469
83 469
132 469
296 469
131 470
179 470
313 470
323 471
403 471
81 472
118 472
203 472
237 472
262 472
329 472
357 472
380 472
102 473
118 473
146 473
326 473
203 474
236 474
341 474
343 474
452 474
240 475
346 475
423 475
350 476
83 477
134 477
64 478
122 478
206 478
271 478
100 479
103 479
171 479
225 479
281 479
34 480
106 480
89 481
245 481
274 481
278 481
421 481
83 482
119 482
392 482
50 483
250 483
417 483
119 484
190 484
278 484
388 484
87 485
104 485
122 485
280 485
441 485
464 485
123 486
210 486
304 486
371 486
373 486
414 486
293 487
318 487
368 487
406 487
412 487
71 488
301 488
344 488
413 488
106 489
341 489
351 489
377 489
378 489
404 489
219 490
321 490
344 490
380 490
436 490
108 491
318 491
356 491
359 491
363 491
364 491
373 491
403 491
142 492
270 492
322 492
406 492
105 493
109 493
262 493
359 493
455 493
124 494
394 494
435 494
91 495
232 495
405 495
437 495
54 496
127 496
399 496
429 496
143 497
180 497
394 498
93 499
158 499
388 499
393 499
423 499
163 500
289 500
426 500
429 500
115 501
286 501
292 501
39 502
151 502
191 502
393 502
421 504
357 505
381 505
469 505
59 506
117 506
132 506
304 506
346 506
344 507
355 507
379 507
97 508
274 508
357 508
374 508
441 508
317 509
328 509
333 509
282 510
316 510
333 510
336 510
436 510
325 511
346 511
410 511
342 512
322 513
330 513
436 513
44 514
254 514
289 514
196 515
289 515
403 515
260 516
408 516
428 516
216 517
269 517
365 517
295 518
393 518
440 518
99 519
122 519
205 519
301 519
356 519
394 519
431 519
455 519
138 520
272 521
435 521
106 522
180 522
309 522
202 523
333 523
146 524
249 524
339 524
425 524
164 525
187 525
224 525
318 525
349 525
351 525
412 525
418 525
228 526
230 526
380 526
186 527
417 527
326 528
410 528
424 528
70 529
188 529
189 529
215 529
285 529
469 529
90 530
170 530
239 530
406 530
214 531
114 532
169 532
233 532
240 532
263 532
296 532
364 532
196 533
290 533
293 533
409 533
417 533
436 534
214 535
221 535
301 535
434 535
156 536
198 536
201 536
409 536
435 536
78 537
175 537
354 537
306 538
438 538
139 539
318 539
330 539
424 540
430 540
182 541
314 541
334 541
349 541
380 541
272 542
402 542
423 542
123 543
207 543
255 543
283 543
349 543
395 543
421 543
477 543
280 544
453 544
103 545
232 546
87 547
147 547
186 547
166 548
211 548
238 548
240 548
423 548
290 549
192 550
187 551
190 551
371 551
414 551
167 552
441 552
155 553
213 553
217 553
269 553
307 553
362 553
191 554
219 554
344 554
112 555
249 555
308 555
338 555
350 555
412 555
438 555
135 556
174 556
315 557
409 557
314 558
319 558
328 558
431 558
229 559
403 559
403 560
438 560
461 560
97 561
202 561
256 561
282 561
264 562
394 562
163 564
424 564
242 565
123 566
163 566
378 566
191 568
300 568
422 568
219 569
293 569
418 569
247 570
252 570
303 570
355 570
148 571
195 571
258 571
315 571
447 571
104 572
253 572
335 572
417 572
267 574
438 574
174 575
202 575
269 575
132 576
380 576
406 577
235 578
430 579
179 580
287 581
463 581
113 582
184 582
297 582
142 583
255 583
161 584
212 584
249 584
300 584
316 584
305 585
307 585
311 585
368 585
190 586
320 586
360 586
396 586
259 587
416 587
119 588
336 588
346 588
451 588
164 589
190 589
195 589
273 589
224 590
278 590
171 591
200 592
415 592
281 593
288 593
379 593
237 594
241 594
434 595
287 596
154 598
175 598
243 598
401 598
135 599
180 599
304 599
421 599
252 600
360 600
347 601
451 601
183 602
320 602
216 603
194 604
268 604
231 607
441 607
288 608
376 609
167 610
147 611
307 611
205 613
456 613
354 614
421 614
253 615
266 617
330 617
220 618
179 619
408 619
230 621
439 621
282 623
240 624
293 624
192 625
155 626
305 626
202 627
365 627
419 627
251 628
322 628
346 628
165 631
214 631
402 634
