322 2
209 5
256 5
307 5
122 7
163 7
239 8
471 8
282 9
456 10
387 11
109 12
402 12
418 12
227 13
350 13
368 13
432 13
271 14
334 14
442 14
145 15
190 15
323 16
91 18
454 18
259 19
308 19
215 20
295 21
128 22
469 22
172 23
238 24
282 25
374 26
401 26
119 28
197 28
265 28
387 28
419 28
155 29
352 30
183 31
223 31
329 31
344 31
439 31
311 33
454 33
320 34
248 35
98 36
137 36
461 36
476 36
294 37
387 37
165 39
201 39
405 39
270 40
374 40
420 40
229 41
233 42
366 42
120 43
197 43
352 44
429 44
182 45
221 46
338 46
448 46
143 47
315 47
325 47
152 48
212 48
142 49
252 49
286 49
107 50
288 50
307 50
318 50
175 51
283 51
228 52
471 52
137 53
224 53
267 54
367 54
383 54
405 54
421 54
167 55
220 56
132 57
211 57
340 57
434 57
129 58
211 58
248 58
88 59
196 59
301 60
298 61
448 61
286 62
225 63
227 63
141 64
182 64
462 64
223 65
395 65
73 66
106 66
266 66
346 66
372 66
136 67
386 67
477 67
169 68
220 68
412 68
210 69
426 69
248 70
325 70
169 71
201 71
238 71
439 71
206 72
229 72
128 73
164 73
203 73
204 73
281 73
283 73
304 73
153 74
287 74
157 75
289 75
121 76
372 76
453 76
355 77
403 77
88 78
180 78
189 78
342 79
177 81
417 81
427 81
250 82
317 82
78 83
388 83
473 83
133 84
203 84
240 84
293 84
103 85
162 86
200 86
275 86
342 87
360 87
402 87
438 87
191 88
334 88
186 89
223 89
257 89
455 89
67 90
187 90
370 90
87 91
316 91
150 92
246 92
384 92
420 92
115 94
209 94
301 94
237 95
293 96
396 96
164 97
274 97
472 97
188 99
189 99
344 99
158 100
362 100
444 100
214 101
375 101
180 102
258 102
329 102
124 103
309 103
319 103
415 103
240 104
94 105
428 105
456 106
399 107
168 108
285 108
196 109
349 109
141 110
227 111
414 111
473 111
274 112
452 112
76 114
183 114
263 114
358 114
368 114
426 114
332 115
186 116
315 116
325 116
126 117
213 117
382 117
99 118
464 118
177 119
300 119
146 120
400 120
170 122
252 122
281 122
231 123
367 123
376 123
422 123
113 124
165 124
246 124
415 124
60 125
338 125
352 125
386 126
477 126
110 127
310 127
327 127
186 128
263 128
406 128
74 129
411 129
441 129
105 130
214 130
233 130
258 130
155 131
158 131
406 131
418 131
202 132
297 132
339 132
455 132
425 133
125 134
144 135
288 135
94 136
192 136
200 136
280 136
350 136
364 136
385 136
430 136
248 137
327 137
465 137
118 138
213 138
60 139
83 139
114 139
118 139
275 139
315 139
398 139
435 139
438 139
164 141
261 141
298 142
158 143
185 143
227 143
260 143
419 143
108 144
129 144
181 144
451 144
178 145
259 145
368 145
428 145
74 146
152 146
329 146
340 146
378 146
149 147
286 147
430 147
98 148
174 148
360 148
198 149
273 149
276 149
316 149
392 149
275 150
404 150
466 150
63 152
90 152
141 152
268 152
333 152
141 153
169 153
188 153
262 153
303 153
207 154
256 154
346 154
410 154
443 154
135 155
166 155
227 155
419 155
156 156
423 156
452 156
105 158
162 158
249 158
365 158
428 158
176 159
196 159
250 159
277 159
286 159
376 159
239 160
213 161
338 161
269 162
310 162
312 162
325 162
331 163
402 163
230 164
302 164
350 164
433 164
469 164
99 165
300 165
373 165
258 166
360 166
63 167
120 167
256 167
378 167
226 168
294 168
375 168
137 169
199 169
388 169
163 170
203 170
277 170
400 170
423 170
448 170
215 171
274 171
285 171
215 172
278 172
340 172
346 172
105 173
109 173
174 173
274 173
322 173
332 173
311 174
405 174
436 174
462 174
190 175
52 176
211 176
267 176
360 176
229 177
292 177
367 177
377 177
423 177
130 179
148 179
386 179
72 180
249 180
398 180
219 181
402 181
440 181
110 182
159 183
274 183
333 183
347 183
450 183
272 184
414 184
241 185
269 185
317 185
83 186
272 186
370 186
123 187
194 187
298 187
308 187
379 187
81 188
99 188
176 188
304 188
383 188
388 188
422 188
232 189
301 189
308 189
432 189
206 190
256 190
466 190
226 191
288 191
149 192
396 192
116 193
281 193
288 193
338 193
350 193
404 193
69 194
103 194
443 194
415 195
246 196
377 196
453 196
477 196
36 197
108 197
166 197
275 197
327 197
89 198
428 198
101 199
89 200
107 200
140 200
156 200
303 200
309 200
348 200
382 200
391 200
101 201
182 201
388 201
230 202
294 202
357 203
399 203
464 203
81 205
281 205
326 205
369 205
450 205
199 206
287 206
364 206
410 206
220 207
278 207
282 207
378 208
150 209
172 209
271 209
316 209
338 209
315 210
108 211
270 211
346 211
386 211
50 212
189 212
233 212
109 213
301 213
397 213
439 213
143 214
466 214
66 215
105 215
122 215
208 215
255 215
426 215
444 215
247 216
258 216
361 216
183 217
221 217
248 217
408 217
161 218
452 218
374 219
40 220
318 221
330 221
439 221
120 222
415 222
463 222
199 223
237 223
343 223
385 223
133 224
262 224
293 224
425 224
449 224
174 225
255 225
286 225
288 225
355 225
226 226
291 226
51 227
147 228
436 228
31 229
108 229
206 229
248 229
276 229
368 229
188 230
240 230
306 230
402 230
199 231
378 231
213 232
260 232
305 232
105 233
299 233
387 233
415 233
459 233
322 234
159 235
339 235
445 235
82 236
118 236
290 236
352 236
397 236
116 237
308 237
425 237
41 238
242 238
226 239
452 239
470 239
246 240
407 240
63 241
217 241
366 241
93 242
133 242
173 242
438 242
90 243
251 243
330 244
340 244
378 244
464 244
147 245
270 245
351 245
200 246
386 246
52 247
292 247
421 247
283 248
302 248
30 249
53 249
106 249
255 249
312 249
105 250
123 250
140 250
323 250
364 250
395 250
451 250
53 251
409 251
432 251
7 252
47 252
52 252
118 252
185 252
272 252
339 252
117 254
160 254
231 254
381 254
47 255
205 255
260 256
351 256
115 257
20 258
113 258
294 258
424 258
220 259
250 259
309 259
361 259
408 259
466 259
43 260
149 260
316 260
391 260
91 261
193 261
326 261
369 261
445 262
61 263
238 263
450 263
91 264
157 264
177 264
210 264
274 264
338 264
129 265
380 265
91 266
110 266
141 266
432 266
57 267
231 267
263 267
348 267
407 267
477 267
88 268
292 270
374 270
50 271
170 271
188 271
207 271
251 271
358 271
70 272
303 272
310 272
334 272
399 272
461 272
285 273
65 274
108 274
224 274
419 274
23 275
48 275
151 275
315 275
102 276
329 276
351 276
366 276
382 276
425 276
442 276
404 277
64 278
132 278
79 279
82 279
242 279
198 280
340 280
391 281
458 281
470 281
195 282
296 282
361 282
35 283
75 283
217 283
282 283
302 283
307 283
370 283
376 283
398 283
53 284
284 284
175 285
212 285
258 285
418 285
436 285
144 287
192 287
353 287
92 288
230 288
319 288
319 289
251 290
444 290
172 291
274 291
325 291
385 291
467 291
24 292
111 292
315 292
151 293
244 293
331 293
408 293
429 293
67 294
138 295
371 295
450 295
202 297
270 297
344 297
199 298
377 298
414 298
436 298
185 300
238 300
264 300
309 300
374 300
403 301
117 302
298 302
305 302
477 302
13 303
84 303
147 303
179 303
384 303
407 303
423 303
465 303
36 304
101 304
316 304
443 304
179 305
255 305
290 305
324 305
356 305
191 307
334 307
111 308
197 308
279 308
362 308
128 309
231 309
379 310
434 310
26 311
270 311
397 311
455 311
53 312
249 312
345 312
370 312
473 312
208 313
421 314
443 314
73 315
384 315
20 316
157 316
372 316
324 317
404 317
222 318
319 318
333 318
354 318
464 318
200 319
242 319
301 319
41 321
153 321
332 321
430 321
86 322
259 322
412 322
449 322
62 323
105 323
284 323
392 323
13 324
182 324
363 324
395 324
116 325
337 325
379 325
398 325
193 326
219 326
340 326
435 326
152 328
181 328
468 328
317 329
454 329
229 330
279 330
369 330
419 330
35 331
56 331
161 331
176 331
351 331
133 332
365 332
401 332
189 333
387 333
190 334
325 334
371 334
441 335
75 336
372 336
478 337
254 338
335 338
393 338
460 338
131 339
228 339
273 339
91 340
160 340
173 340
29 341
51 341
213 341
298 341
328 341
357 341
390 342
410 342
424 342
446 342
108 343
338 343
334 344
358 344
393 344
67 345
253 345
373 345
160 346
467 346
158 347
291 347
377 347
396 347
429 347
272 348
210 349
339 350
359 350
157 351
183 351
239 351
321 351
453 351
192 352
432 352
99 353
314 353
415 353
137 354
180 354
224 354
252 354
290 354
321 354
323 354
156 355
344 355
403 355
444 355
471 355
139 356
192 356
269 356
328 356
329 356
361 356
364 356
400 356
43 357
152 357
208 357
308 357
365 357
392 358
118 359
133 359
289 359
458 359
345 360
380 360
190 361
226 361
271 361
417 361
16 362
97 362
131 362
347 362
437 362
438 362
475 362
75 363
226 363
379 363
428 363
33 364
189 364
236 364
289 364
323 364
391 364
440 364
190 365
269 365
306 365
406 365
56 366
177 366
251 366
130 367
207 367
270 367
113 368
176 368
177 368
454 368
464 368
160 369
366 369
396 369
406 369
161 370
269 370
30 371
205 371
255 371
409 371
432 371
346 372
205 373
334 373
445 373
51 374
220 374
307 374
7 375
127 375
224 375
160 376
468 376
236 377
407 377
122 378
174 378
277 378
332 378
87 379
474 379
106 380
220 380
411 380
435 380
191 381
398 381
448 381
458 381
64 382
241 382
343 382
385 382
121 383
159 383
411 383
437 383
22 384
221 384
241 384
257 384
45 385
123 385
135 385
262 385
281 385
366 385
376 385
138 386
302 386
322 386
347 386
425 386
78 388
237 388
291 388
312 388
352 388
204 389
244 389
477 389
224 390
341 390
426 390
462 391
220 392
244 392
248 392
387 392
440 392
455 392
430 393
138 394
90 395
151 395
264 395
173 396
273 396
416 396
34 397
111 397
225 397
327 397
353 397
137 398
272 398
69 399
222 399
245 399
429 399
206 400
281 400
365 400
284 401
288 401
379 401
457 401
48 402
224 402
469 402
7 403
391 403
189 404
204 404
317 404
318 404
390 404
432 404
30 405
172 405
314 405
135 406
155 406
230 406
394 406
403 406
121 407
301 407
103 408
258 408
351 408
349 409
64 410
227 410
475 410
334 411
362 411
210 412
247 412
392 412
461 412
269 413
330 413
2 414
193 414
408 414
421 414
80 416
361 417
396 417
58 419
136 419
156 419
213 419
237 419
296 419
310 419
342 419
348 419
96 420
104 420
117 420
307 420
323 420
424 420
450 420
478 420
175 421
217 421
320 421
359 421
17 422
287 422
294 422
409 422
437 422
38 423
343 423
213 424
378 424
466 424
358 425
376 425
80 426
84 426
218 426
455 426
193 427
234 427
236 427
257 427
428 427
58 428
120 428
153 428
341 428
368 428
378 428
138 429
388 429
369 430
119 431
388 431
399 431
35 432
98 432
114 432
120 432
164 432
269 432
442 432
221 433
222 433
286 433
305 433
331 433
217 434
78 435
244 435
297 435
223 436
294 436
311 436
376 436
99 437
414 437
475 437
431 438
457 438
102 439
375 439
389 439
390 439
139 440
120 441
123 441
432 441
12 442
100 442
204 442
400 442
166 443
183 443
232 443
255 443
363 443
310 444
99 445
101 445
476 445
123 446
266 446
280 446
433 446
35 447
102 447
118 447
337 447
447 447
102 448
170 448
292 448
377 448
392 448
79 449
420 449
211 450
243 450
331 450
56 451
98 451
462 451
8 452
326 452
431 452
418 453
120 454
192 454
83 455
102 455
141 455
158 455
314 456
437 456
142 457
157 457
36 458
108 459
219 459
451 459
88 460
128 460
12 461
80 461
109 461
283 461
422 461
99 462
104 462
122 462
160 462
264 462
296 462
63 463
127 463
175 463
397 463
103 464
361 464
126 465
149 465
331 465
409 465
411 465
128 466
228 466
38 467
203 467
470 467
10 468
350 468
64 469
106 469
322 469
454 470
269 471
313 471
151 472
238 472
302 472
86 473
106 473
166 473
184 473
284 473
413 474
428 474
247 475
340 475
135 476
386 476
460 476
140 477
329 477
367 477
401 477
43 478
68 478
119 478
193 478
221 478
93 479
94 481
99 481
167 481
257 481
318 481
270 482
286 482
318 482
283 483
323 483
414 483
449 483
321 484
358 484
429 484
103 485
237 485
465 485
173 486
391 486
418 486
90 487
98 487
120 487
158 487
207 488
416 488
100 489
338 489
33 490
181 490
127 491
215 491
378 491
472 492
67 493
247 493
436 493
453 493
105 495
162 495
221 495
326 495
329 495
393 495
409 495
77 496
85 496
259 496
272 496
193 497
360 497
363 497
47 498
316 498
422 498
424 498
425 498
141 499
439 499
463 499
233 500
350 500
201 501
347 501
305 502
311 502
447 502
56 503
81 503
175 503
381 503
25 504
84 504
90 504
209 504
300 504
301 504
92 505
94 505
96 505
118 505
342 505
288 506
301 506
329 506
334 506
467 506
93 507
123 507
147 507
245 507
331 507
402 507
417 507
182 508
254 508
427 508
117 509
270 509
367 509
403 510
408 510
222 512
321 512
355 512
357 512
52 513
354 513
442 513
455 513
134 514
312 514
346 515
410 515
159 517
200 517
305 517
475 517
343 518
388 518
90 519
142 519
267 519
94 520
120 520
243 520
278 520
291 520
344 520
169 521
254 521
371 521
384 521
379 522
439 522
124 523
325 523
368 523
422 523
97 524
146 524
217 524
465 524
361 525
371 525
454 525
209 526
181 527
150 528
222 528
78 529
471 529
107 530
223 530
311 530
349 530
447 530
225 531
262 531
434 531
112 532
402 533
90 534
159 534
92 535
197 535
240 535
339 535
387 535
126 536
239 536
286 536
397 536
57 537
383 537
96 538
120 538
171 538
324 538
210 539
367 539
416 539
95 540
99 540
214 540
358 540
368 540
213 541
179 542
365 542
442 542
461 542
106 543
299 543
350 544
427 544
142 545
341 545
72 546
246 547
260 547
272 547
284 547
83 549
152 549
191 549
332 549
450 549
390 550
387 551
401 551
416 551
83 552
375 552
92 553
118 553
86 554
98 554
121 554
92 555
155 555
207 555
369 555
357 556
226 557
228 557
377 557
59 558
130 558
171 558
365 558
315 559
343 559
242 560
301 560
287 561
107 563
329 563
464 563
261 564
75 565
190 565
402 565
404 565
422 565
447 565
472 565
142 566
206 566
271 566
387 566
401 566
209 568
217 568
424 568
282 570
370 570
378 570
158 571
204 571
237 571
293 572
308 572
317 572
341 572
359 572
262 573
462 573
316 574
319 574
101 575
168 575
309 575
443 575
419 577
422 578
124 579
418 579
190 581
271 581
78 582
225 583
402 583
139 584
217 584
288 584
315 584
346 584
382 584
400 584
357 585
367 585
455 585
295 586
313 586
404 586
421 586
153 587
206 587
468 588
97 589
436 589
441 589
110 591
260 592
128 593
183 593
280 594
138 595
238 595
227 596
323 596
403 596
283 597
312 597
341 597
358 597
387 597
306 599
422 599
200 600
369 600
99 601
152 601
446 601
465 601
427 602
210 604
237 604
287 605
167 606
271 606
366 608
124 609
185 609
380 609
315 611
332 613
409 614
423 614
457 614
297 615
96 616
154 616
251 616
226 617
265 617
273 617
447 617
470 617
169 619
191 623
364 624
121 625
349 625
377 625
144 626
201 626
317 626
333 626
213 628
399 628
448 628
156 629
413 629
427 629
237 630
246 630
256 630
391 633
168 634
281 634
290 634
178 636
304 637
