259 24
266 24
284 25
296 26
308 26
324 27
337 29
352 30
366 35
236 38
384 38
217 39
228 39
249 39
196 40
256 40
263 40
203 41
276 41
428 41
191 42
396 42
302 43
436 44
321 45
175 46
338 48
349 48
362 49
236 50
368 51
412 52
226 56
234 56
420 56
217 57
247 57
260 57
375 57
256 58
281 58
385 58
144 59
209 60
267 61
294 61
302 61
312 61
197 62
188 63
432 63
327 64
173 67
341 68
164 69
444 69
353 70
397 70
405 70
357 71
416 72
252 73
270 73
365 73
234 74
246 74
138 75
193 75
265 75
281 75
301 76
204 77
292 77
220 78
334 78
375 78
128 79
310 79
384 79
428 79
462 80
188 81
202 81
314 81
328 81
430 81
119 82
201 82
217 82
324 82
340 82
426 82
332 83
335 83
349 83
401 83
177 84
324 84
326 84
475 84
171 85
338 85
341 85
359 85
397 85
441 86
101 87
345 87
157 88
282 88
357 88
264 89
255 90
271 90
284 90
354 90
439 90
225 91
250 91
260 91
262 91
293 91
406 91
296 92
317 92
416 92
445 92
230 93
231 93
265 93
285 93
315 93
367 93
374 93
139 94
287 94
305 94
213 95
276 95
426 95
206 96
214 96
453 96
212 97
325 97
328 98
336 98
390 98
123 99
200 99
324 99
479 99
191 100
115 101
184 101
396 101
337 102
108 103
401 103
463 103
355 104
424 104
163 105
256 105
344 105
412 105
249 106
285 106
294 106
298 106
238 107
268 107
305 107
425 107
468 107
150 108
215 108
297 108
312 108
368 108
419 108
94 109
226 109
235 109
428 109
84 110
250 110
254 110
303 110
219 111
225 111
430 111
75 112
140 112
319 112
328 113
130 114
319 114
341 114
385 114
191 115
333 115
335 115
341 116
449 116
347 117
401 117
119 118
183 118
297 118
101 119
299 119
363 121
414 121
225 122
245 122
257 122
272 123
216 124
233 124
371 124
380 125
424 125
465 125
131 126
208 126
254 126
291 126
136 127
202 127
302 127
473 127
195 128
388 128
125 129
348 129
397 129
134 130
324 130
437 130
121 131
182 131
172 133
334 133
110 134
342 135
403 135
94 136
360 136
249 137
261 137
277 137
369 137
452 137
228 138
83 139
234 139
294 139
413 139
152 140
214 140
382 141
139 142
142 142
307 142
65 143
136 143
198 143
322 143
463 143
183 145
191 145
336 145
394 146
430 147
344 148
352 148
469 148
257 150
405 150
97 151
271 151
283 151
164 152
243 152
367 152
445 152
142 153
148 153
152 153
223 153
233 153
296 153
83 154
421 154
139 155
142 155
211 155
320 155
126 156
131 157
384 157
189 158
334 158
125 159
122 160
391 160
436 160
112 161
270 161
272 161
280 161
248 162
258 162
259 162
268 162
399 162
460 162
164 163
251 163
271 163
401 163
240 165
363 165
409 165
97 166
100 166
149 166
153 166
158 166
244 166
410 166
87 167
144 167
373 167
413 167
416 167
469 167
225 168
300 168
128 169
148 169
211 169
295 169
80 170
286 170
299 170
312 170
383 170
418 170
420 170
473 170
58 171
421 171
66 172
197 172
199 172
276 172
326 172
427 172
479 172
127 173
190 173
265 173
277 173
110 174
258 174
437 174
111 175
118 175
182 175
267 175
338 175
432 175
161 176
166 176
175 176
255 176
262 176
395 176
403 176
432 176
442 176
106 177
112 177
252 177
437 177
163 178
168 178
248 179
354 179
363 179
402 179
222 180
411 180
147 181
232 181
453 181
89 182
137 182
301 182
371 182
211 183
283 183
301 183
135 184
139 184
318 184
194 185
75 186
132 186
325 186
384 186
127 187
268 187
431 187
462 187
114 188
185 188
336 188
55 189
110 189
179 189
258 189
428 189
469 189
178 190
184 190
345 190
109 191
174 191
251 191
437 191
41 192
101 192
107 192
164 192
240 192
245 192
393 192
432 192
365 193
403 193
475 193
95 194
167 194
227 194
375 195
410 195
88 196
152 196
445 196
196 197
214 197
268 197
415 197
140 198
204 198
302 198
314 198
146 199
278 199
412 199
88 200
189 200
191 200
326 200
265 201
334 201
387 201
81 202
256 202
338 202
121 203
248 203
365 203
425 203
460 204
115 205
178 205
238 205
341 205
351 206
372 206
298 207
405 207
204 208
218 208
224 208
435 208
285 209
294 209
309 209
358 209
470 209
70 210
102 210
154 210
205 210
207 210
382 210
149 211
229 211
264 211
298 211
304 211
320 211
145 212
443 212
141 213
227 213
323 213
139 214
187 214
337 214
420 215
245 216
295 217
86 218
126 218
176 218
273 218
353 218
397 218
454 218
51 219
123 219
161 219
167 219
237 219
348 219
358 219
115 221
196 221
427 221
154 223
231 223
290 223
307 223
372 223
221 224
286 224
292 224
310 224
323 224
76 225
225 225
301 225
142 226
188 226
263 226
273 226
322 226
410 226
438 226
219 227
284 227
336 227
101 228
253 228
330 228
466 228
143 230
173 230
245 230
367 230
133 231
206 231
389 231
419 231
442 231
238 232
347 232
350 233
354 233
360 233
375 233
162 234
88 235
125 235
227 235
296 235
449 235
122 236
191 236
224 236
293 236
313 236
362 236
117 237
149 237
156 237
291 237
64 238
280 238
308 238
315 238
320 238
151 239
182 239
213 239
217 239
218 239
400 239
429 239
149 240
256 241
342 241
341 242
374 242
460 242
177 243
407 243
77 244
174 244
203 244
243 244
380 244
105 245
139 245
171 245
347 245
171 246
412 246
96 247
194 247
235 247
467 247
194 248
416 248
440 248
290 249
300 249
359 249
394 250
159 251
263 251
274 251
281 251
319 251
332 251
473 251
188 252
227 252
422 252
328 253
340 253
371 253
255 255
344 255
174 256
182 256
340 256
403 256
452 256
149 257
477 257
173 258
177 258
354 258
430 258
110 259
145 259
355 259
205 260
232 260
381 260
411 260
360 261
196 262
305 262
314 262
327 262
135 263
169 263
295 263
434 263
73 264
171 264
281 264
366 264
461 264
68 265
192 265
196 265
199 265
272 265
333 265
334 265
389 265
99 266
192 266
194 266
343 266
127 267
336 267
263 268
346 268
401 268
441 268
159 269
217 269
240 269
350 269
184 270
188 270
255 270
351 270
56 271
467 271
180 272
301 272
358 272
316 273
447 273
114 274
203 274
232 274
309 274
363 274
180 275
328 275
43 276
176 276
324 276
399 276
430 276
223 277
452 277
278 278
174 279
196 279
419 279
473 279
200 280
134 281
137 281
402 281
27 282
69 282
266 282
373 282
137 283
139 283
159 283
354 283
162 284
216 284
235 284
259 284
309 284
423 284
109 285
128 285
132 285
294 285
411 285
153 286
319 286
391 286
185 287
279 287
460 287
332 288
412 288
51 289
161 289
204 289
245 289
323 289
330 289
339 289
203 290
336 290
366 290
149 291
156 291
341 291
151 292
222 292
339 292
143 293
401 293
98 294
177 294
269 294
342 294
347 294
386 294
404 294
86 295
197 295
449 295
232 296
404 296
35 297
435 297
251 298
298 298
303 298
314 298
469 298
436 299
452 299
135 300
215 300
230 300
260 300
290 300
358 300
377 300
473 300
112 301
164 302
106 303
338 303
186 304
205 304
210 304
243 304
454 304
78 305
227 305
277 305
339 306
417 306
72 307
223 307
105 308
239 308
268 308
479 308
236 309
387 309
438 309
458 309
441 310
43 311
122 311
153 311
200 311
261 311
294 311
306 311
216 312
378 312
157 313
176 313
317 313
369 313
149 314
324 314
352 314
354 314
410 314
425 314
283 315
381 316
60 317
75 317
152 317
191 317
228 317
232 317
332 317
335 317
360 317
467 317
120 318
122 318
274 318
337 318
397 318
448 318
337 319
94 320
143 320
169 321
385 321
432 321
241 322
419 322
163 323
362 323
24 324
237 324
264 324
295 325
305 325
312 325
88 326
138 326
219 326
321 326
113 327
287 327
376 327
390 327
365 328
405 328
408 328
457 328
278 329
367 329
83 330
195 330
232 330
331 330
421 330
160 331
197 331
383 331
427 331
129 332
181 332
273 332
425 332
442 332
61 333
197 333
336 333
355 333
102 334
194 334
309 334
191 335
384 335
428 335
265 336
295 336
154 337
192 337
238 337
324 337
371 337
447 337
73 338
141 338
225 338
289 338
400 338
413 338
467 338
171 339
373 339
284 340
412 340
169 341
171 341
243 341
93 342
122 342
206 342
387 342
388 342
256 343
278 343
432 343
451 343
149 344
183 344
238 344
405 344
419 344
433 344
47 345
186 346
274 346
391 346
216 347
226 347
389 347
474 347
145 348
163 348
269 348
300 348
330 348
61 349
161 349
250 349
307 349
357 349
455 349
380 350
421 350
438 350
162 351
291 351
318 351
371 351
394 351
406 351
112 352
197 352
422 352
195 353
340 353
394 353
407 354
178 355
179 355
264 355
285 355
461 355
67 356
174 356
209 356
103 357
190 357
347 357
383 357
396 357
413 357
46 358
73 358
218 358
386 358
259 359
332 359
368 359
384 359
228 360
173 361
202 361
399 361
305 362
315 362
467 362
42 363
129 363
353 363
447 363
94 364
269 364
64 365
123 365
149 365
300 365
373 365
327 366
405 366
430 366
215 367
340 367
360 367
390 367
434 367
197 369
79 370
227 370
239 370
145 371
181 371
379 371
472 371
164 372
139 374
287 374
394 374
440 374
454 374
211 375
274 375
363 375
304 376
313 376
248 378
366 378
116 379
155 379
347 379
381 379
423 379
478 379
196 380
463 380
207 381
233 381
183 383
399 383
412 383
268 384
350 384
232 385
256 385
280 385
47 386
91 386
371 386
130 387
417 387
464 387
430 388
445 388
177 389
292 389
331 389
430 389
107 390
321 390
203 391
218 391
312 391
358 392
389 393
402 393
43 394
123 394
147 394
422 394
229 395
338 395
274 397
375 397
451 397
98 398
262 398
304 398
343 400
408 400
113 401
200 401
473 401
76 402
154 402
184 402
365 402
218 403
378 403
393 404
428 404
33 405
88 405
169 405
321 405
345 406
249 407
297 407
365 407
199 408
219 408
208 409
328 409
228 411
50 412
229 412
417 412
463 412
270 413
349 413
368 413
80 414
282 414
437 414
121 415
23 416
399 416
433 416
419 418
464 418
99 419
422 419
148 420
188 420
227 420
420 420
246 421
259 421
270 421
309 421
200 422
281 422
353 422
39 423
234 423
294 424
113 425
427 425
336 426
381 426
61 427
91 427
392 427
442 427
173 428
428 428
157 429
342 429
294 430
325 430
279 431
198 432
209 432
310 432
371 432
416 432
266 434
429 434
25 435
52 435
105 435
223 435
329 437
393 437
420 437
208 438
432 438
85 439
196 439
206 439
295 439
344 439
402 440
419 440
245 441
252 441
331 441
384 441
178 442
66 443
152 443
192 443
436 443
281 444
314 444
374 444
42 445
177 445
349 445
128 446
134 446
334 446
396 446
63 447
189 447
364 447
374 447
101 448
396 448
418 448
455 448
267 449
298 449
160 450
162 450
206 450
186 451
316 451
162 452
186 452
232 452
335 452
35 453
57 453
338 453
440 453
130 454
243 454
353 454
148 455
160 455
367 455
477 455
319 456
77 457
245 457
299 457
461 457
52 458
157 458
205 458
111 459
158 459
194 459
341 459
146 460
219 460
367 460
94 461
243 461
255 461
324 461
73 462
142 462
144 462
170 462
400 462
269 463
124 464
171 464
231 464
369 464
380 464
466 465
305 466
138 467
244 467
430 467
142 469
192 469
333 469
291 470
347 470
383 470
104 471
193 471
255 471
308 471
333 471
177 472
384 472
328 473
351 473
370 473
155 474
192 474
368 474
269 475
406 475
420 475
244 476
270 476
311 476
456 476
85 477
370 477
241 478
245 478
257 478
371 478
395 478
149 479
174 479
270 479
321 479
374 479
425 479
438 479
102 480
228 480
281 480
358 480
360 480
152 481
393 481
203 482
310 482
131 483
313 483
342 483
360 484
187 485
215 485
440 485
299 486
377 487
412 487
413 487
416 487
242 488
273 488
299 488
344 488
112 489
283 489
326 489
73 490
228 490
259 490
417 490
349 492
142 493
301 494
403 494
432 494
449 494
273 495
306 495
258 496
353 496
403 496
385 497
407 497
432 497
304 498
421 498
81 500
173 500
292 500
320 500
153 501
319 501
389 502
203 503
217 503
233 503
363 503
438 503
342 504
59 505
107 505
186 505
263 507
120 508
280 508
396 508
154 509
311 509
248 510
309 511
69 512
330 512
350 512
376 512
203 513
429 513
154 516
282 516
233 517
296 517
383 517
403 517
169 518
185 518
250 518
422 518
449 518
300 519
424 519
137 520
222 520
268 520
96 521
339 521
204 522
387 522
153 524
303 524
362 525
75 526
252 528
330 528
312 530
270 531
236 532
188 534
418 534
91 535
226 535
385 535
447 535
354 536
137 537
301 537
210 539
276 539
359 539
426 539
290 541
323 541
138 542
154 542
190 542
368 543
469 544
118 546
139 546
194 546
241 546
378 547
174 548
258 548
297 548
282 549
340 550
87 551
269 553
391 553
229 555
246 555
309 555
401 556
181 557
356 557
459 557
121 558
142 559
162 559
203 560
363 560
276 562
376 562
105 563
253 563
424 563
329 566
386 566
190 567
298 567
396 567
146 568
209 568
123 569
411 569
441 570
264 571
196 572
347 572
447 572
364 574
239 575
169 576
320 577
379 577
133 578
153 578
223 579
282 579
392 579
205 580
417 581
336 584
293 585
431 585
141 586
344 586
166 589
195 589
301 589
356 589
215 590
363 590
371 590
393 590
380 591
279 592
408 592
150 593
180 593
237 593
260 593
285 593
317 596
270 598
334 599
188 601
405 602
378 603
390 603
357 604
362 604
256 605
305 606
