285 5
335 8
388 8
429 8
138 10
153 10
175 11
231 11
194 12
247 12
262 12
112 13
129 13
214 13
447 13
293 14
103 15
365 15
395 17
310 18
412 19
467 19
326 20
175 22
198 22
227 22
210 23
251 23
430 23
151 24
264 24
357 24
285 25
450 25
126 26
137 26
309 29
113 30
380 31
99 32
336 32
398 32
183 33
217 34
169 35
197 35
422 35
468 35
237 36
262 36
282 36
157 37
252 37
307 37
331 38
347 39
438 39
124 41
365 41
450 42
132 43
389 43
124 44
412 45
204 46
213 46
195 47
252 47
273 47
172 48
232 48
270 48
276 48
424 48
183 49
225 49
304 49
101 50
472 50
330 51
398 53
441 53
353 56
452 57
129 58
260 58
217 59
375 59
212 60
282 60
295 60
421 60
107 61
221 61
276 61
197 62
251 62
156 64
437 64
473 64
89 65
170 65
316 65
158 66
329 66
401 67
352 68
136 70
153 70
363 70
459 70
131 71
143 71
204 71
418 72
202 73
203 73
226 73
246 74
269 74
188 75
272 75
289 75
117 76
268 76
388 77
435 77
311 78
334 78
85 80
100 80
168 80
447 80
355 81
352 82
122 84
132 84
151 84
217 85
231 85
413 85
463 85
144 86
252 86
370 86
199 87
326 87
369 87
136 88
330 88
430 88
179 89
291 89
268 90
343 90
389 90
160 91
98 92
398 92
360 93
316 94
88 95
324 95
364 95
119 96
449 96
122 97
142 97
218 97
385 97
415 97
193 98
262 98
73 99
105 99
174 99
239 99
135 100
391 100
282 101
344 101
389 101
157 102
399 102
429 102
133 103
155 103
307 103
84 105
150 105
362 106
470 106
126 107
208 107
185 108
373 108
324 109
328 109
376 109
479 109
235 110
333 110
391 110
419 110
384 111
388 111
451 112
170 113
350 113
97 114
145 114
269 114
158 115
402 115
222 116
253 116
289 116
302 116
208 117
434 117
80 118
193 118
464 118
318 119
327 120
115 121
331 121
169 123
388 123
70 124
448 124
477 124
163 125
206 125
226 125
249 125
343 125
216 126
97 127
207 127
135 128
272 128
138 129
291 129
430 129
307 130
416 130
426 130
83 131
178 131
378 131
326 132
121 133
323 133
324 134
466 134
212 136
218 136
235 136
443 136
156 137
240 137
395 137
108 138
210 138
248 138
263 138
192 139
181 140
415 140
139 141
280 141
371 141
420 141
293 142
157 143
305 143
427 143
91 144
132 144
420 144
329 146
461 146
390 147
79 148
188 148
193 148
227 148
240 148
325 148
191 149
208 149
347 149
209 150
342 150
113 151
164 151
171 151
246 151
135 152
266 152
64 153
285 153
365 153
407 153
477 153
129 154
445 154
305 155
127 156
130 156
323 157
378 157
91 158
143 158
165 161
254 161
427 161
211 162
219 162
338 162
396 162
281 163
462 163
111 165
357 165
284 166
288 166
369 166
473 166
69 167
102 167
146 167
301 167
441 167
135 169
410 169
223 171
320 171
382 171
179 172
387 172
234 173
89 174
197 174
121 175
172 175
348 175
397 175
77 176
161 176
251 176
391 176
283 177
158 178
265 178
331 178
284 179
287 179
364 179
429 179
103 180
139 180
405 180
375 181
464 181
301 182
129 183
181 183
300 183
444 185
168 186
361 186
421 186
88 187
114 188
238 188
335 188
254 189
401 190
146 191
225 191
271 191
282 191
207 192
281 192
105 193
295 194
348 194
388 194
461 194
131 195
193 195
475 195
70 196
185 196
302 196
314 196
440 196
418 198
175 199
316 199
257 201
370 201
117 202
234 202
82 203
165 203
214 203
253 203
268 203
198 204
264 204
280 204
337 204
153 205
280 205
73 207
137 207
185 207
405 207
313 209
318 209
98 210
443 210
135 211
355 211
171 212
259 212
129 213
323 213
87 214
155 214
229 214
64 215
365 215
423 215
471 215
119 216
213 216
109 217
275 217
283 217
292 217
340 217
397 217
404 217
197 218
298 218
306 220
425 220
432 220
141 221
186 221
455 221
379 222
73 223
353 223
123 225
134 225
170 225
316 225
100 226
226 226
244 227
270 227
330 227
127 228
155 229
204 229
392 229
423 229
417 230
420 230
290 231
340 231
56 232
300 232
184 233
83 234
135 234
307 234
458 234
142 235
171 236
105 237
377 237
244 238
320 238
74 239
233 239
257 239
354 239
439 239
217 240
194 241
262 241
413 241
42 242
90 243
274 243
331 243
445 244
148 245
292 245
297 245
61 247
311 248
78 249
135 249
212 249
343 249
394 249
105 250
371 250
163 251
324 251
319 252
426 252
251 254
146 255
198 255
243 255
263 255
455 255
212 256
228 256
359 256
43 257
115 257
143 257
411 257
60 258
438 259
87 260
173 260
33 261
302 261
309 261
102 263
129 264
152 264
204 264
325 265
393 265
73 266
235 266
259 266
125 267
277 267
372 267
467 267
48 268
180 268
140 269
338 269
430 269
85 271
112 271
137 271
309 271
168 272
214 272
352 272
404 272
452 272
61 273
293 273
318 273
381 273
37 274
190 276
201 276
97 277
326 277
478 278
250 279
423 279
50 280
303 280
49 281
120 281
225 281
243 281
26 282
238 282
251 282
253 282
278 282
280 282
278 283
368 283
427 283
64 284
442 284
66 285
201 285
314 285
467 286
36 287
84 287
105 287
162 287
394 287
78 288
187 288
346 288
351 288
126 289
326 291
401 291
176 292
325 292
260 293
328 293
26 294
247 294
293 294
435 294
475 294
96 295
276 295
383 295
49 296
72 296
235 296
242 296
262 296
276 296
359 296
457 296
232 297
246 297
403 297
46 298
442 298
110 299
225 299
241 299
423 299
162 300
215 300
85 301
139 301
181 302
217 302
343 303
430 303
393 304
127 305
322 305
125 306
344 306
372 306
126 307
210 307
257 307
51 308
100 308
201 308
243 308
344 308
54 309
289 309
321 309
351 309
34 310
271 310
470 310
69 311
165 311
456 311
112 312
67 314
185 314
69 315
308 315
384 315
43 317
68 317
402 317
86 318
211 318
364 318
422 318
133 319
359 319
314 320
171 322
282 322
339 322
36 323
100 323
194 323
201 323
245 323
274 323
426 323
449 323
467 323
104 324
258 324
337 324
56 325
96 325
141 325
344 326
230 327
411 327
341 328
138 329
159 329
217 329
13 330
320 331
324 331
374 331
47 333
205 333
207 333
396 334
437 334
109 335
147 335
308 335
378 335
62 336
27 337
348 337
254 338
308 338
353 338
81 339
197 339
269 339
333 339
354 339
336 340
125 341
446 341
242 342
421 342
154 343
192 343
285 343
468 343
172 344
209 345
231 346
76 347
92 347
135 347
189 347
172 348
210 348
33 349
117 349
138 349
229 349
184 350
224 350
286 350
387 350
14 351
104 351
117 351
339 351
428 351
90 352
317 352
411 352
101 353
115 353
204 353
45 355
162 355
261 356
345 356
84 357
269 357
462 357
5 358
125 358
145 358
302 358
319 358
446 358
371 359
58 360
125 360
158 360
244 360
349 360
68 361
155 361
300 361
435 361
436 361
196 362
343 362
349 362
399 362
416 362
25 363
161 363
275 363
416 363
40 366
95 366
421 366
94 367
108 367
276 367
473 368
52 369
76 369
152 369
245 369
328 369
371 369
388 369
457 369
119 370
173 370
13 371
421 371
167 372
328 372
443 372
64 373
116 373
424 373
357 374
309 375
354 375
238 376
163 377
183 377
185 377
203 377
309 377
355 377
409 377
88 378
127 378
430 378
465 378
46 379
270 379
316 379
162 380
186 380
219 380
332 380
253 382
430 382
293 383
377 383
66 384
102 384
235 384
237 384
255 384
337 384
413 384
183 385
353 385
104 386
122 386
179 386
251 386
274 386
180 387
363 387
100 388
216 388
353 388
436 388
5 389
253 389
255 389
276 389
330 389
333 389
33 390
218 390
295 390
434 390
157 391
332 391
352 391
18 392
252 392
256 392
382 392
80 393
196 393
201 393
260 393
294 393
118 394
221 394
138 395
258 396
291 396
114 398
436 398
184 399
222 399
458 399
477 399
240 400
332 400
351 400
172 401
274 401
423 401
152 402
405 402
117 403
137 403
289 403
140 404
383 404
11 405
42 405
77 405
368 405
387 405
444 405
29 406
131 406
369 406
60 407
154 407
139 408
153 408
252 408
426 409
205 410
230 410
391 410
188 411
276 411
465 411
114 412
304 413
332 413
130 415
25 416
133 416
137 416
172 416
408 416
39 417
92 417
153 418
213 418
350 418
448 419
6 421
74 421
242 423
291 423
113 424
155 424
436 424
54 425
133 425
221 425
137 426
253 426
283 426
422 426
195 427
393 427
324 428
176 429
267 429
355 429
405 429
153 430
90 431
370 432
456 432
237 434
476 434
7 435
208 435
73 436
303 436
395 436
439 437
248 438
292 438
409 438
338 439
461 440
424 441
25 442
86 442
136 442
261 442
318 442
320 442
103 443
37 444
134 444
158 444
280 444
138 448
447 448
91 449
121 449
140 449
75 450
185 451
139 452
149 452
333 452
428 452
8 453
104 453
232 453
366 453
196 454
306 454
348 454
413 454
23 455
48 455
62 455
248 455
468 456
140 457
173 457
253 458
350 458
36 459
128 459
280 459
291 459
302 459
127 460
248 460
399 460
207 461
345 461
349 461
208 462
268 462
472 462
182 464
153 465
274 465
365 465
382 465
111 466
80 467
308 467
415 467
7 468
135 468
22 469
52 469
312 469
131 470
219 470
234 470
450 471
96 472
226 472
228 472
338 472
252 473
39 474
256 474
331 474
140 475
197 476
434 476
416 477
137 478
160 478
134 480
266 480
9 481
83 481
168 481
27 482
54 483
202 483
211 483
43 484
102 484
321 484
121 485
207 485
215 485
317 485
308 488
105 489
176 489
223 489
333 489
87 491
256 491
433 491
10 492
74 492
103 492
156 492
240 492
466 493
233 494
275 494
285 494
289 494
143 495
244 495
329 495
352 495
391 495
449 495
29 496
62 496
88 496
105 496
241 496
187 497
292 497
275 498
108 499
203 499
170 500
78 501
371 501
409 501
132 502
318 502
197 503
46 504
320 504
32 505
206 505
16 506
65 506
99 506
343 506
177 507
385 507
100 508
158 508
307 508
220 509
236 509
265 509
267 509
274 509
306 509
448 509
100 510
297 510
303 510
248 511
249 511
101 512
142 512
233 512
260 512
287 512
292 512
295 512
259 513
263 513
360 513
427 513
123 514
82 515
400 515
466 515
17 516
54 516
328 517
200 518
40 520
75 520
110 520
116 523
221 523
317 523
116 524
165 524
353 524
93 525
292 525
428 526
22 527
124 528
61 529
140 529
277 529
341 529
123 530
125 530
368 530
371 530
250 531
439 531
444 531
461 531
82 533
266 533
425 533
403 534
440 535
46 536
300 536
362 536
189 537
224 537
333 537
384 537
356 540
232 542
286 543
320 543
399 543
436 543
135 544
417 544
455 544
154 546
211 546
402 546
183 548
396 548
117 549
346 549
372 549
413 549
268 550
122 551
140 551
146 551
304 552
372 552
83 553
166 553
221 553
432 553
121 555
144 555
412 555
199 557
177 558
244 558
444 558
130 559
255 559
289 559
321 559
132 560
379 560
271 561
410 561
49 562
93 563
159 563
426 563
211 564
213 564
374 565
114 566
74 567
141 567
192 567
354 567
459 568
312 569
168 570
478 571
59 572
125 572
398 572
436 572
234 573
287 573
301 573
342 573
86 574
247 574
255 576
188 577
329 577
105 578
268 578
158 579
217 579
362 579
64 580
320 580
388 580
136 581
94 582
221 583
201 584
227 584
173 585
425 585
72 586
116 586
202 586
209 586
349 586
403 586
446 586
212 587
234 587
297 587
281 589
258 590
105 591
186 591
374 592
196 593
392 594
466 594
132 595
317 595
341 597
165 598
206 598
225 598
216 599
308 600
357 600
93 601
118 602
182 602
430 602
148 603
378 603
235 604
249 604
266 604
279 605
293 605
327 606
195 607
448 607
128 609
104 610
157 610
205 610
349 611
366 611
394 611
168 613
221 613
306 614
385 614
235 615
437 615
338 616
252 617
285 617
113 618
146 618
188 618
267 618
354 620
426 620
198 621
397 621
123 623
322 624
128 625
218 625
368 625
164 626
236 628
301 628
415 628
356 629
385 629
181 631
256 631
290 631
139 632
274 632
344 634
198 635
152 637
