334 7
345 7
356 7
367 9
379 9
394 12
411 15
302 17
361 17
295 18
311 19
369 20
322 21
381 21
389 24
407 25
350 28
271 29
287 29
298 29
368 30
419 30
426 30
316 31
258 32
307 33
323 33
384 34
436 34
332 35
391 36
446 37
288 39
348 39
410 40
256 42
272 42
305 42
361 42
243 43
374 43
422 43
295 44
227 45
322 45
460 45
381 46
391 48
433 48
338 49
351 49
397 50
300 52
445 52
282 53
410 53
258 54
273 54
319 54
245 55
369 55
232 56
420 56
209 58
337 58
381 58
458 58
430 60
196 61
467 61
348 62
397 63
291 64
304 64
244 65
254 65
271 65
310 65
440 66
230 67
284 67
373 67
321 68
362 68
410 68
338 70
424 72
258 74
385 74
433 74
459 74
274 75
292 75
355 75
366 75
244 76
304 76
396 76
321 78
226 79
207 80
373 80
407 80
443 80
335 81
475 81
333 82
349 83
389 84
420 84
250 85
261 85
183 86
459 86
278 87
361 87
427 87
224 88
269 88
291 88
311 88
230 89
301 89
406 90
218 91
374 91
439 91
321 92
346 93
382 93
474 94
191 95
416 95
355 96
449 96
274 97
226 98
258 98
426 98
366 99
306 100
322 100
459 100
175 101
435 102
205 103
339 103
191 104
403 104
382 105
237 107
354 107
387 107
174 108
289 108
294 108
413 108
251 109
269 109
450 109
197 110
318 111
396 111
162 112
424 112
332 113
387 115
439 115
281 116
345 116
379 116
409 116
179 117
223 117
235 117
306 117
210 118
250 118
265 118
293 118
388 118
464 118
356 119
390 119
419 119
160 120
197 121
317 121
366 121
194 122
404 122
452 122
257 123
431 123
179 124
242 124
266 124
333 124
375 124
180 125
377 125
224 126
477 126
169 127
339 127
377 127
383 127
287 128
164 129
299 129
392 129
460 129
352 130
392 130
417 130
442 130
200 131
314 131
187 132
258 132
153 133
272 133
424 133
466 133
142 134
245 134
326 134
367 134
232 135
452 135
165 136
218 136
335 136
409 138
199 139
273 139
295 139
432 139
152 140
303 140
386 140
475 140
185 141
252 141
317 141
344 141
353 141
240 142
384 142
464 142
441 143
219 144
364 144
393 144
419 144
168 145
269 145
163 146
262 146
209 147
326 147
153 149
189 149
335 149
382 149
474 149
297 150
353 150
451 150
177 151
179 151
307 151
251 152
409 152
167 153
434 153
234 154
263 154
365 154
458 154
132 155
202 156
277 156
418 156
151 157
324 158
346 158
182 159
188 159
379 159
118 160
131 161
336 161
468 161
227 162
312 162
364 162
162 163
236 163
388 163
410 163
430 163
160 164
337 164
101 165
162 165
438 165
213 166
356 166
394 166
458 166
146 167
278 167
325 167
195 168
291 168
117 169
131 169
325 169
184 170
380 170
179 171
330 171
368 171
423 171
166 172
372 172
169 173
374 173
449 173
162 174
257 174
356 174
408 174
228 175
269 175
318 175
431 175
119 176
201 176
217 177
147 178
191 178
277 178
108 179
287 179
292 179
332 179
371 179
438 179
178 180
132 181
245 181
304 181
372 181
418 181
461 181
252 182
477 182
90 183
164 183
236 183
358 183
120 184
264 185
372 185
425 185
80 187
147 187
217 187
280 187
325 187
365 187
190 188
204 188
405 188
107 189
185 189
452 189
132 190
236 190
352 190
100 191
165 191
298 191
173 192
164 193
246 193
358 193
397 193
226 194
121 195
199 195
215 195
312 195
384 195
418 195
91 197
270 197
284 197
349 197
370 197
143 198
180 198
353 198
111 199
290 199
465 199
170 200
175 200
325 200
299 201
446 201
81 202
157 202
237 202
242 202
281 203
362 203
306 204
347 204
430 204
125 205
197 205
201 205
252 205
415 205
71 206
455 206
476 206
144 207
94 208
120 208
123 208
192 208
354 208
371 208
386 208
402 208
266 209
318 209
403 209
461 209
113 210
177 210
166 211
346 211
86 212
440 212
361 213
397 213
153 214
212 214
210 215
428 215
56 216
204 216
227 216
238 216
281 216
302 216
144 217
197 217
451 217
98 218
189 218
251 218
311 218
337 218
373 218
388 218
123 219
138 219
359 219
416 219
165 220
187 220
419 220
475 220
71 221
343 222
460 222
299 223
436 223
200 224
211 224
422 224
113 225
151 225
271 225
88 226
62 227
327 227
382 227
445 227
466 227
148 228
250 228
42 229
138 229
276 229
404 229
281 230
292 230
356 230
335 231
432 231
55 232
192 232
434 232
78 233
299 233
375 233
129 234
261 234
340 234
472 234
96 235
167 235
217 235
259 235
226 236
323 236
396 236
415 236
419 237
289 238
305 238
385 238
238 239
272 239
441 239
43 240
65 240
90 240
117 240
366 240
147 241
193 242
210 243
246 243
333 243
206 244
216 244
351 244
372 244
392 244
426 244
106 245
183 245
252 245
315 245
57 246
134 246
448 246
466 246
79 247
176 247
283 247
356 247
161 248
225 249
262 249
378 249
49 250
126 250
160 250
324 250
414 250
31 251
155 251
240 251
304 251
433 251
289 252
474 252
241 253
311 253
343 253
271 254
363 254
385 254
456 254
90 255
200 255
41 256
147 256
421 256
66 257
113 257
217 257
250 257
331 257
393 257
139 258
350 259
380 259
408 259
229 260
451 260
374 262
468 262
32 263
81 263
173 263
282 263
357 263
399 263
56 264
163 264
164 264
192 264
263 264
301 264
340 264
102 265
179 265
321 265
389 265
441 265
193 266
203 266
415 266
128 267
428 267
456 267
306 268
212 269
271 269
344 269
70 270
447 271
49 272
149 272
221 272
463 273
24 274
113 274
293 274
218 275
262 275
330 275
366 275
87 276
141 276
245 276
366 276
352 277
434 277
280 278
315 278
20 279
176 279
183 279
420 279
37 280
168 280
180 280
336 280
452 280
56 281
300 281
374 281
104 282
205 282
285 282
388 282
469 282
127 283
250 283
269 283
15 284
440 284
120 285
98 286
210 286
378 286
423 286
75 287
158 287
302 287
344 287
216 288
428 288
270 289
473 289
69 290
149 290
306 290
428 290
89 291
323 291
44 292
114 292
115 292
193 292
461 292
25 293
337 293
349 293
88 294
178 294
244 294
399 294
428 294
368 295
399 295
138 296
202 296
258 296
293 296
434 296
109 297
170 297
110 298
368 298
278 299
341 299
419 299
449 299
405 300
60 301
103 301
212 301
326 301
373 301
38 302
101 302
160 302
356 302
372 302
388 302
79 303
127 303
249 303
265 303
294 303
297 303
438 304
214 305
233 305
280 305
423 305
54 306
186 306
473 306
105 307
360 307
457 307
98 308
198 308
236 308
333 308
32 309
179 309
217 309
346 309
394 309
74 310
146 310
206 310
423 310
117 311
314 311
319 311
444 313
44 314
170 314
251 314
284 314
269 316
317 316
362 316
414 316
462 316
86 317
138 317
220 317
450 318
5 319
63 319
109 319
161 319
224 319
237 319
479 319
24 320
256 320
383 320
400 321
150 322
195 322
203 322
209 322
304 322
320 322
135 323
187 323
241 323
336 323
419 323
39 324
58 324
290 324
371 324
418 324
466 324
104 325
256 325
272 325
128 326
153 326
356 326
374 326
401 326
417 326
436 326
225 327
157 328
208 328
223 328
271 328
454 328
78 329
127 329
148 329
240 329
257 329
294 330
472 330
32 331
325 331
343 331
386 331
307 332
427 332
13 333
293 333
441 333
174 334
209 334
238 334
357 334
118 335
277 335
377 335
407 335
47 337
94 337
295 337
68 338
457 338
222 339
346 339
361 339
138 340
225 340
325 340
115 341
133 341
136 341
258 341
166 342
295 342
476 342
23 343
204 343
410 343
448 343
363 344
411 344
63 345
205 345
207 346
277 346
297 346
463 346
6 347
38 347
160 347
242 347
424 347
435 347
182 348
314 348
363 348
55 349
106 349
259 349
284 349
81 350
287 350
398 350
239 351
326 351
225 352
296 352
349 352
382 352
416 352
316 353
365 353
154 354
181 354
301 354
365 354
441 354
451 354
339 355
401 355
47 357
24 358
128 358
242 358
300 358
316 358
72 359
122 360
153 360
199 360
302 360
355 360
388 360
168 361
176 361
405 362
433 362
328 363
332 363
370 363
405 363
259 364
287 364
383 364
469 364
211 365
457 365
64 366
238 366
420 366
66 367
343 367
438 367
12 368
359 368
61 369
111 369
171 369
347 369
384 369
423 369
86 370
149 370
275 371
291 371
304 371
334 371
192 372
29 373
221 373
408 373
395 374
458 374
7 375
163 375
238 375
360 375
57 376
318 376
346 376
349 377
357 377
81 378
232 378
240 378
402 378
220 379
258 379
275 379
137 380
164 380
289 380
45 381
102 381
184 381
444 381
21 382
49 382
180 382
389 382
165 383
349 383
125 384
178 384
206 384
227 384
231 384
414 384
42 385
78 385
257 385
375 385
319 386
429 386
291 387
362 387
418 387
70 388
177 388
18 389
156 389
270 389
302 389
461 389
94 390
198 390
40 391
337 391
403 391
237 392
132 393
375 393
388 393
449 393
60 394
8 395
196 395
224 395
350 395
419 395
421 395
208 396
351 396
63 397
113 397
154 397
174 397
437 397
168 398
338 399
468 399
405 400
26 401
107 401
317 401
305 402
189 403
231 403
367 403
407 403
379 404
48 405
219 405
269 405
101 406
235 406
341 406
354 406
407 406
423 406
456 406
79 407
143 407
199 408
251 408
393 408
216 409
270 409
405 409
415 409
121 410
157 410
185 410
407 411
15 412
133 412
473 412
42 413
244 413
416 413
138 414
195 414
302 414
316 414
355 414
441 414
286 415
329 415
367 415
381 415
95 416
393 416
459 416
94 417
114 417
158 417
280 417
430 417
65 418
409 418
91 419
244 419
342 419
395 419
174 420
226 420
434 420
477 420
31 421
3 422
433 422
356 423
447 423
108 424
129 424
263 424
300 424
369 424
144 425
258 425
240 426
257 426
315 426
281 427
328 427
124 428
221 428
52 429
102 429
146 429
23 430
382 432
425 432
164 433
341 433
439 433
76 434
116 435
215 435
398 435
42 436
112 436
198 436
254 436
297 436
312 436
373 436
399 437
216 438
277 438
357 438
386 438
107 439
10 440
134 441
210 441
314 441
103 442
157 442
477 442
35 443
175 443
230 443
327 443
401 443
465 444
2 445
172 446
417 446
127 447
357 447
388 447
448 447
60 448
92 448
191 448
295 448
375 448
433 448
152 449
190 449
249 449
268 449
341 451
22 452
416 452
308 453
433 453
122 454
166 455
322 455
349 455
180 456
181 456
244 456
283 456
301 456
363 456
403 456
48 457
142 458
160 458
266 458
456 458
287 459
391 459
407 459
437 459
9 460
77 460
110 460
471 460
380 461
192 462
217 463
260 463
337 463
305 464
102 465
133 465
238 465
283 465
32 467
169 467
317 467
366 467
462 468
61 469
147 469
393 470
92 471
185 471
210 471
277 471
124 472
253 472
381 473
440 473
230 474
443 474
13 475
49 476
336 476
153 477
175 477
300 477
349 477
116 478
203 478
273 478
316 478
83 479
290 479
316 479
400 479
291 480
428 480
170 481
190 481
248 482
37 483
76 483
331 483
349 483
414 483
471 483
417 484
68 485
267 485
362 485
447 485
106 486
288 486
135 487
292 489
421 490
263 491
285 491
404 491
419 491
21 492
91 492
154 492
49 493
234 493
374 493
465 493
12 494
123 494
390 494
426 494
230 495
305 495
327 495
455 495
192 496
208 496
281 496
175 497
205 498
355 498
428 498
78 499
230 499
394 499
411 499
203 500
254 500
339 500
36 501
137 501
205 501
366 501
375 501
440 501
234 502
471 502
167 503
276 503
430 503
203 504
226 504
316 504
299 505
317 505
61 506
218 506
102 507
219 507
291 507
399 507
17 508
39 508
158 508
190 508
4 509
294 509
315 509
367 509
436 509
241 510
265 510
346 510
387 511
86 512
148 513
293 513
309 513
335 513
405 513
423 513
442 514
405 515
213 516
328 517
467 517
75 518
136 518
172 518
177 518
123 519
164 519
346 519
60 520
25 521
44 521
160 521
11 522
437 522
454 522
111 523
199 523
324 523
275 524
369 525
156 526
159 526
253 526
299 526
404 526
423 526
400 527
89 528
357 528
429 528
145 529
150 529
217 529
273 529
318 529
186 530
335 530
459 530
141 531
433 531
69 532
139 532
140 533
241 533
261 533
288 533
412 533
56 534
136 534
267 534
14 535
126 535
134 535
210 535
306 535
346 535
38 536
173 536
376 537
447 537
107 538
261 538
422 538
467 538
329 539
390 539
89 540
158 540
398 540
194 541
297 541
366 541
71 542
164 542
223 542
259 542
477 542
153 543
152 545
432 545
316 546
347 546
413 546
429 546
457 546
433 547
8 550
54 551
231 551
274 551
22 552
36 552
121 552
263 552
337 552
382 552
445 552
90 553
105 553
111 553
201 553
305 553
466 553
74 554
393 554
401 554
372 555
259 556
160 557
179 557
260 557
293 557
361 557
421 557
163 559
429 559
452 559
155 560
323 560
428 560
476 560
143 562
248 562
347 562
281 563
330 563
21 566
439 567
464 567
31 568
269 568
397 568
43 569
56 569
76 569
210 569
385 569
111 570
188 570
412 570
370 571
126 572
139 573
175 573
424 573
450 573
158 574
255 574
357 574
346 576
333 577
474 577
246 578
456 578
272 579
319 580
436 580
53 582
61 582
88 582
210 582
232 582
45 583
463 583
80 584
90 584
118 584
85 585
388 585
107 586
136 586
98 587
398 587
158 588
175 588
298 588
357 588
371 588
270 589
417 589
472 589
149 590
433 591
446 591
360 592
452 592
38 593
336 593
250 594
328 595
335 595
50 596
258 596
221 597
65 598
81 598
209 598
240 598
310 599
375 599
95 600
275 600
388 600
461 600
291 601
137 602
143 602
118 603
416 603
129 604
406 604
432 604
164 605
176 605
186 605
147 606
470 606
200 607
356 607
61 609
370 609
221 610
314 610
340 610
479 610
233 612
255 612
82 613
104 613
453 613
391 615
412 615
460 615
125 616
274 616
146 618
293 618
404 618
158 620
303 620
182 621
200 621
322 621
216 623
425 623
339 625
349 625
436 625
237 626
82 627
248 627
362 627
448 627
263 628
375 628
103 629
474 629
461 630
393 631
127 633
286 633
293 634
197 635
408 635
152 636
305 636
215 637
419 637
432 637
167 638
