335 1
364 2
159 3
180 3
262 3
324 3
479 3
307 5
221 6
145 7
174 8
296 8
410 10
139 11
246 12
277 12
235 14
367 14
385 14
428 14
200 15
269 15
440 15
336 16
354 16
378 16
394 17
408 17
453 18
329 19
319 20
467 20
250 21
478 21
186 22
306 23
296 24
147 25
236 26
178 28
224 28
278 28
141 29
267 29
348 29
366 29
388 30
334 31
380 31
419 31
130 33
340 33
361 33
395 33
410 33
436 33
168 34
252 34
205 35
319 35
451 36
304 38
468 38
119 39
155 39
293 40
188 41
230 41
147 44
228 44
279 44
345 45
407 46
180 47
221 47
354 47
365 47
135 48
174 48
221 48
262 48
345 48
401 48
423 48
380 49
394 49
440 49
323 50
341 50
358 50
423 50
431 50
332 51
454 51
207 52
315 52
122 53
248 53
168 54
467 54
292 56
195 57
154 58
200 58
233 58
113 59
281 59
184 60
233 60
411 61
419 61
105 62
264 62
339 63
353 63
411 63
438 63
217 64
438 64
133 65
363 65
379 65
330 66
342 66
350 66
404 66
452 66
325 67
391 67
206 69
308 70
159 72
161 72
238 72
124 73
197 73
288 73
473 73
230 74
147 76
418 76
422 76
108 77
269 77
219 78
219 79
255 79
347 80
349 80
433 80
176 81
377 81
382 81
171 82
329 82
366 82
370 82
395 82
134 83
322 83
395 83
453 83
308 84
243 85
397 86
404 86
470 86
202 87
292 87
233 88
190 89
479 89
415 90
154 91
276 91
112 92
250 93
332 93
346 93
433 94
354 95
362 95
136 96
173 96
444 96
180 97
205 97
303 97
127 98
173 98
372 98
101 99
238 99
163 100
392 100
285 101
405 101
464 102
260 103
116 104
198 105
478 105
152 106
220 106
250 106
418 106
340 107
346 107
105 109
183 109
337 109
97 110
309 110
316 110
336 110
348 110
430 110
138 111
240 111
329 111
335 111
362 111
378 112
444 112
291 113
203 114
277 114
388 115
452 115
123 116
171 116
265 116
220 117
400 117
467 118
195 119
462 119
473 119
158 120
250 120
404 121
415 121
75 122
149 122
410 122
315 123
338 123
108 124
305 124
350 124
427 124
345 125
353 125
362 125
438 125
232 126
446 126
102 127
139 127
179 127
293 127
374 127
270 129
132 131
259 131
387 131
460 131
214 132
242 133
403 134
91 136
119 137
335 137
413 137
474 137
84 138
298 138
420 138
153 139
197 139
237 139
302 139
318 139
327 139
431 139
237 140
182 141
356 141
436 141
270 142
112 143
146 143
366 143
217 144
73 145
259 145
375 145
383 145
398 145
454 145
470 147
170 148
218 148
104 149
131 149
213 149
241 149
343 150
417 150
203 151
62 152
201 152
237 152
160 153
286 153
288 153
97 154
291 154
324 154
438 154
288 155
332 155
358 155
363 155
436 155
266 156
275 156
382 156
393 157
147 158
186 158
220 158
91 160
406 160
113 161
409 161
241 162
320 163
350 163
65 164
213 164
356 164
452 164
169 165
303 165
337 165
362 165
368 165
429 165
465 165
84 166
203 166
438 166
129 167
284 167
206 168
162 169
263 169
274 169
75 171
104 171
154 171
193 171
390 171
243 172
245 172
102 173
415 173
418 174
311 175
93 176
440 176
221 177
352 177
144 178
279 178
294 178
337 178
46 179
91 179
170 179
324 179
69 180
114 180
366 180
453 180
88 182
261 182
384 182
461 182
210 183
80 184
86 184
245 184
401 184
103 185
478 185
159 186
423 187
126 188
406 188
99 190
340 190
426 190
183 191
286 191
312 191
356 191
445 191
47 192
296 192
272 194
320 194
370 194
145 195
261 195
389 195
461 195
68 196
174 196
255 196
380 197
114 198
211 198
247 198
118 199
333 199
55 200
206 200
403 200
473 200
166 201
203 201
236 201
134 202
412 202
430 202
235 203
348 203
50 204
79 204
160 204
364 205
155 206
450 206
127 207
185 207
187 207
308 207
287 208
219 209
256 209
274 209
381 209
215 210
320 210
329 210
67 211
144 211
424 211
143 212
177 212
207 212
143 214
339 214
464 214
117 215
453 215
204 216
400 216
230 217
406 217
350 218
408 218
88 219
364 219
191 220
309 220
279 221
415 221
473 221
126 222
152 222
379 222
268 223
290 224
314 224
51 225
77 225
104 225
106 225
146 225
324 225
34 226
187 226
208 226
251 226
445 226
430 227
98 228
185 228
395 228
119 229
179 229
239 229
350 230
456 232
113 234
409 234
110 235
115 235
151 235
416 235
91 236
131 236
194 236
199 236
275 236
365 236
423 236
471 236
228 237
265 237
291 237
19 238
60 238
154 238
170 238
218 238
302 238
378 238
422 238
148 239
258 239
311 239
36 240
84 241
324 241
106 242
209 242
247 242
340 242
381 242
393 242
437 242
184 243
187 243
77 244
122 246
210 246
354 246
102 247
239 247
274 247
407 247
450 247
140 248
287 248
50 249
197 249
233 249
372 249
192 250
259 250
366 250
367 250
463 250
365 251
419 251
312 252
170 253
223 253
303 253
382 253
471 253
20 254
74 254
94 254
151 254
330 254
479 254
112 255
320 255
43 256
219 256
216 257
389 257
394 257
432 257
66 258
285 258
342 258
88 259
183 259
443 259
254 260
270 260
126 261
357 261
39 262
245 262
408 262
206 263
376 263
107 264
233 264
371 264
57 265
142 265
230 265
238 265
455 265
233 266
325 266
157 267
190 267
418 267
30 268
77 268
173 268
385 268
224 269
337 269
463 269
52 270
217 270
134 271
345 271
214 272
258 272
95 273
291 273
430 273
475 273
48 274
166 274
270 274
282 274
358 274
114 275
303 276
372 276
441 276
374 277
18 278
200 278
314 278
147 279
181 279
238 279
411 280
327 281
67 282
200 282
229 282
333 282
452 282
339 283
388 283
85 284
125 284
38 285
158 285
338 285
343 285
364 285
220 286
102 287
139 287
190 287
259 287
283 287
427 287
60 288
296 288
350 288
461 288
6 289
272 289
402 289
54 290
80 290
170 290
213 290
312 290
373 290
319 292
474 292
239 293
437 293
118 294
359 294
410 294
94 295
150 295
23 296
232 297
341 297
113 298
131 298
182 298
227 298
367 298
418 298
71 299
459 299
392 300
44 301
162 301
200 301
266 301
280 301
290 301
308 301
146 302
258 302
299 302
447 302
17 303
219 303
347 303
350 303
467 303
177 304
248 304
403 304
427 304
12 305
64 305
473 305
320 306
377 306
86 307
356 307
105 308
124 308
190 308
456 308
326 309
434 309
282 310
57 311
234 311
269 311
335 311
30 312
209 312
365 313
136 314
290 314
416 314
152 315
390 315
444 315
184 316
319 316
370 316
77 317
117 317
250 317
342 317
346 317
21 318
203 318
221 318
260 318
468 318
300 319
403 319
327 320
150 321
405 321
425 321
426 321
432 321
45 322
353 322
379 322
478 322
216 323
235 323
239 323
268 323
309 323
425 323
72 324
198 324
273 324
330 324
452 324
95 325
215 325
279 325
433 325
74 326
132 326
161 326
176 326
333 326
360 326
66 327
234 327
361 327
394 327
413 328
464 328
111 329
144 329
297 329
88 330
279 330
440 330
193 331
212 331
340 331
366 331
383 331
43 332
35 333
59 333
67 333
405 333
421 333
3 334
127 334
210 334
225 334
322 334
474 334
109 335
212 335
226 335
345 335
82 336
106 336
302 336
321 336
450 336
370 337
172 338
105 339
154 339
408 339
138 340
265 340
266 340
391 340
459 340
79 341
119 341
189 341
24 342
50 342
231 342
411 342
225 343
235 343
307 344
375 345
466 345
257 346
446 346
400 347
291 348
414 348
74 349
475 349
44 350
68 350
114 350
327 350
452 350
15 351
94 351
203 351
311 351
419 351
155 352
237 352
64 353
342 353
379 353
128 354
170 354
184 354
393 354
90 355
106 355
408 355
439 355
327 356
425 356
460 356
5 357
34 357
141 357
265 357
327 357
479 357
86 358
360 358
364 358
67 359
106 359
346 359
52 360
82 360
85 360
261 360
256 361
466 361
140 362
446 362
310 363
329 363
82 364
170 364
174 364
211 364
238 364
417 364
46 365
123 365
154 365
23 366
244 366
401 366
194 367
271 367
307 367
368 367
470 367
432 368
452 368
234 369
266 369
348 369
293 370
329 370
371 370
226 371
267 371
289 371
364 371
97 372
118 372
137 372
205 372
211 372
422 372
304 373
370 373
387 373
390 373
454 373
11 374
263 374
77 375
56 376
34 377
287 377
7 378
113 378
460 378
173 379
183 379
262 379
365 379
390 379
443 379
479 379
155 380
207 380
51 381
73 381
132 381
283 382
425 382
243 383
378 383
91 384
189 384
281 384
301 384
162 385
379 385
69 386
186 386
230 386
395 386
198 387
448 387
466 387
106 389
161 389
262 389
41 390
122 390
209 390
378 390
163 391
170 391
260 391
307 391
349 391
412 391
14 393
176 393
256 393
450 393
472 393
292 394
364 394
34 395
243 395
247 395
268 395
290 395
58 396
80 396
176 396
237 397
305 398
220 399
98 400
146 400
344 400
50 401
73 401
263 401
364 401
380 401
419 401
207 402
282 402
322 402
338 402
363 402
393 402
478 402
458 403
3 404
44 405
438 405
22 406
62 406
159 406
167 407
231 407
293 407
408 407
87 408
128 408
274 408
174 409
363 409
16 410
449 410
465 410
36 411
206 411
287 411
422 411
209 412
342 412
376 412
50 413
189 413
260 414
362 414
439 414
77 415
104 415
279 415
314 415
328 415
7 416
41 416
233 416
70 417
228 417
407 417
28 418
148 418
221 419
259 420
375 420
250 421
394 421
159 422
207 422
215 422
321 422
357 422
424 422
472 422
172 423
335 423
92 424
199 424
58 425
185 425
374 425
438 425
18 426
127 426
243 426
370 426
13 428
112 428
407 428
457 428
230 429
391 429
310 430
7 431
294 431
40 432
137 432
148 432
263 433
422 433
74 434
445 435
66 436
210 436
161 437
208 437
308 437
101 438
175 438
185 438
193 438
251 438
282 438
339 438
331 439
31 440
468 441
116 442
239 442
297 442
360 442
380 442
126 443
319 444
333 444
44 445
290 445
377 445
382 445
421 445
317 446
351 446
150 447
223 447
261 447
135 448
309 448
377 448
203 449
286 449
370 449
400 449
149 450
155 450
162 450
255 450
399 450
451 451
460 451
75 452
94 452
153 452
172 452
86 453
102 453
190 453
240 453
110 454
304 454
325 454
348 454
413 454
65 455
82 455
436 455
55 456
271 456
48 457
467 457
124 458
39 459
137 459
227 459
258 459
261 459
297 459
390 459
27 460
137 460
295 460
341 460
433 460
316 461
383 461
409 461
474 461
216 462
18 463
205 463
310 463
449 463
313 464
429 464
6 465
179 465
281 465
379 465
383 465
84 466
190 466
63 467
308 467
358 467
379 467
74 468
91 468
402 468
100 469
330 469
443 469
52 470
234 470
422 470
107 471
116 472
295 472
121 473
415 473
455 473
469 473
372 474
210 475
314 475
320 475
344 475
127 476
140 476
153 476
220 476
389 476
24 477
256 477
14 478
131 478
169 478
180 478
190 478
386 478
413 478
201 479
249 479
368 479
431 479
461 480
74 481
333 481
7 482
67 482
56 483
61 483
447 484
95 485
238 485
106 486
260 486
219 487
225 487
117 488
292 489
370 489
16 490
133 490
170 490
219 490
314 490
476 490
38 491
52 491
193 491
340 491
394 491
207 492
141 493
247 493
421 493
463 493
64 494
280 494
70 495
362 495
79 497
89 497
100 497
235 497
214 498
232 498
269 498
304 498
446 498
329 499
406 499
155 501
162 501
352 501
379 501
433 501
262 502
117 503
188 503
319 503
132 504
177 504
292 504
468 504
22 505
189 505
196 505
372 505
423 505
36 506
50 506
199 506
202 506
239 506
249 506
392 506
51 507
57 507
313 507
30 508
47 508
413 508
67 509
144 509
332 509
66 510
70 510
276 510
77 511
303 511
361 511
440 512
458 512
476 512
72 513
98 513
266 513
185 514
397 514
108 515
254 515
321 515
346 515
116 516
432 516
128 518
192 518
237 518
426 518
243 519
378 519
139 520
207 520
315 520
338 520
369 520
224 521
413 521
145 522
147 522
39 523
301 523
461 523
52 524
64 524
450 524
73 525
163 525
403 525
406 525
445 525
180 526
350 526
410 526
81 527
170 527
264 527
86 529
188 529
338 529
422 529
89 530
117 530
221 530
229 530
230 530
281 530
317 530
373 530
100 531
121 531
197 531
214 531
324 531
133 533
125 534
131 534
143 534
151 534
129 536
147 536
467 536
414 538
424 538
450 538
242 539
346 539
394 539
32 540
233 540
251 540
45 541
73 541
171 541
178 541
228 541
232 541
261 541
274 541
383 541
402 541
57 542
92 542
189 542
393 542
383 543
391 543
102 544
104 544
114 545
373 545
88 546
106 546
326 546
374 546
97 547
116 547
200 547
316 547
475 547
466 548
136 549
297 549
345 549
351 549
359 549
457 549
131 550
145 550
307 550
220 551
277 551
289 551
411 551
439 551
448 551
225 552
242 552
405 552
424 552
158 553
172 553
256 553
189 554
267 554
394 554
181 555
197 556
41 557
377 557
470 557
58 558
75 559
86 559
454 559
95 560
357 560
366 560
109 561
310 561
342 561
103 562
123 563
138 563
294 563
325 563
131 564
157 564
264 564
280 564
301 564
310 564
197 565
206 565
231 565
314 565
250 566
217 567
395 567
434 567
180 568
382 568
422 568
447 568
171 569
191 569
372 569
387 569
464 569
362 570
272 574
295 574
296 574
337 574
48 575
69 575
123 575
286 575
80 576
110 576
349 576
310 577
330 577
136 579
398 579
169 580
211 580
219 580
151 581
183 581
471 581
197 582
227 582
238 582
428 582
255 583
375 583
441 583
454 583
264 584
272 586
285 587
298 588
309 588
315 588
70 589
298 590
319 590
85 591
296 591
105 592
119 592
326 592
129 593
150 593
185 593
159 595
203 595
363 595
402 595
168 596
175 596
220 596
463 596
381 597
394 597
417 597
434 597
244 598
452 598
261 599
278 603
298 603
85 605
98 605
330 605
128 607
373 607
114 608
347 608
152 609
386 609
161 610
419 610
186 611
220 611
233 611
195 612
208 612
245 612
410 612
267 615
277 618
285 619
301 620
313 621
350 621
338 622
146 623
375 623
137 624
216 624
231 624
238 624
169 625
186 627
260 627
273 630
204 634
233 636
357 636
302 637
317 639
