305 29
322 32
339 36
254 38
276 41
353 43
297 45
365 45
224 48
317 48
375 50
240 52
257 53
269 56
292 60
305 61
210 63
313 64
369 64
195 65
229 65
257 67
329 67
269 69
283 71
348 73
399 74
409 75
162 76
305 76
175 77
190 78
214 78
236 79
319 79
255 80
335 82
417 82
278 84
295 86
431 87
351 88
306 90
166 91
182 91
395 91
145 92
199 92
226 92
443 92
249 94
327 94
338 96
284 97
299 99
454 100
412 101
305 102
201 104
465 104
184 105
219 105
234 105
355 105
383 105
154 106
171 106
318 107
333 107
137 109
266 109
425 109
290 111
307 115
402 115
220 117
321 117
200 119
444 119
181 121
262 121
156 122
412 122
137 123
279 123
384 123
122 124
417 125
295 126
220 128
236 130
271 132
397 132
430 132
364 133
466 134
184 136
157 137
170 137
331 137
194 139
439 139
211 140
377 140
127 142
413 142
272 146
389 147
450 148
327 149
111 150
177 151
363 151
422 151
164 152
189 152
398 153
143 154
373 156
464 156
349 157
127 158
403 158
380 159
288 161
201 162
439 162
87 163
114 163
214 163
183 164
230 164
393 166
157 167
301 167
476 167
252 168
420 168
448 168
317 171
266 172
378 174
103 175
113 175
400 176
461 176
231 177
193 178
364 178
91 179
217 179
405 179
168 180
180 180
299 180
436 180
266 182
131 183
79 184
271 184
317 184
411 184
378 187
473 187
112 188
285 188
330 189
228 191
98 192
209 192
247 192
422 192
451 192
144 193
396 193
302 194
260 195
132 196
368 197
85 199
313 199
406 201
118 202
157 202
377 203
431 203
465 204
212 205
225 206
244 206
101 207
298 207
331 207
356 207
411 210
437 211
476 211
90 213
339 214
367 214
455 215
207 217
221 217
419 217
291 218
321 218
118 219
193 219
239 219
347 219
298 220
253 221
149 222
186 222
109 224
353 224
71 225
310 225
330 225
406 227
426 227
469 227
98 228
140 228
229 228
210 229
338 230
322 233
411 234
451 235
301 236
478 236
348 237
436 237
149 238
251 238
113 239
267 239
234 240
335 241
396 241
310 242
373 242
203 244
71 245
106 245
422 246
463 246
131 247
186 247
401 247
322 248
160 249
446 249
233 251
246 251
58 253
296 253
468 253
173 255
408 255
431 255
86 256
118 256
205 256
310 259
47 260
478 260
160 261
190 262
417 262
289 263
78 264
458 265
104 266
333 266
42 267
356 267
438 268
66 269
211 270
277 270
421 271
339 273
401 273
87 274
467 275
450 277
117 278
299 278
57 279
428 280
96 281
242 283
258 283
327 283
52 285
271 285
371 285
75 286
407 286
94 288
151 288
354 288
172 289
110 290
129 290
276 290
332 290
455 290
46 294
66 296
86 296
167 296
249 296
288 296
338 297
359 297
442 297
201 299
40 301
100 302
420 302
463 302
343 303
252 304
121 305
265 305
299 305
445 305
161 306
325 307
76 308
276 308
364 308
33 310
53 311
115 313
348 314
92 316
478 316
453 317
253 318
327 318
198 319
109 320
352 321
291 324
45 325
264 326
335 326
411 326
64 327
460 328
178 329
250 331
276 332
358 332
241 333
317 334
440 335
193 336
223 336
260 336
77 337
337 338
147 339
418 339
282 341
297 341
468 341
319 342
133 343
360 343
222 344
102 345
191 345
265 345
161 346
247 346
348 346
449 346
32 347
302 347
71 348
233 348
54 349
220 350
377 350
289 353
192 354
477 354
86 355
129 355
176 355
208 355
235 355
350 356
454 356
277 357
364 357
302 358
69 359
258 360
317 360
382 360
45 362
440 362
194 367
289 367
354 368
464 369
61 370
368 370
314 371
78 372
301 372
37 375
251 376
448 376
276 377
61 381
78 381
469 381
371 382
400 382
237 385
289 385
308 385
453 389
75 390
320 391
242 392
434 392
129 393
368 393
46 394
29 396
204 396
476 396
226 397
167 398
60 399
294 401
437 401
150 403
277 403
129 404
72 406
91 406
287 406
421 406
256 407
24 409
169 409
380 409
408 409
461 409
261 410
109 411
444 411
151 412
428 412
130 413
324 413
171 414
218 416
241 416
91 418
58 419
394 419
421 421
470 421
252 422
409 422
196 423
349 423
173 424
110 425
17 426
92 426
132 426
267 426
38 427
154 427
274 427
341 427
306 428
422 433
476 433
456 435
336 436
437 436
176 437
409 437
34 438
136 438
90 439
110 439
236 439
53 441
326 441
380 441
461 445
302 446
314 447
443 447
138 448
72 450
218 450
94 451
114 451
263 451
32 452
240 454
466 454
275 455
51 456
229 456
290 458
314 458
216 459
447 460
303 461
393 461
74 462
31 463
470 463
145 464
239 466
340 466
250 467
119 468
451 468
97 469
326 471
58 472
152 472
226 473
78 474
309 475
280 476
302 476
100 477
211 477
294 477
127 479
155 481
44 482
462 483
446 485
255 486
401 487
431 487
378 488
65 489
195 489
264 489
418 489
332 490
158 491
290 491
87 492
132 492
216 493
107 494
179 494
451 497
473 497
203 498
416 498
165 500
434 500
46 502
296 503
117 504
142 504
190 504
282 504
70 505
93 505
269 506
171 511
244 512
379 512
99 515
310 515
412 515
434 515
224 516
447 516
153 517
462 517
403 518
51 519
276 519
78 523
188 523
340 523
397 524
163 526
470 526
326 528
244 529
420 529
359 530
113 531
313 531
62 532
298 532
455 532
138 533
94 534
287 534
210 535
266 535
372 536
189 539
336 539
319 543
107 544
148 544
358 544
171 545
118 546
203 548
253 548
306 548
419 548
463 549
341 550
285 552
449 552
327 553
374 553
88 555
357 559
137 560
102 561
425 562
249 563
345 563
270 566
384 566
285 567
332 567
147 568
410 568
116 569
212 569
400 570
159 573
227 573
442 575
359 576
90 577
241 577
350 577
126 578
263 579
336 580
425 580
104 582
308 583
196 584
146 585
206 587
412 587
402 589
243 591
160 593
355 593
107 595
444 595
120 597
334 597
428 599
183 600
133 601
296 601
378 602
418 602
271 603
251 604
200 605
233 605
154 608
401 608
460 608
160 609
220 609
354 611
172 613
332 614
443 614
315 615
300 616
380 617
189 619
253 619
266 619
282 619
421 620
202 621
141 622
362 623
227 625
408 625
163 627
398 627
339 629
241 630
384 633
320 634
309 635
299 636
370 636
265 637
282 637
