269 4
203 5
363 5
325 6
139 7
159 7
189 7
216 7
289 8
122 9
173 9
228 9
392 9
332 10
102 11
436 11
469 11
302 14
352 14
318 18
406 18
179 19
167 20
194 20
210 21
144 22
232 22
290 22
452 22
131 23
250 23
374 23
109 24
261 25
91 27
301 28
429 28
281 29
351 30
395 30
146 32
314 32
163 33
176 33
188 34
473 34
132 35
201 35
212 35
366 35
441 35
228 36
252 36
326 36
409 36
119 38
102 39
269 39
385 40
91 41
284 41
452 43
223 44
176 45
398 45
425 45
207 46
245 47
141 48
434 48
127 49
463 49
112 50
266 51
356 51
100 52
382 53
410 53
368 56
449 56
189 58
200 58
252 58
298 58
349 62
429 63
381 65
107 66
229 66
323 66
407 66
253 67
90 68
271 68
462 69
439 71
155 73
365 73
166 75
393 75
420 76
450 78
378 79
248 80
112 81
353 81
91 82
317 82
406 83
329 85
178 86
71 87
159 87
433 87
287 88
465 89
123 91
302 92
343 94
380 94
446 94
107 95
421 95
316 96
267 97
88 98
173 98
194 99
186 100
212 100
400 100
478 100
246 101
155 103
458 103
410 104
437 104
146 105
267 105
68 106
122 106
134 106
334 106
110 107
299 109
307 110
96 111
340 112
422 112
228 113
446 113
352 114
471 114
76 115
322 115
377 116
147 117
115 119
405 119
128 121
61 122
434 122
457 122
85 124
191 125
295 125
170 126
416 126
305 127
154 128
444 129
76 130
315 130
131 132
350 132
59 133
283 133
381 134
474 134
189 135
208 136
171 137
407 137
296 138
334 138
366 139
78 140
457 141
261 142
313 142
156 144
438 145
60 146
145 146
132 147
189 147
378 147
172 148
466 149
292 150
252 152
308 153
158 156
345 156
454 156
71 157
211 161
367 161
182 162
290 163
69 165
122 166
251 166
301 166
87 167
165 167
266 168
445 168
314 170
52 171
423 171
472 172
108 173
281 173
407 173
74 174
332 176
456 177
198 178
61 179
187 179
99 180
175 180
245 180
300 180
437 180
166 181
260 182
83 183
41 185
421 185
320 186
463 186
276 187
72 189
406 189
291 190
190 191
433 192
178 194
256 194
472 194
143 195
305 196
54 197
165 197
370 197
416 197
454 197
271 198
128 200
318 200
156 202
441 202
82 203
233 203
113 204
215 204
461 204
42 206
188 206
202 206
450 208
105 209
379 209
64 210
360 210
170 212
411 212
225 214
240 214
55 215
94 215
214 215
325 216
83 217
392 217
144 220
300 220
418 220
112 221
354 221
43 222
73 223
99 224
476 224
443 225
132 226
405 226
427 226
206 227
222 227
238 227
256 227
317 228
90 230
121 230
322 231
56 232
448 232
148 233
369 233
80 235
30 237
106 237
258 238
468 238
356 239
434 239
47 240
227 240
337 240
415 240
132 241
66 244
172 245
387 245
315 246
422 246
38 247
90 247
145 248
346 248
459 248
117 249
370 249
59 251
188 251
444 251
255 253
394 253
271 255
412 255
429 255
48 256
355 256
77 257
103 258
24 259
124 260
158 261
336 261
381 262
454 263
286 264
403 264
434 264
472 264
90 265
136 265
185 265
53 266
34 267
228 268
67 269
150 269
424 269
109 270
126 272
168 273
205 273
407 273
370 274
42 275
277 275
446 275
21 276
142 276
80 277
465 277
59 279
415 279
98 280
238 280
253 282
34 283
375 283
210 284
448 284
357 286
293 287
92 288
72 289
267 289
48 293
456 293
22 294
341 294
104 295
225 295
245 295
278 295
365 295
472 295
66 296
182 296
388 296
38 299
264 300
135 301
58 302
98 304
156 304
288 304
35 307
247 307
405 307
417 307
433 307
445 307
465 308
76 309
27 312
91 313
50 315
257 316
148 318
70 319
279 319
315 321
454 321
23 322
43 322
245 322
377 322
123 323
262 323
348 325
472 325
139 326
197 326
408 327
330 329
40 330
100 330
63 331
179 331
299 331
216 332
442 332
18 333
281 333
459 333
476 334
265 335
317 337
350 337
382 338
250 339
55 342
75 342
11 343
139 343
191 343
414 343
461 343
34 344
122 344
177 344
223 344
300 344
367 344
107 345
159 345
479 345
267 346
283 346
447 346
350 348
208 349
53 351
140 351
316 353
334 353
177 354
435 354
468 354
251 355
298 356
28 357
51 358
158 358
262 358
277 358
368 358
449 358
72 360
194 360
352 360
117 361
417 361
177 362
317 362
402 362
236 363
101 364
435 364
277 365
383 366
472 367
88 368
219 368
331 368
244 369
20 370
37 371
54 371
115 371
352 371
200 373
264 373
314 373
400 373
437 374
455 375
478 375
74 376
136 377
367 378
384 378
94 379
182 379
204 379
342 379
417 379
354 380
55 381
116 381
232 381
160 382
438 384
37 385
322 386
472 386
15 387
289 387
186 389
210 389
353 389
383 389
115 390
420 390
404 392
75 393
462 393
334 394
365 394
116 395
162 395
94 396
221 396
55 397
193 397
346 397
477 397
36 398
392 398
437 399
200 402
231 403
405 403
77 404
450 404
37 405
326 405
359 406
377 406
174 407
263 407
141 409
344 409
243 410
296 411
469 411
208 414
17 416
160 416
179 416
405 416
38 417
389 417
372 419
457 419
336 421
479 421
354 422
184 423
287 423
420 423
220 424
132 426
149 426
303 426
118 427
164 427
232 428
257 428
19 429
40 429
60 429
386 429
461 429
80 430
368 431
192 432
443 432
168 434
121 435
139 437
347 437
384 437
39 439
207 439
200 440
291 440
321 440
123 441
479 441
278 442
83 443
218 443
21 444
63 444
178 445
412 445
104 446
397 446
359 447
467 447
43 451
441 452
355 454
159 455
185 455
88 456
25 457
123 457
249 458
69 459
162 460
262 461
48 462
455 462
215 465
442 465
471 468
31 469
195 471
74 472
173 472
228 473
314 473
178 475
245 475
54 477
334 478
206 479
474 480
36 481
440 481
456 481
121 483
139 483
183 483
192 486
165 487
279 488
65 489
42 491
266 491
249 493
478 493
301 495
383 495
456 495
132 496
153 496
175 498
211 498
53 500
315 501
186 503
397 503
267 504
461 504
75 505
165 505
247 505
374 507
143 508
57 509
302 509
201 510
124 511
349 513
151 514
444 514
185 515
385 516
461 516
62 517
88 520
251 520
263 520
446 521
165 522
305 522
200 523
380 523
114 524
422 526
398 527
73 528
288 528
458 528
96 529
218 529
121 530
144 530
162 530
178 530
347 530
272 531
233 532
253 533
414 534
438 534
103 535
313 535
364 535
83 538
129 539
156 540
219 541
382 541
451 541
182 542
287 542
329 542
405 543
195 544
234 545
114 546
140 546
206 548
95 549
314 549
368 550
434 551
300 552
394 552
125 553
155 553
285 555
388 555
195 556
232 556
106 557
411 558
208 559
381 561
142 562
302 562
188 564
400 564
339 566
242 567
175 568
260 568
279 568
322 569
226 570
415 570
158 571
193 572
307 572
357 573
379 574
137 575
402 575
176 578
209 578
262 580
334 580
231 582
373 586
308 587
350 589
204 590
220 591
335 592
243 593
266 594
282 594
314 596
359 600
330 604
253 606
288 606
