279 12
295 12
312 12
328 13
348 13
373 13
362 14
379 16
392 18
412 22
304 26
347 26
284 27
318 27
332 27
435 27
269 28
357 28
242 29
376 29
445 31
393 32
218 35
408 35
254 38
425 39
463 39
323 42
339 43
354 43
302 44
477 44
229 45
442 45
285 46
402 47
416 50
458 51
217 53
438 56
330 57
205 58
350 58
195 59
319 59
233 60
301 60
402 61
285 62
457 63
222 65
271 67
424 68
255 70
434 70
207 72
407 72
443 73
242 74
324 74
344 74
309 75
354 75
454 76
294 78
190 79
470 80
277 82
410 82
367 84
424 84
477 84
172 85
378 85
261 88
438 88
396 89
207 90
248 91
450 92
328 93
340 94
349 94
195 95
300 95
460 95
313 96
376 98
271 99
392 99
474 99
184 101
407 101
178 104
216 104
422 104
256 105
436 105
455 110
163 111
239 111
365 111
196 112
333 112
352 112
377 113
321 114
394 114
406 115
280 116
475 116
271 117
265 119
423 119
140 120
183 121
433 121
246 124
355 125
447 125
166 127
346 127
462 127
233 128
276 129
331 129
373 129
387 130
400 130
157 131
473 131
261 133
192 134
245 139
454 139
179 140
277 140
376 141
390 143
130 144
348 144
364 144
467 144
167 145
328 146
259 149
440 149
300 150
155 151
188 152
243 155
388 155
456 155
375 157
417 157
270 158
404 158
138 159
455 159
350 160
167 161
472 161
329 162
193 163
442 163
123 164
287 165
246 166
313 170
388 170
360 171
448 171
340 172
408 173
466 173
140 174
173 174
203 174
305 174
254 176
292 178
128 180
442 181
190 182
334 182
343 182
357 182
378 182
238 183
279 183
402 184
456 184
318 185
112 186
146 186
269 186
222 188
305 188
261 189
419 191
434 191
471 191
174 192
254 192
290 194
367 194
387 194
350 196
334 197
124 198
274 198
449 198
158 199
196 199
412 199
317 202
427 202
182 203
464 203
211 206
144 207
247 207
376 207
450 208
351 210
333 211
409 211
239 212
167 213
274 213
229 214
464 214
126 216
187 219
449 220
359 221
373 221
391 221
150 222
397 222
208 223
109 224
344 224
415 224
466 225
171 227
221 231
193 232
445 232
128 233
399 235
459 235
159 236
418 237
208 239
231 239
116 240
181 240
471 240
428 241
321 243
171 245
315 245
140 246
353 247
358 247
368 247
389 247
399 247
342 249
97 250
304 250
410 250
424 250
458 250
330 253
225 255
287 257
374 257
472 258
319 259
359 260
144 261
315 261
390 261
278 262
344 262
451 262
108 265
256 266
463 268
231 269
329 269
162 271
297 271
368 271
387 271
313 274
352 274
280 275
402 275
447 275
338 277
146 281
268 282
107 283
427 283
460 283
234 284
166 285
293 285
315 286
466 287
350 288
436 288
161 289
131 290
255 290
90 292
447 292
472 292
415 294
274 295
299 296
116 297
145 297
233 297
359 298
378 298
478 298
186 299
428 300
118 301
244 301
160 303
351 303
463 303
261 304
102 306
402 309
442 309
344 310
470 310
126 311
255 312
276 312
145 313
168 314
452 314
87 315
245 317
324 317
479 319
110 322
379 322
391 323
461 324
372 325
402 325
131 326
153 326
236 326
100 328
277 328
409 328
92 332
421 332
288 333
447 333
119 334
229 334
471 334
140 336
184 336
379 338
387 338
431 339
338 340
453 340
80 341
107 341
134 341
366 341
402 341
157 344
102 345
359 345
477 345
310 348
418 348
441 349
123 350
259 350
147 351
462 351
119 353
392 353
90 354
233 354
371 354
382 354
339 355
115 358
404 358
429 358
367 360
107 361
200 361
448 361
468 362
210 366
154 367
380 367
224 368
219 372
419 372
456 373
309 374
473 374
90 375
271 375
115 376
236 378
423 378
378 381
405 381
354 382
250 383
477 383
446 384
461 384
196 385
213 386
102 387
226 390
412 393
466 394
206 395
92 397
188 397
436 401
221 402
335 403
111 404
382 404
135 405
256 406
292 406
399 406
235 408
418 408
333 410
179 411
99 414
441 414
463 414
384 415
366 416
125 417
349 417
213 418
423 418
141 420
230 420
467 420
326 422
87 424
266 424
135 425
386 426
400 427
472 427
149 428
446 428
107 430
228 430
207 431
169 432
304 432
368 432
347 433
326 436
123 438
303 439
389 439
143 440
224 440
477 442
93 443
162 445
182 445
310 446
347 448
368 448
109 450
219 450
258 450
327 450
457 451
392 452
435 453
239 455
151 456
99 459
373 460
329 463
441 463
142 465
196 466
286 466
419 466
327 467
114 469
160 469
217 469
472 469
235 472
447 472
478 472
132 473
329 474
351 474
123 478
98 480
329 480
218 481
271 481
430 481
92 482
465 484
110 485
307 486
174 487
236 487
258 487
131 488
150 490
193 490
411 490
440 492
309 493
473 494
121 495
240 497
479 498
448 499
276 500
195 501
259 501
106 502
173 502
218 502
241 502
421 502
181 505
457 506
132 507
396 507
219 508
369 510
147 511
202 513
221 514
435 515
475 516
325 518
158 519
294 519
406 519
349 521
449 522
225 523
105 524
130 524
231 524
383 525
419 525
457 526
302 530
359 530
258 531
422 531
142 532
468 532
355 533
429 533
307 534
332 534
395 534
213 536
286 538
151 539
338 539
366 539
131 540
178 541
238 541
373 542
115 543
108 544
122 545
265 546
344 546
162 547
290 547
473 547
379 548
206 549
243 550
138 551
223 551
320 553
351 555
394 557
251 558
277 558
449 558
301 559
329 560
178 561
457 562
154 563
231 563
358 563
203 564
411 565
307 566
369 566
120 568
431 571
287 572
445 572
218 573
317 574
386 575
453 575
133 576
351 579
270 580
326 581
406 581
228 582
298 582
188 584
365 584
150 585
335 587
421 587
164 589
375 589
214 593
252 595
392 595
258 598
298 598
221 599
182 600
269 600
324 600
360 602
193 603
234 603
280 605
203 609
349 611
216 613
303 614
221 616
261 617
324 618
282 621
240 622
