292 16
221 18
344 19
277 20
260 23
327 23
206 26
317 27
350 30
193 32
241 32
393 32
297 33
374 33
328 36
228 37
180 39
282 39
358 42
345 43
213 44
272 44
404 45
326 46
395 47
169 48
201 48
258 48
350 48
355 48
305 49
378 50
160 52
244 53
358 54
214 56
180 57
282 57
341 57
327 59
414 59
436 60
344 61
400 62
312 63
389 63
229 64
378 64
258 65
358 65
197 66
162 67
328 68
340 68
293 69
346 70
149 71
111 72
184 72
329 72
242 74
276 74
425 74
442 74
315 75
408 75
395 77
456 77
204 78
332 78
371 78
172 79
267 79
130 81
353 81
378 81
259 82
292 82
255 83
283 83
383 83
225 84
336 84
163 85
192 86
422 86
431 86
166 87
189 87
239 87
384 87
404 87
317 88
303 89
443 89
274 90
388 90
372 91
212 92
238 92
281 92
364 92
378 92
151 93
301 93
384 93
253 94
351 94
464 94
116 95
209 95
371 95
320 96
295 97
406 97
257 98
287 99
334 99
364 99
424 99
225 100
316 100
143 101
198 101
240 101
292 101
319 102
397 102
302 103
227 104
446 104
221 105
270 105
310 105
100 106
165 106
268 106
375 106
399 106
213 107
220 107
307 107
365 107
459 107
203 108
349 108
130 109
189 109
238 109
414 109
316 110
477 110
332 111
286 113
194 114
229 114
250 114
255 114
439 114
264 115
157 116
161 116
125 117
181 117
392 117
312 118
193 119
271 119
298 119
368 119
402 119
450 119
410 120
426 120
219 121
242 121
466 121
348 122
118 123
153 123
193 123
200 123
335 123
381 123
200 124
291 124
176 125
434 125
477 125
214 127
243 127
254 127
283 127
414 127
155 128
245 128
322 128
324 128
140 129
228 129
253 130
359 130
106 131
149 131
275 131
304 131
377 131
391 131
351 132
365 132
159 133
222 133
246 133
457 133
158 134
347 134
405 134
410 134
417 134
130 135
181 135
211 136
333 136
70 137
95 138
134 138
425 138
158 139
174 139
254 139
406 139
437 139
317 140
475 140
139 141
148 141
206 141
276 141
248 142
119 143
448 143
168 144
271 144
335 144
298 145
368 145
381 145
198 146
264 146
355 146
175 147
203 147
251 147
340 147
138 148
400 148
467 148
278 149
324 149
334 149
182 150
211 150
281 150
348 150
414 150
213 151
382 151
217 152
307 152
430 152
79 153
105 154
205 154
228 154
154 155
158 155
273 155
225 156
159 157
241 157
293 157
361 157
426 157
71 158
172 158
366 158
378 158
424 158
192 159
336 159
350 159
389 159
124 160
128 160
203 160
255 160
277 160
327 160
384 160
345 161
402 162
459 162
146 163
233 163
308 163
370 163
415 163
213 164
256 164
271 164
191 165
357 165
402 165
398 166
471 166
228 167
352 167
366 167
431 167
158 168
236 168
247 168
347 168
84 169
58 170
204 170
263 170
342 170
375 170
265 171
405 171
449 171
113 172
186 172
283 172
325 172
357 172
358 172
365 173
391 173
315 174
342 174
218 175
238 175
403 175
129 176
165 176
392 176
404 176
116 177
179 177
258 177
277 177
50 178
196 178
254 178
437 178
464 178
280 179
379 179
475 180
270 181
292 181
342 181
350 181
360 181
112 182
143 182
209 182
246 182
267 182
346 182
370 182
73 183
162 183
245 183
382 183
447 183
99 184
224 184
270 184
215 185
256 185
330 185
38 186
158 186
227 186
252 186
376 186
397 186
409 186
121 187
284 187
306 188
162 189
171 189
218 189
244 189
258 189
343 189
363 190
423 190
179 191
457 191
114 192
198 192
297 192
280 193
322 194
376 194
439 194
149 195
168 195
183 195
215 195
232 195
249 195
349 195
361 195
54 196
82 196
106 196
192 196
213 196
289 196
470 196
272 197
394 197
82 198
99 198
269 198
318 198
203 199
366 199
417 199
442 199
161 200
249 200
405 200
75 202
126 202
180 202
222 202
310 202
332 202
277 203
359 203
142 204
189 204
239 204
417 204
187 205
302 205
354 205
364 205
330 206
342 206
357 206
36 207
89 207
254 207
374 207
381 207
457 207
169 208
291 208
381 208
396 208
427 208
212 209
391 210
395 210
414 210
267 211
304 211
329 211
341 211
362 211
60 212
113 212
230 212
401 212
435 212
440 212
91 213
318 213
331 213
375 213
182 214
197 214
287 214
305 214
439 214
469 214
147 215
206 215
282 215
308 215
282 216
166 217
409 217
117 218
197 218
413 218
85 219
131 219
191 219
296 219
223 220
239 220
334 220
377 220
417 220
160 221
403 221
451 221
168 222
254 222
273 222
384 222
48 223
221 223
394 223
286 224
337 224
75 225
104 225
313 225
316 225
140 226
203 226
265 227
318 227
329 227
342 227
429 227
459 227
153 228
212 228
358 228
403 228
184 229
247 229
310 229
427 229
303 230
369 230
120 231
171 231
230 231
379 231
338 232
418 232
39 233
235 233
328 233
442 233
166 234
82 235
339 235
420 235
471 235
67 236
90 236
133 236
150 236
187 236
290 236
361 236
373 236
383 236
91 237
193 237
209 237
307 237
175 238
186 238
412 238
417 238
110 239
390 239
406 239
112 240
178 240
241 240
261 240
222 241
390 241
281 242
321 242
432 242
30 243
334 243
370 243
432 243
456 244
84 245
154 245
312 245
159 246
213 246
235 246
256 246
436 246
303 247
347 247
188 248
399 248
419 248
56 250
124 250
294 250
364 250
379 250
440 250
172 251
201 251
271 251
358 251
468 251
141 252
206 252
364 252
100 253
128 253
250 254
413 254
212 255
335 255
411 255
157 256
229 256
389 256
411 256
153 257
212 257
286 257
426 257
448 257
431 258
433 258
114 259
149 259
264 259
353 259
368 259
438 259
75 260
181 260
317 260
329 260
337 260
393 260
244 261
45 262
165 262
325 262
479 262
278 263
305 263
348 264
134 265
160 265
194 265
205 265
337 265
401 265
368 266
419 266
385 267
145 268
222 268
295 268
440 268
462 269
177 270
213 270
341 270
361 270
238 271
359 271
383 271
36 272
111 272
268 272
289 272
130 273
147 273
159 274
322 274
337 274
379 274
88 275
226 275
252 275
128 276
189 276
205 276
380 276
445 276
62 277
428 277
369 278
394 278
430 278
264 279
309 279
330 279
349 279
475 279
233 280
160 281
367 281
65 282
277 282
416 282
173 283
349 283
426 283
205 284
207 284
215 284
28 285
70 285
121 285
129 285
142 285
283 285
357 285
80 286
105 286
138 286
167 286
186 286
291 286
295 286
450 286
80 287
100 287
213 287
246 287
341 287
404 287
197 288
231 288
390 288
437 288
51 289
369 289
405 289
260 290
274 290
345 290
420 290
423 291
170 292
210 292
256 292
325 292
334 292
22 293
153 293
246 293
373 293
139 294
315 294
470 294
119 295
286 296
45 297
404 297
113 298
144 298
268 298
307 298
45 299
71 299
192 299
196 299
394 299
80 300
83 300
122 300
185 300
225 300
293 300
396 300
411 300
170 301
243 301
370 301
379 301
135 302
271 302
423 302
476 302
43 303
89 303
92 303
207 303
280 303
431 303
429 304
130 305
165 305
181 305
262 305
347 305
462 305
151 306
296 306
316 306
327 306
45 307
193 307
207 307
298 307
376 307
314 308
359 308
228 309
367 309
411 309
132 310
235 310
240 310
297 310
319 310
382 310
233 311
399 311
415 311
221 312
336 312
377 312
380 312
433 312
62 313
208 313
80 314
180 314
309 314
449 314
37 315
111 315
273 315
388 315
468 315
87 316
435 316
162 317
192 318
264 318
274 318
293 318
296 318
320 318
369 318
420 318
251 319
360 319
404 320
436 320
133 321
238 321
346 321
426 321
47 322
57 322
206 322
221 322
258 322
322 322
454 322
342 323
354 323
386 323
324 324
130 325
145 325
340 325
405 325
60 326
159 326
239 326
104 327
190 327
78 328
441 328
27 329
304 329
339 329
259 330
289 330
309 330
333 330
355 330
425 330
343 331
51 332
244 332
123 333
158 333
275 333
333 333
370 333
460 333
220 334
339 334
143 335
187 336
203 336
304 336
389 336
72 337
420 337
103 338
261 338
382 338
406 338
431 338
89 339
143 339
158 339
317 339
427 339
433 339
254 340
352 340
44 341
128 341
223 341
239 341
257 341
353 341
18 342
173 342
221 342
317 342
446 342
121 343
241 343
290 343
300 343
466 343
146 344
156 344
276 344
67 345
369 345
388 345
82 347
306 347
314 347
141 348
329 348
342 348
435 348
126 349
187 349
222 349
255 349
305 349
411 349
204 350
425 350
260 351
359 351
60 352
98 352
119 352
239 352
255 352
347 352
451 352
37 353
170 353
218 353
364 353
373 353
292 354
295 354
208 355
297 355
401 355
72 356
138 356
282 356
325 356
329 356
359 356
389 356
471 356
130 357
156 358
261 358
352 358
432 358
312 359
375 359
454 359
381 360
47 361
115 362
250 362
289 362
320 362
428 362
186 363
217 363
219 363
229 363
255 363
358 363
413 363
53 364
96 364
442 364
29 365
340 365
374 365
400 365
75 366
76 366
170 366
187 366
204 366
239 366
115 367
203 367
309 367
389 367
115 368
264 368
292 368
271 370
476 370
64 371
98 371
176 371
428 371
211 372
347 372
373 372
460 372
94 373
235 373
79 374
95 374
181 374
223 374
229 374
412 374
153 375
306 375
44 376
49 376
102 376
138 376
244 376
282 376
334 376
350 376
446 376
18 377
196 377
249 377
354 377
49 378
126 378
171 378
282 378
351 378
47 379
185 379
257 379
389 379
63 380
136 380
207 380
363 380
369 380
82 381
95 381
107 381
127 381
323 381
398 381
478 381
372 382
182 383
295 383
259 384
373 384
154 385
235 385
310 385
247 386
295 386
190 387
225 387
365 387
414 387
446 387
465 387
47 389
194 389
209 389
346 389
27 390
244 390
309 390
361 390
365 390
430 390
44 391
66 391
81 391
215 391
219 391
266 391
96 392
138 392
173 392
225 392
383 392
111 393
191 393
248 394
154 395
78 396
194 396
448 396
191 397
193 397
232 397
336 397
123 398
174 398
248 398
258 398
277 398
61 399
109 399
372 399
415 399
466 399
179 400
392 400
315 401
184 402
286 402
170 403
296 403
305 403
144 404
363 404
94 405
159 405
313 405
349 405
392 405
113 406
122 406
125 406
139 406
377 406
19 407
260 407
315 407
329 407
334 407
410 407
431 407
57 408
218 408
39 409
123 409
207 409
253 409
272 409
77 410
107 410
152 410
240 410
251 410
274 411
350 411
373 411
138 412
200 412
331 412
139 413
335 413
355 413
388 413
158 414
450 414
471 414
123 415
173 415
221 415
92 416
153 416
203 416
289 416
370 416
221 417
275 417
359 417
371 417
407 417
94 419
249 419
287 419
429 419
11 420
188 420
287 420
320 420
379 420
397 420
32 421
298 421
374 421
108 422
158 422
301 422
338 422
53 423
73 423
110 423
208 423
341 423
117 425
139 425
152 425
231 425
365 425
105 426
305 426
317 426
382 426
115 427
175 427
210 427
239 427
424 427
255 428
259 428
212 429
265 429
333 429
52 430
90 430
114 430
123 430
321 430
471 430
295 431
141 432
371 432
107 433
194 433
237 433
101 434
206 434
216 434
360 434
372 434
399 434
26 435
71 435
107 435
259 435
269 435
283 435
324 435
455 435
99 436
361 436
202 437
353 437
420 437
178 438
206 438
251 438
145 439
332 439
390 439
440 439
47 440
160 440
299 440
374 440
88 441
225 441
287 441
144 442
202 442
283 442
363 442
391 442
470 442
124 443
249 443
375 443
102 444
379 444
451 444
108 445
155 445
367 445
126 446
299 446
309 446
343 446
51 448
68 448
348 448
306 449
368 449
119 450
188 450
333 450
338 450
43 451
151 451
187 451
233 451
266 451
387 451
435 451
55 452
211 452
302 452
343 452
388 452
241 453
252 453
87 454
151 454
192 454
275 454
321 454
326 454
399 454
413 454
166 455
177 455
128 456
445 456
169 457
180 457
219 457
289 457
290 457
265 458
357 458
140 459
276 459
306 459
324 459
388 459
429 460
109 461
153 461
199 461
331 461
150 462
313 462
338 462
35 463
163 463
197 463
406 463
229 464
250 464
376 464
185 465
273 465
65 466
88 466
189 466
346 466
251 467
461 467
161 468
267 468
134 469
207 469
170 470
174 470
192 470
283 470
253 471
294 471
342 471
312 472
395 472
113 473
155 473
330 473
433 473
196 474
238 474
300 474
384 474
89 475
215 475
328 475
459 475
43 476
364 476
25 477
322 477
333 477
248 478
374 478
350 479
387 479
408 479
140 480
58 481
178 481
179 481
262 481
357 481
436 481
452 481
39 482
202 482
423 482
164 483
311 483
277 485
350 485
118 486
229 486
378 486
407 486
95 487
303 487
86 488
186 488
420 488
146 489
295 489
341 489
446 489
75 491
361 491
416 491
439 491
320 492
421 492
89 493
328 493
393 493
217 494
268 494
318 494
328 494
380 494
242 495
124 496
400 496
30 497
176 497
196 497
288 498
361 498
471 498
99 499
111 499
310 499
315 499
363 499
385 499
53 500
156 500
251 500
297 500
307 500
335 500
406 500
463 501
78 502
349 502
379 502
434 502
302 503
105 504
403 504
423 504
209 505
339 505
133 506
231 506
349 506
199 507
332 507
101 508
325 508
423 508
187 509
439 509
457 509
139 510
280 510
331 510
395 510
84 511
189 511
168 512
364 512
373 512
112 513
218 513
250 513
282 513
299 513
315 513
114 514
324 514
445 514
423 515
45 516
118 516
315 516
92 517
410 517
354 518
381 518
68 519
147 519
229 519
266 519
188 520
201 520
350 520
179 521
299 521
91 522
174 522
266 522
434 522
124 523
325 523
346 523
143 524
286 524
333 524
340 524
399 524
225 525
271 525
364 525
467 525
97 526
158 527
242 527
268 527
216 528
104 529
242 529
260 529
262 529
391 529
325 530
394 530
458 530
155 531
278 531
310 531
343 531
162 532
246 532
417 532
47 533
138 533
250 533
296 533
61 534
120 534
253 534
344 534
381 534
194 535
196 535
140 536
171 536
115 537
232 537
354 537
76 538
293 538
369 538
116 539
365 540
400 540
407 540
441 540
149 541
208 542
269 542
354 542
387 542
210 544
472 544
249 545
270 545
89 546
167 546
285 546
380 546
393 546
156 547
191 547
230 547
323 547
341 547
423 547
161 548
302 548
312 548
323 548
363 548
133 549
226 549
278 550
104 551
192 551
457 551
355 552
133 553
164 553
380 553
114 554
242 554
305 554
386 554
412 554
165 556
339 557
363 557
136 558
147 558
197 558
240 558
348 558
350 558
404 558
117 559
161 559
205 559
213 559
366 559
369 559
79 560
115 560
334 560
348 560
360 560
437 560
158 561
266 562
280 562
296 562
315 562
216 563
470 564
143 565
230 565
387 565
420 565
149 566
165 566
245 567
131 568
98 569
199 569
230 569
234 569
246 569
411 569
372 570
399 570
460 570
205 571
227 571
237 571
384 571
145 573
209 573
363 573
396 573
112 574
206 574
225 574
257 574
343 575
371 575
446 575
221 576
129 577
332 577
351 577
437 577
184 578
265 578
279 578
157 579
376 579
384 579
420 579
200 580
406 580
127 581
131 581
259 581
294 582
155 583
205 583
306 583
474 583
72 584
84 584
122 584
172 584
246 585
249 585
394 585
138 586
383 586
466 586
220 587
270 587
325 587
100 588
393 588
224 589
361 589
147 590
235 590
259 590
451 590
361 591
221 592
230 592
261 593
116 594
279 594
290 594
348 594
428 594
150 595
327 595
376 595
124 596
165 596
183 596
414 596
303 597
316 598
378 598
140 599
390 599
200 600
253 600
398 600
248 603
224 604
256 604
379 604
471 604
362 606
270 607
459 607
289 608
98 609
111 609
306 609
324 610
340 610
123 611
434 611
443 611
157 613
401 614
415 614
143 615
174 615
191 616
204 618
391 618
249 619
220 620
263 620
236 621
285 622
301 622
378 622
324 623
337 623
100 624
106 624
361 624
467 624
116 625
129 627
449 627
140 629
435 629
153 631
166 631
173 631
409 631
246 632
422 632
257 633
392 633
277 634
184 635
217 637
200 638
309 638
329 639
