314 49
335 49
299 50
259 52
281 53
410 54
237 57
333 58
349 59
314 60
219 61
299 62
286 65
442 66
200 67
427 67
271 68
385 68
402 69
252 71
358 71
340 72
180 73
320 75
224 77
301 79
152 80
286 80
203 82
400 82
447 82
459 82
386 83
405 83
428 83
479 83
268 85
364 85
136 86
257 86
343 87
188 89
323 90
243 91
347 91
252 92
304 92
172 93
255 93
394 94
218 95
330 95
242 96
270 96
279 97
283 97
372 97
276 98
399 98
418 98
437 98
455 98
470 98
209 99
344 99
250 101
263 101
378 101
146 102
230 103
317 103
364 103
189 104
380 104
371 105
375 108
224 109
229 109
238 109
242 109
266 109
337 110
353 110
367 110
120 111
337 111
415 111
463 111
169 112
218 113
343 113
476 113
279 114
317 114
299 115
283 116
397 116
106 117
373 117
271 118
264 119
402 119
196 120
211 120
364 120
90 121
142 121
360 121
381 121
423 121
250 122
261 122
290 122
321 122
439 123
338 125
457 125
125 126
179 127
231 127
292 127
318 127
476 127
173 130
204 130
194 131
258 131
286 131
298 131
362 131
379 131
407 131
393 132
159 133
285 133
111 134
208 134
181 135
355 135
99 136
164 137
268 137
435 137
145 138
257 138
424 138
449 138
237 139
82 141
187 141
271 141
337 141
468 141
479 142
297 143
318 143
345 143
380 143
131 144
332 144
402 144
231 145
291 145
304 145
355 145
165 146
67 148
241 148
300 148
186 149
211 149
231 149
287 149
114 150
162 150
171 150
338 150
426 150
442 150
273 151
186 152
413 152
195 153
241 153
245 154
455 154
464 154
294 155
99 156
345 156
326 157
145 158
267 158
361 158
381 158
178 159
224 159
289 159
312 159
395 159
85 161
403 161
117 162
193 162
294 162
324 162
404 162
420 162
184 163
271 163
420 163
126 164
166 164
356 164
141 165
196 165
209 165
254 165
434 165
442 165
89 166
393 166
452 166
84 167
261 167
334 167
244 168
355 168
164 169
205 169
220 169
340 169
63 170
187 171
399 171
469 171
109 172
150 172
191 172
245 172
385 172
92 173
229 173
387 174
267 175
269 175
371 175
401 175
146 176
321 176
351 176
354 176
380 176
139 177
288 177
304 177
369 177
415 177
238 178
339 178
84 179
134 179
166 179
216 179
276 179
291 179
206 180
260 180
283 180
367 180
396 180
130 181
439 181
216 182
82 184
96 184
142 184
419 184
456 184
126 185
190 186
188 187
220 187
236 187
267 187
436 187
136 188
151 188
107 189
114 189
343 189
472 189
68 190
137 190
179 190
173 191
411 191
213 192
303 192
324 192
345 192
237 193
251 193
366 193
377 193
394 193
418 193
221 194
267 194
288 194
417 194
156 195
291 195
369 195
380 195
393 195
407 195
268 196
270 196
277 196
421 196
52 197
428 197
440 197
89 198
93 198
195 198
200 198
192 199
196 199
247 199
314 199
330 199
346 199
107 200
204 200
273 200
453 201
231 202
124 203
190 203
472 203
179 204
199 204
270 204
426 204
190 205
78 206
214 206
222 206
308 206
323 206
370 206
380 206
39 207
161 207
290 207
335 207
348 207
160 208
354 208
359 208
266 209
277 209
374 209
186 210
202 210
379 210
392 210
409 210
435 210
106 211
260 211
420 211
168 212
410 212
421 212
67 213
141 213
245 213
393 213
322 214
336 214
369 214
428 214
187 215
251 215
440 215
207 216
364 216
239 217
446 217
231 218
317 218
334 218
364 218
460 218
57 219
171 219
362 219
88 220
127 220
286 220
216 221
376 221
425 221
49 222
261 222
477 222
246 223
274 223
340 223
384 223
114 224
263 224
197 225
215 225
231 225
149 226
389 226
186 227
252 227
313 227
407 227
332 228
353 229
419 229
210 230
239 230
298 230
33 231
183 231
432 231
99 232
189 232
221 232
170 233
369 233
66 234
130 234
234 234
444 234
165 235
281 235
321 236
385 236
428 236
451 236
170 237
227 237
201 238
265 238
464 238
209 239
59 240
79 240
399 240
403 240
109 241
477 241
107 242
233 242
250 242
305 242
324 242
339 242
387 242
147 243
182 244
418 244
47 245
231 246
357 246
392 246
283 247
338 247
425 247
434 247
95 248
134 248
341 248
102 250
342 250
375 250
384 250
89 251
114 251
187 251
205 251
121 252
160 252
274 252
452 252
36 253
114 253
262 253
390 253
188 254
224 254
245 254
250 254
313 255
426 255
470 255
185 256
239 256
298 256
382 256
183 257
330 257
67 258
236 258
284 258
409 258
102 259
277 259
395 259
141 260
260 260
349 260
392 260
426 260
171 261
61 262
83 262
150 262
211 262
267 262
348 262
366 262
380 262
141 263
435 263
267 264
197 265
380 265
87 266
154 266
49 267
140 267
250 267
452 267
233 268
270 268
328 268
347 268
393 268
123 269
182 269
215 269
462 269
276 270
308 270
321 270
234 271
330 271
410 271
426 271
114 272
223 272
291 272
466 272
139 273
221 273
341 273
403 273
168 274
275 274
341 274
106 275
190 275
222 275
264 275
355 275
425 275
476 275
70 276
119 276
131 276
30 277
207 277
251 278
365 278
439 278
122 279
440 279
92 280
392 280
113 281
157 281
198 281
385 281
389 281
173 282
176 282
395 282
182 283
230 283
300 283
394 283
454 283
234 284
269 284
51 285
309 285
315 285
325 285
391 285
407 285
135 286
184 286
217 286
291 286
343 286
106 287
278 287
118 288
158 288
358 288
463 288
75 289
105 289
201 289
264 289
161 290
426 290
120 291
148 291
249 291
372 291
469 291
70 292
183 292
192 292
152 293
258 293
388 293
76 294
231 294
252 294
382 294
437 294
30 295
118 295
190 295
234 295
392 295
243 296
319 296
61 297
181 297
300 297
339 297
110 298
135 298
182 298
395 298
450 298
140 299
214 299
315 299
245 300
83 301
279 301
409 301
106 302
185 302
236 302
165 303
257 303
364 303
460 303
48 304
114 304
174 304
389 304
13 305
196 305
396 305
242 306
437 306
367 307
124 308
126 308
271 308
320 308
329 308
432 308
56 309
76 309
92 309
117 309
154 309
306 309
386 309
473 309
231 310
347 310
435 310
63 311
80 311
183 311
317 311
384 311
49 312
227 312
295 312
32 313
284 313
367 313
388 313
392 313
445 313
143 314
309 314
400 314
422 314
83 315
111 315
211 315
230 315
277 315
223 316
254 316
265 316
118 317
363 317
414 317
310 318
434 318
257 319
461 319
102 320
164 320
197 320
198 320
304 320
313 320
324 320
74 321
92 321
190 321
260 321
344 321
374 321
420 321
47 322
127 322
244 322
429 322
468 322
18 323
287 323
310 323
359 323
385 323
398 323
192 324
376 324
380 324
151 325
232 325
257 325
381 325
117 326
268 326
339 326
476 326
51 327
90 327
218 327
278 327
388 327
95 328
396 328
445 328
8 329
64 329
119 329
344 329
439 329
172 330
267 330
406 330
426 330
34 331
176 331
239 331
283 331
295 331
333 331
335 331
88 332
167 332
169 332
186 332
194 332
207 332
313 332
325 332
109 333
389 333
55 334
261 334
341 334
371 334
456 334
197 335
246 335
320 335
394 335
416 335
135 336
161 336
297 336
354 336
382 336
419 336
252 337
300 337
369 337
356 338
439 338
74 339
230 339
413 339
99 340
466 340
41 341
234 341
282 341
385 341
160 342
181 342
262 342
272 342
384 342
41 343
201 343
315 343
435 343
119 344
290 344
328 344
358 344
153 345
203 345
210 345
271 345
300 345
310 345
478 345
86 346
164 347
250 347
341 347
406 347
60 348
253 348
261 348
60 349
92 349
359 349
423 349
449 349
26 350
84 350
143 350
172 350
195 350
225 350
242 350
107 351
183 351
414 351
107 352
99 353
219 354
354 354
372 354
409 354
459 354
215 355
384 355
98 356
130 356
251 356
308 356
314 356
330 356
426 356
14 357
168 357
177 357
297 357
393 357
80 358
92 358
165 358
202 358
283 358
324 358
340 358
469 358
44 359
211 359
237 359
316 359
334 359
355 359
2 360
156 360
272 360
275 361
119 362
255 362
358 362
438 362
109 363
187 363
226 363
66 364
145 364
98 365
112 365
215 365
370 365
142 366
177 366
279 366
301 366
315 366
407 366
84 367
107 367
132 367
400 367
242 368
314 368
448 368
29 369
134 369
164 369
381 369
202 370
332 370
420 370
86 371
112 371
236 371
317 371
99 372
345 372
125 373
127 373
221 373
223 373
274 373
55 374
147 374
259 374
289 374
466 374
74 375
121 375
188 375
356 375
398 375
7 376
253 376
230 377
252 377
311 377
404 377
433 377
86 378
172 378
285 378
318 378
84 379
141 379
152 379
205 379
282 379
373 379
235 380
88 381
322 381
378 381
143 382
274 382
107 383
131 383
233 383
335 383
368 383
447 383
40 384
65 384
387 384
421 384
157 385
195 385
288 385
87 386
221 386
241 386
275 386
347 386
129 387
185 387
267 387
292 387
266 388
383 388
429 388
122 389
206 389
251 389
306 389
307 389
360 389
395 389
59 390
120 390
403 390
461 390
6 391
30 391
176 391
142 392
314 392
93 393
214 393
236 393
97 394
99 394
166 394
208 394
331 394
438 394
235 395
321 395
374 395
110 396
134 396
346 396
374 396
280 397
289 397
472 397
88 398
274 398
291 398
386 398
73 399
131 399
195 399
289 399
416 399
43 400
101 400
263 400
448 400
305 401
15 402
88 402
90 402
123 402
153 402
257 402
259 402
270 402
362 402
397 402
225 403
140 404
242 404
429 404
208 405
236 405
262 405
316 405
326 405
405 405
458 405
179 406
227 406
229 406
404 406
62 407
78 407
143 407
146 407
148 407
298 407
88 408
336 408
374 408
111 409
123 409
259 409
425 409
31 410
213 410
396 410
441 410
167 411
250 411
372 411
383 411
4 412
259 412
271 412
347 412
286 413
295 413
471 413
79 414
111 414
140 414
202 414
246 414
287 414
303 414
419 414
309 415
49 416
128 416
228 416
158 417
190 417
361 417
393 417
415 417
21 418
101 418
148 418
307 418
315 418
330 419
430 419
371 420
183 421
314 421
433 421
435 421
456 421
409 422
66 423
118 423
255 423
268 423
339 423
373 423
266 424
409 424
202 425
251 425
283 425
307 425
372 425
397 425
144 426
297 426
395 426
34 427
87 427
173 427
242 427
305 427
320 427
10 428
89 428
214 428
228 428
352 428
386 428
467 428
378 429
420 429
446 429
55 430
140 430
202 430
359 430
273 431
313 431
320 431
165 432
257 432
330 432
399 432
106 433
236 433
28 434
310 434
400 434
436 434
473 434
130 435
222 435
372 435
385 435
229 436
244 436
263 436
146 437
191 437
255 437
270 437
341 437
98 438
186 438
243 438
361 438
373 438
48 439
281 439
320 439
436 439
74 440
159 440
272 440
386 440
412 440
19 441
44 441
443 441
92 442
152 442
226 442
254 442
298 442
154 443
183 443
352 443
215 444
267 444
373 445
422 445
16 446
117 446
396 446
57 448
103 448
132 448
171 448
176 448
204 448
312 448
37 449
146 449
235 449
335 449
360 449
139 450
158 450
250 450
264 450
274 450
456 450
251 451
432 451
81 452
165 452
198 452
254 452
320 452
406 452
30 453
106 453
140 453
158 453
196 453
235 453
284 453
384 453
6 454
52 454
175 454
346 454
469 454
172 455
188 455
158 456
324 456
367 456
474 456
102 457
129 457
251 457
292 457
225 458
46 459
115 459
151 459
185 459
395 459
167 460
251 460
442 460
95 461
335 461
355 461
418 461
478 461
71 462
182 462
194 462
240 462
304 462
228 463
225 464
264 464
201 465
276 465
402 465
454 465
142 466
174 466
15 467
108 467
212 467
238 467
340 467
38 468
88 468
130 468
163 468
186 468
309 468
326 468
386 468
59 469
122 469
132 469
203 469
428 469
111 470
240 471
410 471
462 471
163 472
196 472
283 472
138 473
293 473
241 474
31 475
135 475
202 475
334 475
438 475
127 476
199 476
256 476
469 476
51 477
101 477
220 477
318 477
3 478
200 478
250 478
258 478
300 478
132 479
229 479
239 479
259 479
356 479
395 479
155 480
183 480
417 480
160 481
199 481
269 481
379 481
218 482
343 482
366 482
377 482
157 483
163 483
341 483
447 483
20 484
72 484
271 484
41 485
42 485
80 485
177 485
194 485
306 485
392 485
426 485
92 486
120 486
210 486
340 486
478 486
280 487
326 487
405 487
426 487
409 488
414 488
69 489
206 489
252 489
274 489
122 490
142 490
266 490
345 490
385 490
429 490
366 491
453 491
108 492
126 492
226 492
261 492
347 492
353 492
59 493
82 493
102 493
142 493
312 493
369 493
135 494
194 494
202 494
7 495
125 495
165 495
331 495
408 495
253 496
258 496
27 497
105 497
266 497
417 497
111 498
133 498
209 498
232 498
245 498
291 498
415 498
436 498
46 499
76 499
269 499
317 499
352 499
376 499
434 499
342 500
396 500
413 500
129 501
189 501
194 501
392 501
155 502
201 502
216 502
463 502
49 503
94 503
297 503
442 503
59 504
71 504
83 505
183 505
205 505
210 505
245 505
66 506
202 506
250 506
275 506
348 506
102 507
110 507
321 507
423 507
16 508
149 508
405 508
38 509
44 509
368 509
63 510
386 510
117 511
205 511
206 511
303 511
357 511
327 512
451 512
474 512
67 513
171 513
342 513
113 514
247 514
264 514
325 514
337 514
405 514
413 514
439 514
146 515
230 515
282 515
340 515
139 516
149 516
261 516
332 516
221 517
262 517
54 518
79 518
147 518
392 518
431 518
6 519
25 519
79 519
106 519
197 519
334 519
353 519
397 519
459 520
147 521
169 521
288 521
366 521
64 522
69 522
285 522
310 522
330 522
357 522
414 522
132 523
332 524
378 524
418 524
437 524
216 525
263 525
18 526
96 526
161 526
41 527
42 527
148 527
183 527
186 527
269 527
350 527
162 528
367 528
442 528
463 528
238 529
307 529
423 529
65 530
123 530
269 530
280 530
426 530
132 531
156 531
160 531
374 531
408 531
421 531
316 532
384 532
400 532
87 533
149 533
233 533
409 533
5 534
42 534
205 534
251 534
288 534
404 534
438 534
152 535
425 535
469 535
177 536
386 536
439 536
269 537
322 537
431 537
449 537
110 538
337 538
356 538
274 539
307 539
355 539
189 540
200 540
252 540
323 540
417 540
25 541
50 541
61 541
305 541
342 541
365 541
420 541
477 541
76 542
227 542
371 542
390 542
429 542
162 543
327 543
60 544
336 544
411 544
47 545
50 545
135 546
162 546
404 546
459 546
42 547
145 547
321 547
42 548
97 548
285 548
387 548
67 549
156 549
218 549
240 549
439 549
170 550
304 550
396 550
437 550
173 551
260 551
317 551
424 551
42 552
184 552
341 552
351 552
6 553
122 553
257 553
330 553
466 553
417 554
175 555
209 555
281 556
380 556
43 557
444 557
134 558
233 558
271 558
322 558
23 559
52 559
474 559
84 560
147 560
176 560
249 560
353 560
366 560
394 560
325 561
401 561
433 561
302 562
369 562
108 563
253 563
429 563
73 564
281 564
382 564
302 565
449 565
413 566
166 567
226 567
303 567
427 567
5 568
67 568
205 568
414 568
34 569
199 569
341 569
98 570
134 570
299 570
411 570
246 571
267 571
311 572
339 573
460 573
64 574
124 574
356 574
53 576
318 576
400 576
89 577
152 577
57 578
240 578
363 578
181 579
213 579
17 580
43 580
71 580
438 580
293 581
419 582
112 583
177 583
463 583
44 584
76 584
143 584
46 585
314 585
415 585
374 586
393 586
334 587
406 587
205 588
231 588
436 588
254 589
470 589
268 590
392 590
33 591
95 592
173 592
312 592
446 592
65 593
130 593
162 594
225 594
306 594
377 594
402 594
191 596
283 596
429 596
41 597
230 597
361 597
17 598
158 598
244 598
409 598
377 599
429 599
479 599
51 600
83 601
217 601
120 602
345 602
328 603
394 603
457 603
181 604
146 605
38 606
302 606
463 607
238 608
253 608
106 609
175 609
29 610
361 610
376 610
440 610
71 611
269 611
294 612
321 612
419 612
468 613
97 614
166 614
205 614
340 615
387 615
59 616
226 616
191 617
290 617
130 618
315 618
424 618
85 620
339 620
357 620
450 620
158 621
263 621
479 622
46 624
116 624
194 624
217 625
237 625
283 625
150 626
354 626
389 626
33 627
431 627
108 628
69 629
330 629
254 630
371 630
466 630
302 632
348 633
97 634
139 634
177 634
213 634
272 634
58 635
389 637
446 637
85 638
406 638
294 639
320 639
