165 3
189 4
212 5
231 5
252 5
322 5
284 6
352 8
427 9
443 11
225 12
417 12
337 13
401 13
456 13
174 14
269 14
304 14
387 14
467 15
374 16
472 16
194 17
238 18
362 19
214 20
290 21
317 21
257 22
163 25
249 25
337 25
406 26
142 27
424 27
447 27
178 28
391 28
225 29
280 29
464 29
201 30
323 31
372 31
238 32
310 33
274 34
359 34
134 36
351 36
165 39
251 39
300 39
407 39
434 40
189 41
338 41
399 41
421 41
446 41
383 42
384 42
128 43
207 43
462 43
225 44
227 44
159 45
244 45
260 45
287 45
326 45
370 45
166 46
213 47
183 48
365 48
379 48
393 48
477 48
283 50
355 50
401 50
121 51
228 51
433 51
196 52
249 52
278 52
312 52
407 52
151 53
340 53
214 54
272 54
287 54
213 55
411 55
425 55
441 55
300 57
331 57
464 57
191 58
457 58
218 59
264 59
373 59
169 60
229 60
398 60
439 60
474 60
142 61
173 61
198 61
203 61
383 61
187 62
368 62
182 63
424 63
318 64
385 64
171 66
207 66
281 66
351 66
403 66
336 68
421 68
211 69
250 69
428 69
435 69
442 69
176 70
215 70
171 71
178 71
190 71
305 71
367 71
370 71
410 71
451 71
129 72
210 72
187 73
364 73
388 75
391 75
403 75
413 75
471 75
364 76
382 76
152 77
209 77
237 77
265 77
289 77
411 78
347 79
320 80
241 81
309 81
318 81
246 82
342 82
118 83
205 83
216 83
254 84
297 84
436 84
172 85
281 85
290 85
368 85
235 86
329 86
447 86
224 87
338 87
140 88
368 88
209 89
298 89
359 89
460 89
185 90
245 90
356 90
380 90
468 90
319 91
394 91
252 92
268 92
313 92
409 92
161 93
184 93
208 93
340 93
348 93
186 94
314 94
276 95
392 95
226 96
338 96
420 96
204 97
233 97
258 97
392 97
226 98
339 98
332 99
178 100
284 100
299 100
434 100
208 101
205 102
443 102
368 103
400 103
124 104
388 104
412 104
455 104
192 105
222 105
398 105
203 106
244 106
270 106
272 106
357 106
381 106
387 106
148 108
256 108
277 108
168 109
282 109
313 109
343 109
185 110
277 110
195 111
228 112
306 112
278 113
204 114
383 114
231 115
329 115
179 116
208 116
295 116
161 117
369 117
385 117
400 117
415 117
436 117
251 118
248 119
342 119
357 119
361 120
201 121
223 121
297 121
153 122
179 122
313 122
378 122
267 123
455 123
236 125
275 125
283 125
338 125
170 126
213 126
195 127
278 127
475 127
236 128
211 129
300 129
395 130
180 131
382 131
413 131
140 132
191 132
211 132
320 132
252 133
273 133
301 133
372 133
432 133
269 134
392 134
217 135
363 135
132 136
320 136
185 137
349 137
451 137
175 138
308 139
276 140
284 140
388 140
215 141
228 141
386 141
129 142
157 142
242 142
337 142
121 144
400 144
241 145
296 145
298 145
408 145
201 146
255 146
320 146
422 146
469 146
117 147
176 147
271 147
332 147
343 147
382 147
393 147
324 148
369 149
370 149
122 150
147 150
195 150
215 150
234 150
290 150
335 150
360 150
436 150
113 153
310 153
349 153
457 154
181 156
220 156
260 156
337 157
138 158
207 158
297 158
328 158
277 159
362 159
393 159
164 160
166 160
302 160
335 160
433 160
471 160
214 161
230 161
296 161
377 161
401 161
322 162
212 163
228 163
237 163
361 163
438 165
455 165
195 166
182 167
216 167
290 167
317 167
414 167
243 168
246 168
300 168
128 169
423 169
343 170
427 170
154 171
240 171
306 171
197 172
207 172
228 172
244 172
320 172
394 172
430 172
374 173
382 173
299 174
219 175
326 176
389 176
404 176
406 176
447 177
238 178
276 178
309 178
358 178
377 179
419 180
456 180
166 181
365 181
270 182
292 182
107 183
195 183
202 183
339 183
141 184
216 184
247 184
339 184
438 184
266 185
309 185
363 186
470 186
284 187
287 187
379 188
394 188
401 188
414 188
441 188
378 189
180 190
181 190
359 190
328 191
410 192
115 193
196 194
272 194
321 194
365 195
458 195
238 196
297 196
316 197
427 197
129 199
219 199
234 199
275 200
277 200
340 200
434 200
267 201
151 202
309 202
323 202
470 202
190 203
204 203
259 203
286 203
379 203
227 204
245 204
285 204
338 204
357 204
376 204
262 205
359 205
397 205
445 205
305 206
409 206
146 207
397 207
416 208
324 209
398 209
168 211
124 212
275 213
404 213
181 214
323 214
342 214
459 214
303 215
313 215
432 215
235 216
257 216
295 216
109 217
131 217
290 217
365 217
415 217
467 217
135 218
213 218
373 218
382 218
197 219
333 219
383 219
247 220
248 220
395 220
155 221
263 221
358 221
426 221
131 222
375 223
427 223
450 223
102 224
477 224
135 225
263 225
283 225
362 225
398 225
244 226
275 226
322 227
323 227
411 227
434 227
208 228
224 228
260 228
347 228
385 228
239 230
299 230
332 230
170 231
374 231
441 231
463 231
123 232
419 232
140 233
347 233
360 233
258 234
383 234
363 235
390 235
215 236
306 236
338 236
440 236
335 237
343 237
406 237
268 238
276 238
395 238
402 238
426 238
451 238
117 239
357 239
414 239
289 240
307 240
141 241
232 241
302 241
184 242
407 243
159 244
309 244
332 244
435 244
250 245
273 245
323 245
373 245
476 245
213 246
353 246
458 246
196 247
298 247
360 247
378 248
334 249
228 250
368 250
381 250
418 250
442 250
265 251
321 251
326 251
353 251
385 251
174 252
210 252
336 253
369 253
390 253
396 254
271 255
318 255
384 255
465 255
294 256
314 256
346 256
132 257
245 258
263 258
309 258
321 258
126 259
148 260
327 260
285 261
431 261
170 262
186 262
222 262
335 262
239 263
338 263
353 263
201 264
260 264
308 264
436 264
118 265
385 265
414 266
456 266
475 266
300 268
367 268
286 269
371 269
141 270
258 270
278 270
442 270
119 271
308 271
324 271
306 272
400 272
253 273
464 273
298 274
443 274
282 275
328 275
344 275
158 276
177 276
356 276
357 276
380 277
108 279
329 279
348 279
428 279
208 280
320 280
410 280
218 281
388 281
184 282
370 282
437 282
192 283
349 283
184 284
417 284
292 285
339 285
390 285
397 285
191 286
231 286
250 286
349 286
452 286
470 286
127 287
177 287
203 287
367 287
167 288
234 288
270 288
359 288
385 288
372 289
419 289
187 290
218 290
272 290
313 290
338 290
398 290
168 291
336 291
361 291
375 292
146 293
231 293
336 293
436 293
215 294
421 294
162 295
200 295
255 296
228 298
225 299
229 299
244 299
285 300
351 300
359 300
264 301
303 301
337 301
376 301
395 301
114 302
161 302
176 302
394 302
444 302
178 303
182 303
378 303
328 304
462 304
347 305
366 305
137 306
389 306
351 307
157 308
194 308
225 310
242 310
398 310
428 310
362 311
131 312
210 312
357 312
397 312
411 312
188 314
259 314
278 315
380 315
467 315
214 316
173 317
276 317
450 317
355 319
431 319
149 320
322 320
242 322
358 322
397 322
190 323
337 323
431 323
224 324
206 325
290 325
420 325
122 326
293 326
375 326
376 326
264 327
307 327
314 327
406 327
422 327
220 328
236 328
412 328
207 329
396 329
426 329
241 330
263 330
287 330
334 330
170 331
470 331
277 332
141 333
225 333
352 333
386 333
316 334
419 334
372 335
158 336
257 336
285 336
328 336
451 336
310 337
186 338
304 338
394 338
214 339
270 339
205 341
224 341
244 341
427 341
287 342
298 342
324 342
346 343
369 344
433 344
155 345
171 345
244 346
273 346
391 346
409 346
133 347
302 347
472 347
282 348
206 350
290 350
362 350
166 351
278 351
293 351
316 351
365 351
382 351
419 351
253 353
296 353
336 353
380 353
455 354
207 355
220 355
390 355
392 355
435 355
230 356
315 357
410 357
167 358
396 358
476 358
125 359
184 359
219 359
407 359
414 359
201 360
276 360
360 360
390 360
352 361
384 361
435 361
215 362
300 362
147 363
262 363
269 364
334 364
264 365
277 366
239 367
325 367
326 367
337 367
376 367
427 367
244 368
248 368
420 368
425 368
242 369
407 370
421 370
250 371
402 371
438 371
203 372
455 372
196 374
245 374
341 374
426 374
432 374
186 375
222 375
302 375
377 375
278 376
372 376
164 377
281 377
347 377
163 378
394 378
163 379
356 379
476 379
128 380
144 380
307 380
428 380
273 381
344 381
398 381
420 381
211 382
261 382
168 383
390 385
186 386
280 386
316 386
337 386
451 386
359 387
395 387
298 388
344 388
194 389
244 389
279 390
321 390
329 390
336 390
427 390
219 391
237 391
324 391
349 391
387 391
417 391
172 392
291 392
315 392
386 392
426 392
199 393
389 393
400 393
180 394
194 394
448 394
274 395
320 395
356 395
266 396
276 396
173 397
253 397
378 397
171 399
200 399
307 399
332 400
325 401
413 401
164 402
207 402
231 402
273 402
464 402
478 402
213 403
273 403
286 403
346 405
441 406
431 407
206 408
240 408
334 408
338 408
391 408
373 409
189 410
425 411
439 411
229 412
327 412
217 413
194 414
260 414
323 414
148 415
266 415
413 415
280 416
301 416
310 418
357 418
296 419
385 419
418 419
213 420
169 421
255 421
327 423
401 423
460 423
344 424
439 424
203 425
243 426
376 426
279 427
192 428
146 429
230 429
234 429
266 429
417 429
433 429
158 430
217 430
329 430
238 431
324 432
352 432
321 433
168 434
209 434
436 434
439 434
457 434
430 435
309 436
253 437
349 437
363 437
400 437
177 438
264 438
270 438
280 438
472 438
333 439
348 439
227 440
289 440
425 440
242 441
263 441
326 442
216 443
197 444
251 444
247 445
347 445
257 446
213 448
446 448
201 449
208 449
271 449
323 449
335 449
418 449
384 450
328 451
440 451
211 452
343 453
345 453
228 454
254 454
304 454
347 454
296 455
440 455
249 456
268 456
275 456
336 456
336 457
402 457
440 457
356 458
405 458
461 458
196 460
367 460
422 460
239 461
437 463
213 465
409 465
349 466
261 467
394 467
246 468
476 468
175 469
236 469
243 469
252 471
317 471
270 472
381 472
422 473
408 474
447 474
188 475
229 475
341 475
194 476
235 476
279 476
305 476
420 476
470 476
337 477
197 479
360 479
438 480
465 480
254 481
358 481
205 483
383 483
407 484
344 486
433 487
221 488
328 490
299 491
309 491
308 492
454 492
365 493
390 493
239 494
295 494
286 495
201 496
274 496
422 496
265 498
283 498
386 498
208 500
215 502
469 502
313 503
374 503
307 505
368 505
411 505
334 506
302 507
312 508
320 508
246 510
282 510
356 511
398 511
254 513
289 513
262 514
425 514
345 516
386 516
275 518
292 519
295 521
359 523
410 525
443 528
433 530
257 531
426 533
305 536
380 536
298 538
335 538
356 538
312 539
325 540
