214 2
231 2
247 2
260 2
368 2
136 3
335 3
194 4
281 4
176 6
294 6
124 7
428 7
389 9
309 10
350 10
159 12
109 13
329 14
446 14
149 15
224 16
255 17
96 18
212 18
243 18
407 18
264 19
371 20
417 20
195 21
282 21
296 21
126 22
350 23
179 24
164 26
317 27
433 27
114 28
367 30
391 30
147 31
101 33
218 33
239 33
327 33
448 33
135 34
204 34
335 34
249 35
266 35
259 36
347 37
409 37
188 38
293 39
148 41
463 41
85 42
170 42
362 42
429 42
135 43
305 43
117 44
309 44
263 45
318 45
369 45
374 45
355 46
385 46
154 47
433 47
379 48
331 50
391 50
129 51
336 51
374 51
446 51
100 52
223 52
299 52
125 53
142 53
236 54
351 54
195 55
254 55
342 55
188 56
208 56
388 56
406 56
429 56
90 57
352 57
372 57
123 58
270 58
365 58
380 58
322 59
325 59
353 59
413 59
166 60
286 60
242 61
262 61
364 61
422 62
434 62
469 62
78 63
301 64
415 64
109 65
305 65
390 65
438 65
151 66
407 66
285 67
328 67
353 67
314 68
386 68
148 69
423 69
152 70
451 70
135 71
206 72
247 72
260 72
59 73
190 73
200 73
229 73
346 73
216 74
270 74
91 75
175 75
288 76
399 76
431 76
438 76
251 77
299 77
121 78
157 78
364 78
470 79
161 80
255 80
257 81
129 82
379 82
80 83
374 83
415 83
448 83
229 84
426 84
430 84
105 85
141 85
158 85
185 85
325 85
84 86
381 86
250 87
429 87
171 88
241 88
336 88
197 89
63 90
128 90
210 90
227 90
290 90
393 90
313 91
430 91
463 91
265 92
157 93
281 93
293 93
353 93
280 94
371 94
194 95
204 95
317 95
88 96
281 96
310 96
363 96
370 97
411 97
285 98
325 98
142 99
292 99
86 100
174 100
180 100
388 100
309 101
450 101
297 102
311 103
346 103
385 103
420 103
271 104
282 105
405 105
128 106
237 106
245 106
466 106
100 107
224 107
247 107
259 107
283 107
337 107
65 108
210 108
237 108
300 108
345 108
358 108
94 109
155 109
404 109
437 109
197 110
279 110
324 110
435 110
120 111
413 111
314 112
322 112
373 112
118 113
51 114
184 114
301 114
86 115
141 115
341 115
416 115
452 115
108 116
110 116
208 116
291 116
161 117
217 117
282 117
44 118
128 118
229 118
86 119
167 119
384 119
136 120
208 120
269 120
299 120
459 120
347 121
389 121
196 122
246 122
431 122
321 123
394 123
91 124
117 124
228 124
469 124
65 125
385 125
145 126
185 126
333 126
362 126
92 127
155 127
342 127
116 128
405 128
146 129
151 129
190 129
434 129
446 129
304 130
317 130
133 131
172 131
398 131
212 132
291 132
321 132
374 132
379 132
419 132
294 133
108 134
162 134
238 134
330 134
102 135
128 135
185 135
284 135
456 135
203 136
242 136
256 136
425 136
147 137
153 137
271 137
342 137
71 138
40 139
191 139
296 139
357 139
397 139
406 139
434 140
197 142
472 142
89 143
112 143
180 143
406 143
422 143
97 144
138 145
192 145
242 145
264 145
321 145
413 145
442 145
233 146
169 147
254 147
264 147
173 148
218 148
276 148
336 148
101 149
122 149
47 150
206 150
247 150
292 150
350 150
181 151
297 151
454 151
130 152
433 152
137 153
154 153
391 153
75 154
113 154
184 156
191 156
402 156
317 157
365 157
432 157
141 158
364 158
369 158
250 159
282 159
330 159
412 159
470 159
175 160
181 160
267 160
277 160
318 160
98 161
131 162
221 162
235 162
296 162
382 162
58 163
218 163
423 163
346 164
354 164
392 165
312 166
417 166
448 166
84 167
203 168
269 168
364 168
113 169
151 169
46 170
325 170
352 170
406 170
192 171
414 172
143 173
349 173
377 173
464 173
179 174
201 174
267 174
294 174
132 176
237 176
424 177
427 177
405 178
441 178
168 179
310 179
418 179
211 180
216 180
322 180
364 180
393 180
437 180
258 181
418 181
478 181
205 182
334 182
154 183
347 183
195 184
449 184
263 185
343 185
407 185
55 186
113 186
352 187
228 188
276 188
283 188
293 188
248 189
300 189
369 189
463 189
431 190
75 191
316 191
424 191
204 192
223 192
219 193
387 193
410 193
125 194
334 194
431 194
98 195
151 196
166 196
336 196
33 198
331 198
347 198
349 198
435 198
205 199
363 199
403 199
65 200
346 200
410 200
446 200
270 201
276 201
114 202
241 202
284 202
303 202
313 202
87 203
189 203
253 203
394 203
323 204
375 204
405 204
461 204
240 205
249 205
383 206
89 207
223 207
76 208
103 208
127 208
168 208
192 208
334 208
357 208
389 208
104 209
151 209
423 209
468 209
46 210
338 210
344 210
417 210
173 211
358 211
356 212
366 212
115 213
213 213
295 213
347 213
425 213
444 213
72 214
262 214
268 214
277 214
306 214
363 214
477 214
251 215
317 215
404 215
346 216
66 218
89 218
33 219
102 219
197 219
240 219
248 219
332 219
334 219
416 219
430 219
459 220
156 221
379 221
117 223
169 223
189 223
225 223
347 223
390 223
465 223
197 224
284 224
350 224
352 224
406 224
98 225
123 225
326 225
418 225
433 225
190 226
270 226
83 227
179 227
360 227
396 227
471 227
256 228
299 228
312 228
355 228
360 229
444 229
165 230
328 230
352 230
325 231
436 231
112 232
141 232
280 232
110 233
372 233
167 234
209 234
422 234
70 235
247 235
405 235
173 236
189 236
376 236
412 237
37 238
172 238
225 238
279 238
435 238
157 239
298 239
194 240
356 240
127 241
264 241
251 242
314 242
323 242
438 242
466 242
94 243
180 243
302 244
420 244
220 245
324 245
335 245
56 246
145 246
183 246
237 246
248 247
208 248
340 248
372 248
401 248
77 249
181 249
211 249
270 249
293 249
221 250
228 250
230 250
189 251
277 251
288 251
472 251
101 252
107 252
169 252
197 252
451 252
115 253
172 253
179 253
301 253
358 253
410 253
120 254
265 254
349 254
383 254
42 255
86 255
107 255
130 255
437 256
314 257
189 258
147 259
215 259
318 259
359 259
411 259
89 260
248 260
302 261
368 261
393 261
423 261
87 262
97 262
238 262
329 262
342 262
158 263
399 263
29 264
140 264
246 264
119 265
203 265
293 265
325 265
378 265
398 265
403 265
448 265
88 266
275 266
306 266
350 266
437 266
466 266
72 267
176 267
231 267
328 268
343 268
232 269
288 269
187 270
207 270
438 270
102 271
165 271
44 272
67 272
88 272
109 272
386 272
83 273
192 273
223 273
85 274
171 274
260 274
354 274
358 274
418 274
125 275
236 275
367 276
413 276
38 277
300 277
319 277
251 278
291 278
370 278
448 278
476 278
74 279
399 279
162 280
252 280
284 280
334 280
93 281
213 281
227 281
238 281
262 281
427 281
205 282
206 282
229 282
281 282
432 282
242 283
184 284
89 285
416 285
150 286
179 286
272 286
349 286
457 286
110 287
266 287
381 287
418 287
430 287
153 288
219 288
368 288
410 288
241 289
364 289
400 289
99 290
111 290
235 290
260 290
309 290
68 291
127 291
196 291
299 291
323 291
359 291
416 291
436 291
44 292
105 292
291 292
321 292
87 293
108 293
379 294
169 295
328 295
415 295
464 295
251 296
148 297
207 297
394 297
191 298
276 298
303 298
367 298
408 298
77 299
122 299
136 299
313 299
341 299
101 300
60 301
221 301
92 303
240 303
376 303
402 304
422 304
138 305
163 305
310 305
385 305
470 305
301 306
316 306
354 306
382 306
446 306
93 307
262 307
267 307
324 308
106 309
289 309
47 310
74 310
111 310
320 310
385 310
404 310
338 311
232 312
272 312
281 312
301 312
365 312
435 313
116 314
127 315
179 315
275 315
295 315
341 315
390 315
431 315
147 316
262 316
303 316
370 316
412 316
101 317
223 317
248 317
40 318
142 318
456 318
129 319
158 319
281 319
82 320
105 320
140 320
224 320
271 320
362 320
422 320
119 321
161 321
263 321
306 321
316 321
317 321
319 321
297 322
396 322
127 323
134 323
193 323
197 323
269 323
356 323
375 323
407 323
32 324
328 324
416 324
56 325
241 325
292 325
439 327
115 328
168 328
188 328
273 328
361 328
424 328
147 329
334 330
190 331
216 331
462 331
51 332
93 332
253 332
339 332
366 332
73 333
144 333
275 333
306 333
307 333
385 333
397 334
130 335
162 335
390 335
181 336
42 337
142 337
298 337
422 337
173 338
181 338
195 338
234 338
333 338
468 338
318 339
329 339
109 340
268 340
352 340
101 341
271 341
391 341
157 342
422 342
148 343
209 343
263 343
159 344
432 344
333 345
388 345
449 345
227 346
263 346
295 346
306 346
365 346
96 347
175 348
245 348
282 348
437 348
136 349
183 349
411 349
118 350
154 350
474 350
305 351
320 351
152 352
397 352
280 353
320 353
329 353
96 354
189 355
407 355
226 356
344 356
145 357
168 357
294 357
257 358
327 358
334 358
413 358
264 359
396 359
479 359
130 360
267 360
368 360
218 361
207 362
311 362
364 363
81 364
138 364
280 364
419 364
147 365
260 365
460 365
108 367
194 367
249 367
266 367
358 367
221 368
332 368
351 368
233 369
260 369
418 369
164 370
198 370
370 370
117 371
181 371
226 371
396 371
59 372
220 372
119 373
124 373
244 373
85 374
196 374
264 374
88 375
198 375
264 375
375 375
470 375
101 376
159 376
244 376
316 377
103 378
142 378
210 378
164 379
281 379
298 379
357 379
402 379
449 379
203 380
219 380
337 380
343 380
363 380
426 380
141 382
168 383
239 383
49 384
117 384
136 384
407 385
178 386
188 386
259 386
382 386
66 387
99 387
362 387
479 387
216 388
325 388
387 388
116 390
152 390
162 391
182 391
196 391
391 391
122 392
158 392
240 392
385 392
410 392
434 392
236 393
158 394
188 394
246 394
75 395
176 395
461 395
149 396
245 396
274 396
280 396
301 396
364 396
142 397
195 397
438 397
96 398
139 398
215 399
260 399
321 399
343 399
134 400
344 400
325 401
195 402
236 402
392 402
112 403
150 404
217 404
373 404
445 405
363 406
282 407
303 407
421 407
257 408
267 408
328 408
369 408
395 408
140 409
247 409
110 410
233 410
305 410
356 410
245 411
91 412
130 412
135 412
259 412
239 413
330 413
356 413
191 414
214 414
375 414
339 415
456 415
298 416
352 416
432 416
215 417
275 417
282 417
309 417
368 417
100 418
110 419
172 419
380 419
321 420
260 421
439 422
81 423
210 423
356 423
118 424
283 424
301 424
401 424
412 424
284 425
309 425
354 426
417 426
148 427
336 427
151 428
352 428
386 428
434 428
128 429
345 429
113 430
223 430
349 430
364 430
313 431
319 431
449 431
147 432
218 432
265 432
91 433
213 433
238 433
431 433
392 434
137 435
289 436
395 436
149 437
152 437
171 438
341 438
205 439
208 439
246 439
285 439
419 439
433 439
90 440
107 440
266 440
370 440
226 441
218 442
266 442
292 442
365 442
404 442
127 443
309 443
435 443
289 444
318 444
152 445
245 446
303 446
379 447
385 447
70 448
194 448
238 448
353 449
413 449
138 450
296 450
323 450
347 450
358 450
381 450
237 451
297 451
391 451
451 451
223 452
272 452
382 452
334 453
354 453
421 453
328 454
249 455
251 455
389 455
352 456
151 457
225 457
233 457
84 458
275 459
373 459
388 459
107 460
123 460
212 460
249 460
360 460
364 460
295 461
303 461
400 461
176 462
315 462
434 462
133 463
223 463
198 464
262 464
280 464
337 464
444 465
231 466
302 468
324 468
345 468
360 468
385 468
337 469
125 470
227 470
377 470
116 471
230 471
248 471
311 471
258 472
416 472
157 473
204 473
312 473
353 473
315 474
68 475
388 475
84 476
134 476
365 476
347 477
358 477
350 478
432 478
92 480
140 480
155 480
369 480
187 481
194 481
290 481
285 482
362 482
399 482
211 483
233 483
294 483
337 483
227 484
310 484
94 485
139 485
332 485
341 486
351 486
409 487
142 488
165 488
186 489
290 489
302 489
308 490
311 490
374 490
123 491
171 491
228 492
344 492
426 492
187 493
340 493
212 495
302 496
308 498
152 500
393 500
258 501
273 502
317 503
332 503
415 503
179 504
199 505
286 505
117 507
187 507
249 507
231 509
359 509
129 510
226 510
281 510
371 510
206 511
182 513
292 513
337 513
295 514
125 515
148 515
261 515
391 515
188 516
190 517
272 517
396 517
151 518
157 518
242 518
347 518
217 519
232 520
272 520
303 521
168 522
355 522
315 524
171 526
282 527
144 528
252 528
374 528
386 532
230 534
329 534
207 535
187 536
260 536
294 536
159 538
348 539
215 542
307 544
171 545
278 547
129 548
319 548
139 549
253 550
157 558
196 558
213 562
240 562
268 563
225 568
