275 46
288 47
306 48
322 48
262 49
339 51
353 52
218 53
185 59
288 60
298 61
237 63
361 63
270 64
316 64
331 64
218 67
151 68
197 70
385 71
136 73
267 76
359 76
236 77
249 77
402 77
296 78
313 78
163 80
119 81
276 81
333 82
202 84
149 85
255 87
298 87
327 87
355 88
388 88
254 89
134 90
286 90
288 90
370 90
272 91
308 91
401 91
212 92
346 93
229 94
240 94
328 94
169 96
290 97
115 98
158 98
207 98
209 99
343 99
397 99
269 101
198 102
293 102
319 102
97 103
141 103
213 103
252 103
359 103
233 104
262 104
275 104
299 105
316 105
220 106
285 106
331 106
129 107
220 107
330 107
378 107
420 108
307 109
171 110
208 110
295 111
259 112
396 112
156 113
436 114
106 115
190 115
246 115
321 115
343 115
76 116
236 116
257 116
297 116
318 116
347 116
259 117
344 117
98 118
228 118
269 118
286 118
331 118
143 119
342 120
359 120
410 120
129 122
212 122
232 122
185 123
200 123
85 124
303 124
376 124
159 125
306 125
117 126
249 127
388 127
432 128
105 129
305 129
309 129
332 129
380 129
76 130
142 130
174 130
232 130
241 130
230 131
262 131
249 132
291 132
399 132
226 133
280 133
345 133
450 133
264 134
284 134
415 134
206 135
366 135
125 136
192 137
231 137
59 138
90 138
311 138
159 140
305 140
362 140
387 140
291 141
312 141
221 142
112 143
190 143
304 143
144 145
217 145
257 145
277 145
333 145
406 145
185 146
246 146
274 146
177 147
347 147
440 147
129 148
172 148
196 148
426 148
50 149
69 149
169 150
213 150
225 150
234 150
303 151
312 151
321 151
366 151
371 151
161 152
200 153
380 153
57 154
92 154
389 154
206 155
265 155
120 156
182 157
384 158
458 158
110 159
401 159
154 160
186 160
264 160
280 160
181 161
231 161
250 161
287 161
341 162
355 162
408 162
418 162
42 163
71 163
298 163
315 163
354 163
473 163
117 164
220 164
188 165
273 165
138 166
142 166
172 166
213 166
368 166
390 166
278 167
434 167
192 168
263 168
329 168
376 168
94 169
120 169
438 169
87 170
124 170
162 170
267 170
290 170
313 170
203 171
290 171
57 173
120 173
389 173
314 174
370 174
400 174
145 175
232 175
246 175
260 175
302 175
123 176
151 176
198 176
342 176
185 177
224 177
256 177
295 177
331 177
355 177
461 177
404 178
419 178
109 179
182 179
363 179
437 180
472 180
75 181
204 182
375 182
424 182
106 183
141 183
167 183
274 183
281 183
322 183
170 184
285 184
293 184
439 184
131 185
263 185
419 185
39 186
249 186
284 186
392 186
193 187
233 187
86 188
90 188
312 188
98 189
156 189
111 190
134 190
333 190
375 190
154 191
224 191
346 191
119 192
192 192
318 192
355 192
177 193
267 193
345 193
351 193
406 193
58 194
87 194
170 194
215 194
387 194
427 194
458 194
117 195
146 195
286 195
345 195
369 196
205 197
253 197
422 197
475 197
106 198
116 198
136 198
194 198
269 198
298 198
423 198
21 199
79 199
90 199
238 199
312 199
323 199
381 199
102 200
107 200
133 200
190 200
410 200
66 201
161 201
373 201
431 201
111 202
322 202
340 202
391 202
451 202
105 203
268 203
281 203
46 204
53 204
72 204
258 204
402 204
73 205
408 205
99 206
161 206
185 206
187 206
220 206
355 206
28 207
95 208
97 208
143 208
176 208
70 209
154 209
178 209
208 209
391 209
418 209
123 210
127 210
148 210
306 210
38 211
62 211
243 211
254 211
369 211
374 211
447 211
467 211
48 212
241 212
288 212
406 212
120 213
195 213
205 213
267 213
321 213
165 214
193 214
229 214
239 214
351 214
410 214
200 215
370 215
426 215
380 216
79 217
94 217
135 217
231 217
333 217
422 218
157 219
221 219
350 219
379 219
398 219
213 220
266 220
289 220
303 220
329 220
435 220
458 220
58 221
167 221
181 221
347 221
120 222
204 222
470 222
108 223
241 223
267 223
278 223
446 223
29 224
232 224
256 224
285 224
300 224
364 224
426 225
12 226
49 226
221 226
375 226
418 226
145 227
174 227
247 227
315 227
103 228
124 228
100 229
326 229
415 229
431 229
89 230
222 230
369 230
436 230
209 231
412 231
102 232
204 232
23 233
166 233
210 233
270 233
355 233
392 233
465 233
141 234
188 234
295 234
321 234
60 235
198 235
247 235
256 235
279 235
294 235
407 235
441 235
155 236
165 236
315 236
337 236
367 236
35 237
116 238
152 238
227 238
270 238
314 238
374 238
421 238
55 239
57 239
84 239
288 239
86 240
105 240
198 240
199 240
316 240
451 240
76 241
132 241
229 241
239 241
326 241
101 242
220 242
410 242
72 243
134 243
356 243
108 244
149 244
190 244
388 244
433 244
298 245
362 245
15 246
89 246
265 246
277 246
291 246
378 246
407 246
71 247
213 247
155 248
247 248
304 248
467 248
28 249
151 249
241 249
290 249
314 249
339 249
156 250
161 250
204 250
371 250
180 251
230 251
370 251
134 252
201 252
240 252
304 252
394 253
401 253
431 253
315 254
326 254
451 254
100 255
282 255
42 256
171 256
217 256
273 256
285 256
324 256
43 257
111 257
155 257
331 257
381 257
60 258
209 258
263 258
441 258
15 259
153 259
252 259
334 259
364 259
388 259
417 259
77 260
189 261
389 261
350 262
378 262
37 263
91 263
207 263
236 263
307 263
93 264
110 264
237 264
461 264
127 265
317 265
157 266
48 267
223 267
366 267
409 267
434 267
194 268
79 269
268 269
256 270
334 270
469 270
50 271
86 271
152 271
167 271
281 271
294 271
322 271
338 271
364 271
388 271
140 272
213 272
446 272
46 273
50 273
121 273
242 273
340 273
63 274
282 274
383 274
28 275
159 275
207 275
309 275
349 275
185 276
99 277
139 277
321 277
376 277
426 277
227 278
348 278
44 279
160 279
403 279
406 279
423 279
77 281
133 281
363 281
389 281
394 281
456 281
477 281
64 282
219 282
259 282
271 282
292 282
18 283
88 283
226 283
285 283
307 283
335 283
291 284
194 285
212 285
312 285
411 285
143 286
210 286
246 286
306 286
91 287
100 287
53 288
374 288
439 288
51 289
57 289
312 289
397 289
166 290
248 290
384 290
81 291
85 291
149 291
185 291
349 291
423 291
128 292
199 292
228 292
13 293
69 293
109 293
222 293
268 293
385 293
402 293
470 293
31 294
53 295
62 295
217 295
330 295
47 297
144 297
224 297
247 297
281 297
314 297
142 298
222 299
296 299
311 299
343 299
365 299
434 299
451 299
476 299
175 300
303 300
74 301
121 301
244 301
264 301
46 302
85 302
201 302
169 303
189 303
209 303
236 303
415 303
156 304
396 304
26 305
316 305
100 306
269 306
289 306
377 306
227 307
79 308
84 308
126 308
202 308
273 308
357 308
179 309
154 310
208 310
244 310
285 310
404 310
59 311
116 311
196 311
292 311
463 311
272 312
328 312
59 313
80 313
305 313
343 313
447 313
62 314
132 314
263 314
301 314
319 314
371 314
387 314
140 315
379 315
390 315
14 316
108 316
126 316
255 316
352 316
410 316
53 317
114 317
265 317
293 317
307 317
455 318
52 319
54 319
94 319
171 319
189 319
205 319
431 319
105 320
394 320
90 321
140 321
163 321
235 321
361 321
67 322
148 322
338 322
64 323
98 323
200 323
267 323
293 323
111 324
283 324
294 324
321 324
368 324
403 324
70 325
263 325
318 325
383 325
391 325
437 325
320 326
123 327
184 327
225 327
227 327
274 327
439 327
72 328
109 328
128 328
326 328
423 328
117 329
222 329
224 329
249 329
285 329
302 329
403 329
347 330
404 330
463 330
26 331
48 331
87 331
171 331
196 331
210 331
295 331
238 332
56 333
72 333
85 333
241 333
337 333
140 334
260 334
409 334
47 335
158 335
304 335
313 335
430 335
78 336
200 336
240 336
97 337
124 337
338 337
357 337
378 337
76 338
182 338
187 338
423 338
104 339
217 339
283 339
370 339
434 339
43 340
97 340
418 340
475 340
48 341
63 341
142 341
202 341
437 341
455 341
155 342
294 342
304 342
77 343
83 343
127 343
234 343
245 343
371 343
393 343
401 343
172 344
251 344
345 344
401 344
322 345
70 346
118 346
185 346
168 347
209 347
365 347
87 348
140 348
307 348
388 348
78 349
96 349
182 349
205 349
425 349
154 350
165 350
210 350
45 351
118 351
234 351
269 351
465 351
245 352
280 352
373 352
94 353
97 353
109 353
127 353
183 353
269 353
278 353
309 353
333 353
356 353
90 354
165 354
196 354
225 354
389 354
409 354
97 355
172 355
176 355
288 355
324 355
331 355
60 356
61 356
355 356
449 356
151 357
337 357
347 357
395 358
435 358
467 358
214 359
376 359
100 360
145 360
191 360
226 360
362 360
109 361
176 362
206 362
219 362
238 362
272 362
453 362
125 363
410 363
417 363
433 363
44 364
113 364
291 364
296 364
319 364
335 364
437 364
87 365
136 366
151 366
162 366
252 366
297 366
415 366
422 366
99 367
131 367
358 367
401 367
474 367
149 368
353 368
368 368
393 368
84 369
202 369
277 369
382 369
414 369
456 369
154 370
173 370
126 371
342 371
374 371
103 373
136 373
190 373
230 373
247 373
303 373
68 374
123 374
137 374
339 374
111 375
358 375
371 375
59 376
200 376
263 376
440 376
95 377
147 377
238 377
248 377
420 377
423 377
476 377
160 378
251 378
326 378
392 378
41 379
80 379
134 379
153 379
185 379
237 379
265 379
461 379
172 380
229 380
309 380
344 380
433 380
245 381
258 381
266 381
318 381
196 382
386 382
282 383
375 383
93 384
226 384
235 384
246 384
257 384
265 384
320 384
357 384
239 385
61 386
184 386
211 386
401 386
402 386
436 386
143 387
261 387
362 387
367 387
417 387
160 388
273 388
293 388
348 388
224 389
429 389
137 390
391 390
448 390
378 391
398 391
405 391
409 391
77 392
113 392
257 392
170 393
224 393
232 393
259 393
300 393
354 393
407 393
88 394
144 394
332 394
357 394
437 394
107 395
120 395
339 395
91 396
211 396
269 396
253 397
306 397
319 398
132 399
295 399
238 400
331 400
436 400
226 401
300 401
367 401
75 402
113 402
299 402
351 402
423 402
104 403
122 403
168 403
182 403
281 403
394 403
116 404
156 404
209 404
223 404
338 404
407 404
195 405
365 405
452 405
160 406
266 406
310 406
336 406
383 406
88 407
423 407
313 408
90 409
104 409
124 409
311 409
331 409
368 409
440 409
473 410
143 411
196 411
220 411
283 411
297 411
383 411
396 411
423 411
132 412
339 412
426 412
295 413
318 413
322 413
55 414
103 414
208 414
324 414
353 414
412 414
178 415
182 415
205 416
307 416
378 416
442 416
72 417
89 417
115 417
213 417
368 417
297 418
458 418
116 419
317 419
320 419
194 420
201 420
220 420
282 420
301 420
382 420
148 422
235 422
328 422
143 423
340 423
412 424
126 426
148 426
167 426
325 426
407 426
52 427
182 427
224 427
352 427
394 427
427 427
70 428
87 428
93 428
233 428
240 428
253 428
367 428
445 428
114 429
195 429
275 429
294 429
403 429
210 430
310 430
175 431
190 431
128 432
152 432
194 432
339 432
413 432
173 433
179 433
236 433
383 433
460 433
473 433
100 434
288 434
184 435
377 435
390 435
431 436
141 437
243 437
368 437
88 438
112 438
176 438
260 438
290 438
415 439
418 439
428 439
88 440
126 440
143 440
149 440
196 440
84 441
165 441
229 441
369 441
85 442
118 442
344 442
348 442
355 442
138 443
184 443
232 443
287 443
338 443
321 444
337 444
389 444
97 445
115 445
329 445
221 446
374 446
402 446
68 447
123 447
269 447
448 447
475 447
109 448
137 448
303 448
172 449
186 449
209 449
298 449
412 449
415 449
461 449
107 450
260 450
353 450
129 451
278 451
416 451
229 452
245 453
282 453
176 454
255 454
334 454
249 455
317 455
375 455
422 455
63 456
214 456
123 457
210 457
232 457
330 457
396 457
404 457
81 458
94 458
106 458
437 458
116 459
168 459
181 459
389 460
433 460
201 461
314 461
337 461
351 461
416 461
137 462
295 462
450 462
177 463
215 463
221 463
258 463
367 463
190 464
439 464
314 465
366 465
83 466
120 466
258 466
466 466
157 467
222 467
122 468
203 468
350 468
374 468
56 469
148 469
241 469
333 469
159 471
313 471
166 472
273 472
167 473
333 473
103 474
117 474
135 474
193 474
284 474
379 474
390 474
218 475
230 475
235 475
366 475
403 475
415 475
79 476
182 476
267 476
330 476
426 476
438 476
451 476
129 477
343 477
346 477
135 478
164 478
208 478
304 478
94 479
159 479
240 479
117 480
367 480
170 482
257 482
317 482
332 482
426 482
137 483
204 483
245 483
58 484
234 484
285 484
131 486
182 486
266 486
362 486
377 486
436 486
439 486
197 487
284 487
393 487
421 487
135 488
199 488
318 488
345 488
405 488
88 489
121 489
267 489
206 490
217 490
296 491
454 491
288 492
316 492
92 493
161 493
378 493
259 494
76 495
202 495
223 495
100 496
126 496
236 496
255 497
362 497
419 497
471 497
96 498
138 498
173 498
150 499
190 499
224 499
408 499
423 499
100 500
420 500
280 501
309 501
324 501
441 501
147 502
263 502
271 502
159 503
253 503
57 504
114 504
206 504
285 504
425 504
434 504
103 505
319 505
164 506
226 506
230 506
392 506
91 507
193 507
335 507
178 508
289 508
348 508
78 509
122 509
308 509
360 509
435 510
287 511
311 511
129 512
249 512
297 512
228 513
304 513
308 513
441 513
155 514
373 514
389 514
403 514
204 515
270 515
314 515
358 515
406 515
403 516
423 516
119 517
218 517
141 518
150 518
182 518
237 518
261 518
343 518
428 518
190 519
205 519
215 519
304 519
326 519
455 519
115 520
193 520
195 522
302 522
309 522
371 522
388 522
131 523
141 523
209 523
406 523
286 524
147 525
223 525
319 525
355 525
250 526
126 527
132 528
184 528
318 528
344 528
423 528
314 529
335 530
242 532
260 532
148 533
370 533
162 534
173 535
294 535
351 535
203 536
231 536
269 536
285 536
337 536
92 537
135 538
147 538
331 538
404 538
280 539
370 539
305 540
310 540
318 540
331 541
419 541
106 542
253 542
289 542
332 542
151 543
236 543
222 544
384 544
195 545
176 546
148 547
364 547
459 547
78 548
145 548
344 548
245 549
317 549
360 549
95 550
139 550
129 551
265 551
109 552
124 552
210 552
287 552
316 553
144 554
229 554
242 554
257 554
379 556
415 556
357 558
139 559
156 559
321 559
335 559
187 560
299 560
202 561
286 561
455 561
182 562
250 562
235 563
306 563
254 564
313 564
221 565
288 565
335 565
270 566
297 566
168 567
176 567
81 568
171 568
202 569
409 569
144 570
272 570
303 570
97 571
197 571
129 572
164 572
245 572
309 572
370 572
197 573
211 573
209 575
346 575
229 576
304 576
407 576
185 579
119 580
259 580
287 580
273 581
299 582
363 582
223 583
312 583
204 584
312 584
220 585
228 585
174 586
201 586
241 586
329 586
191 587
156 589
226 589
287 589
350 589
296 590
365 591
379 591
124 593
170 593
214 594
275 594
394 594
172 595
232 595
260 595
371 595
312 596
251 597
192 598
200 599
226 599
326 599
340 599
355 599
407 601
243 602
297 602
189 604
152 605
320 605
130 606
113 607
262 609
397 609
231 610
378 614
141 615
197 615
333 615
297 616
166 617
283 617
355 617
184 618
204 618
394 619
268 620
124 621
226 622
209 623
346 623
192 626
313 626
162 628
365 628
266 630
336 630
137 631
298 631
281 633
176 637
