322 2
209 5
256 5
307 5
122 7
163 7
239 8
471 8
282 9
456 10
387 11
109 12
402 12
418 12
227 13
350 13
368 13
432 13
271 14
334 14
442 14
145 15
190 15
323 16
91 18
454 18
259 19
308 19
215 20
295 21
128 22
469 22
172 23
238 24
282 25
374 26
401 26
119 28
197 28
265 28
387 28
419 28
155 29
352 30
183 31
223 31
329 31
344 31
439 31
311 33
454 33
320 34
248 35
98 36
137 36
461 36
476 36
294 37
387 37
165 39
201 39
405 39
270 40
374 40
420 40
136 41
229 41
129 42
366 42
429 42
120 43
127 43
269 43
423 43
432 43
352 44
156 46
338 46
402 46
417 46
448 46
143 47
144 47
325 47
434 47
212 48
436 48
135 49
169 49
252 49
286 49
304 49
380 49
407 49
107 50
164 52
426 52
440 52
471 52
123 53
193 54
367 54
421 54
226 55
405 55
124 57
340 57
434 57
211 58
263 58
406 58
431 58
88 59
151 59
302 60
386 60
129 61
149 61
178 61
266 61
374 61
448 61
149 63
225 63
288 63
462 64
73 66
106 66
346 66
372 66
372 67
386 67
477 67
241 68
426 69
430 69
141 70
274 70
325 70
386 70
124 71
178 71
439 71
229 72
437 72
177 73
204 73
281 73
304 73
141 74
141 76
250 76
372 76
419 76
453 76
122 77
355 77
400 77
403 77
412 77
88 78
150 79
184 79
211 79
342 79
166 80
185 80
275 80
380 81
417 81
427 81
250 82
317 82
78 83
169 83
473 83
203 84
240 84
293 84
103 85
129 86
162 86
176 86
188 86
275 86
342 87
360 87
402 87
438 87
192 88
334 88
186 89
223 89
257 89
455 89
67 90
87 91
316 91
150 92
246 92
384 92
398 92
420 92
373 93
115 94
157 94
209 94
301 94
237 95
374 95
293 96
396 96
158 97
274 97
472 97
344 99
390 100
444 100
147 101
158 101
214 101
375 101
121 102
131 102
258 102
329 102
124 103
309 103
319 103
415 103
240 104
94 105
428 105
139 106
179 106
456 106
156 107
158 107
168 108
285 108
149 109
349 109
141 110
197 110
227 111
389 111
414 111
473 111
192 112
274 112
387 112
452 112
76 114
129 114
263 114
358 114
382 114
426 114
332 115
315 116
325 116
126 117
213 117
382 117
99 118
154 118
464 118
124 119
177 119
300 119
395 119
121 120
400 120
335 121
252 122
281 122
115 123
231 123
337 123
367 123
376 123
422 123
415 124
60 125
338 125
352 125
386 126
477 126
268 127
310 127
333 127
181 128
74 129
441 129
129 130
214 130
233 130
247 130
406 131
97 132
202 132
297 132
455 132
165 133
172 134
144 135
170 135
288 135
427 135
192 136
356 136
364 136
385 136
327 137
465 137
87 138
118 138
213 138
60 139
315 139
398 139
438 139
411 140
298 142
158 143
183 143
196 143
227 143
260 143
419 143
129 144
337 144
451 144
352 145
368 145
74 146
152 146
340 146
378 146
245 147
286 147
358 147
430 147
98 148
343 148
360 148
190 149
198 149
276 149
316 149
392 149
401 150
466 150
63 152
333 152
141 153
262 153
273 153
303 153
322 153
207 154
443 154
227 155
270 155
419 155
156 156
337 156
452 156
85 157
109 157
177 157
246 157
161 158
249 158
329 158
344 158
359 158
365 158
183 159
196 159
277 159
286 159
376 159
132 160
165 160
239 160
250 160
271 160
338 161
232 162
269 162
312 162
325 162
414 162
331 163
402 163
350 164
433 164
469 164
99 165
301 165
360 166
63 167
120 167
256 167
224 168
375 168
137 169
199 169
289 169
388 169
163 170
448 170
86 171
215 171
243 171
274 171
411 171
340 172
346 172
174 173
322 173
332 173
311 174
405 174
436 174
462 174
190 175
263 175
368 175
52 176
207 176
228 176
360 176
99 177
292 177
408 177
423 177
130 179
148 179
391 179
72 180
249 180
281 181
402 181
440 181
110 182
159 183
333 183
347 183
450 183
272 184
409 184
414 184
317 185
370 186
123 187
194 187
81 188
99 188
176 188
304 188
388 188
422 188
206 189
231 189
206 190
256 190
293 190
466 190
226 191
235 191
149 192
103 193
216 193
285 193
338 193
350 193
404 193
69 194
443 194
209 195
279 195
364 195
431 195
377 196
453 196
477 196
36 197
166 197
222 197
327 197
428 198
212 199
266 199
140 200
156 200
309 200
348 200
424 200
101 201
182 201
388 201
53 202
99 202
230 202
249 203
280 203
357 203
399 203
464 203
276 204
290 204
296 204
301 204
340 204
326 205
369 205
450 205
77 206
199 206
299 206
364 206
410 206
220 207
266 208
378 208
150 209
172 209
338 209
354 209
69 210
274 210
108 211
386 211
97 212
189 212
233 212
101 213
301 213
396 213
397 213
439 213
143 214
283 214
466 214
118 215
122 215
208 215
247 215
326 215
426 215
444 215
247 216
258 216
279 216
288 216
183 217
221 217
408 217
161 218
452 218
374 219
40 220
91 220
388 221
439 221
415 222
463 222
199 223
237 223
301 223
343 223
350 223
385 223
105 224
133 224
425 224
449 224
174 225
255 225
282 225
286 225
355 225
226 226
323 226
393 226
282 227
341 227
367 227
147 228
325 228
436 228
31 229
206 229
248 229
356 229
368 229
188 230
240 230
306 230
318 230
402 230
199 231
83 232
213 232
256 232
387 233
415 233
459 233
52 234
64 234
115 234
286 234
322 234
159 235
339 235
445 235
119 236
252 236
290 236
296 236
352 236
397 236
116 237
294 237
312 237
425 237
41 238
269 238
283 238
60 239
226 239
328 239
380 239
452 239
470 239
43 240
53 240
242 240
407 240
62 241
217 241
366 241
414 241
133 242
173 242
438 242
251 243
356 244
378 244
404 244
464 244
94 245
147 245
270 245
351 245
386 246
433 246
81 247
119 247
292 247
338 247
83 248
283 248
302 248
347 248
401 248
30 249
183 249
255 249
312 249
123 250
140 250
211 250
323 250
345 250
364 250
395 250
451 250
409 251
432 251
433 251
7 252
52 252
272 252
339 252
180 253
406 253
160 254
231 254
381 254
345 255
117 256
219 256
260 256
357 257
405 257
20 258
113 258
226 258
294 258
323 258
343 258
424 258
91 259
250 259
309 259
361 259
466 259
43 260
149 260
237 260
316 260
391 260
209 261
326 261
369 261
60 262
354 262
445 262
89 263
234 263
411 263
450 263
157 264
177 264
274 264
437 264
129 265
380 265
107 266
141 266
191 266
432 266
435 266
198 267
204 267
221 267
231 267
263 267
407 267
477 267
357 268
360 269
105 270
292 270
374 270
50 271
170 271
251 271
358 271
186 272
303 272
310 272
334 272
399 272
461 272
203 273
285 273
83 274
105 274
115 274
236 274
409 274
23 275
151 275
315 275
43 276
323 276
351 276
366 276
382 276
416 276
442 276
337 277
64 278
132 278
232 278
120 279
242 279
331 279
198 280
340 280
316 281
378 281
391 281
458 281
470 281
163 282
168 282
296 282
312 282
35 283
178 283
217 283
307 283
398 283
53 284
212 285
258 285
418 285
436 285
381 286
144 287
353 287
92 288
230 288
293 288
385 288
64 289
319 289
251 290
290 290
293 290
444 290
274 291
325 291
467 291
24 292
111 292
168 292
304 292
391 292
50 293
78 293
151 293
244 293
290 293
331 293
362 293
408 293
429 293
60 294
67 294
165 294
191 294
79 295
138 295
281 295
374 295
450 295
202 297
270 297
344 297
400 297
414 298
436 298
238 300
264 300
309 300
403 301
117 302
300 302
477 302
13 303
84 303
147 303
407 303
423 303
465 303
36 304
101 304
316 304
397 304
443 304
255 305
290 305
324 305
356 305
179 306
290 306
163 307
191 307
334 307
111 308
279 308
128 309
231 309
68 310
364 310
379 310
434 310
26 311
270 311
397 311
455 311
53 312
249 312
345 312
473 312
208 313
303 313
281 314
421 314
443 314
73 315
20 316
67 316
157 316
199 316
293 316
307 316
309 316
386 316
324 317
404 317
222 318
333 318
354 318
464 318
178 319
242 319
374 320
63 321
199 321
430 321
65 322
86 322
167 322
259 322
412 322
449 322
62 323
105 323
284 323
13 324
182 324
363 324
395 324
408 324
381 325
88 326
198 326
219 326
188 327
440 327
152 328
352 328
468 328
317 329
454 329
42 330
104 330
114 330
229 330
279 330
350 330
369 330
35 331
161 331
130 332
323 332
401 332
410 333
325 334
341 335
387 335
441 335
75 336
321 336
72 337
94 337
116 337
478 337
254 338
393 338
460 338
187 339
198 339
228 339
273 339
91 340
127 340
328 340
29 341
213 341
298 341
50 342
180 342
376 342
446 342
108 343
196 343
143 344
67 345
253 345
335 345
432 345
112 346
197 346
467 346
92 347
158 347
291 347
377 347
396 347
429 347
272 348
325 348
346 348
210 349
339 350
340 350
239 351
436 351
453 351
46 352
54 352
177 352
314 353
415 353
175 354
180 354
192 354
224 354
252 354
290 354
323 354
403 355
444 355
471 355
111 356
165 356
269 356
329 356
43 357
179 357
208 357
308 357
365 357
71 358
92 358
170 358
392 358
118 359
289 359
458 359
166 361
16 362
92 362
149 362
222 362
347 362
411 362
427 362
438 362
475 362
75 363
99 363
379 363
428 363
33 364
61 364
94 364
189 364
236 364
289 364
323 364
424 364
70 365
133 365
269 365
306 365
409 365
56 366
66 366
368 366
391 366
71 367
207 367
254 367
404 367
430 367
85 368
113 368
176 368
368 368
418 368
454 368
464 368
160 369
366 369
375 369
396 369
402 369
63 370
269 370
30 371
143 371
432 371
59 372
84 372
346 372
408 372
436 372
205 373
334 373
445 373
108 374
220 374
293 374
307 374
318 374
7 375
105 375
127 375
276 375
160 376
255 376
421 376
435 376
468 376
99 377
236 377
288 377
88 378
297 378
332 378
87 379
389 379
474 379
174 381
398 381
448 381
458 381
71 382
285 382
291 382
343 382
385 382
423 382
54 383
22 384
158 384
221 384
259 384
307 384
45 385
81 385
123 385
281 385
376 385
391 385
138 386
322 386
347 386
366 386
57 387
283 387
379 387
78 388
352 388
204 389
244 389
477 389
50 390
302 390
341 390
92 391
394 391
462 391
157 392
265 392
288 392
383 392
387 392
427 392
440 392
455 392
48 393
430 393
417 394
69 396
173 396
298 396
362 396
34 397
111 397
294 397
327 397
353 397
137 398
421 398
54 399
76 399
222 399
245 399
426 399
206 400
281 400
365 400
397 400
152 401
457 401
48 402
260 402
284 402
305 402
313 402
413 402
469 402
7 403
377 403
189 404
292 404
295 404
390 404
432 404
30 405
83 405
172 405
308 405
155 406
313 406
403 406
121 407
137 408
258 408
351 408
285 409
64 410
227 410
287 410
475 410
83 411
106 411
149 411
334 411
362 411
85 412
247 412
461 412
127 413
211 413
269 413
391 413
2 414
193 414
280 414
408 414
421 414
261 415
284 415
80 416
104 416
127 417
285 418
58 419
122 419
126 419
136 419
296 419
348 419
323 420
424 420
450 420
478 420
175 421
233 421
359 421
17 422
114 422
409 422
38 423
296 423
213 424
466 424
80 426
268 426
409 426
455 426
193 427
236 427
246 427
257 427
418 427
428 427
58 428
341 428
378 428
138 429
388 429
282 430
369 430
424 430
117 431
119 431
35 432
120 432
132 432
164 432
442 432
92 433
221 433
331 433
262 434
437 434
78 435
244 435
281 435
297 435
156 436
244 436
353 436
404 436
247 437
323 437
475 437
457 438
297 439
389 439
93 440
155 440
272 440
316 440
413 440
431 440
268 441
324 441
427 441
12 442
114 442
204 442
400 442
166 443
183 443
232 443
332 443
363 443
117 444
310 444
394 444
121 445
156 445
391 445
476 445
96 446
266 446
280 446
345 446
35 447
113 447
447 447
102 448
170 448
272 448
292 448
377 448
79 449
89 450
211 450
364 450
56 451
462 451
8 452
268 452
326 452
418 452
117 453
367 453
192 454
83 455
113 455
105 456
314 456
405 456
142 457
157 457
36 458
96 458
108 459
219 459
368 459
451 459
391 460
12 461
80 461
125 461
283 461
422 461
119 462
160 462
264 462
273 462
296 462
63 463
175 463
397 463
408 464
432 464
149 465
331 465
392 465
412 465
104 466
228 466
265 466
341 466
38 467
203 467
253 467
392 467
470 467
10 468
256 468
383 468
64 469
322 469
454 470
107 471
313 471
369 471
133 472
238 472
302 472
86 473
166 473
184 473
249 473
276 473
284 473
413 474
425 474
113 475
328 475
340 475
376 475
244 476
364 476
392 476
460 476
329 477
353 477
401 477
425 477
43 478
68 478
193 478
221 478
87 480
352 480
368 480
167 481
182 481
257 481
309 481
270 482
375 482
367 483
449 483
237 485
465 485
120 486
173 486
259 486
363 486
391 486
418 486
432 486
158 487
292 487
373 487
402 487
103 488
207 488
342 488
350 488
253 489
299 489
338 489
33 490
181 490
289 490
336 490
127 491
215 491
241 491
271 491
103 492
472 492
67 493
436 493
453 493
283 494
162 495
185 495
221 495
351 495
393 495
409 495
77 496
109 496
272 496
339 496
179 497
193 497
303 497
361 497
363 497
47 498
115 498
182 498
357 498
424 498
141 499
354 499
463 499
233 500
348 500
88 501
201 501
336 501
358 501
368 501
311 502
447 502
56 503
163 503
302 503
320 503
25 504
209 504
300 504
118 505
173 505
198 505
298 505
342 505
400 505
467 506
123 507
147 507
172 507
245 507
355 507
402 507
417 507
182 508
254 508
265 508
109 511
290 511
359 511
222 512
258 512
321 512
389 512
52 513
115 513
176 513
354 513
442 513
455 513
134 514
312 514
242 515
275 515
358 515
81 516
257 516
261 516
326 516
84 517
159 517
200 517
278 517
475 517
288 518
142 519
278 520
291 520
169 521
205 521
254 521
298 521
362 521
371 521
124 523
325 523
362 523
413 523
422 523
97 524
106 524
146 524
218 524
292 524
465 524
310 525
375 525
454 525
181 527
150 528
209 528
78 529
471 529
298 530
311 530
349 530
447 530
262 531
384 531
434 531
408 532
411 532
402 533
90 534
159 534
197 535
339 535
398 535
403 535
126 536
286 536
57 537
109 537
297 537
171 538
324 538
85 539
367 539
416 539
417 539
218 540
358 540
372 540
231 541
411 541
99 542
179 542
442 542
461 542
299 543
350 544
417 544
427 544
119 545
142 545
341 545
72 546
299 546
111 547
246 547
260 547
272 547
112 549
152 549
191 549
332 549
427 549
450 549
409 550
220 551
401 551
296 552
375 552
391 552
371 553
121 554
92 555
155 555
371 555
357 556
432 556
90 557
228 557
302 557
59 558
130 558
171 558
293 558
423 558
236 559
315 559
343 559
385 559
120 560
208 560
242 560
287 561
107 563
329 563
464 563
261 564
75 565
190 565
447 565
472 565
142 566
271 566
387 566
401 566
201 568
209 568
223 570
282 570
370 570
378 570
158 571
237 571
302 572
341 572
359 572
430 572
262 573
462 573
319 574
101 575
168 575
443 575
124 579
418 579
190 581
271 581
78 582
139 584
291 584
346 584
382 584
400 584
357 585
367 585
455 585
313 586
421 586
153 587
206 587
468 588
97 589
441 589
110 591
260 592
128 593
183 593
280 594
138 595
238 595
323 596
403 596
341 597
358 597
387 597
306 599
200 600
369 600
99 601
152 601
446 601
465 601
427 602
210 604
237 604
287 605
167 606
271 606
366 608
124 609
185 609
380 609
315 611
332 613
409 614
423 614
457 614
297 615
96 616
154 616
251 616
226 617
265 617
273 617
447 617
470 617
169 619
191 623
364 624
121 625
349 625
377 625
144 626
201 626
317 626
333 626
213 628
399 628
448 628
156 629
413 629
427 629
237 630
246 630
256 630
391 633
168 634
281 634
290 634
178 636
304 637
