205 3
153 4
247 4
423 5
96 6
477 6
141 9
190 9
304 11
398 11
279 13
457 13
357 15
345 17
174 18
117 19
263 19
337 21
325 22
253 23
472 23
204 24
158 25
102 26
232 28
308 28
454 28
378 29
291 30
366 30
424 30
443 30
189 31
391 31
143 32
87 33
343 33
135 34
268 34
130 37
80 38
251 38
329 38
72 39
475 39
150 41
287 41
68 42
116 42
315 42
200 43
238 43
431 43
450 43
466 43
283 44
382 44
307 45
402 45
62 46
418 46
355 48
372 49
97 50
338 50
287 52
391 52
130 53
159 53
165 53
258 53
288 54
134 55
475 55
314 56
454 56
435 57
218 58
230 58
290 58
359 58
404 58
310 59
341 59
396 59
237 60
297 60
365 60
70 61
79 61
121 61
235 61
278 63
294 63
362 64
61 65
110 65
167 65
289 65
370 65
153 66
200 66
474 66
294 67
365 67
267 68
441 68
460 68
298 69
405 69
430 69
373 70
389 70
146 71
337 72
370 72
90 73
125 73
131 73
160 73
351 74
145 75
180 75
322 75
294 77
306 77
445 77
132 78
391 78
205 79
288 79
291 79
75 80
374 80
415 80
471 80
375 81
378 81
401 81
115 82
272 82
399 82
241 83
363 83
365 83
161 84
258 84
367 84
397 84
154 85
273 85
331 87
346 87
367 88
297 89
311 89
178 90
229 90
428 90
51 91
194 91
237 91
392 91
450 91
207 92
438 92
456 92
91 93
179 93
190 93
199 93
276 93
223 94
213 95
283 95
362 95
386 96
476 96
270 97
187 98
251 98
347 99
176 100
264 101
309 101
333 101
119 102
248 102
253 102
408 102
294 103
370 103
393 103
140 104
362 104
433 104
123 106
165 107
236 107
404 107
60 108
175 108
183 108
373 108
420 108
436 108
442 108
229 110
371 110
55 111
163 111
464 111
339 112
49 113
93 113
169 113
248 113
268 113
323 113
355 113
217 114
296 114
385 114
271 115
278 115
310 115
366 115
472 115
161 117
258 117
266 117
417 117
143 118
265 118
272 118
183 119
197 119
403 119
77 120
181 120
244 120
368 120
392 120
126 122
180 123
302 123
387 123
229 124
290 124
401 124
112 125
328 125
353 125
373 125
430 125
419 126
61 128
158 128
205 129
51 130
461 130
95 131
447 131
139 133
262 133
295 134
477 134
309 136
328 136
79 137
174 137
237 137
39 138
343 138
356 138
391 139
118 140
160 140
226 140
267 140
377 140
210 141
428 142
151 144
62 145
445 145
104 146
194 146
298 146
258 148
259 148
282 148
456 148
463 148
474 148
179 149
49 151
320 151
334 151
353 151
128 152
368 152
386 152
275 153
86 154
169 154
225 154
248 154
262 154
402 154
264 155
411 156
200 158
211 158
425 158
253 159
113 160
264 160
204 161
252 161
143 162
222 162
285 162
289 162
313 162
441 162
64 163
93 163
186 163
264 163
254 164
248 165
261 165
329 165
422 165
453 165
204 166
434 166
94 167
147 167
262 167
293 167
231 168
267 168
401 168
350 169
472 169
44 170
165 170
272 170
287 170
358 170
106 173
417 173
192 175
285 175
72 176
248 178
327 178
63 179
309 179
390 179
442 179
101 180
227 180
378 180
452 181
222 182
300 182
341 182
169 183
362 183
375 183
396 183
90 184
129 184
391 184
211 185
405 185
48 186
113 186
118 186
264 186
360 186
365 187
465 187
250 188
300 188
77 189
92 189
152 189
196 189
256 189
290 189
311 189
370 189
420 189
43 190
240 190
478 190
303 191
310 191
378 191
384 191
394 191
111 192
184 192
318 192
253 193
435 193
334 195
223 196
390 197
165 198
400 198
453 198
367 199
56 200
260 200
350 200
129 202
153 202
359 202
110 203
277 203
399 203
416 203
97 204
189 204
294 204
372 204
474 204
81 205
136 205
264 205
332 205
371 205
399 205
109 206
307 206
432 206
130 207
45 208
239 208
318 208
329 208
333 208
225 209
299 209
132 210
335 210
349 210
379 210
399 211
447 211
70 212
88 212
130 212
343 212
320 213
361 213
195 214
415 214
117 215
360 215
397 215
461 215
149 216
259 216
296 217
425 217
97 218
184 218
247 218
303 218
318 218
348 218
138 219
234 219
472 219
96 220
108 220
55 221
110 221
386 221
102 222
165 223
321 223
439 223
48 224
97 224
354 224
400 224
322 225
326 225
331 225
411 225
201 226
381 226
121 227
189 227
279 227
456 228
69 229
38 230
88 230
111 230
228 230
241 230
344 230
369 230
426 230
90 232
176 232
33 233
106 234
397 234
130 235
205 235
132 236
322 236
406 236
470 236
59 237
138 237
442 237
267 238
311 238
335 238
372 238
94 239
123 239
252 239
81 240
89 240
91 240
334 240
116 241
278 241
311 241
151 242
167 242
218 242
329 242
355 242
103 243
177 243
334 243
120 244
113 245
135 245
194 245
305 245
348 245
430 245
459 245
338 246
112 247
296 247
303 247
76 248
312 248
397 248
100 249
127 249
189 249
291 249
154 250
252 250
363 250
438 250
245 251
266 252
325 252
407 252
474 252
214 253
276 253
281 253
347 253
286 254
178 255
378 255
447 255
105 256
200 257
134 258
289 258
342 258
359 258
54 259
302 259
311 259
354 259
388 259
424 259
459 259
73 261
162 261
164 261
187 262
340 262
94 263
246 263
467 263
150 264
210 264
262 264
124 265
194 265
337 265
438 265
175 266
366 266
402 266
65 267
203 267
277 267
324 267
413 268
352 269
106 270
327 270
380 270
81 271
136 271
343 272
454 272
52 273
161 273
288 273
237 274
73 275
116 275
305 275
428 275
120 276
224 276
290 276
324 276
392 276
147 277
207 277
262 277
322 277
323 277
93 278
466 278
89 279
193 279
273 279
334 280
439 280
407 281
175 282
341 282
375 283
479 283
41 284
106 285
207 285
313 285
57 286
219 286
452 286
79 287
129 287
158 287
228 287
419 287
268 288
264 291
314 291
363 291
390 291
430 291
265 292
293 292
466 292
89 293
289 293
396 293
42 294
67 294
115 294
144 294
169 294
258 294
277 294
300 294
340 294
407 294
97 295
249 295
282 295
21 296
114 296
221 296
262 296
289 296
376 296
438 296
230 297
168 298
353 298
333 299
220 300
235 300
303 300
362 300
389 300
213 301
256 302
304 302
422 302
449 302
96 303
342 303
151 304
272 304
187 305
460 305
52 306
96 306
98 306
208 306
29 307
72 307
108 307
119 307
403 307
429 307
117 308
245 308
175 309
229 309
274 310
286 310
253 311
383 311
438 311
172 312
330 312
118 313
356 313
62 314
413 314
471 314
85 315
161 315
163 315
239 315
90 316
195 316
230 316
310 317
15 318
99 318
419 318
154 319
371 319
424 319
36 320
122 320
184 320
346 320
375 320
352 321
357 321
54 323
72 323
94 323
173 323
322 323
418 323
458 324
280 325
328 325
137 327
307 327
379 327
466 327
239 328
249 328
365 328
109 329
218 329
287 329
366 329
191 330
235 330
414 330
63 331
83 331
219 331
156 332
262 332
293 332
375 333
446 333
473 334
123 335
343 335
176 336
211 336
274 336
15 337
142 337
301 337
423 337
94 338
357 338
73 339
170 339
239 339
386 339
114 340
34 341
51 341
136 341
208 341
335 341
395 341
458 341
220 342
256 343
439 343
159 344
292 344
394 344
352 345
420 345
197 346
382 346
399 346
469 346
270 347
320 347
374 347
401 347
83 348
186 348
223 348
234 348
239 348
350 348
103 349
151 349
350 349
433 349
123 350
215 350
376 350
407 350
42 351
61 351
178 351
246 351
304 351
448 351
475 351
425 352
431 352
17 353
410 353
97 354
171 354
283 354
142 355
235 355
338 356
313 357
378 357
200 358
432 358
439 358
458 358
136 359
161 359
333 359
73 360
187 360
267 360
296 360
112 361
229 361
279 361
48 362
240 363
305 363
26 364
316 364
426 364
466 364
83 365
256 365
349 365
402 365
42 367
150 367
332 368
88 369
101 369
241 369
285 369
63 370
310 370
319 370
359 370
434 370
93 371
309 371
412 371
143 372
182 372
222 372
328 372
312 373
360 373
382 373
391 373
478 373
272 374
167 375
268 375
78 376
439 376
462 376
233 377
253 377
278 377
30 378
54 378
104 378
299 378
307 378
133 379
446 379
91 380
398 380
160 381
317 381
350 381
199 382
303 382
321 382
379 383
426 383
470 383
294 384
397 385
406 385
207 386
213 386
311 386
20 387
90 387
119 387
191 387
260 387
277 387
65 388
148 388
271 388
371 388
42 389
200 389
226 389
274 389
341 389
89 390
461 390
104 391
332 391
394 391
414 391
436 391
182 393
278 393
318 393
356 394
372 394
14 395
116 395
293 395
113 396
176 396
258 396
56 397
106 397
163 397
235 397
422 397
105 398
330 398
400 398
455 398
134 399
473 399
31 400
209 400
344 400
441 400
168 401
343 401
307 402
267 403
364 403
408 404
243 405
306 405
152 406
465 406
70 407
124 407
431 407
449 407
223 408
290 408
350 409
369 409
43 410
312 410
20 411
92 411
332 411
274 413
87 414
115 414
220 414
252 414
164 415
457 415
15 416
170 416
178 416
405 417
441 417
474 417
60 418
164 418
310 418
376 418
225 419
393 419
82 420
109 420
358 420
11 421
34 421
207 421
414 421
158 422
341 423
104 424
466 424
431 425
174 426
257 426
381 426
76 427
204 427
448 427
100 428
178 428
240 428
291 428
430 428
436 428
180 429
183 429
271 429
417 429
141 430
319 430
410 430
48 431
366 431
173 432
199 432
200 432
69 433
220 433
333 433
126 434
139 434
146 434
185 434
181 435
238 435
288 435
435 435
474 435
458 436
292 437
39 438
113 438
132 438
371 438
386 438
219 439
142 440
353 440
427 440
58 441
94 441
117 441
193 441
273 441
82 442
91 442
136 442
445 442
105 444
161 444
467 444
30 445
89 445
325 445
130 446
190 446
215 446
237 446
256 446
371 446
400 446
338 447
416 447
432 447
74 448
288 448
451 448
155 450
227 450
356 450
389 450
186 451
207 452
36 453
149 453
420 453
253 454
438 454
68 455
459 455
24 456
119 456
340 456
406 456
477 456
88 457
290 457
358 457
177 459
206 459
307 459
86 460
209 460
142 461
325 461
392 461
271 462
172 464
342 464
409 464
237 465
439 465
97 466
48 467
167 467
425 467
457 467
202 468
204 468
359 468
377 468
119 469
305 469
394 469
442 470
126 471
284 471
23 472
263 472
414 472
97 473
243 473
457 473
158 474
205 474
66 475
193 475
324 475
475 475
42 476
82 476
94 476
359 476
305 477
378 477
96 478
431 478
343 479
35 481
149 482
165 482
238 482
279 482
86 483
182 483
394 483
400 483
415 483
446 483
463 483
478 483
212 484
257 484
291 484
343 484
178 485
333 485
358 485
372 485
379 486
208 487
306 487
139 488
399 488
368 489
373 489
50 490
338 490
387 491
433 491
273 492
334 492
467 492
228 493
92 494
136 494
200 494
450 494
196 495
201 495
295 495
419 495
64 496
106 496
284 496
360 496
398 496
293 497
303 497
320 497
246 498
270 498
435 498
167 501
192 501
240 501
293 501
377 501
470 501
159 502
200 502
350 502
56 503
265 503
314 503
452 503
195 504
336 507
395 507
437 507
49 508
146 508
76 509
165 509
181 509
287 509
386 509
419 509
262 510
41 511
355 511
469 511
68 512
177 512
230 512
100 513
259 513
454 513
344 515
411 515
92 516
300 516
427 516
224 517
167 518
328 518
392 518
58 519
306 519
365 519
121 521
194 521
372 522
162 523
219 523
454 523
116 524
243 524
410 524
426 524
470 524
111 526
323 526
188 527
391 527
413 527
40 528
105 529
70 530
152 530
367 530
182 531
407 531
422 531
246 532
272 532
294 532
96 533
243 533
388 533
438 533
144 534
270 534
404 535
202 536
228 536
126 537
288 537
313 537
455 537
470 537
362 538
141 539
267 539
169 540
351 541
245 542
321 542
332 542
112 543
260 543
379 543
473 544
158 545
283 545
72 546
243 546
188 547
353 547
438 547
214 548
306 548
400 548
101 549
260 549
328 549
329 549
412 549
129 550
236 551
476 551
242 552
145 553
267 553
273 553
370 553
416 553
175 554
263 555
335 555
269 556
294 556
409 556
479 557
116 558
252 558
341 558
199 560
227 560
317 560
364 560
429 560
465 560
289 562
310 562
354 562
167 563
261 563
343 563
152 564
185 564
132 565
181 565
266 565
305 565
385 565
284 566
191 567
299 567
173 568
382 568
191 569
214 569
305 569
334 569
340 569
240 570
333 570
479 570
121 571
257 572
311 572
463 572
164 573
172 573
189 573
200 573
318 574
154 575
421 575
424 575
337 576
398 577
109 578
205 578
347 579
144 580
178 580
227 580
270 580
288 580
408 580
255 581
191 582
285 582
93 583
130 583
354 583
367 583
161 584
167 584
309 584
388 584
408 584
415 584
430 584
440 584
284 585
318 585
244 586
426 586
353 587
438 587
184 588
215 590
282 590
319 590
360 590
409 590
457 590
357 591
417 591
112 592
257 592
306 592
478 592
269 593
379 594
324 595
163 596
205 596
404 596
432 596
95 597
135 597
174 597
254 597
314 598
357 598
399 598
427 598
336 599
285 600
268 601
243 602
289 602
446 602
118 603
160 603
367 603
420 603
315 604
468 605
259 607
389 607
212 608
233 608
337 608
175 610
459 610
141 611
208 611
353 612
407 612
200 615
377 615
159 617
321 617
450 617
241 618
426 619
395 620
288 621
343 622
364 622
218 623
388 623
145 624
313 624
132 625
171 627
250 627
282 627
334 627
382 627
411 627
207 628
308 628
161 630
273 630
328 631
268 633
298 634
345 634
186 635
261 637
392 638
