165 3
189 4
212 5
231 5
252 5
322 5
284 6
352 8
427 9
443 11
225 12
417 12
337 13
401 13
456 13
174 14
269 14
304 14
387 14
467 15
374 16
472 16
194 17
238 18
362 19
214 20
290 21
317 21
257 22
163 25
249 25
337 25
406 26
142 27
424 27
447 27
178 28
391 28
225 29
280 29
464 29
201 30
323 31
372 31
238 32
310 33
274 34
359 34
134 36
351 36
165 39
251 39
300 39
407 39
434 40
189 41
338 41
399 41
421 41
446 41
312 42
384 42
128 43
207 43
462 43
227 44
159 45
260 45
326 45
370 45
278 48
477 48
355 50
121 51
269 51
297 51
196 52
278 52
151 53
281 53
340 53
214 54
263 54
272 54
311 54
241 55
411 55
425 55
441 55
300 57
331 57
464 57
457 58
314 59
169 60
229 60
398 60
474 60
142 61
242 61
383 61
187 62
251 62
368 62
281 66
291 66
351 66
241 68
319 68
336 68
421 68
250 69
435 69
442 69
176 70
215 70
305 71
451 71
129 72
298 72
313 72
187 73
277 73
256 74
262 74
297 74
391 75
403 75
471 75
315 76
364 76
382 76
152 77
237 77
265 77
289 77
411 78
347 79
312 80
309 81
180 82
118 83
188 83
205 83
436 84
172 85
188 85
281 85
329 86
447 86
199 87
224 87
140 88
163 88
368 88
298 89
359 89
460 89
245 90
380 90
468 90
394 91
268 92
409 92
161 93
348 93
184 94
186 94
314 94
161 95
420 96
233 97
258 97
332 99
178 100
284 100
299 100
434 100
170 101
208 101
199 102
443 102
368 103
400 103
124 104
388 104
412 104
455 104
222 105
244 106
270 106
357 106
193 107
198 107
148 108
313 109
343 109
191 110
170 113
278 113
231 115
329 115
179 116
295 116
369 117
385 117
400 117
415 117
436 117
251 118
357 119
166 120
201 121
223 121
153 122
313 122
267 123
278 123
340 123
455 123
321 124
338 125
358 125
170 126
195 127
245 127
267 127
356 127
475 127
236 128
262 128
300 129
311 129
336 129
315 130
322 130
395 130
352 131
382 131
413 131
140 132
211 132
325 132
252 133
352 133
372 133
432 133
244 134
339 135
363 135
132 136
358 136
185 137
309 137
320 137
451 137
287 138
308 139
284 140
340 141
350 141
129 142
157 142
338 142
273 143
121 144
321 144
326 144
400 144
296 145
298 145
330 145
408 145
201 146
255 146
422 146
469 146
117 147
176 147
271 147
382 147
324 148
296 149
350 149
369 149
122 150
147 150
195 150
215 150
234 150
360 150
436 150
241 151
327 151
333 151
113 153
310 153
349 153
457 154
289 155
260 156
287 157
289 157
315 157
337 157
138 158
207 158
359 158
273 159
393 159
164 160
356 160
433 160
471 160
377 161
165 162
322 162
403 162
237 163
361 163
167 164
171 165
411 165
429 165
455 165
182 167
216 167
290 167
414 167
193 168
246 168
128 169
188 170
343 170
154 171
306 171
425 171
197 172
228 172
244 172
394 172
197 173
374 173
382 173
172 174
326 176
406 176
408 177
447 177
238 178
276 178
358 178
409 180
456 180
436 181
292 182
107 183
202 183
405 183
141 184
216 184
247 184
339 184
266 185
309 185
470 186
161 187
287 187
195 188
394 188
401 188
441 188
378 189
181 190
197 190
359 190
328 191
409 192
410 192
115 193
163 193
191 193
196 194
413 194
438 194
458 195
238 196
297 196
403 196
414 196
316 197
427 197
169 198
129 199
219 199
404 199
275 200
340 200
151 202
309 202
470 202
190 203
204 203
225 203
286 203
379 203
245 204
213 205
359 205
397 205
445 205
305 206
409 206
146 207
237 209
324 209
253 210
168 211
248 212
279 212
275 213
181 214
270 214
342 214
459 214
217 215
228 215
313 215
432 215
109 217
250 217
290 217
365 217
467 217
135 218
213 218
224 218
276 218
373 218
382 218
197 219
202 219
333 219
247 220
395 220
155 221
216 221
358 221
131 222
240 223
427 223
450 223
102 224
268 224
477 224
283 225
207 226
214 226
323 227
411 227
434 227
208 228
224 228
260 228
236 229
213 230
299 230
170 231
222 231
374 231
441 231
463 231
123 232
419 232
210 233
347 233
360 233
258 234
383 234
267 235
390 235
259 237
335 237
343 237
243 238
276 238
395 238
426 238
451 238
117 239
289 240
307 240
141 241
232 241
270 241
184 242
254 242
380 242
220 243
303 243
390 243
407 243
159 244
332 244
435 244
250 245
273 245
476 245
213 246
458 246
196 247
231 247
298 247
360 247
225 250
228 250
294 250
368 250
375 250
418 250
442 250
242 251
265 251
321 251
353 251
385 251
174 252
210 252
371 253
268 254
271 255
465 255
264 256
314 256
346 256
132 257
245 258
254 258
319 258
126 259
281 259
299 259
303 259
363 259
388 259
148 260
205 260
211 260
268 261
285 261
431 261
170 262
186 262
222 262
335 262
201 264
260 264
436 264
118 265
239 265
246 265
292 265
385 265
289 266
414 266
456 266
475 266
206 267
254 267
234 268
308 268
260 269
371 269
141 270
270 270
278 270
442 270
119 271
258 271
324 271
400 272
239 273
395 273
464 273
443 274
328 275
158 276
177 276
356 276
380 277
210 278
320 278
108 279
218 279
428 279
208 280
253 280
301 280
379 280
410 280
388 281
228 282
432 283
184 284
213 285
292 285
390 285
434 285
207 286
231 286
250 286
349 286
452 286
470 286
127 287
367 287
199 288
270 288
372 289
203 290
313 290
338 290
398 290
221 291
361 291
415 291
211 292
375 292
146 293
168 293
436 293
215 294
421 294
174 295
200 295
221 296
197 297
181 298
192 298
218 298
228 298
237 299
244 299
406 299
433 299
181 300
224 300
285 300
351 300
203 301
264 301
303 301
114 302
173 302
221 302
394 302
417 302
444 302
178 303
199 303
412 303
166 304
328 304
462 304
198 305
347 305
366 305
421 305
137 306
407 306
181 307
157 308
194 308
210 308
214 308
219 308
416 308
168 309
408 309
242 310
428 310
362 311
404 311
131 312
210 312
397 312
411 312
259 314
278 315
414 315
467 315
173 317
450 317
165 318
210 318
149 320
322 320
242 322
358 322
337 323
431 323
224 324
290 325
122 326
368 326
181 327
314 327
410 328
207 329
396 329
241 330
287 330
334 330
364 330
400 330
470 331
374 332
406 332
141 333
225 333
352 333
440 334
158 336
328 336
371 336
451 336
166 337
184 337
186 338
304 338
270 339
169 340
194 341
224 341
244 341
298 342
324 342
402 342
346 343
373 343
377 343
369 344
155 345
171 345
391 346
400 346
133 347
378 347
472 347
422 348
290 350
400 350
166 351
173 351
273 351
278 351
316 351
253 353
336 353
416 353
455 354
415 355
433 355
439 355
175 356
230 356
366 356
373 356
393 356
414 358
476 358
125 359
184 359
407 359
425 359
200 360
201 360
360 360
226 361
384 361
435 361
215 362
300 362
147 363
216 363
262 363
269 364
201 365
277 366
325 367
337 367
425 368
229 369
250 371
402 371
203 372
455 372
186 375
222 375
372 376
238 377
347 377
163 378
219 378
226 378
476 379
128 380
144 380
307 380
273 381
398 381
420 381
211 382
261 382
168 383
225 383
292 384
390 385
210 386
219 386
280 386
337 386
451 386
216 387
395 387
194 389
203 390
427 390
210 391
219 391
224 391
237 391
324 391
417 391
386 392
220 393
180 394
448 394
214 395
320 395
356 395
238 397
253 397
378 397
307 399
206 400
413 401
164 402
207 402
231 402
273 402
464 402
478 402
286 403
370 404
346 405
441 406
312 407
338 408
386 408
391 408
282 409
189 410
425 411
229 412
327 412
194 414
260 414
318 414
148 415
266 415
280 416
310 418
314 418
357 418
296 419
418 419
213 420
169 421
316 422
401 423
460 423
290 424
344 424
439 424
292 426
371 426
376 426
279 427
192 428
365 428
146 429
234 429
433 429
158 430
329 430
393 431
397 432
321 433
400 433
168 434
209 434
398 434
457 434
430 435
302 436
253 437
363 437
400 437
177 438
270 438
280 438
472 438
227 440
281 440
289 440
425 440
421 442
197 444
409 444
415 444
347 445
437 446
213 448
446 448
335 449
430 449
384 450
328 451
253 452
420 452
439 452
228 454
304 454
430 454
296 455
336 456
440 456
258 458
461 458
267 459
196 460
367 460
422 460
431 460
254 462
437 463
213 465
264 465
403 465
432 465
349 466
250 467
394 467
476 468
175 469
331 469
275 471
317 471
270 472
381 472
257 473
438 473
275 474
447 474
188 475
229 475
244 475
194 476
305 476
420 476
470 476
262 478
435 478
197 479
465 480
254 481
358 481
205 483
383 483
407 484
344 486
433 487
221 488
328 490
299 491
308 492
454 492
365 493
390 493
239 494
286 495
201 496
274 496
422 496
265 498
386 498
208 500
215 502
469 502
374 503
368 505
411 505
334 506
312 508
246 510
356 511
398 511
254 513
262 514
425 514
345 516
386 516
275 518
295 521
359 523
410 525
443 528
433 530
257 531
426 533
305 536
380 536
298 538
335 538
356 538
312 539
325 540
