282 2
302 2
386 4
407 4
255 5
264 5
274 5
363 5
374 5
394 6
343 7
419 7
433 8
310 10
327 10
293 14
362 15
271 16
370 16
398 16
420 16
382 17
413 17
350 18
391 18
431 18
336 19
254 20
235 21
451 22
317 23
458 23
219 25
301 25
286 27
398 27
474 27
373 29
387 29
418 29
428 29
343 30
359 30
407 30
204 31
266 31
326 31
441 31
447 33
253 34
316 35
239 36
228 38
304 38
463 38
349 39
285 40
370 40
378 40
472 40
358 41
369 41
372 41
384 41
390 41
409 41
423 41
208 42
289 42
336 43
270 44
440 44
448 45
253 46
322 48
233 49
304 49
368 49
385 49
459 49
465 49
183 50
341 50
371 50
373 50
398 50
293 51
305 51
360 51
406 51
220 52
296 52
372 52
385 52
471 52
424 53
277 54
435 54
444 55
200 56
453 56
252 58
266 58
318 58
333 58
324 59
344 59
353 59
467 59
182 60
315 60
369 60
384 60
388 60
397 60
293 61
312 61
317 61
364 61
390 61
236 62
374 62
393 62
397 62
419 62
276 63
291 63
364 63
407 63
220 64
165 65
433 66
443 69
387 70
456 70
200 71
290 71
310 71
336 71
391 71
308 72
309 72
355 72
396 72
469 72
284 73
323 73
348 73
400 73
263 74
289 74
364 74
411 74
188 75
248 75
272 75
305 75
418 75
235 76
430 76
374 78
177 79
437 79
213 81
384 81
387 81
391 81
400 82
454 82
346 84
463 84
276 85
297 85
341 85
349 85
352 85
154 86
313 86
325 86
352 86
408 86
413 86
474 86
259 87
341 87
360 87
361 87
363 87
418 87
194 88
247 88
357 88
367 88
369 88
378 89
435 90
437 91
440 91
141 92
234 92
380 92
385 92
386 92
391 92
172 93
215 93
393 94
397 94
438 94
283 96
312 96
326 96
397 96
412 96
458 96
297 97
404 97
271 98
322 98
341 98
406 98
152 99
199 99
325 99
359 99
469 99
259 100
348 100
361 100
417 100
423 100
377 101
429 101
179 102
371 102
380 103
423 103
478 103
167 104
246 104
427 104
430 104
228 105
387 105
439 105
398 106
215 107
397 107
436 107
392 108
407 108
447 108
313 109
330 109
345 109
400 109
134 110
286 110
299 110
336 110
352 110
357 110
202 111
263 111
323 111
325 111
328 111
337 111
253 112
353 112
415 112
419 112
459 112
466 113
371 114
377 114
419 114
119 115
163 115
422 115
424 115
430 115
433 116
243 117
381 117
383 117
430 117
187 118
387 118
391 118
430 118
477 118
228 119
393 119
398 119
297 120
305 120
396 120
444 120
147 121
218 121
295 121
300 121
313 121
393 121
213 122
271 122
280 122
285 122
322 122
343 122
353 122
408 122
411 122
260 123
270 123
360 123
402 123
172 124
251 124
254 124
335 124
407 124
411 124
372 125
128 126
361 126
371 126
422 126
457 126
158 127
164 127
192 127
242 127
245 127
252 127
412 127
197 128
248 128
422 128
112 129
238 129
385 129
428 129
179 131
388 131
431 131
436 131
471 131
222 132
309 132
389 132
399 132
295 133
340 133
431 133
479 133
222 134
280 134
281 134
283 134
321 134
407 134
207 135
351 135
363 135
401 135
441 135
136 136
166 136
259 136
262 136
267 136
270 136
439 136
207 137
246 137
368 137
372 137
404 137
238 138
251 138
413 138
241 139
450 139
156 140
192 140
374 140
379 140
227 141
419 141
428 142
118 143
190 143
464 143
223 144
294 144
301 144
394 144
432 144
282 145
306 145
388 145
391 145
434 145
437 145
210 146
216 146
260 146
265 146
271 146
296 146
310 146
318 146
327 146
393 146
473 146
174 147
177 147
249 147
254 147
319 147
338 147
439 147
102 148
241 148
245 148
263 148
134 149
236 149
347 149
359 149
406 149
226 151
191 152
194 152
227 152
370 152
417 152
448 152
156 153
218 153
183 154
424 154
217 155
280 155
289 155
116 156
179 156
215 156
259 156
280 156
290 156
317 156
383 156
173 157
205 157
266 157
285 157
307 157
334 157
401 157
462 157
470 157
143 158
171 158
321 158
395 158
399 158
434 158
437 158
242 159
351 160
131 161
225 161
226 161
356 161
404 161
357 162
478 162
211 163
215 163
369 163
410 163
369 164
372 164
446 164
120 165
157 165
275 165
287 165
382 165
416 165
202 166
248 166
259 166
306 166
338 166
389 166
426 166
94 167
190 167
299 167
316 167
336 167
424 167
455 167
317 168
333 168
344 168
425 168
352 169
395 169
430 169
83 170
109 170
176 170
221 170
228 170
348 170
363 170
136 171
168 171
230 171
467 171
406 172
408 172
411 172
210 173
361 173
438 173
439 173
210 174
284 174
378 174
259 175
272 175
297 175
128 176
290 176
374 176
381 176
192 177
245 177
308 177
325 177
333 177
338 177
382 177
416 177
423 177
149 178
422 178
449 178
89 179
227 179
338 179
347 179
385 179
231 180
114 181
347 181
349 181
397 181
430 181
458 181
169 182
215 182
355 182
405 183
408 183
359 184
401 184
407 184
411 184
130 185
273 185
363 185
373 185
470 185
162 186
204 186
205 186
251 186
288 186
301 186
361 186
414 186
447 186
192 187
291 187
311 187
261 188
374 188
418 188
441 188
150 189
382 189
225 190
236 190
238 190
330 190
114 191
423 191
425 191
213 192
341 192
348 192
171 193
396 193
426 193
457 193
290 194
291 194
292 194
305 194
343 194
392 194
432 194
265 195
277 195
294 195
301 195
302 195
315 195
323 195
347 195
349 195
398 195
203 196
246 196
281 196
353 196
356 196
359 197
399 197
464 197
88 198
119 198
235 198
151 199
188 199
227 199
233 199
407 199
217 200
223 200
372 201
471 201
108 202
137 202
175 202
375 202
447 202
78 203
201 203
318 203
412 203
269 204
295 204
338 204
380 204
383 204
384 204
422 204
254 205
263 205
283 205
346 205
159 206
239 206
253 206
391 206
392 206
457 206
478 206
224 207
432 207
94 208
125 208
181 208
234 208
357 208
400 208
362 209
144 210
215 210
303 210
402 210
199 211
317 211
366 211
166 212
205 212
364 212
330 214
108 215
129 215
258 215
277 215
293 215
337 215
391 215
79 216
182 216
240 216
244 216
256 216
267 216
271 216
347 216
376 216
419 216
447 216
228 217
236 217
247 217
376 217
472 217
224 218
231 218
304 218
149 219
405 219
455 219
120 220
208 220
218 220
206 221
207 221
385 221
433 221
167 222
317 222
361 222
364 222
68 223
194 223
390 223
89 224
109 225
136 225
181 225
270 225
335 225
420 225
264 226
276 226
284 226
293 226
345 226
471 226
153 227
244 227
280 227
377 227
401 227
221 228
234 228
254 228
262 228
446 228
59 229
79 229
124 229
229 229
240 229
241 229
247 229
408 229
101 230
210 230
214 230
216 230
220 230
376 230
157 231
167 231
392 231
316 232
417 232
193 233
432 233
67 234
458 234
140 235
180 235
330 235
387 235
90 236
114 236
255 237
265 237
281 237
295 237
369 237
169 238
231 238
233 238
267 238
268 238
279 238
341 238
375 238
409 238
243 239
244 239
250 239
252 239
258 239
306 239
466 239
131 240
213 240
222 240
394 240
444 240
79 241
354 241
156 242
209 242
315 242
384 242
100 243
122 243
148 243
315 243
420 243
96 244
127 244
157 244
193 244
324 244
184 245
330 245
362 245
474 245
48 246
68 246
275 246
281 246
366 246
406 246
453 247
138 248
177 248
178 248
225 248
253 248
288 248
290 248
369 248
427 248
432 248
111 249
141 249
167 249
255 249
293 249
342 249
377 249
395 249
84 250
173 250
243 250
256 250
41 251
107 251
166 251
170 251
301 251
413 251
415 251
460 251
56 252
157 252
162 252
164 252
206 252
214 252
405 252
439 252
110 253
311 253
313 253
380 253
407 253
441 253
266 254
269 254
273 254
317 254
103 255
130 255
153 255
189 255
385 255
423 255
105 256
189 256
274 256
278 256
360 256
392 256
408 256
421 256
466 256
181 257
238 257
247 257
283 257
335 257
96 258
102 258
119 258
181 258
252 258
69 259
210 259
220 259
262 259
293 259
416 259
429 259
48 260
296 260
298 260
395 260
82 261
98 261
140 261
170 261
198 261
348 261
372 261
435 261
451 261
137 262
140 262
164 262
418 262
112 263
159 263
167 263
385 263
434 263
161 264
309 264
318 264
382 264
421 264
326 265
404 265
479 265
110 266
132 266
184 266
253 266
262 266
273 266
387 266
441 266
38 267
253 267
264 267
275 267
335 267
360 267
106 268
150 268
154 268
235 268
245 268
276 268
393 268
427 268
52 269
69 269
85 269
131 269
291 269
84 270
179 270
180 270
216 270
294 270
341 270
363 270
463 270
144 271
223 271
291 271
316 271
396 271
398 271
414 271
430 271
143 272
203 272
291 272
370 272
384 272
446 272
144 273
175 273
403 273
418 273
119 274
193 274
300 274
433 274
98 275
168 275
390 275
405 275
423 275
41 276
78 276
116 276
142 276
166 276
307 276
326 276
352 276
375 276
436 276
455 276
59 277
114 277
185 277
257 277
474 277
116 278
157 278
246 278
253 278
260 278
271 278
308 278
412 278
425 278
132 279
225 279
232 279
280 279
313 279
395 279
397 279
429 279
430 279
93 280
110 280
163 280
379 280
90 281
156 281
202 281
203 281
212 281
274 281
286 281
310 281
313 281
336 281
412 281
434 281
152 282
210 282
285 282
462 282
189 283
207 283
283 283
416 283
104 284
155 284
346 284
30 285
234 285
290 285
295 285
323 285
421 285
440 285
70 286
85 286
123 286
126 286
152 286
348 286
351 286
370 286
46 287
102 287
177 287
246 287
354 287
406 287
421 287
80 288
141 288
258 288
374 288
448 288
304 289
331 289
332 289
334 289
390 289
170 290
262 290
372 290
376 290
92 291
267 291
429 291
142 292
211 292
218 292
222 292
276 292
308 292
342 292
455 292
113 293
132 293
135 293
158 293
211 293
215 293
226 293
363 293
417 293
429 293
430 293
60 294
92 294
203 294
228 294
233 294
286 294
288 294
312 294
342 294
476 294
35 295
159 295
245 295
287 295
326 295
362 295
386 295
195 296
103 297
109 297
130 297
156 297
245 297
249 297
312 297
330 297
346 297
348 297
386 297
404 297
418 297
435 297
464 297
258 298
291 298
295 298
331 298
438 298
52 299
100 299
256 299
349 299
440 299
128 300
183 300
331 300
352 300
389 300
406 300
77 301
123 301
261 301
269 301
318 301
407 301
408 301
422 301
145 302
338 302
354 302
444 302
95 303
305 303
322 303
355 303
430 303
28 304
144 304
172 304
226 304
230 304
325 304
340 304
277 305
305 305
449 305
45 306
163 306
359 306
430 306
89 307
216 307
225 307
88 308
132 308
242 308
288 308
306 308
413 308
415 308
111 309
202 309
209 309
285 309
331 309
365 309
397 309
418 309
90 310
107 310
159 310
252 310
315 310
347 310
365 310
382 310
62 311
83 311
158 311
189 311
254 311
257 311
259 311
295 311
316 311
329 311
380 311
398 311
421 311
471 311
106 312
195 312
203 312
289 312
383 312
40 313
81 313
83 313
268 313
382 313
439 313
151 314
102 315
271 315
298 315
334 315
388 315
407 315
456 315
478 315
81 316
99 316
273 316
275 316
322 316
337 316
103 317
122 317
183 317
229 317
321 317
341 317
125 318
174 318
219 318
274 318
303 318
324 318
354 318
355 318
392 318
410 318
412 318
444 318
56 319
100 319
281 319
371 319
409 319
428 319
34 320
246 320
247 320
306 320
341 320
374 320
395 320
411 320
414 320
281 321
49 322
141 322
172 322
288 322
327 322
363 322
463 322
143 323
359 323
71 324
92 324
112 324
168 324
260 324
394 324
27 325
47 325
160 325
197 325
200 325
309 325
416 325
46 326
68 326
289 326
314 326
451 326
161 327
206 327
209 327
293 327
297 327
380 327
45 328
204 328
212 328
223 328
232 328
271 328
437 328
48 329
65 329
216 329
317 329
333 329
196 330
241 330
298 330
352 330
410 330
65 331
128 331
129 331
131 331
151 331
189 331
352 331
81 332
151 332
316 332
368 332
387 332
60 333
63 333
99 333
179 333
301 333
304 333
403 333
38 334
125 334
172 334
252 334
335 334
338 334
426 334
469 334
15 335
306 335
146 336
172 336
292 336
353 336
457 336
75 337
142 337
170 337
278 337
325 337
341 337
373 337
444 337
56 338
141 338
259 338
306 338
121 339
172 339
223 339
355 339
418 339
56 340
73 340
145 340
167 340
213 340
217 340
342 340
115 341
135 341
199 341
210 341
224 341
309 341
324 341
360 341
474 341
133 342
189 342
221 342
266 342
135 343
159 343
161 343
202 343
236 343
25 344
47 344
86 344
157 344
346 344
394 344
69 345
110 345
137 345
238 345
382 345
439 345
133 346
190 346
195 346
282 346
330 346
346 346
413 346
426 346
156 347
300 347
367 347
462 347
153 348
179 348
248 348
127 349
125 350
149 350
157 350
303 350
64 351
300 351
303 351
448 351
19 352
284 352
318 352
402 352
145 353
176 353
216 353
317 353
349 353
467 353
40 354
101 354
121 354
144 354
149 354
181 354
225 354
302 354
321 354
336 354
372 354
58 355
79 355
124 355
142 355
172 355
202 355
207 355
220 355
274 355
360 355
435 355
61 356
170 356
177 356
303 356
138 357
165 357
169 357
171 357
216 357
232 357
258 357
289 357
451 357
139 358
196 358
208 358
322 358
351 358
389 358
407 358
76 359
116 359
200 359
213 359
229 359
292 359
307 359
72 360
96 360
141 360
168 361
308 361
377 361
406 361
422 361
454 361
32 362
90 362
163 362
243 362
160 363
193 363
197 363
112 364
133 364
190 364
278 364
355 364
369 364
474 364
9 365
242 365
179 366
294 366
326 366
341 366
396 366
426 366
440 366
181 367
247 367
262 367
278 367
310 367
322 367
339 367
355 367
48 368
85 368
89 368
105 369
150 369
175 369
216 369
87 370
107 370
227 370
383 370
414 370
427 370
459 370
66 371
209 371
261 371
266 371
446 371
400 372
431 372
82 373
99 373
101 373
125 373
249 373
329 373
415 373
26 374
173 374
199 374
205 374
238 374
328 374
357 374
359 374
402 374
414 374
78 375
96 375
263 375
463 375
98 376
119 376
143 376
169 376
279 376
281 376
344 376
401 376
432 376
95 377
200 377
249 377
418 377
430 377
18 378
115 378
162 378
298 378
375 378
251 379
120 380
169 380
197 380
250 380
268 380
313 380
138 381
418 381
448 381
35 382
165 382
191 382
231 382
283 382
360 382
361 382
405 382
71 383
115 383
188 383
251 383
53 384
94 384
110 384
271 384
344 384
391 384
467 384
88 385
107 385
164 385
225 385
267 385
331 385
160 386
215 386
110 387
113 387
301 387
318 387
348 387
436 387
454 387
107 388
179 388
9 389
83 389
182 389
208 389
236 389
25 390
112 390
331 390
406 390
425 390
438 390
84 391
177 391
252 391
266 391
271 391
347 391
363 391
472 391
131 392
271 392
286 392
334 392
381 392
439 392
266 393
351 393
82 394
99 394
104 394
151 394
200 394
395 394
409 394
428 394
61 395
268 395
335 395
424 395
45 396
98 396
199 396
203 396
123 397
236 397
253 397
274 397
306 397
443 397
322 398
349 398
413 398
460 398
74 399
97 399
166 399
169 399
476 399
175 400
190 400
224 400
268 400
368 400
427 400
165 401
199 401
233 401
287 401
336 401
430 401
17 402
147 402
171 402
253 402
336 402
382 402
386 402
91 403
121 403
167 403
195 403
322 403
350 403
36 404
189 404
322 404
358 404
411 404
197 405
337 405
399 405
170 406
371 406
385 406
466 406
114 407
137 407
351 407
232 408
322 408
338 408
361 408
450 408
60 409
140 409
161 409
196 409
215 409
304 409
352 409
416 409
431 409
161 410
83 411
189 411
268 411
338 411
167 412
179 412
212 412
322 412
375 412
287 413
390 413
106 414
139 414
253 414
362 414
373 414
401 414
403 414
419 414
129 415
206 415
208 415
314 415
325 415
125 416
183 416
190 416
416 416
470 416
75 417
122 417
213 417
244 417
323 417
404 417
48 418
126 418
338 418
23 419
99 419
158 419
212 419
387 419
435 419
123 420
151 420
204 420
437 420
159 421
180 421
227 421
269 421
324 421
337 421
364 421
421 421
460 421
340 422
375 422
391 422
404 422
448 422
43 423
130 423
157 423
225 423
387 423
407 423
422 423
125 424
227 424
327 424
422 424
65 425
142 425
156 425
221 425
379 425
139 426
185 426
197 426
225 426
239 426
420 426
439 426
474 426
143 427
342 427
355 427
440 427
464 427
117 428
266 428
285 428
313 428
339 428
352 428
391 428
405 428
183 429
200 429
239 429
300 429
378 429
425 429
13 430
90 430
143 430
328 430
340 430
354 430
366 430
406 430
424 430
439 430
167 431
426 431
174 432
220 432
355 432
31 433
136 433
339 433
392 433
394 433
410 433
56 434
112 434
200 434
404 434
82 435
180 435
213 435
355 435
366 435
441 435
468 435
478 435
139 436
162 436
248 436
301 436
328 436
370 436
405 436
407 436
456 436
47 437
328 437
380 437
175 438
357 438
382 438
22 439
126 439
133 439
218 439
237 439
263 439
341 439
428 439
159 440
164 440
77 441
327 441
212 442
284 442
343 442
395 442
41 443
74 443
96 443
99 443
243 443
340 443
406 443
190 444
316 444
368 444
371 444
416 444
447 444
76 445
93 445
233 445
257 445
344 445
383 445
72 446
153 446
369 446
431 446
39 447
94 447
358 447
383 447
461 447
66 448
102 448
358 448
392 448
430 448
115 449
123 449
282 449
57 450
63 450
102 450
163 450
205 451
435 451
448 451
91 452
185 452
372 452
421 452
422 452
315 453
327 453
370 453
436 453
60 454
295 454
342 454
466 454
326 455
434 455
25 456
80 456
114 456
141 456
264 456
396 456
408 456
409 456
119 457
327 457
344 457
347 457
434 457
89 458
223 458
251 458
279 458
359 458
385 458
410 458
44 459
47 459
179 459
234 459
330 459
346 459
385 459
73 460
77 460
201 460
370 460
437 460
44 461
83 461
86 461
453 461
45 462
50 462
347 462
434 462
16 463
79 463
116 463
98 464
108 464
215 464
423 464
438 464
42 465
67 465
77 465
131 465
314 465
344 465
371 465
398 465
98 466
346 466
374 466
410 466
113 467
400 467
468 467
35 468
169 468
196 468
244 468
259 468
331 468
341 468
383 468
398 468
61 469
341 469
361 469
148 470
225 470
387 470
438 470
55 471
72 471
276 471
341 471
439 471
120 472
211 472
311 472
326 472
349 472
350 472
399 472
457 472
60 473
67 473
69 473
374 473
396 473
426 473
92 474
119 475
374 475
400 475
474 475
55 476
296 476
362 476
387 476
425 476
427 476
59 477
120 477
163 477
185 477
240 477
326 477
387 477
24 478
54 478
338 478
401 478
413 478
441 478
92 479
140 479
341 479
49 480
86 480
95 480
308 480
154 481
157 481
236 481
41 482
81 482
110 482
134 482
155 482
200 482
218 482
252 482
268 482
290 482
305 482
325 482
309 483
340 483
375 483
16 484
80 484
413 484
110 485
311 485
350 485
460 485
42 486
293 486
401 486
66 487
99 487
75 488
126 488
128 488
152 488
288 488
291 488
362 488
428 488
447 488
73 489
143 489
387 489
478 489
34 490
63 490
98 490
108 490
148 490
285 490
68 491
244 491
304 491
101 492
109 492
171 492
264 492
58 493
66 493
95 493
143 493
148 493
189 493
308 493
322 493
70 494
320 494
376 494
64 495
282 495
302 495
453 495
27 496
105 496
141 496
288 496
336 496
415 496
56 497
93 497
56 498
281 498
283 498
350 498
390 498
466 498
97 499
299 499
400 499
428 499
51 500
90 500
154 501
259 501
120 502
158 502
298 502
76 503
124 503
126 503
129 503
200 503
55 504
84 504
183 504
293 504
298 504
43 506
91 506
148 506
155 506
235 506
316 506
360 506
46 507
82 507
108 507
120 507
274 507
332 507
402 507
456 507
73 508
76 508
84 508
145 508
444 508
44 509
150 509
196 509
215 509
254 509
82 510
106 510
375 510
66 511
109 511
174 511
19 512
32 512
68 512
99 512
289 512
292 512
392 512
416 512
429 512
65 513
349 513
404 513
145 514
228 514
270 514
113 515
144 515
58 516
62 516
288 516
291 516
446 516
463 516
140 517
285 517
296 517
61 518
246 518
309 518
96 519
160 519
433 519
125 520
203 520
286 520
419 520
130 521
165 521
241 521
265 521
308 521
408 521
51 522
182 522
241 522
271 522
291 522
304 522
327 523
330 523
344 523
360 523
470 523
162 524
267 524
310 524
347 524
419 524
123 525
286 525
291 525
437 525
153 526
258 526
278 526
305 526
326 526
342 526
408 526
435 526
35 527
80 527
217 527
303 527
307 527
342 527
437 527
191 528
216 528
240 528
287 528
368 528
212 529
236 529
379 529
409 529
435 529
436 529
169 530
70 531
185 531
188 531
239 531
356 531
110 532
257 532
146 533
233 533
279 533
342 533
472 533
207 534
251 534
302 534
322 534
355 534
408 534
424 534
455 534
103 535
205 535
231 535
320 535
55 536
181 536
201 536
225 536
228 536
258 536
296 536
305 536
344 536
355 536
231 537
235 537
294 537
367 538
396 538
171 539
180 539
246 539
248 539
86 540
135 540
201 540
225 540
250 540
272 540
336 540
381 540
355 541
479 541
169 542
197 542
295 542
411 542
37 543
223 543
226 543
269 543
414 543
440 543
75 544
189 544
241 544
275 544
248 545
293 545
332 545
458 545
167 546
290 546
316 546
410 546
424 546
164 547
185 547
208 547
239 547
65 548
122 548
155 548
243 548
248 548
284 548
291 548
350 548
352 548
353 548
367 548
244 549
295 549
239 550
266 550
308 550
354 550
397 550
108 551
179 551
184 551
333 551
445 551
200 552
207 552
414 552
51 553
240 553
261 553
308 553
429 553
173 554
198 554
286 554
327 554
335 554
414 554
145 555
173 555
307 555
284 556
331 556
413 556
92 557
171 557
193 557
287 557
308 557
326 557
366 557
463 557
211 558
213 558
232 558
253 558
259 558
324 558
430 558
432 558
231 559
328 559
329 559
195 560
259 560
298 560
132 561
247 561
256 561
273 561
401 561
450 561
75 562
191 562
280 562
377 562
418 562
53 563
155 563
252 563
256 563
378 563
436 563
438 563
131 564
206 564
247 564
276 564
324 564
328 564
434 564
362 565
419 565
470 565
130 566
142 566
221 566
297 566
357 566
417 566
117 567
123 567
140 567
144 567
243 567
268 567
298 567
343 567
361 567
373 567
184 568
270 568
302 568
321 568
344 568
389 568
423 568
95 569
118 569
242 569
323 569
336 569
100 570
105 570
126 570
176 570
404 570
248 571
268 571
314 571
323 571
354 571
358 571
422 571
444 571
101 572
213 572
272 572
310 572
340 572
457 572
88 573
371 573
427 573
235 574
268 574
289 574
311 574
317 574
393 574
164 575
263 575
308 575
314 575
53 576
71 576
206 576
354 576
370 576
407 576
263 577
284 577
160 578
209 578
238 578
331 578
353 578
410 578
426 578
257 579
279 579
284 579
306 579
307 579
311 579
135 580
149 580
151 580
202 580
258 580
314 580
364 580
379 580
433 580
138 581
142 581
255 581
331 581
127 582
129 582
150 582
228 582
250 582
279 582
283 582
366 582
182 583
190 583
395 583
417 583
452 583
98 584
304 584
412 584
100 585
110 585
251 585
274 585
380 585
437 585
438 585
467 585
110 586
278 586
283 586
306 586
81 587
91 587
213 587
325 587
358 587
359 587
361 587
377 587
403 587
418 587
78 588
245 588
305 588
319 588
400 588
419 588
458 588
243 589
297 589
402 589
64 590
170 590
213 590
302 590
371 590
418 590
241 591
343 591
205 592
239 592
341 592
369 592
425 592
162 593
139 594
150 594
204 594
208 594
271 594
297 594
427 594
150 595
289 595
433 595
104 596
112 596
136 596
200 596
228 596
237 596
361 596
382 596
388 596
101 597
116 597
124 597
232 597
264 597
290 597
336 597
436 597
468 597
257 598
289 598
339 598
382 598
386 598
403 598
453 598
84 599
115 599
185 599
263 599
334 599
356 599
384 599
398 599
110 600
222 600
311 600
401 600
414 600
255 601
378 601
414 602
329 603
347 604
368 604
174 605
447 605
473 605
279 606
299 606
426 606
161 609
205 609
317 609
79 610
237 610
71 611
271 611
98 612
190 612
459 612
112 613
124 613
136 613
151 613
357 613
435 613
339 614
403 614
379 615
410 615
306 616
256 617
368 618
220 619
422 619
445 619
210 620
297 620
468 620
240 621
284 622
326 622
358 622
146 623
186 623
164 624
347 626
267 627
315 627
99 628
457 628
400 629
413 630
304 631
372 631
423 631
116 632
130 632
387 632
255 633
431 633
235 634
332 634
206 635
289 635
360 635
145 636
218 636
438 636
157 637
346 637
164 638
172 638
195 638
182 639
277 639
