252 2
154 4
341 4
413 4
75 6
113 6
298 6
399 6
192 7
240 7
324 8
136 10
227 12
280 12
95 15
176 15
213 16
431 16
269 17
351 17
368 17
416 17
449 18
47 19
399 19
122 21
257 21
338 21
204 22
36 23
161 23
79 24
316 24
113 26
248 26
304 27
146 29
70 30
236 30
291 30
464 30
188 31
410 32
447 32
428 33
100 34
376 34
394 34
130 35
225 35
344 36
361 36
269 37
55 38
212 39
202 40
333 40
60 41
122 41
254 41
164 42
320 42
327 42
332 42
88 43
125 43
127 43
246 43
44 44
117 44
309 44
53 45
250 45
79 46
153 46
7 47
423 47
49 48
297 48
437 48
454 48
76 49
420 49
42 50
146 50
147 50
184 50
232 50
235 50
355 50
430 50
434 50
470 50
49 51
142 51
362 51
371 51
391 51
408 51
273 52
377 52
427 52
205 53
281 53
364 53
390 53
175 54
337 54
373 54
376 54
146 55
231 55
267 55
277 55
133 56
144 56
200 56
261 56
273 56
42 57
44 57
260 57
321 57
326 57
70 58
99 58
130 58
221 58
320 58
33 60
129 60
219 60
251 60
267 60
68 61
250 62
440 62
67 63
121 63
160 63
246 63
249 63
259 63
301 63
364 63
430 63
158 64
348 64
405 64
463 64
348 65
412 65
434 65
451 65
346 66
431 66
477 66
126 67
186 67
353 67
400 67
20 68
160 68
234 68
286 68
398 68
428 68
279 69
228 70
334 70
388 70
389 70
73 71
79 71
151 72
323 72
218 73
225 73
373 73
58 74
72 74
146 74
271 74
146 75
274 75
107 76
171 76
305 76
65 77
220 77
436 77
439 77
62 78
206 78
207 78
257 78
260 78
352 78
361 78
437 78
51 79
254 79
416 79
432 79
455 79
207 80
214 80
260 80
419 80
469 80
9 81
440 81
93 82
203 82
292 82
46 83
133 83
168 83
343 83
241 84
399 84
157 85
189 85
330 85
233 86
287 86
386 86
276 87
229 88
281 88
474 89
121 90
315 90
316 90
424 90
444 90
311 91
373 91
411 91
427 91
460 91
36 93
226 93
406 93
150 94
152 94
223 94
264 94
303 94
358 94
419 94
425 94
428 94
71 95
169 95
215 95
408 95
215 96
253 96
197 97
110 98
167 98
192 98
162 99
186 99
341 99
141 100
188 100
236 100
288 100
238 101
141 102
185 102
187 102
286 102
282 103
325 103
421 103
202 104
205 104
22 105
61 105
175 105
266 105
318 105
390 105
409 105
410 105
422 105
435 105
462 105
131 106
134 106
225 106
413 106
417 106
450 106
475 106
99 107
134 107
222 107
309 107
134 108
199 108
310 108
168 109
249 109
303 109
355 109
368 109
162 110
124 111
299 111
157 112
280 112
296 112
123 113
124 113
126 113
187 113
212 113
342 113
13 115
207 116
237 116
237 117
266 117
326 117
49 118
84 118
148 118
210 118
315 118
405 119
410 119
394 120
415 120
425 120
432 120
461 120
225 121
411 121
475 121
112 122
171 122
295 122
73 123
79 123
137 123
224 123
2 124
76 124
249 124
251 124
282 124
144 125
358 125
192 126
108 127
138 127
96 128
101 129
238 129
348 129
65 130
160 130
210 131
234 131
243 131
331 131
30 132
100 132
237 132
265 132
65 133
96 133
316 133
56 134
180 134
201 134
203 134
228 134
124 135
411 135
424 135
430 135
432 135
435 135
451 135
461 135
475 135
60 136
262 136
413 136
83 137
150 137
153 137
231 137
387 137
428 137
150 138
220 138
253 138
172 139
299 139
86 140
370 140
120 141
141 141
243 141
247 141
18 142
47 142
52 142
353 142
277 143
81 144
337 144
46 145
43 146
46 146
97 146
101 146
111 146
235 146
182 147
210 147
273 147
324 147
427 147
74 148
131 148
158 148
206 148
239 148
418 148
440 148
97 149
132 149
135 149
154 149
235 149
264 149
406 149
455 149
466 149
66 150
209 150
310 150
388 150
404 150
478 150
370 151
417 151
10 152
67 152
202 152
233 152
256 152
225 153
229 153
261 153
124 154
146 154
251 154
146 156
168 156
222 156
253 156
357 156
32 157
116 157
192 157
57 158
59 158
295 158
87 159
213 159
338 160
424 160
107 161
241 161
282 161
342 161
435 161
108 162
160 162
212 162
406 162
422 162
460 162
475 162
180 163
237 163
241 163
324 163
77 164
131 164
329 164
386 164
391 164
100 165
107 165
154 165
268 165
379 165
50 166
267 166
373 166
198 167
374 167
307 168
360 168
271 169
120 170
226 170
256 170
348 170
23 171
96 171
124 171
348 171
351 171
260 172
295 172
93 173
416 173
253 174
333 174
341 174
214 175
251 175
285 175
329 175
388 175
398 175
451 175
88 176
161 176
182 177
250 177
373 177
384 177
471 177
66 178
134 178
322 178
89 179
237 179
367 179
368 179
112 180
320 180
365 180
40 181
106 181
275 181
362 181
11 182
105 182
355 182
352 183
55 184
123 184
272 184
307 184
428 184
79 185
148 185
340 185
439 185
171 186
224 186
265 186
452 186
464 186
165 187
334 187
96 188
144 188
196 188
292 188
417 188
117 189
260 189
393 189
474 189
101 190
116 190
139 190
375 190
376 190
404 190
27 191
255 191
258 191
321 191
157 192
362 192
212 193
257 193
389 193
95 194
284 194
358 195
389 195
66 196
156 196
306 196
343 196
381 196
110 197
129 197
226 197
340 197
348 197
464 197
178 198
244 198
278 198
345 198
442 198
245 199
105 200
151 200
268 200
341 200
368 200
420 200
84 201
196 201
330 201
373 201
406 201
37 202
104 202
176 202
194 202
269 202
293 202
400 202
82 203
169 203
219 203
320 203
364 203
395 203
238 204
319 204
193 205
393 205
12 206
242 206
288 206
385 206
395 206
57 207
165 207
283 207
355 207
361 207
386 207
391 207
232 208
140 209
211 209
357 209
442 209
94 210
230 210
341 210
351 210
429 210
452 210
461 210
473 210
113 211
260 211
340 211
370 211
413 211
94 212
112 212
206 212
301 212
204 213
403 213
50 214
91 214
295 214
340 214
410 214
107 215
200 216
286 216
2 217
25 217
126 217
177 217
222 217
249 217
250 217
294 217
322 217
329 217
393 217
67 218
150 218
393 218
372 219
381 219
120 220
363 220
368 220
427 220
309 221
88 222
195 222
236 222
270 222
446 222
458 222
118 223
303 223
423 223
428 223
467 223
120 224
190 224
242 224
303 224
348 224
359 224
40 225
82 225
240 225
353 225
116 226
141 226
233 226
347 226
98 227
207 227
210 227
233 227
343 227
97 228
157 228
234 228
259 228
337 228
209 229
107 230
164 230
181 230
184 230
289 230
395 230
257 232
283 232
381 232
397 232
414 232
431 232
9 233
73 233
387 233
389 233
394 233
403 233
415 233
54 234
103 234
220 234
247 234
423 234
431 234
436 234
221 235
277 235
311 235
323 235
386 235
443 235
30 236
134 236
279 236
378 236
2 237
278 237
440 237
459 237
473 237
172 238
194 238
195 238
350 239
46 240
191 240
241 240
243 240
303 241
342 241
345 241
362 241
213 242
342 242
349 242
356 242
112 243
145 243
187 243
235 243
267 243
110 244
293 244
63 245
88 245
192 245
433 245
292 246
390 246
414 246
426 246
86 247
162 247
330 247
403 247
424 247
440 247
210 248
294 248
397 248
411 248
140 249
162 249
369 249
225 250
373 250
380 250
453 250
15 251
37 251
108 251
186 251
251 251
281 251
368 251
138 252
288 252
85 253
176 253
312 253
473 253
119 254
355 254
102 255
198 255
55 257
97 257
134 257
153 257
157 257
9 258
214 258
241 258
266 258
436 258
78 259
120 259
133 259
171 259
197 259
308 259
420 259
427 259
430 259
448 259
171 260
298 260
418 260
459 260
96 261
134 261
170 261
193 261
299 261
338 261
424 261
435 261
439 261
167 262
231 262
399 262
428 262
465 262
130 263
387 263
400 263
475 263
144 264
165 264
207 264
250 264
325 264
331 264
26 265
49 265
292 265
376 265
403 265
2 266
90 266
169 266
390 266
148 267
320 267
363 267
382 267
127 268
163 268
187 268
286 268
313 268
141 269
357 269
441 269
88 270
113 270
162 270
311 270
69 271
90 271
160 271
285 271
354 271
179 272
219 272
347 272
348 272
457 272
111 273
123 273
139 273
258 273
87 274
91 274
136 274
200 274
239 274
283 274
338 275
343 275
423 275
472 275
183 276
339 276
40 277
399 277
14 278
108 278
251 278
273 278
301 278
332 278
335 278
337 278
384 278
432 278
304 279
372 279
388 279
419 279
105 280
156 280
172 280
195 280
326 280
379 280
441 280
60 281
84 281
150 281
211 281
230 281
129 282
153 282
193 282
234 282
249 282
62 283
292 283
460 283
151 284
153 284
227 284
247 284
267 284
99 285
128 285
212 285
245 285
359 285
102 286
152 286
471 286
264 287
187 288
285 288
316 288
80 289
123 289
128 289
261 289
353 289
28 290
77 290
98 290
204 290
220 290
445 290
81 291
3 292
201 292
259 292
395 292
406 292
453 292
55 293
143 293
336 293
369 293
381 293
421 293
218 294
307 294
202 295
220 295
274 295
429 295
464 295
72 296
119 296
183 296
187 296
276 296
24 297
48 297
95 297
116 297
218 297
235 297
301 297
74 298
159 298
120 299
251 299
439 299
94 300
198 300
114 301
116 301
136 301
234 301
327 301
48 302
111 302
178 303
67 304
69 304
156 304
249 304
265 304
86 305
175 305
208 305
293 305
386 305
455 305
153 306
159 306
193 306
229 306
364 306
373 306
396 306
17 307
87 307
157 307
192 307
316 307
409 307
151 308
207 308
243 308
356 308
423 308
113 309
176 309
221 309
246 309
416 309
471 309
107 310
220 310
244 310
285 310
39 312
346 312
434 312
154 313
170 313
187 313
259 313
336 313
62 314
80 314
107 314
257 314
147 315
148 315
187 315
216 315
307 315
127 316
237 316
445 317
77 319
78 319
184 319
467 319
376 320
391 320
6 321
127 321
319 321
125 322
277 322
362 322
403 322
417 322
474 322
230 323
100 324
144 324
197 324
230 324
252 324
53 325
163 325
351 325
95 326
305 326
431 327
460 327
123 328
273 328
29 329
211 330
337 330
116 331
120 331
181 331
205 331
206 331
296 331
72 332
226 332
374 332
439 332
244 333
391 333
90 334
402 334
469 334
92 335
207 335
268 335
139 336
292 336
225 337
326 337
449 337
22 338
47 338
90 339
115 339
156 339
112 340
159 340
221 340
242 340
476 340
65 341
199 341
362 341
419 341
218 342
175 343
218 343
237 343
385 343
456 343
114 344
287 344
348 344
88 345
237 345
88 346
111 346
133 346
240 346
315 346
434 346
264 347
404 347
86 348
89 348
114 348
153 348
217 348
16 349
62 349
110 349
189 349
235 350
108 351
131 351
413 351
169 352
339 352
464 352
127 353
215 353
250 353
450 353
82 355
105 355
284 355
152 356
201 356
36 357
149 357
311 357
382 357
419 357
441 357
216 358
230 358
334 359
393 359
80 360
184 360
280 360
371 360
127 361
145 361
246 361
278 361
261 362
307 362
355 362
382 362
400 362
427 362
460 362
8 363
213 363
229 363
357 363
363 363
374 363
56 364
99 364
125 364
166 364
351 364
428 364
479 364
80 365
360 365
368 365
409 365
421 365
144 366
197 366
332 366
424 366
76 367
426 367
427 367
33 368
98 368
77 369
102 369
147 369
351 369
160 370
262 370
329 370
446 370
23 371
75 371
100 371
303 371
192 372
227 372
142 373
162 373
259 373
264 373
382 373
55 374
141 374
144 374
211 374
331 374
384 374
470 374
53 375
96 375
178 375
345 375
414 375
242 376
245 376
256 376
326 376
430 376
114 377
116 377
241 377
381 377
398 377
432 377
69 378
119 378
258 378
387 378
391 378
49 379
95 379
191 379
326 379
328 379
367 379
369 379
412 379
434 379
454 379
91 380
92 380
242 380
322 380
371 380
414 380
141 381
225 381
365 381
436 381
438 381
49 382
70 382
72 382
94 382
327 382
430 382
261 383
343 383
144 384
206 384
417 384
51 385
260 385
397 385
27 386
87 386
302 386
431 386
475 386
110 387
326 387
387 387
417 387
10 388
70 388
379 388
438 388
455 388
155 389
172 389
383 389
44 390
67 390
106 390
107 390
125 390
222 390
262 390
275 390
383 390
126 391
153 391
368 391
381 391
420 391
87 392
109 392
188 392
238 392
279 392
432 392
258 393
43 394
103 394
157 394
138 395
253 395
274 395
278 395
324 395
404 395
408 395
436 395
459 395
241 396
120 397
154 397
298 397
437 397
204 398
402 398
420 398
437 398
152 399
277 399
341 399
61 400
84 400
169 400
279 400
337 400
384 400
385 400
436 400
81 401
117 401
122 401
237 401
331 401
339 401
62 402
80 402
100 402
379 402
4 403
22 403
242 403
348 403
365 403
376 403
64 404
117 404
221 404
359 404
62 405
372 405
374 405
395 405
40 406
60 406
78 406
100 406
134 406
309 406
418 406
186 407
277 407
396 407
465 407
56 408
76 408
117 408
146 408
278 408
353 408
438 408
241 409
258 409
359 409
393 409
76 410
202 410
472 410
243 411
255 411
322 411
262 412
131 413
236 413
76 414
116 414
389 414
169 415
330 415
35 416
113 416
157 416
185 416
301 416
221 417
276 417
327 417
341 417
378 417
457 417
474 417
92 418
324 418
332 418
158 419
202 419
219 419
256 419
363 419
384 419
411 419
92 420
342 420
375 420
433 420
51 421
74 421
139 421
241 421
363 421
218 422
282 422
11 423
260 423
279 423
111 424
355 424
377 424
32 425
53 425
240 425
309 425
364 425
138 426
151 426
201 426
238 426
360 426
454 426
138 427
153 427
220 427
365 427
69 428
108 428
184 428
216 429
400 429
69 430
317 430
395 430
397 430
293 431
200 432
217 432
426 432
104 433
153 433
270 433
51 434
46 435
86 435
121 435
167 435
215 435
272 435
332 435
394 435
45 436
138 436
240 436
242 436
243 436
263 436
321 436
336 436
347 436
454 436
43 437
86 437
88 437
133 437
219 437
326 437
68 438
202 438
261 438
265 438
344 438
398 438
420 438
103 439
150 439
330 439
201 440
216 440
273 440
377 440
387 440
3 441
386 441
132 442
153 442
184 442
298 442
372 442
434 442
471 443
101 444
200 444
378 444
385 444
412 444
44 445
63 446
217 446
277 446
382 446
412 446
23 447
82 447
149 447
166 447
246 447
309 447
432 447
448 447
346 448
352 448
357 449
359 449
131 450
231 450
341 450
148 451
260 451
351 451
430 451
405 452
455 452
116 453
181 453
469 453
39 454
323 454
396 454
201 455
391 455
17 456
128 456
130 456
326 456
150 457
403 457
439 457
78 458
97 458
327 458
421 458
423 458
268 459
288 459
439 459
150 460
359 460
361 460
370 460
402 460
435 460
131 461
163 462
219 462
235 462
336 462
34 463
349 463
357 463
362 463
439 463
454 463
466 463
54 464
179 464
342 464
383 464
144 465
149 465
191 466
205 466
352 466
395 466
434 466
143 467
145 467
253 467
328 467
339 467
433 467
333 468
410 468
431 468
436 468
5 469
74 469
109 469
273 469
300 470
435 470
126 471
160 471
366 471
368 471
308 472
405 472
407 472
430 473
446 473
128 474
221 475
239 475
460 475
126 476
143 476
430 476
159 477
317 477
401 477
49 478
105 478
194 478
326 478
24 479
144 479
331 479
422 479
88 480
160 480
259 480
282 480
401 480
69 481
294 481
416 481
440 481
472 481
192 482
240 482
242 482
298 482
376 482
425 482
120 483
178 483
326 483
360 483
397 483
293 484
323 484
366 484
86 485
100 485
208 485
211 485
264 485
331 485
355 485
417 485
142 486
341 486
210 487
337 487
345 487
388 487
436 487
302 488
328 488
340 488
85 489
228 489
246 489
295 489
386 489
390 489
43 490
162 490
178 490
224 490
265 490
273 490
467 490
18 491
115 491
164 491
180 491
248 491
304 491
332 491
410 491
128 492
193 492
387 492
164 493
247 493
447 493
102 494
271 495
212 496
231 496
280 496
63 497
227 497
377 497
39 498
83 498
231 498
425 498
460 498
84 499
162 499
163 499
231 499
401 499
234 500
249 500
261 500
329 500
354 500
10 501
97 501
177 501
253 501
345 501
363 501
405 501
422 501
183 502
301 502
305 502
312 502
327 502
350 502
366 502
111 503
142 503
197 503
256 503
292 503
423 503
252 504
298 504
300 504
304 504
309 504
337 504
353 504
370 504
395 504
437 504
439 504
469 504
96 505
182 505
311 505
319 505
355 505
418 505
453 505
437 506
321 507
127 508
236 508
242 508
264 508
347 508
416 508
109 509
314 509
478 509
198 510
200 510
220 510
330 510
33 511
215 511
414 511
240 512
270 512
184 513
274 513
3 514
72 514
153 514
278 514
285 514
377 514
426 514
430 514
446 514
462 514
185 515
382 515
404 515
289 516
49 517
105 517
284 517
401 517
220 518
362 518
138 519
226 519
168 520
244 520
254 520
300 520
354 520
403 520
405 520
107 521
224 521
297 521
341 521
364 521
420 521
425 521
454 521
472 521
50 522
68 522
87 522
88 522
105 522
205 522
256 522
304 522
355 522
47 523
167 523
421 523
22 524
101 524
305 524
354 524
438 524
44 525
64 525
153 525
187 525
319 525
320 525
322 525
328 525
334 525
349 525
42 526
171 526
342 526
102 527
120 527
321 527
339 527
274 528
327 528
392 528
105 529
277 529
173 530
232 530
277 530
465 530
103 531
253 531
82 532
120 532
213 532
414 532
290 533
430 533
38 534
62 534
100 534
443 534
101 535
171 535
380 535
14 536
77 536
194 536
357 536
424 536
170 537
301 537
363 537
403 537
55 538
77 538
97 538
136 538
240 538
258 538
263 538
312 538
438 538
477 538
53 539
334 539
405 539
81 540
116 540
153 540
196 540
317 540
349 540
435 540
315 541
404 541
456 541
96 542
101 542
179 542
268 542
420 542
52 543
273 543
324 543
338 543
342 543
77 544
96 544
99 544
225 544
330 544
415 544
116 545
279 545
281 545
326 545
418 545
468 545
95 546
286 546
174 547
394 547
430 547
26 548
116 548
172 548
254 548
257 548
290 548
428 548
45 549
119 549
200 549
446 549
202 550
367 550
477 550
72 551
181 551
253 551
301 551
68 552
120 552
353 552
347 553
359 553
44 554
68 554
157 554
183 554
185 554
343 554
382 554
211 555
269 555
351 555
459 555
65 556
177 556
347 556
424 556
63 557
275 557
420 557
84 558
89 558
115 558
266 558
270 558
336 558
418 558
67 559
136 559
241 559
183 560
327 560
330 560
402 560
469 560
13 561
119 561
371 561
399 561
159 562
287 562
297 562
315 562
37 563
61 563
223 563
313 563
360 563
364 563
432 563
85 564
291 564
449 564
159 565
141 566
80 567
234 567
237 567
384 567
256 568
259 568
461 568
104 569
112 569
143 569
157 569
237 569
425 569
79 570
108 570
208 571
269 571
422 571
57 572
76 572
106 572
192 572
259 572
336 572
438 572
144 573
169 574
375 574
399 574
439 574
472 574
219 575
273 575
284 575
291 575
295 575
395 575
49 576
142 576
225 576
285 576
318 576
223 577
231 577
316 577
366 577
50 578
98 578
101 578
143 578
234 578
428 578
22 579
76 579
226 579
360 579
430 579
450 579
105 580
126 580
237 580
390 580
425 580
47 581
97 581
354 581
408 581
70 582
254 582
429 582
104 583
179 583
77 584
103 584
464 584
249 585
254 585
95 586
105 586
120 586
338 586
378 586
40 587
44 587
58 587
207 587
64 588
91 588
204 588
220 588
264 588
268 588
373 588
439 588
281 589
312 589
414 589
439 589
56 590
99 590
122 590
269 590
283 590
310 590
317 590
327 590
368 590
6 591
41 591
152 591
225 591
286 591
416 591
474 591
58 592
277 592
296 592
320 592
57 593
115 593
364 593
122 594
159 594
166 594
223 594
240 594
301 594
432 594
90 595
243 595
354 595
384 595
388 595
83 596
90 597
253 597
384 597
82 598
182 598
403 598
383 599
426 599
448 599
146 600
263 600
375 600
403 600
465 600
341 601
22 602
205 602
132 603
321 603
363 604
73 605
106 605
275 605
308 606
472 606
224 607
293 607
391 607
46 608
241 608
415 608
254 610
437 610
167 611
61 612
348 612
408 612
450 613
94 614
189 614
374 614
36 615
83 618
203 618
328 618
360 619
396 619
457 619
474 619
29 621
133 621
306 621
420 621
224 622
286 622
440 622
114 623
147 623
241 624
268 624
66 625
253 625
11 626
350 626
380 626
164 627
53 628
106 628
175 628
465 628
333 629
98 630
401 630
191 631
434 631
207 633
321 634
366 634
455 634
474 634
33 635
228 635
276 635
303 636
81 637
25 638
386 638
