373 32
306 35
347 37
318 38
386 39
278 41
331 43
362 43
398 43
294 45
375 48
413 48
307 49
346 49
249 50
262 51
318 53
221 55
283 57
360 57
391 58
332 59
244 60
438 61
208 63
301 63
372 64
273 65
403 65
427 65
227 66
323 67
351 67
185 68
286 68
203 71
363 71
392 71
247 72
335 73
304 74
262 75
220 76
273 76
424 76
444 76
400 77
232 78
321 78
349 78
380 78
176 80
202 80
244 81
435 81
292 82
334 84
368 84
415 84
417 84
256 85
439 85
213 86
367 86
212 87
221 87
264 87
464 87
380 88
205 89
219 89
222 89
227 89
423 89
163 90
181 90
194 90
215 90
389 90
282 91
328 91
237 92
357 92
428 92
454 93
248 94
430 94
433 94
302 95
372 95
434 95
343 96
370 96
407 96
413 96
378 97
316 98
418 98
262 99
384 99
387 100
422 100
188 101
213 101
274 101
383 101
392 101
421 101
171 102
359 102
386 102
158 103
284 103
327 103
364 103
394 103
145 104
221 104
367 104
398 104
425 104
453 104
205 105
295 105
368 106
400 106
428 106
302 107
244 108
375 108
377 108
408 108
347 109
316 110
413 110
439 111
279 112
391 112
264 113
466 113
140 114
330 114
154 115
181 115
218 115
286 115
366 115
398 115
428 115
170 116
200 116
206 116
374 116
426 116
212 117
219 117
344 117
400 117
401 117
426 117
474 117
298 118
240 119
311 119
378 119
233 120
236 120
408 121
410 121
458 121
355 122
384 122
252 123
414 123
332 124
179 125
189 125
266 125
200 126
266 126
280 126
445 126
134 127
141 127
158 127
196 127
280 127
370 127
167 128
184 128
193 128
278 128
351 128
218 129
399 129
231 130
313 130
327 130
425 130
242 131
428 131
385 132
252 133
412 134
478 134
369 135
268 136
342 136
414 136
458 136
177 137
189 137
194 137
275 137
443 137
164 138
199 138
219 138
422 138
136 139
178 139
277 139
149 140
168 140
230 140
313 140
162 141
291 141
427 141
248 142
387 142
304 143
360 143
407 143
119 144
267 144
331 144
408 144
410 145
261 146
264 146
207 147
473 147
139 148
287 148
446 148
177 149
200 149
342 149
185 150
188 150
194 150
402 150
421 150
129 151
197 151
355 151
378 151
425 151
428 151
173 152
238 152
248 152
309 152
406 152
209 153
224 153
434 153
160 154
244 154
254 154
406 154
270 155
437 155
330 156
389 156
419 157
134 158
440 158
281 159
341 159
467 160
128 161
200 161
400 161
121 162
231 162
306 162
313 162
453 162
124 163
203 163
217 163
251 163
353 163
377 163
186 164
239 164
310 164
102 165
114 165
154 165
163 165
170 165
432 165
260 166
322 166
360 166
362 166
387 166
156 167
320 167
361 168
464 168
290 169
330 169
334 169
136 170
274 170
338 170
135 171
303 172
449 172
121 173
128 173
186 173
245 173
307 173
351 173
395 173
130 174
212 174
227 174
343 174
425 174
167 175
168 175
176 175
198 175
355 175
371 175
402 175
121 176
122 176
156 176
262 176
317 176
109 178
359 178
360 178
384 178
150 179
279 179
363 179
152 180
361 180
141 181
150 181
286 181
293 181
335 181
387 181
462 181
146 182
296 182
366 182
369 182
390 182
436 182
138 183
140 183
179 183
185 183
304 183
395 183
99 184
169 184
177 184
182 184
420 184
131 185
309 185
313 185
345 185
257 186
372 186
446 186
223 187
240 187
354 187
126 188
129 188
156 188
199 188
213 188
323 188
161 189
269 189
319 189
118 190
285 190
87 191
191 191
195 191
358 191
382 191
149 192
332 192
456 192
180 193
296 193
406 193
477 193
161 194
302 194
104 195
141 195
145 195
156 195
368 195
390 195
143 196
312 196
437 196
222 197
138 198
260 198
344 198
368 198
400 198
210 199
244 199
95 200
130 200
375 200
423 200
190 201
204 201
208 201
351 201
196 202
269 202
302 202
325 202
123 203
470 203
172 204
305 204
334 204
121 205
173 205
361 205
164 206
412 206
315 207
450 207
143 208
150 208
151 208
153 208
294 208
340 208
342 208
239 209
322 209
324 209
217 210
231 210
240 210
104 211
205 211
219 211
223 211
224 211
236 211
328 211
395 211
206 212
228 212
268 212
301 212
333 212
437 212
127 213
212 213
308 213
399 213
131 214
193 214
307 214
310 215
359 215
376 215
181 216
93 217
121 217
167 217
420 217
163 218
286 218
348 218
385 218
467 218
157 219
160 219
156 220
297 220
354 220
111 221
219 221
327 221
447 221
142 222
225 222
229 222
233 222
237 222
249 222
299 222
307 222
332 222
357 222
215 223
264 223
359 223
412 223
137 224
140 224
193 224
195 224
207 224
378 225
138 226
176 226
184 226
195 226
211 226
396 226
103 227
165 227
275 227
281 227
432 227
478 227
126 228
165 228
319 228
349 228
122 229
161 229
284 229
291 229
349 229
365 229
123 231
290 231
228 233
296 233
330 233
331 233
92 234
151 234
180 234
250 234
147 235
336 235
405 235
427 235
382 236
144 237
172 237
204 237
205 237
217 237
263 237
310 237
345 237
112 238
318 238
448 238
284 239
193 240
196 240
281 240
319 240
133 241
158 241
390 241
128 242
131 242
295 242
369 242
374 242
393 242
415 242
435 242
158 243
331 243
352 243
356 243
128 244
145 244
304 244
377 244
399 244
476 244
147 245
336 245
420 245
182 246
247 246
253 246
307 246
336 246
166 247
229 247
362 247
400 247
93 248
125 248
261 248
462 248
122 249
276 249
402 249
423 249
206 250
284 250
323 250
368 250
384 250
410 251
326 252
350 252
388 252
149 253
194 253
289 253
386 253
425 253
81 254
110 254
324 254
373 254
144 255
147 255
409 255
450 255
150 256
333 256
308 257
374 257
136 258
176 258
300 258
375 258
417 258
256 259
303 259
376 259
474 259
245 260
307 260
436 260
438 260
214 261
220 261
228 261
237 261
250 261
263 261
264 261
269 261
342 261
366 261
94 262
232 262
256 262
317 262
320 262
124 263
199 263
218 263
364 263
156 264
158 264
383 265
400 265
156 266
191 266
288 266
354 266
401 266
461 266
419 267
425 267
84 269
111 269
299 269
305 269
381 269
383 269
405 269
175 270
302 270
304 270
335 270
356 270
226 271
243 271
254 271
261 271
309 271
385 271
239 272
250 272
312 272
362 272
408 272
166 273
226 273
262 273
272 273
387 273
411 273
450 273
209 274
214 274
282 274
317 274
319 274
103 275
321 275
391 275
429 275
130 276
393 276
413 276
70 277
121 277
132 277
193 277
285 277
348 277
433 277
474 277
155 278
351 278
371 278
291 279
375 279
152 280
155 280
350 280
91 281
244 281
334 281
381 281
182 282
229 282
249 282
254 282
263 282
271 282
376 282
113 283
145 283
225 283
302 283
332 283
385 283
401 283
420 283
440 283
458 283
218 284
266 284
288 285
311 285
338 285
386 285
342 286
164 287
208 287
214 287
342 287
75 288
211 288
340 288
409 288
321 289
408 289
200 290
371 290
394 290
407 290
131 291
348 291
390 291
411 291
426 291
101 292
254 293
260 293
328 293
330 293
378 293
446 293
235 294
243 294
273 294
356 294
413 294
120 295
223 295
228 295
237 295
241 295
431 295
69 296
275 296
358 296
396 296
179 297
214 297
355 297
416 297
149 298
298 298
336 298
338 298
379 298
401 298
402 298
92 299
212 299
416 299
417 299
438 299
170 300
211 300
307 300
338 300
339 300
382 300
202 301
370 301
385 301
418 301
472 301
112 302
198 303
201 303
204 303
343 303
405 303
315 304
371 304
274 305
369 305
439 305
79 306
132 306
239 306
269 306
274 306
349 306
460 306
244 307
254 307
256 307
277 307
352 307
407 307
427 307
231 308
240 308
252 308
327 308
423 308
181 309
288 309
325 309
98 310
279 310
426 310
153 311
216 311
354 311
379 311
392 311
409 311
301 312
332 312
334 312
381 312
429 312
119 313
414 313
432 313
204 315
214 315
337 315
342 315
360 315
380 315
65 316
339 316
366 316
171 317
202 317
205 317
362 317
367 317
450 317
469 317
134 318
258 318
261 318
315 318
415 318
158 319
264 319
279 319
419 319
237 320
247 320
262 320
265 320
365 320
107 321
108 321
272 321
273 321
387 321
270 322
288 322
348 322
223 323
403 323
187 324
436 324
80 325
102 325
299 325
373 325
51 326
330 326
119 327
122 327
300 327
94 328
301 328
309 328
424 328
206 329
458 329
175 330
254 330
358 330
478 330
93 331
257 331
94 332
247 332
257 332
261 332
273 332
138 333
255 333
313 333
69 334
87 334
113 334
166 334
232 334
263 334
282 334
397 334
445 334
288 335
319 335
341 335
465 335
109 336
286 336
130 337
281 337
149 338
287 338
319 338
90 339
219 339
294 339
324 339
368 339
413 339
86 340
187 340
102 341
160 341
384 341
81 342
104 342
207 343
302 343
332 343
61 344
246 344
256 344
304 344
353 344
471 344
101 345
117 345
309 345
434 345
119 346
138 346
267 346
313 346
311 347
98 348
198 348
278 348
229 349
269 349
281 349
314 349
339 349
390 349
72 350
98 350
131 350
173 350
287 350
406 350
457 350
278 351
289 351
108 352
358 352
375 352
422 352
109 353
149 353
218 353
285 353
192 354
290 354
250 355
320 355
320 356
245 357
478 357
59 358
242 358
396 358
122 359
294 359
300 359
137 360
235 360
261 360
265 360
267 360
328 361
412 361
444 361
83 362
137 362
180 362
278 362
364 362
410 362
101 363
102 363
159 363
177 363
307 363
429 363
464 363
85 364
159 364
200 364
224 364
96 365
137 365
155 365
201 365
111 366
151 366
198 366
253 366
281 367
331 367
384 367
415 367
64 368
96 368
134 368
415 369
437 369
470 369
148 370
153 370
288 370
434 370
109 371
214 371
313 371
351 371
419 371
242 372
454 372
78 373
129 373
149 373
370 373
402 373
435 373
147 374
169 374
421 374
146 375
189 375
96 376
100 376
125 376
163 376
166 376
188 376
209 376
421 376
105 377
191 377
97 378
141 378
271 378
387 378
407 378
162 379
192 379
337 379
354 379
409 379
438 379
55 381
90 381
228 381
297 381
409 381
182 382
185 382
318 382
179 383
426 383
71 384
119 384
140 384
90 385
160 385
256 385
408 385
462 385
120 386
159 386
200 386
374 386
444 386
478 386
202 387
425 387
99 388
102 388
136 388
177 388
426 388
222 389
322 389
340 389
242 390
96 391
98 391
133 391
133 392
135 392
197 392
359 392
393 392
410 392
465 392
156 393
426 393
433 393
113 394
133 394
151 394
285 394
306 394
324 394
98 395
175 395
178 395
62 396
128 396
130 396
133 396
152 396
219 396
449 396
150 397
411 397
426 397
437 397
126 398
129 398
173 398
193 398
267 398
171 399
77 400
145 400
238 400
344 400
377 400
414 400
175 401
286 401
321 401
341 401
360 401
396 401
311 402
359 402
436 402
124 403
382 403
146 404
186 404
189 404
194 404
309 404
312 404
376 404
414 404
105 405
252 405
270 405
344 405
471 405
90 406
269 406
342 406
360 406
382 406
429 406
189 407
273 407
310 407
327 407
380 407
395 407
162 408
253 408
285 408
168 409
187 409
349 409
381 409
428 409
430 409
189 410
311 410
383 411
165 412
235 412
304 412
402 412
68 413
253 413
361 413
366 413
461 413
186 414
189 414
332 414
347 414
419 414
431 414
445 414
83 415
133 415
162 415
270 415
434 415
100 416
221 416
309 416
328 416
346 416
397 416
204 418
333 418
369 418
385 418
418 418
179 419
184 419
200 419
269 419
351 419
385 419
417 419
434 419
250 420
361 420
114 421
149 421
351 421
381 421
161 422
268 422
333 422
365 422
435 422
351 423
401 423
479 423
235 424
331 424
446 424
79 425
332 425
400 425
434 425
60 426
367 426
402 426
269 427
274 427
364 427
466 427
130 428
161 428
163 428
304 428
329 428
381 428
404 428
436 428
165 429
220 429
331 429
350 429
144 430
201 430
287 430
328 430
370 430
389 430
95 431
250 431
268 431
333 431
348 431
364 431
406 431
111 432
167 432
182 432
254 432
332 432
421 432
198 433
268 433
305 433
381 433
319 434
364 434
421 434
199 435
235 435
403 436
381 437
56 438
73 438
201 438
266 438
283 438
352 438
366 438
407 438
438 438
452 438
198 439
254 439
290 439
437 439
467 439
163 440
220 440
288 440
334 440
349 440
380 440
165 441
202 441
303 441
221 442
223 442
405 442
106 443
198 443
267 443
335 443
422 443
426 443
182 444
333 444
124 445
142 445
177 445
186 445
280 445
321 445
333 445
421 446
332 447
423 447
88 448
181 448
196 448
237 448
268 448
317 448
162 449
178 449
200 449
202 449
237 449
282 449
365 449
393 450
437 450
68 451
350 451
425 451
472 451
167 452
264 452
331 452
408 452
197 453
411 453
426 453
440 453
104 454
221 454
408 454
240 455
242 455
247 455
258 455
334 455
407 455
122 456
184 456
199 456
205 456
274 456
299 456
177 457
250 457
453 457
184 458
331 458
166 459
198 459
426 459
229 460
254 460
275 460
349 460
139 461
161 461
178 461
201 461
276 461
409 461
411 461
85 462
227 462
231 462
233 462
335 462
295 463
379 463
66 464
179 464
351 464
365 464
408 464
189 465
205 465
269 465
314 465
330 465
440 465
167 466
212 466
276 466
351 467
393 467
470 468
104 469
248 469
167 470
188 470
260 470
264 470
265 470
329 470
425 470
427 470
182 471
121 472
222 472
307 472
327 472
350 472
408 472
183 473
263 473
327 473
330 473
457 473
142 474
163 474
280 474
188 475
222 475
259 475
205 476
238 476
85 477
250 477
285 477
327 477
345 477
161 478
277 478
307 478
194 479
246 479
327 479
163 480
407 480
121 481
142 481
160 481
195 481
212 481
225 481
251 481
307 481
363 481
379 481
241 482
309 482
408 482
72 483
171 483
285 483
141 484
167 484
211 484
393 484
123 485
146 485
270 485
103 486
140 486
220 486
249 486
321 486
418 486
444 486
224 487
274 487
429 487
297 488
360 488
128 489
235 489
248 489
461 489
199 490
214 490
315 490
175 491
195 491
258 491
267 491
121 492
313 492
319 492
124 493
143 493
331 493
344 493
88 494
121 494
176 494
226 494
233 494
253 494
290 494
127 495
147 495
171 495
248 495
316 495
252 496
375 496
105 497
220 497
311 497
231 498
286 498
191 499
195 499
431 499
152 500
177 500
203 500
307 500
359 500
238 501
284 501
391 501
194 502
406 502
176 503
246 503
248 504
280 504
283 504
303 504
306 504
127 505
173 505
244 505
253 505
260 505
263 505
267 505
280 505
107 506
321 506
148 507
177 507
256 507
319 507
420 507
131 508
204 508
258 508
259 508
262 508
170 509
216 509
218 509
134 510
254 510
258 510
281 510
371 510
131 511
153 511
185 511
254 511
314 511
334 511
391 511
127 512
137 512
273 512
189 513
217 513
352 514
90 515
130 515
233 515
293 515
111 516
236 516
292 516
155 518
194 518
238 518
272 518
310 518
434 518
201 519
131 520
263 520
244 521
348 521
204 522
265 522
138 523
160 523
326 523
403 523
420 523
182 524
212 525
278 525
93 526
115 526
278 526
361 527
298 528
378 528
317 529
218 530
254 530
142 532
251 532
256 532
258 533
193 534
310 534
335 534
100 535
272 536
245 537
281 537
229 538
302 538
387 538
405 538
174 539
370 540
151 541
208 543
324 543
280 545
286 545
346 545
269 546
279 546
383 546
402 546
110 547
265 547
242 548
311 548
158 549
256 549
298 549
275 552
136 553
252 554
275 555
277 555
330 556
168 557
280 557
249 558
234 559
354 559
220 560
374 561
181 563
266 563
227 564
312 564
246 565
302 565
345 565
199 566
296 566
232 567
135 568
209 568
367 568
283 569
238 570
339 570
329 573
172 575
196 575
151 577
319 578
218 580
300 581
283 582
264 584
178 585
246 585
217 587
230 587
191 588
317 589
296 593
257 596
276 597
