413 2
184 3
377 5
256 9
217 10
275 10
238 11
245 11
285 11
295 11
321 11
391 11
202 12
435 12
335 13
347 14
177 17
403 17
359 18
445 18
161 19
153 21
260 22
234 23
243 23
251 23
416 23
141 24
217 24
281 24
377 24
292 25
306 25
458 25
201 26
322 27
191 28
177 31
338 31
392 31
166 32
436 32
351 33
156 35
260 35
272 36
402 36
293 37
358 37
141 38
212 38
227 38
245 38
206 40
308 40
372 40
131 41
455 43
121 44
185 44
418 45
158 48
151 49
471 49
287 50
396 51
107 52
142 52
230 52
435 52
224 53
237 54
300 54
211 55
131 56
412 56
257 57
313 57
167 62
326 62
153 64
435 64
109 65
449 66
299 67
475 67
220 68
226 68
142 69
214 69
234 69
353 70
130 71
249 72
94 73
261 74
316 74
419 77
116 78
378 78
160 79
293 80
338 83
103 84
468 84
348 85
392 85
221 86
239 86
230 87
204 88
445 88
88 89
256 89
279 90
479 90
268 91
162 92
365 92
115 93
291 93
309 93
453 94
321 96
332 99
382 99
99 101
224 101
233 101
202 102
212 102
467 102
282 103
343 103
136 104
239 104
256 104
267 104
399 105
299 106
359 108
85 109
314 110
409 110
117 111
371 112
326 113
376 113
273 114
453 114
332 115
208 116
220 116
231 116
383 116
201 117
284 117
70 118
102 118
138 118
182 118
238 118
251 119
295 119
349 120
130 121
259 122
468 124
403 125
441 125
87 126
157 126
269 126
120 128
367 129
144 130
279 130
323 130
74 134
337 134
418 134
452 134
102 135
242 135
253 136
128 137
347 137
221 140
428 140
467 140
61 141
267 141
358 141
90 142
118 142
151 143
326 145
405 145
108 147
444 147
133 148
337 149
79 150
245 151
253 152
156 153
348 154
94 155
264 155
421 155
465 156
65 157
116 157
181 158
275 158
142 159
471 160
160 162
291 162
131 164
194 164
445 164
153 165
247 165
76 166
302 166
374 166
182 169
144 170
175 170
268 171
314 171
381 172
414 172
459 172
319 173
285 174
165 175
235 175
133 176
469 176
185 177
155 178
242 178
391 178
447 179
249 180
255 180
300 181
365 181
77 182
147 183
122 184
266 184
51 185
311 185
170 187
179 187
188 187
373 187
164 188
231 188
278 189
66 190
465 190
131 191
144 192
245 192
160 194
288 194
386 194
255 195
59 196
360 196
446 196
123 197
470 197
185 198
191 198
209 198
302 198
178 199
198 199
337 199
265 200
167 201
227 201
92 202
116 202
130 202
426 202
454 202
238 204
345 204
246 207
402 207
433 207
252 209
192 210
207 210
82 211
185 211
41 212
94 213
106 213
200 213
220 213
59 214
175 214
409 214
468 214
264 215
297 215
441 215
164 216
416 217
235 218
72 219
140 219
32 220
273 220
290 220
423 222
113 223
184 223
309 223
452 223
193 224
202 224
161 225
170 225
178 225
252 225
94 226
211 226
45 227
64 227
258 227
225 228
316 228
402 229
460 229
76 231
435 232
138 233
268 233
104 235
118 235
176 236
205 236
214 236
243 236
468 237
162 238
169 238
195 238
413 238
188 239
221 240
278 240
389 240
115 241
342 241
154 242
474 242
129 243
252 243
449 244
329 245
208 246
232 246
94 247
395 247
310 248
350 248
107 251
140 251
161 251
174 251
184 251
240 252
356 252
276 254
197 255
338 255
461 255
116 256
39 257
89 257
279 257
382 258
132 259
21 260
248 261
268 261
99 262
164 262
156 263
188 263
446 263
74 264
351 264
33 265
146 265
326 265
16 266
109 266
194 266
214 266
124 267
274 267
257 268
287 268
473 268
47 269
358 269
83 270
139 271
200 271
335 271
169 272
94 273
176 273
104 275
207 276
183 277
260 277
455 278
31 279
42 279
245 279
158 280
337 282
373 282
441 282
112 284
148 284
192 284
416 284
165 285
285 285
400 285
15 286
98 287
249 287
87 289
175 289
469 289
37 290
268 290
288 291
135 293
405 293
310 294
368 294
424 294
255 295
451 295
9 296
22 296
292 296
237 297
388 297
475 297
106 298
31 299
131 299
156 299
186 301
433 301
119 302
149 302
163 302
277 302
260 303
83 304
124 304
319 304
92 307
193 309
242 309
415 309
461 309
178 310
281 310
394 310
16 311
118 311
141 311
26 312
40 312
168 312
379 312
104 313
267 314
284 315
219 316
256 316
299 316
469 316
196 317
209 317
402 318
119 319
135 320
448 320
101 321
184 321
247 321
473 321
24 322
312 322
332 322
10 323
50 323
75 323
260 323
88 324
351 324
38 325
160 327
62 328
146 328
175 329
317 329
264 331
455 331
128 332
290 332
339 332
156 335
73 336
36 337
48 337
169 337
138 338
249 338
307 339
439 339
216 340
22 341
113 341
154 342
280 342
325 342
343 342
12 344
101 344
88 345
267 347
133 348
72 349
295 349
34 350
59 350
256 351
311 351
388 351
284 352
349 353
148 354
104 355
204 355
332 355
455 355
19 356
91 358
241 358
10 359
45 360
73 360
143 361
435 361
302 363
321 363
355 363
32 364
132 364
464 364
331 365
418 365
59 367
73 367
125 367
159 367
398 367
19 369
203 369
359 372
231 373
257 374
23 377
153 377
387 377
452 377
61 378
218 378
324 378
123 379
129 380
144 381
89 382
368 383
340 384
33 385
462 385
77 386
202 387
256 389
357 389
48 390
232 390
62 392
395 392
124 393
328 393
377 393
217 394
113 395
279 395
422 395
454 395
476 395
38 396
160 396
345 397
362 397
49 399
63 400
76 403
94 403
214 404
431 404
307 405
353 408
231 409
388 409
38 410
470 410
128 411
452 411
113 412
374 412
257 414
69 415
212 415
243 417
58 419
271 419
30 421
185 422
298 422
46 424
227 424
75 425
140 425
346 426
209 427
255 428
399 428
444 429
203 430
372 430
84 433
66 435
239 436
477 436
52 437
269 438
94 441
174 441
456 441
72 442
250 442
36 443
222 443
389 445
109 446
285 446
441 447
463 447
232 448
266 448
340 448
297 450
377 450
353 451
62 452
120 452
325 453
46 454
204 454
90 455
367 455
149 456
242 459
215 460
349 460
327 461
103 462
80 463
308 463
254 464
274 464
462 464
110 465
193 465
378 465
290 468
227 471
90 472
183 473
207 474
266 474
344 474
363 474
449 474
326 475
100 476
107 477
81 478
397 478
286 479
432 479
302 481
219 482
121 483
441 484
89 485
151 485
465 485
382 486
67 488
103 489
214 490
235 491
315 491
391 491
366 492
477 493
119 494
296 494
79 495
135 498
149 498
208 498
89 499
386 501
225 502
310 502
359 503
246 504
219 505
396 506
109 508
131 508
472 508
203 509
373 509
280 510
147 511
237 511
159 512
300 514
455 514
92 515
230 515
253 515
319 517
113 520
292 520
362 521
393 521
435 521
126 522
210 522
140 523
179 523
243 524
264 524
410 524
165 525
203 525
444 525
153 526
234 527
194 529
257 529
432 532
307 533
454 534
119 535
383 535
370 536
218 537
194 538
237 538
394 538
295 539
140 540
155 540
185 541
410 542
170 543
338 545
436 546
363 547
250 548
280 549
298 550
307 550
203 551
224 551
290 553
136 554
150 555
394 556
410 556
178 558
165 559
187 559
266 559
362 561
219 562
334 563
229 564
316 564
283 565
301 566
291 568
252 569
153 570
178 571
358 576
240 582
