283 1
326 1
174 2
225 2
299 2
423 2
89 3
145 3
446 4
58 5
262 5
346 5
209 6
366 6
158 10
243 10
390 10
106 11
468 11
183 12
408 12
327 13
75 14
219 14
279 15
444 15
124 16
312 16
94 17
300 17
350 17
137 18
265 18
163 19
199 19
245 19
381 19
61 22
228 23
341 23
400 23
149 25
184 25
285 25
419 25
82 26
306 26
327 26
108 28
437 28
463 28
171 29
206 30
244 30
264 30
361 31
287 32
122 33
391 33
157 34
332 34
348 35
408 35
224 36
63 37
269 37
319 37
89 38
421 38
253 39
457 39
183 40
350 40
431 40
301 41
473 41
104 42
133 42
373 44
320 45
332 45
385 45
409 46
75 47
446 47
47 48
276 48
301 48
457 48
255 49
123 50
362 53
470 53
90 54
384 56
59 58
132 58
308 58
264 59
102 60
169 60
296 60
444 60
50 61
251 62
458 64
372 65
382 66
280 67
403 67
431 67
474 67
119 68
68 69
90 71
262 71
319 71
206 72
308 72
295 73
38 74
127 74
358 74
450 74
249 75
368 75
104 76
387 76
398 76
461 76
284 77
189 79
414 80
473 80
50 81
75 81
224 81
264 82
428 83
327 84
210 85
313 85
444 85
92 86
124 86
283 86
296 87
344 87
359 87
250 88
378 88
395 89
405 89
417 89
388 90
459 90
60 92
239 92
35 93
82 93
433 94
475 95
329 96
224 97
292 97
27 98
311 98
284 99
365 99
378 99
123 100
269 100
346 100
101 101
211 101
413 101
452 101
200 102
49 103
253 103
391 103
68 106
327 106
362 106
402 106
472 106
237 107
435 107
111 108
283 109
312 109
447 109
89 110
381 110
273 111
319 111
345 111
217 113
104 114
365 115
462 115
430 116
31 117
253 117
115 119
204 119
317 119
383 119
473 119
450 121
53 122
153 123
365 123
400 123
413 123
267 124
71 126
426 127
31 128
190 128
123 130
161 130
300 130
11 131
253 131
289 132
399 132
139 133
366 133
441 133
178 134
274 134
457 135
62 136
196 136
43 138
425 139
307 140
164 141
398 142
18 145
123 145
273 145
375 145
440 145
469 145
256 147
410 147
74 148
201 148
50 149
450 149
174 150
395 152
427 152
27 153
460 153
145 155
301 155
191 158
276 158
163 159
258 159
442 159
473 159
41 160
105 161
389 161
211 162
413 162
453 163
247 164
425 166
16 167
84 167
236 167
377 167
460 167
228 168
283 168
319 168
351 169
34 171
100 171
124 171
266 171
296 171
331 171
406 171
393 173
442 173
339 175
254 176
449 176
477 176
308 177
241 178
207 179
116 180
315 180
426 181
457 182
7 183
292 183
90 184
274 184
191 185
203 185
233 185
406 185
23 187
441 187
311 188
468 188
43 190
151 190
109 191
218 191
417 191
289 194
303 195
454 195
476 195
251 197
429 197
82 198
242 198
104 199
413 199
209 200
364 201
439 201
15 203
72 203
279 203
228 204
467 204
268 205
35 206
205 206
289 206
397 206
184 208
327 208
424 208
449 209
352 210
405 210
100 212
308 212
334 213
383 213
417 213
359 215
456 215
199 216
254 216
66 217
221 217
279 217
5 218
24 218
46 218
292 218
440 218
136 219
178 219
241 219
367 220
322 221
349 221
81 222
120 223
393 223
408 223
448 223
471 225
99 226
61 227
378 227
435 228
455 228
48 229
335 229
357 229
259 230
418 230
18 231
217 232
346 234
463 235
445 236
234 237
368 237
385 237
325 239
76 240
115 240
134 240
57 241
414 241
450 241
430 243
473 243
176 244
332 244
15 245
255 245
270 245
306 245
74 247
376 248
438 249
55 250
341 250
422 250
188 251
226 251
281 251
360 251
392 251
172 253
133 254
313 254
461 254
255 255
331 256
409 256
446 257
72 258
429 258
34 259
274 259
393 259
136 261
156 261
304 261
336 262
7 263
383 263
474 263
285 264
351 264
223 265
309 265
449 265
370 266
417 266
113 267
196 267
178 268
261 268
403 268
51 269
31 270
292 270
325 270
136 271
433 271
465 271
159 272
247 272
358 272
71 273
115 273
374 275
269 276
313 276
392 277
181 278
261 279
287 279
361 279
425 279
300 280
470 281
28 282
11 283
409 283
139 284
315 284
331 284
236 285
443 285
379 286
187 288
285 288
397 288
349 290
430 290
414 291
463 291
148 292
475 292
281 293
301 293
400 294
333 295
318 296
416 296
447 296
366 297
275 298
383 298
157 299
433 299
467 299
351 302
77 303
369 303
335 304
452 304
298 305
318 306
12 307
290 307
404 307
253 308
367 308
142 309
469 309
32 311
244 311
437 311
422 312
388 313
281 314
229 315
352 315
453 315
334 317
311 318
403 318
128 319
369 320
15 322
35 322
159 322
254 325
289 325
406 325
137 326
457 326
61 327
83 328
388 329
437 329
470 329
40 330
183 331
238 332
330 332
417 332
154 333
202 333
284 333
145 334
16 337
126 337
457 338
107 339
220 339
439 339
364 340
68 342
43 345
197 345
373 345
473 345
4 348
142 348
22 349
236 350
49 351
152 351
386 351
75 352
123 352
225 352
402 352
208 354
159 355
341 357
419 357
133 358
171 358
186 358
456 358
272 359
10 360
435 360
32 361
470 364
86 365
149 365
214 365
238 365
452 368
20 369
119 370
37 371
94 372
163 372
196 373
228 373
418 373
182 374
255 374
131 376
434 376
107 381
271 381
450 381
209 382
414 383
242 384
196 385
469 385
85 387
169 388
260 388
29 389
177 389
313 389
230 390
412 391
448 391
429 392
219 393
254 393
478 394
210 395
269 395
98 397
466 399
203 400
242 401
73 402
279 403
298 404
405 404
22 405
231 407
477 407
29 408
55 409
309 409
217 411
251 411
382 411
461 411
155 413
422 413
268 414
282 415
320 415
437 416
243 417
335 418
476 418
236 420
47 421
73 421
201 421
251 423
221 424
293 424
454 424
331 425
372 425
401 425
268 426
310 426
471 426
87 427
33 428
40 429
243 430
63 431
417 431
203 432
431 432
257 433
303 433
278 434
464 434
445 437
221 438
125 440
133 440
427 440
246 441
411 441
461 441
265 442
143 443
82 444
230 446
441 446
423 449
253 450
457 450
473 450
59 451
403 452
70 455
122 456
136 456
209 456
153 457
243 457
265 458
322 458
82 460
379 460
194 461
339 461
450 461
463 461
226 462
412 463
431 463
253 466
355 466
47 467
427 468
209 469
59 470
115 470
457 471
327 472
155 473
349 473
69 474
132 474
238 474
403 474
268 475
421 475
440 476
471 477
225 478
365 478
258 480
316 481
91 482
100 484
133 484
410 484
52 485
108 485
451 485
117 487
164 487
428 488
178 489
189 489
462 491
444 492
72 493
230 493
402 495
475 495
259 496
95 499
142 499
200 500
417 500
336 501
282 502
435 502
119 503
189 503
169 505
449 506
321 509
409 510
467 510
90 511
217 512
347 512
138 514
429 514
259 515
119 516
193 516
170 517
453 518
423 519
477 520
273 521
298 521
320 523
225 524
351 524
204 526
439 526
99 527
109 528
415 528
174 529
261 529
312 529
461 530
150 531
134 532
275 536
388 536
474 536
246 537
405 537
423 537
295 538
447 539
227 542
312 542
106 544
211 544
177 546
274 546
432 546
127 548
145 548
159 549
459 549
423 550
245 554
312 554
286 556
166 563
121 567
142 567
191 568
421 568
175 571
281 575
441 576
234 577
262 577
318 577
366 578
358 581
426 581
348 582
409 586
399 589
249 592
369 593
381 593
