133 1
263 1
276 2
118 3
286 3
328 3
370 3
410 5
103 7
190 7
201 7
211 8
226 8
303 8
387 8
160 9
175 9
348 9
237 10
250 10
145 12
264 12
318 12
90 13
80 14
362 14
405 15
127 16
278 17
287 17
115 18
180 19
190 19
335 19
172 20
213 20
299 20
199 21
246 21
308 21
345 21
383 21
105 22
159 22
235 23
258 23
426 23
151 24
93 25
268 25
320 25
140 26
359 28
401 28
438 28
283 29
122 31
202 31
298 31
371 31
216 32
330 32
70 33
190 33
109 34
172 34
246 34
415 34
165 35
235 35
154 36
307 36
340 36
386 36
101 37
93 38
261 38
273 39
356 39
80 40
144 40
318 42
288 43
438 43
188 44
197 44
407 44
68 45
131 45
178 45
451 45
332 46
249 47
170 48
235 48
302 48
262 49
426 49
350 51
99 52
158 52
276 52
148 53
289 55
321 55
193 56
406 57
73 58
130 58
247 58
332 58
179 59
340 59
268 60
417 60
455 60
169 62
162 63
289 63
56 64
155 64
428 64
106 65
357 65
142 67
313 67
201 68
193 69
411 69
181 70
245 70
373 70
259 71
329 71
448 71
129 72
270 72
343 72
286 73
169 74
422 74
79 75
466 75
153 76
298 76
351 76
69 77
115 77
201 78
310 78
436 78
478 78
63 79
190 79
241 80
103 81
230 81
363 81
406 82
136 83
259 83
287 83
323 84
50 85
151 86
162 86
335 86
379 86
455 86
90 87
421 87
123 88
194 89
203 89
218 90
75 91
139 91
239 91
473 91
277 92
350 92
389 92
160 94
323 94
440 94
60 95
107 95
413 95
264 96
363 96
400 98
91 99
335 99
145 100
202 100
222 100
235 101
373 101
426 101
46 102
135 102
211 102
123 103
250 103
464 103
82 104
345 104
412 107
69 108
155 108
394 108
357 109
447 109
112 110
424 110
143 111
194 111
221 111
58 112
201 112
212 112
367 112
232 113
338 113
92 114
462 114
323 115
43 116
130 116
377 116
408 116
433 116
472 117
258 118
349 118
80 119
117 119
155 120
72 121
279 122
358 122
110 123
145 123
391 123
479 123
315 124
451 124
202 125
216 125
228 125
238 125
63 126
136 126
166 127
244 127
263 127
329 127
93 128
53 129
369 129
252 130
126 131
157 131
469 131
82 133
119 133
279 133
346 133
259 134
380 134
145 135
35 136
109 136
479 136
269 137
218 138
226 138
63 139
211 140
235 140
389 140
450 140
334 141
362 141
96 142
129 142
158 143
246 143
251 144
341 144
49 146
88 146
119 146
144 147
377 147
467 147
262 148
78 149
353 149
384 149
325 150
38 151
108 151
138 151
201 151
212 151
220 152
169 153
229 153
130 154
160 154
236 154
277 154
447 154
70 155
241 156
312 156
393 156
338 157
370 157
454 157
412 158
91 159
119 159
149 159
250 159
139 161
53 162
353 162
379 162
308 164
464 164
218 165
160 166
228 166
333 167
76 168
131 168
236 168
366 168
406 168
156 169
284 169
337 169
151 170
447 170
322 171
34 173
67 173
297 173
121 174
352 174
478 174
378 175
30 176
94 176
139 176
207 176
308 177
358 177
56 178
160 178
181 178
221 179
404 179
461 179
229 180
171 181
292 181
338 181
367 182
390 182
150 183
448 184
126 185
252 185
298 185
469 185
324 186
144 187
165 187
196 187
46 188
74 188
348 188
102 189
204 189
209 189
287 190
310 190
380 190
37 191
160 191
218 192
336 193
385 193
134 194
226 194
233 195
62 196
150 196
276 196
441 196
466 196
130 197
240 197
299 197
393 197
25 199
323 199
51 200
283 200
125 201
207 202
217 203
288 203
169 204
268 204
422 204
451 204
118 206
162 206
312 206
478 206
382 207
406 207
135 208
231 208
254 208
274 208
296 209
318 209
459 209
38 211
195 211
200 211
259 211
387 211
434 211
181 212
114 213
212 213
240 213
175 214
92 215
280 215
392 215
146 216
286 216
370 216
265 217
169 218
444 218
29 219
221 219
416 219
162 220
252 220
309 220
477 220
273 221
292 221
231 222
400 223
190 224
257 224
316 224
381 224
435 224
202 225
178 226
195 226
456 226
240 227
278 227
26 228
213 228
365 228
55 229
388 229
169 230
425 230
463 230
151 231
266 231
304 231
408 231
246 232
444 232
222 233
352 233
287 234
374 234
393 234
192 236
186 237
271 237
312 237
416 237
200 238
360 238
173 239
335 239
434 239
235 240
295 241
473 241
138 242
164 242
261 243
407 243
103 244
241 244
81 245
119 245
279 245
339 245
322 246
445 246
458 246
35 247
158 247
430 247
220 248
285 248
304 248
266 249
58 250
250 250
346 250
130 251
151 251
196 251
461 253
98 254
184 254
241 254
327 254
111 255
147 255
177 255
442 255
32 256
275 256
171 257
245 257
351 257
422 257
26 258
211 258
292 258
311 258
262 259
125 260
141 260
335 260
405 261
162 264
252 265
282 265
431 265
105 266
320 266
340 266
454 266
88 267
185 267
190 267
303 267
358 267
239 268
270 268
156 269
199 269
117 270
133 271
421 272
462 272
179 274
258 274
290 274
308 274
442 274
148 275
245 275
348 275
406 275
468 275
34 276
173 276
81 277
277 277
128 278
328 278
96 279
188 279
144 280
165 280
211 281
451 281
250 282
30 283
194 283
316 285
435 285
213 286
266 286
252 287
300 287
236 288
420 288
476 288
50 289
73 290
182 291
287 291
440 291
25 292
323 292
227 294
256 295
44 296
172 296
188 296
465 296
243 297
310 297
369 298
412 298
64 299
89 300
275 300
191 301
294 301
435 301
149 303
262 304
317 304
458 305
36 306
301 306
61 307
165 307
357 309
382 309
190 310
251 310
306 310
284 311
55 312
176 312
424 312
465 313
406 314
447 314
77 316
188 317
269 318
375 318
173 319
291 319
95 322
113 322
154 322
342 322
457 322
142 323
186 323
228 323
434 323
45 324
418 325
126 326
69 327
462 327
109 329
325 331
351 331
40 332
86 332
137 333
426 333
151 334
166 334
447 334
181 335
411 337
62 338
332 338
474 339
119 340
133 340
56 341
101 341
164 342
380 342
198 343
80 344
338 344
177 346
241 346
361 346
460 346
161 347
419 347
403 348
191 350
73 351
345 351
50 352
96 352
144 352
206 353
326 353
446 353
111 354
128 355
427 356
45 357
185 357
89 359
155 360
352 360
456 360
66 361
139 361
214 364
35 365
294 365
406 365
318 366
461 366
239 367
269 367
193 368
232 368
413 368
438 368
155 369
53 371
82 371
103 371
58 372
179 372
347 372
116 373
206 373
227 373
132 374
306 374
282 375
55 376
448 376
46 377
149 377
426 378
77 379
219 379
477 379
94 381
125 382
320 382
403 382
45 383
295 383
432 383
69 384
108 384
462 384
324 386
437 386
67 388
142 388
303 389
212 390
232 390
88 391
116 391
419 391
473 391
181 392
450 393
135 394
228 394
311 394
58 395
362 396
288 397
429 397
204 398
222 399
319 399
78 400
152 400
129 401
295 401
252 403
353 404
439 404
282 405
167 407
143 408
305 408
375 409
395 409
418 409
448 409
476 410
363 411
64 412
188 412
161 415
319 415
431 415
463 419
153 421
180 421
413 421
133 422
289 422
386 423
80 424
244 425
300 425
253 426
171 427
309 427
145 429
452 429
69 430
123 430
317 430
374 431
432 431
404 432
159 434
225 434
381 434
61 435
188 435
136 438
388 439
419 439
476 439
275 440
286 440
268 441
297 441
82 442
176 442
208 442
258 442
309 442
447 442
252 443
111 444
360 444
240 445
128 446
167 446
400 446
120 448
232 448
157 450
192 451
466 451
67 452
109 452
144 452
374 452
221 453
97 456
135 456
447 456
298 457
278 458
305 458
388 458
183 459
214 459
85 460
173 460
252 460
268 460
290 460
463 460
122 461
258 461
247 462
164 463
237 464
152 466
226 466
468 466
109 467
141 470
194 472
100 474
314 474
89 475
178 476
285 476
295 476
455 476
120 477
342 477
274 478
230 479
259 479
396 480
162 481
221 481
246 481
402 482
198 483
210 483
469 483
151 485
137 486
445 487
414 488
116 489
184 490
277 495
266 496
216 497
229 497
241 497
428 497
192 498
438 498
167 499
159 500
132 502
117 503
147 503
448 504
101 508
400 508
196 511
237 512
418 512
180 513
256 513
211 514
227 514
246 514
271 515
164 517
435 517
130 518
149 519
111 520
341 520
373 520
304 522
349 522
385 524
196 525
402 525
184 528
414 528
246 529
269 532
430 532
145 533
279 533
260 534
128 535
301 536
165 537
316 537
351 537
336 538
364 539
192 541
379 542
396 544
247 546
253 546
385 546
270 548
290 548
412 548
305 549
152 552
164 552
317 553
191 555
371 555
351 556
345 557
357 558
382 558
241 559
268 559
283 559
309 560
253 561
401 561
168 567
195 569
209 570
323 570
345 570
250 571
302 571
226 572
274 572
334 572
353 572
284 573
359 573
288 582
205 583
218 584
274 586
298 586
328 586
237 587
248 587
254 587
