264 28
328 30
279 33
229 36
291 38
351 38
249 42
356 43
312 44
150 45
156 46
215 46
267 46
365 46
168 47
178 48
271 48
278 50
328 50
189 52
226 52
233 52
378 53
292 54
199 55
209 57
412 57
386 58
120 59
250 59
130 60
143 60
124 61
314 62
163 63
359 63
424 64
175 65
261 65
170 66
181 66
365 67
397 67
213 69
277 69
218 70
403 70
227 72
287 73
103 74
340 75
124 76
295 76
381 76
139 77
303 77
416 77
158 78
246 78
352 78
173 79
308 80
318 80
257 82
264 84
216 86
234 88
279 88
432 88
90 89
100 89
410 89
115 90
337 90
128 91
243 92
342 92
445 94
357 96
417 96
201 97
254 98
208 99
221 99
397 100
246 101
262 101
458 101
70 102
423 102
90 103
233 103
104 104
464 104
128 105
332 105
404 105
136 106
280 106
153 107
290 108
433 109
471 109
440 110
348 112
476 113
358 114
68 115
214 115
388 115
446 115
58 117
225 117
79 118
96 119
153 119
457 119
117 120
268 122
167 123
411 124
385 127
426 128
441 129
70 131
196 131
54 132
88 132
358 132
135 133
148 134
397 134
160 135
176 136
378 139
473 140
409 141
448 142
291 143
390 145
397 146
22 147
58 147
37 149
147 149
72 150
115 150
192 150
363 150
373 150
132 151
166 151
182 151
432 151
237 153
383 158
388 160
395 160
126 162
305 162
352 162
448 162
363 164
155 165
10 166
50 166
327 166
220 169
257 169
374 169
460 169
270 172
343 173
386 174
474 176
443 177
95 179
141 179
400 179
125 180
154 181
361 181
193 183
459 183
18 184
24 184
326 184
4 186
243 186
378 186
255 187
265 187
343 187
424 188
470 188
280 189
350 193
474 193
158 194
361 194
393 194
211 195
100 196
127 196
138 196
448 199
338 200
242 201
64 202
28 203
254 203
415 203
462 203
14 204
265 206
362 207
432 208
195 211
327 211
372 211
136 212
98 213
385 213
446 215
341 216
453 216
398 217
25 219
64 220
279 221
10 222
39 222
255 222
266 222
32 223
366 223
247 224
419 224
468 225
377 226
135 227
435 227
120 229
326 229
479 229
440 230
341 232
397 232
445 232
271 233
346 233
30 234
359 236
14 237
166 237
411 237
457 237
247 239
466 240
143 241
376 241
424 242
330 244
389 244
477 244
342 247
441 247
113 248
33 250
200 250
407 250
103 251
179 251
185 251
217 251
210 252
262 252
366 252
172 253
285 254
374 254
461 254
419 256
426 257
5 258
434 260
391 261
475 261
440 263
199 264
314 264
188 265
228 265
115 266
173 266
211 266
219 266
328 266
449 266
161 267
274 267
406 267
107 268
30 269
342 270
461 270
97 271
383 271
418 271
22 272
84 272
12 274
65 275
76 275
394 275
475 276
151 277
164 278
231 278
432 278
443 279
191 280
201 280
215 280
184 281
274 281
409 282
453 283
291 284
383 284
312 285
428 287
467 287
25 288
360 288
18 289
11 290
324 290
396 290
225 291
476 291
165 292
199 292
271 292
286 292
437 292
180 293
90 296
302 296
453 296
418 297
312 299
14 300
465 301
185 303
428 303
174 304
192 304
167 305
476 305
38 306
306 307
407 307
441 307
452 307
29 312
389 313
22 314
132 314
293 314
17 316
308 316
176 317
315 317
441 317
472 317
7 318
119 318
363 318
342 319
197 320
267 320
156 322
191 323
429 323
148 325
415 325
173 326
213 326
226 326
236 326
299 326
458 326
34 327
205 327
143 328
365 329
436 329
121 332
405 332
23 333
346 334
380 334
479 334
11 335
447 335
174 337
188 338
199 338
236 338
159 339
224 339
393 339
360 340
458 340
324 341
142 343
430 344
465 344
36 345
208 345
377 345
339 346
195 347
232 348
254 348
349 348
408 348
28 349
129 349
293 349
186 350
150 351
181 351
304 351
18 353
124 353
363 353
396 353
444 353
326 354
11 355
231 355
422 355
84 357
119 357
270 357
470 357
277 358
342 359
3 360
148 360
209 360
428 360
309 361
387 361
409 362
245 363
254 363
464 363
192 364
266 364
34 365
133 366
162 366
231 366
276 366
28 367
238 367
472 367
86 368
178 368
372 368
24 369
124 369
330 369
420 369
215 370
449 370
208 371
403 371
115 373
412 373
288 374
298 374
46 375
138 375
188 375
160 376
240 377
271 377
388 377
247 378
259 378
313 378
364 379
403 379
99 380
437 380
30 381
35 381
229 381
470 381
169 382
218 382
126 383
204 384
281 384
376 384
22 385
292 385
416 385
445 385
143 386
247 389
308 389
385 389
454 389
11 390
153 390
234 390
258 390
355 390
427 390
280 391
313 391
405 391
226 393
302 393
40 394
105 394
132 394
216 394
466 394
368 395
398 396
204 397
125 398
445 399
29 400
56 401
286 401
302 401
421 401
452 401
88 402
273 402
384 403
456 404
20 405
15 407
462 407
392 408
329 409
474 409
73 411
40 412
447 412
400 414
35 416
122 416
198 416
382 416
29 417
62 417
355 417
58 420
391 421
465 421
175 422
372 422
50 423
442 423
80 424
477 425
193 426
283 427
41 428
382 428
296 429
360 429
68 430
146 430
340 431
460 432
115 434
370 435
396 436
27 438
381 438
422 438
447 438
471 438
236 439
363 439
124 441
225 441
249 441
216 444
371 445
97 446
160 446
436 446
131 447
37 448
66 448
395 448
6 449
445 449
90 450
150 450
270 450
250 451
238 452
28 454
143 454
226 455
107 456
387 456
409 456
217 457
436 458
135 459
209 459
129 460
160 460
369 460
20 461
443 461
151 463
263 463
248 464
426 464
121 465
239 465
269 465
380 465
15 466
301 466
400 466
39 467
456 468
223 469
172 470
388 470
363 472
2 473
340 473
440 473
53 474
132 475
184 475
256 475
25 476
160 476
421 477
473 477
348 478
246 479
377 480
399 480
450 480
226 481
16 482
68 482
94 482
219 482
313 482
41 483
354 483
210 484
263 484
457 484
61 486
170 487
385 487
247 488
337 489
362 489
443 490
234 491
367 491
49 492
344 492
217 493
290 493
394 493
130 494
261 494
472 494
75 495
305 495
350 495
151 496
356 496
106 497
88 498
122 498
318 498
40 500
202 500
231 500
458 500
284 501
379 501
59 502
141 502
327 502
170 503
11 504
223 504
338 504
361 504
438 507
75 508
211 508
291 509
301 509
348 509
313 511
470 511
201 512
66 514
231 514
451 514
45 515
398 516
220 517
328 517
190 518
405 520
211 521
104 523
179 523
384 523
203 524
263 524
438 524
126 525
229 526
97 527
259 527
173 528
193 528
447 530
328 531
116 532
426 532
88 533
474 533
111 535
213 535
202 537
234 537
438 537
458 538
173 539
341 539
226 540
24 542
192 542
304 542
313 543
351 543
96 544
221 544
420 544
166 545
216 545
405 545
442 545
467 546
92 547
356 547
181 548
207 548
322 548
115 549
38 550
86 550
236 550
429 551
473 551
281 552
303 553
225 554
195 555
411 555
434 555
100 556
455 556
145 558
191 558
251 558
369 558
439 559
166 560
27 561
420 562
184 563
376 564
352 566
468 566
323 567
403 568
447 568
262 570
85 571
334 571
384 571
430 571
60 572
360 572
251 573
416 574
476 574
457 576
55 577
77 577
100 577
345 577
366 577
388 577
408 578
33 579
438 579
307 580
369 580
313 581
444 582
94 583
326 583
113 584
353 584
374 585
396 586
427 586
332 587
65 588
129 588
165 588
470 589
197 590
240 590
62 591
107 591
399 592
343 593
452 594
305 595
419 595
384 596
35 597
218 597
402 597
364 598
140 599
206 599
265 599
288 599
9 600
346 600
478 600
18 601
94 601
330 601
337 601
153 602
72 603
187 603
211 604
136 605
198 605
320 605
166 606
392 606
410 606
427 606
43 607
228 607
148 608
304 608
462 608
257 609
81 610
117 610
240 610
374 610
181 611
226 611
130 612
11 613
160 613
446 613
59 614
340 614
358 614
468 614
254 615
318 615
347 615
72 616
144 616
412 616
122 618
392 618
107 619
252 619
297 619
269 620
155 621
167 621
433 621
370 622
304 623
2 624
47 624
207 624
220 624
193 625
251 625
268 625
364 625
390 625
283 626
452 626
64 627
462 627
97 628
204 628
358 628
416 628
314 629
177 630
297 630
127 631
135 631
40 632
77 632
150 632
219 632
250 632
268 632
288 632
332 632
12 633
57 633
163 633
385 633
188 636
409 636
235 637
374 637
431 637
452 637
