300 46
313 46
327 46
289 47
339 47
355 47
348 48
367 48
383 50
397 54
404 56
415 58
278 60
246 61
257 61
293 62
306 62
332 63
232 65
352 65
368 67
378 67
440 68
400 71
406 76
257 78
264 78
312 78
278 79
285 79
247 80
307 80
237 81
325 82
332 82
463 82
227 85
217 86
428 87
476 87
438 88
206 90
201 91
301 92
447 92
284 95
312 96
406 96
323 97
177 98
413 98
459 98
236 102
372 103
427 103
218 105
473 105
150 108
207 108
437 108
201 109
302 110
315 111
405 111
188 112
282 112
291 112
275 113
262 114
420 116
456 117
425 118
169 119
231 122
384 122
223 123
444 123
153 124
398 125
325 126
280 127
332 127
468 127
140 128
269 128
342 128
257 129
408 129
247 132
358 132
123 134
240 134
116 135
233 135
372 135
223 137
445 137
106 138
328 138
392 138
215 140
150 141
455 142
277 144
258 145
249 146
265 146
322 146
468 146
134 147
334 147
381 147
240 148
234 149
354 149
387 150
169 151
227 151
364 152
215 154
373 154
444 154
206 156
142 158
325 159
260 160
267 160
318 160
337 162
354 162
426 162
175 165
169 166
436 166
475 168
217 169
98 170
453 170
197 174
266 174
325 174
335 175
417 175
469 175
131 176
186 177
353 177
423 177
176 179
430 179
440 180
160 182
213 184
313 184
291 185
405 186
453 186
201 187
416 188
333 190
466 190
476 191
319 192
344 193
428 193
163 194
360 194
435 195
114 196
93 197
397 199
146 200
197 201
140 202
405 202
453 202
460 204
183 205
335 205
418 205
127 206
467 207
360 208
472 208
232 209
311 209
117 210
371 210
428 210
479 210
110 211
385 211
438 211
221 212
379 212
214 213
399 213
286 214
90 216
410 216
145 217
460 218
78 219
134 219
314 220
423 220
323 221
239 222
336 222
122 223
164 223
226 223
362 223
470 223
400 224
434 224
370 225
440 225
378 226
116 227
157 228
214 228
407 228
151 229
385 230
455 231
418 232
235 234
105 235
138 235
264 236
405 236
464 237
223 238
434 238
469 238
175 239
186 239
254 239
370 240
475 241
122 243
385 243
240 244
410 244
447 244
87 246
151 246
457 248
112 251
404 252
428 253
138 254
412 255
243 256
468 256
437 258
399 259
124 260
265 261
445 262
350 263
451 263
412 264
149 265
219 265
377 265
419 266
456 266
114 269
140 269
241 269
428 269
462 269
433 270
471 273
62 274
79 275
443 275
410 277
357 278
451 278
475 278
151 280
118 282
187 282
292 282
214 283
395 283
147 284
242 285
460 285
269 286
175 287
321 288
468 288
110 290
203 290
258 290
105 291
136 291
229 291
372 291
310 292
472 292
196 293
167 294
301 294
251 296
279 296
294 296
478 296
94 297
441 297
218 298
152 300
241 300
270 300
443 300
286 301
329 302
262 303
453 303
209 304
234 305
75 306
317 306
457 306
175 307
107 309
395 309
461 309
199 310
306 310
269 311
299 312
349 312
444 312
135 313
335 313
479 313
242 315
165 316
187 317
378 317
451 317
284 318
215 319
260 319
478 320
235 321
419 323
270 325
356 325
462 325
339 326
247 327
299 327
202 328
448 328
225 330
431 330
470 330
117 331
319 333
422 333
390 334
457 334
111 335
238 336
414 336
168 337
479 337
255 338
441 338
56 339
81 339
214 339
274 339
336 339
426 339
187 341
366 341
98 343
135 343
267 343
430 343
230 344
114 345
247 345
466 345
207 346
316 347
406 347
451 347
276 350
239 352
258 352
412 352
427 352
64 353
337 353
475 353
441 354
218 355
272 356
461 356
374 357
235 358
143 361
352 361
418 361
448 361
306 363
338 364
367 364
180 365
193 365
389 365
453 366
326 367
283 368
470 368
160 369
296 370
224 372
402 372
129 373
184 374
419 374
441 374
343 375
373 375
459 375
473 375
291 376
310 376
275 378
361 378
385 378
124 379
334 379
248 381
328 382
391 382
479 382
174 383
285 383
143 384
257 384
319 384
376 385
452 385
114 386
267 386
399 387
358 388
469 388
169 389
349 389
374 389
297 390
312 391
343 391
188 392
371 392
163 393
339 393
105 394
442 394
455 394
306 395
384 396
471 397
125 398
160 398
288 398
388 398
428 399
330 400
446 400
179 401
460 401
393 402
230 404
175 407
195 407
418 407
479 407
397 408
79 410
283 410
466 410
378 412
437 412
452 413
365 414
402 414
422 414
89 415
170 415
216 415
70 417
406 417
472 417
384 419
423 419
457 419
104 420
187 421
253 423
412 423
426 423
441 423
390 424
343 426
240 427
56 428
367 428
392 428
225 429
261 429
413 429
195 430
447 430
357 431
467 431
373 432
428 432
75 434
98 434
212 434
248 434
416 434
396 435
448 435
279 436
288 437
472 437
430 438
381 439
93 441
401 442
66 444
256 444
354 444
301 445
463 446
442 447
60 448
266 448
276 448
242 449
389 451
82 452
372 452
420 453
154 455
253 456
443 456
354 457
453 458
200 459
265 459
309 459
375 459
469 459
78 460
392 460
299 461
341 462
250 464
395 464
423 464
70 465
221 465
251 468
263 468
310 468
397 468
298 470
381 470
110 472
474 472
63 473
363 474
388 474
462 474
286 475
175 476
249 476
259 476
451 476
275 478
366 478
478 478
312 481
327 481
390 481
100 482
216 483
300 485
121 486
239 486
287 487
137 489
154 489
229 489
313 489
374 489
275 490
471 491
301 492
399 493
250 494
457 494
375 495
275 496
331 496
384 496
210 497
289 498
235 500
149 501
179 501
316 501
444 501
219 502
248 502
463 502
478 503
391 505
409 505
208 507
464 507
127 508
145 509
248 509
275 509
369 509
395 510
303 511
320 511
330 511
260 512
376 512
233 513
248 513
160 514
455 514
275 516
290 516
403 517
385 519
219 520
249 520
442 522
470 525
422 526
248 529
377 529
392 529
447 529
312 532
427 532
475 534
401 536
297 537
384 537
455 538
435 539
148 541
409 541
115 542
347 542
440 542
299 544
414 546
318 547
326 549
472 556
435 557
406 559
412 560
478 560
374 561
443 561
235 562
353 562
137 563
165 565
182 565
328 565
375 565
461 565
258 566
263 566
342 566
400 566
360 567
152 569
219 570
201 571
386 571
475 571
349 573
165 574
334 574
104 575
186 575
444 575
220 576
376 577
454 578
206 579
321 579
361 579
134 580
264 582
344 583
189 585
477 586
210 588
329 588
470 588
138 590
153 591
236 591
449 591
351 592
391 592
464 592
194 594
170 597
310 598
363 599
374 602
433 602
446 602
154 604
216 604
246 604
235 605
335 605
469 605
182 606
203 606
272 606
382 606
254 607
297 608
318 608
390 609
160 610
345 610
396 610
208 611
188 613
281 613
409 613
354 614
446 614
305 615
418 615
426 615
214 616
264 616
435 616
451 616
460 616
245 617
196 618
337 618
366 618
220 619
228 620
318 622
205 624
322 624
296 625
441 627
358 630
244 632
368 633
272 634
387 635
228 636
