216 2
279 2
454 4
230 5
310 6
348 6
424 7
392 8
246 9
399 10
202 11
295 11
142 12
175 12
262 12
127 13
369 13
162 14
406 14
472 14
108 15
112 15
219 16
440 16
308 18
335 18
281 19
454 21
249 22
383 23
209 24
269 24
423 24
458 24
133 26
354 26
172 27
329 29
472 29
230 30
112 31
285 31
94 32
441 32
82 34
342 34
197 35
301 35
411 37
141 38
265 38
161 39
213 39
379 39
415 39
451 39
312 40
174 43
229 43
277 44
358 44
105 47
247 48
468 48
118 49
124 49
196 49
80 50
68 51
151 53
268 53
305 53
446 56
169 58
279 58
462 61
99 62
251 62
117 63
188 63
140 65
83 67
155 67
268 67
181 73
100 78
113 78
270 78
458 78
127 79
442 80
242 82
361 83
222 84
393 84
419 86
287 87
338 89
370 89
105 92
270 92
86 93
460 93
67 95
231 95
411 97
201 98
356 98
388 98
163 102
328 102
359 102
254 103
84 104
113 105
220 106
66 107
443 109
467 110
274 112
48 113
342 113
111 114
313 114
242 115
369 116
80 117
93 117
69 119
432 121
465 122
259 123
45 124
408 124
232 125
110 126
99 127
194 128
475 128
69 132
249 133
420 133
210 134
454 134
374 135
224 137
297 137
48 138
265 138
153 139
172 140
402 140
230 141
328 141
275 142
468 143
26 144
187 145
440 145
242 146
311 146
68 147
205 148
47 150
419 152
450 152
34 154
220 155
262 156
72 157
98 157
175 158
232 158
464 160
188 162
312 163
434 163
135 166
200 166
363 166
388 167
151 168
209 168
24 169
418 169
447 169
174 172
299 172
224 173
52 174
193 176
398 177
238 178
460 178
35 179
127 180
80 181
149 181
305 181
20 182
212 183
406 183
466 183
169 184
384 184
441 184
361 186
413 186
473 186
184 187
48 188
227 189
287 189
20 191
110 192
479 192
126 193
202 193
454 193
141 194
238 194
395 194
86 195
424 195
159 196
168 196
303 197
184 200
218 200
430 200
255 201
33 202
128 203
464 203
148 205
204 205
338 207
385 207
367 209
58 210
447 210
136 214
39 215
250 216
280 217
376 217
420 217
351 218
403 219
22 221
99 223
122 223
331 223
385 224
462 224
140 225
308 225
434 225
200 226
362 227
7 229
160 229
295 231
416 231
30 232
186 234
343 234
124 235
372 235
224 236
397 236
108 237
450 237
479 237
18 238
146 239
198 240
289 241
265 242
328 242
353 242
37 243
65 245
6 246
132 248
250 250
275 250
23 252
52 253
468 253
347 255
390 255
432 257
261 259
324 259
478 259
10 260
290 262
416 262
333 263
156 264
245 264
83 266
353 266
54 267
451 267
22 269
275 270
315 270
336 270
434 272
113 274
464 275
137 276
38 277
14 278
97 278
261 278
323 278
233 279
287 282
367 282
28 284
448 284
80 285
121 287
313 288
129 291
458 291
431 292
19 294
40 294
84 295
301 299
407 299
441 300
473 300
7 304
103 305
153 308
419 310
454 311
74 312
316 312
22 313
258 313
422 313
126 315
299 316
464 317
32 318
469 318
140 320
177 321
247 323
268 324
229 325
191 326
444 326
217 327
381 327
411 328
166 331
201 331
450 331
254 332
386 332
236 334
296 334
4 335
44 335
130 335
363 335
424 335
458 335
98 336
208 336
16 339
188 339
346 339
394 339
216 342
262 342
286 342
474 343
34 346
149 346
222 346
247 346
267 346
374 346
201 348
419 348
67 350
271 350
226 351
402 351
164 352
451 352
7 354
186 354
358 354
210 355
337 355
479 356
318 357
168 358
384 358
433 359
29 360
194 361
219 362
260 362
281 362
40 365
200 365
346 365
264 367
391 367
184 368
163 369
447 369
353 373
256 379
12 381
29 381
173 381
278 381
196 382
162 384
75 387
145 387
54 388
270 390
11 392
228 393
248 393
184 394
293 395
58 401
171 401
196 402
287 402
157 403
240 404
261 404
463 404
42 405
218 405
61 408
27 409
138 409
271 411
299 411
390 411
181 412
454 412
164 414
228 415
186 417
236 418
310 418
456 419
86 422
108 423
129 423
215 423
67 424
192 424
242 425
461 425
174 426
295 426
33 427
49 427
265 427
11 428
152 429
199 430
247 430
354 430
476 430
134 431
224 431
306 433
367 434
94 435
205 435
416 436
280 437
322 437
451 437
182 439
260 440
129 442
294 443
382 444
302 446
244 447
34 448
95 449
280 450
470 450
57 452
222 452
325 453
259 455
458 456
36 457
400 458
383 459
373 460
208 461
302 461
273 463
314 465
123 466
76 467
325 467
40 469
287 469
253 470
416 471
63 473
177 473
305 476
366 476
382 476
269 477
320 480
83 481
445 481
243 482
145 483
102 484
426 487
49 488
191 488
69 489
258 489
301 490
399 491
232 492
467 492
409 493
383 494
92 495
273 495
319 497
243 498
450 500
113 501
285 502
254 504
431 505
103 506
234 508
418 508
365 510
383 510
398 511
85 513
274 514
318 514
63 515
136 516
113 519
249 520
167 521
219 522
343 522
90 523
370 525
147 526
303 526
200 527
235 528
266 528
405 528
392 529
127 531
182 531
158 532
318 532
282 535
134 537
218 537
193 540
256 542
113 543
142 544
231 544
170 546
123 548
207 549
239 549
284 553
185 555
221 555
295 555
155 556
252 556
261 560
232 563
212 570
