335 1
364 2
159 3
180 3
262 3
324 3
479 3
307 5
221 6
145 7
174 8
296 8
410 10
139 11
246 12
277 12
235 14
367 14
385 14
428 14
200 15
269 15
440 15
336 16
354 16
378 16
394 17
408 17
453 18
329 19
319 20
467 20
250 21
478 21
186 22
306 23
296 24
147 25
236 26
178 28
224 28
278 28
141 29
267 29
348 29
366 29
388 30
334 31
380 31
419 31
130 33
340 33
361 33
395 33
410 33
436 33
168 34
252 34
205 35
319 35
451 36
304 38
468 38
119 39
155 39
293 40
188 41
147 44
407 46
354 47
135 48
174 48
332 48
345 48
454 51
122 53
467 54
195 57
154 58
233 58
113 59
184 60
411 61
105 62
219 62
264 62
353 63
438 64
133 65
342 66
452 66
325 67
168 68
159 72
238 72
124 73
197 73
473 73
147 76
108 77
269 77
347 80
358 80
364 81
382 81
171 82
395 82
134 83
453 83
308 84
243 85
404 86
470 86
202 87
292 87
233 88
190 89
479 89
415 90
154 91
276 91
112 92
250 93
332 93
433 94
362 95
136 96
379 96
444 96
205 97
303 97
127 98
173 98
372 98
101 99
238 99
163 100
392 100
285 101
405 101
464 102
260 103
116 104
192 104
478 105
152 106
220 106
250 106
418 106
187 107
105 109
97 110
309 110
316 110
430 110
138 111
240 111
362 111
378 112
444 112
291 113
203 114
277 114
168 115
388 115
452 115
123 116
265 116
220 117
400 117
467 118
195 119
462 119
473 119
158 120
250 120
75 122
149 122
108 124
350 124
332 125
362 125
446 126
102 127
139 127
374 127
132 131
387 131
460 131
242 133
91 136
119 137
335 137
474 137
84 138
298 138
153 139
350 139
356 141
112 143
146 143
366 143
73 145
375 145
383 145
398 145
454 145
470 147
170 148
104 149
131 149
343 150
62 152
160 153
291 153
97 154
332 155
363 155
382 156
393 157
147 158
91 160
113 161
350 163
65 164
356 164
452 164
169 165
337 165
362 165
368 165
465 165
438 166
284 167
206 168
162 169
101 170
75 171
193 171
390 171
238 174
311 175
221 177
352 177
279 178
294 178
337 178
46 179
170 179
324 179
69 180
114 180
453 180
88 182
384 182
461 182
80 184
245 184
478 185
99 190
340 190
183 191
225 191
356 191
445 191
47 192
272 194
145 195
461 195
68 196
174 196
213 196
114 198
333 199
55 200
403 200
473 200
166 201
203 201
236 201
348 203
50 204
79 204
364 205
450 206
127 207
187 207
381 209
215 210
329 210
67 211
424 211
177 212
434 213
339 214
464 214
453 215
204 216
400 216
230 217
350 218
364 219
191 220
309 220
279 221
473 221
379 222
218 224
51 225
77 225
324 225
34 226
187 226
208 226
445 226
163 227
395 228
119 229
179 229
350 230
236 231
456 232
194 236
365 236
471 236
228 237
291 237
19 238
60 238
170 238
218 238
378 238
36 240
84 241
106 242
247 242
393 242
184 243
122 246
102 247
274 247
450 247
140 248
287 248
192 250
366 250
463 250
312 252
303 253
382 253
471 253
20 254
94 254
151 254
330 254
479 254
112 255
320 255
394 257
285 258
342 258
88 259
443 259
126 261
39 262
107 264
371 264
142 265
455 265
157 267
190 267
418 267
30 268
385 268
463 269
134 271
214 272
95 273
291 273
475 273
48 274
282 274
397 274
114 275
303 276
441 276
374 277
18 278
314 278
147 279
411 280
327 281
67 282
229 282
452 282
388 283
125 284
38 285
158 285
364 285
139 287
259 287
283 287
427 287
60 288
350 288
461 288
6 289
272 289
54 290
80 290
373 290
319 292
474 292
239 293
118 294
359 294
94 295
150 295
324 295
23 296
329 296
131 298
182 298
339 298
367 298
71 299
459 299
392 300
44 301
266 301
280 301
308 301
146 302
258 302
299 302
447 302
17 303
347 303
467 303
248 304
12 305
64 305
473 305
377 306
105 308
124 308
456 308
434 309
282 310
57 311
269 311
335 311
30 312
209 312
365 313
136 314
152 315
390 315
444 315
319 316
370 316
77 317
250 317
346 317
21 318
203 318
260 318
468 318
327 320
150 321
478 322
198 324
273 324
452 324
95 325
433 325
132 326
161 326
176 326
278 326
234 327
464 328
111 329
144 329
88 330
193 331
35 333
253 333
405 333
3 334
127 334
474 334
226 335
345 335
82 336
321 336
450 336
172 338
105 339
154 339
138 340
265 340
391 340
459 340
79 341
119 341
189 341
429 341
24 342
231 342
225 343
271 343
99 345
466 345
257 346
446 346
400 347
414 348
475 349
114 350
248 350
452 350
15 351
94 351
155 352
342 353
128 354
170 354
184 354
460 356
5 357
34 357
141 357
265 357
272 357
327 357
479 357
106 359
261 360
466 361
140 362
446 362
82 364
170 364
211 364
238 364
417 364
46 365
123 365
154 365
23 366
194 367
271 367
470 367
452 368
348 369
289 371
137 372
370 373
454 373
11 374
77 375
56 376
34 377
287 377
7 378
460 378
173 379
183 379
262 379
443 379
479 379
155 380
207 380
51 381
73 381
132 381
91 384
189 384
301 384
379 385
69 386
198 387
448 387
466 387
41 390
122 390
163 391
349 391
412 391
14 393
450 393
472 393
34 395
58 396
80 396
176 396
305 398
146 400
193 400
200 400
344 400
73 401
263 401
419 401
207 402
282 402
478 402
458 403
3 404
438 405
22 406
159 406
167 407
231 407
293 407
408 407
87 408
128 408
274 408
174 409
16 410
449 410
465 410
36 411
206 411
287 411
422 411
50 413
189 413
260 414
439 414
104 415
279 415
314 415
7 416
41 416
233 416
407 417
28 418
148 418
221 419
259 420
250 421
159 422
207 422
215 422
321 422
424 422
472 422
172 423
92 424
199 424
58 425
185 425
438 425
18 426
127 426
243 426
13 428
112 428
407 428
457 428
230 429
310 430
7 431
294 431
40 432
137 432
148 432
263 433
422 433
74 434
445 435
210 436
161 437
308 437
101 438
175 438
185 438
193 438
251 438
282 438
31 440
468 441
116 442
239 442
360 442
333 444
44 445
266 445
421 445
317 446
351 446
223 447
203 449
255 450
451 451
460 451
75 452
278 452
86 453
190 453
240 453
325 454
413 454
65 455
436 455
55 456
271 456
48 457
467 457
39 459
137 459
227 459
261 459
27 460
433 460
409 461
474 461
216 462
18 463
205 463
449 463
429 464
6 465
190 466
244 466
63 467
308 467
358 467
74 468
402 468
443 469
52 470
234 470
422 470
116 472
268 472
415 473
455 473
469 473
210 475
220 476
24 477
256 477
14 478
169 478
190 478
413 478
201 479
249 479
280 479
431 479
461 480
333 481
7 482
447 484
95 485
106 486
231 487
117 488
292 489
370 489
16 490
170 490
219 490
476 490
38 491
52 491
193 491
340 491
394 491
207 492
182 493
463 493
362 495
214 498
232 498
304 498
446 498
329 499
155 501
162 501
352 501
379 501
262 502
132 504
177 504
468 504
22 505
189 505
372 505
423 505
36 506
199 506
239 506
392 506
30 508
67 509
228 509
332 509
303 511
361 511
161 512
440 512
458 512
476 512
266 513
185 514
397 514
254 515
321 515
346 515
116 516
192 518
226 519
378 519
139 520
207 520
338 520
369 520
413 521
147 522
39 523
153 523
301 523
461 523
52 524
64 524
450 524
73 525
403 525
445 525
180 526
432 527
268 528
188 529
338 529
422 529
89 530
281 530
131 534
138 534
143 534
151 534
467 536
414 538
424 538
432 538
439 538
450 538
32 540
251 540
45 541
73 541
171 541
261 541
274 541
402 541
57 542
316 547
475 547
466 548
351 549
457 549
131 550
145 550
277 551
411 551
439 551
448 551
242 552
424 552
158 553
256 553
189 554
267 554
181 555
41 557
470 557
58 558
75 559
86 559
454 559
366 560
109 561
342 561
103 562
123 563
138 563
294 563
325 563
157 564
264 564
280 564
310 564
197 565
206 565
231 565
250 566
217 567
434 567
422 568
447 568
372 569
464 569
272 574
295 574
337 574
48 575
69 575
123 575
80 576
110 576
349 576
330 577
136 579
211 580
219 580
471 581
227 582
238 582
428 582
255 583
375 583
441 583
454 583
264 584
272 586
285 587
70 589
85 591
105 592
119 592
326 592
129 593
185 593
203 595
402 595
175 596
220 596
463 596
381 597
417 597
434 597
244 598
452 598
261 599
278 603
298 603
85 605
98 605
330 605
128 607
373 607
114 608
347 608
152 609
386 609
161 610
419 610
186 611
220 611
233 611
195 612
208 612
245 612
410 612
267 615
277 618
285 619
301 620
313 621
350 621
338 622
146 623
375 623
137 624
216 624
231 624
238 624
169 625
186 627
260 627
273 630
204 634
233 636
357 636
302 637
317 639
