223 69
139 74
270 74
285 75
202 76
187 78
124 81
172 83
241 85
152 88
224 89
289 89
320 90
272 91
306 91
207 93
255 94
136 96
188 98
173 102
340 102
86 103
228 103
264 104
304 104
124 105
318 105
284 106
79 110
154 110
209 112
241 112
108 113
354 113
68 116
196 116
270 116
332 116
141 117
260 117
315 117
96 118
230 118
307 119
186 120
193 121
296 121
127 122
219 122
240 122
294 123
58 124
163 125
317 125
174 126
191 126
84 127
219 127
319 127
115 128
277 128
218 129
222 129
347 129
169 130
326 130
374 130
289 131
79 132
160 132
168 132
198 133
243 133
258 133
314 133
52 134
313 134
185 135
190 135
301 135
97 137
130 137
203 138
229 138
231 138
292 138
180 139
272 139
284 140
305 140
206 141
302 141
43 142
147 142
174 142
227 142
177 143
213 143
223 143
256 144
301 144
320 144
340 144
175 145
223 145
355 145
378 145
114 146
237 146
247 146
323 146
368 146
81 147
307 148
397 148
217 150
232 150
287 150
306 150
409 150
195 151
283 151
314 151
103 152
160 152
190 152
197 152
31 153
66 153
187 154
219 155
345 155
269 156
338 156
124 157
357 157
94 158
177 158
209 158
212 158
233 158
321 158
20 159
146 160
198 160
246 160
136 161
335 161
54 162
247 162
350 162
344 163
379 163
401 163
140 164
234 164
296 164
305 164
112 165
192 165
81 166
282 166
322 166
358 166
59 167
327 167
342 167
147 168
220 168
242 168
270 168
422 169
8 170
157 170
159 170
351 170
157 171
343 171
73 172
100 172
268 172
273 172
122 173
208 173
254 173
261 173
361 173
324 174
435 174
39 175
41 175
177 175
375 175
125 176
240 176
278 176
321 176
141 177
145 177
120 178
328 178
350 178
395 178
295 179
316 179
334 179
338 179
64 180
190 180
332 180
405 180
65 181
142 181
284 181
360 181
419 181
72 182
229 182
251 182
89 183
149 183
255 183
333 183
357 183
242 184
246 184
268 184
132 185
159 185
256 185
269 185
140 186
143 186
252 186
112 187
135 187
147 187
26 188
53 188
208 188
254 188
279 188
354 188
368 188
62 189
150 189
177 189
138 190
250 190
323 190
384 190
272 191
310 191
146 192
232 192
241 192
331 192
343 192
448 192
80 193
289 193
397 193
104 194
121 194
193 194
352 194
249 195
409 195
165 196
258 196
262 196
269 196
48 197
50 197
140 197
340 197
54 198
214 198
279 198
424 198
49 199
78 199
123 199
149 199
246 199
122 200
125 200
349 200
69 201
160 201
373 201
97 202
61 203
131 204
141 204
150 204
176 204
287 204
298 204
313 204
440 204
44 205
227 205
56 206
70 206
198 206
329 206
63 207
132 207
169 207
172 207
179 207
269 207
392 207
7 208
254 209
345 209
357 210
411 210
459 210
31 211
131 211
55 212
368 212
205 213
239 213
135 215
428 215
56 216
59 216
131 216
198 216
19 217
143 218
292 218
305 218
387 218
73 219
178 219
222 219
279 219
323 219
92 220
128 220
191 220
44 221
121 221
263 221
187 222
350 222
444 222
41 223
151 223
198 223
337 223
154 224
247 224
50 225
64 225
204 225
411 225
62 226
135 226
150 226
200 226
49 227
105 227
128 227
137 227
139 227
180 227
191 227
151 228
154 228
197 228
231 228
130 229
464 229
129 230
168 230
31 231
76 231
79 231
150 231
195 231
284 231
300 231
377 231
432 231
78 232
170 232
218 232
274 232
390 232
5 233
195 233
311 233
44 234
97 234
193 234
147 235
178 235
250 235
323 235
338 236
156 237
190 237
445 237
47 238
50 238
159 238
352 238
41 239
65 239
127 239
137 239
233 239
411 239
72 240
116 240
373 240
152 241
171 241
22 242
70 242
94 242
74 243
85 243
297 243
58 244
188 244
264 244
279 244
423 244
80 245
129 245
49 246
52 246
86 246
107 246
207 246
249 246
314 246
465 246
12 247
69 247
95 247
387 247
39 248
111 248
327 248
435 248
71 249
142 249
162 249
346 249
396 249
358 250
108 251
201 251
57 252
104 252
111 252
121 252
475 252
90 253
178 253
216 254
264 254
292 254
194 255
252 255
273 255
283 255
306 255
368 255
409 255
55 256
320 256
450 256
70 257
134 257
170 258
333 258
70 259
82 259
3 260
84 260
149 260
206 260
425 260
120 261
26 262
48 262
232 262
347 262
381 262
95 263
97 263
183 263
65 265
79 265
124 265
393 265
82 266
111 266
300 266
435 266
465 266
222 267
285 267
41 269
109 269
157 269
175 269
275 269
317 269
366 269
42 270
62 270
72 270
77 270
137 270
11 271
194 271
214 271
35 272
329 272
406 272
242 273
234 274
84 275
89 275
341 275
150 276
165 276
53 277
115 277
116 277
288 277
380 277
103 278
202 278
226 278
307 278
451 278
5 279
299 279
351 279
423 279
70 280
180 281
216 281
222 281
273 281
97 282
128 282
142 282
203 282
287 282
319 282
63 283
130 283
235 283
255 283
263 283
394 283
239 284
431 284
460 284
144 285
193 285
264 285
267 285
327 285
350 285
363 285
245 286
20 287
42 287
125 287
157 287
206 287
109 288
139 288
158 288
235 288
312 288
315 288
405 288
76 289
208 289
273 289
333 289
335 289
338 289
353 289
66 290
306 290
439 290
466 290
158 291
352 291
359 291
376 291
302 292
319 292
138 293
156 293
166 293
222 293
228 293
267 293
89 294
145 294
149 294
337 294
60 295
200 295
307 295
414 295
102 296
327 296
180 297
211 297
255 297
318 297
385 297
444 297
245 298
256 298
261 298
355 298
43 299
269 299
298 299
328 299
350 299
35 300
130 300
192 300
214 300
246 300
338 300
340 300
8 301
62 301
69 301
216 301
250 301
152 302
243 302
284 302
296 302
355 302
396 302
426 302
63 303
82 303
113 303
149 303
174 303
214 303
220 303
236 303
125 304
158 304
244 304
344 304
370 304
216 305
305 305
307 305
307 306
459 306
240 307
96 308
26 309
61 309
134 309
141 309
337 309
139 310
207 310
217 310
73 311
80 311
122 311
408 311
466 311
189 312
332 312
106 313
151 313
287 313
316 313
381 313
434 313
42 314
169 314
260 314
352 314
357 314
132 315
208 315
415 315
260 316
295 316
149 317
207 317
209 317
249 317
357 317
471 317
50 318
240 318
274 318
282 318
90 319
148 319
184 319
264 319
446 319
42 320
165 320
289 320
367 320
16 321
230 321
346 321
394 321
130 322
305 322
423 322
43 323
55 323
477 323
78 324
199 324
221 325
286 325
71 326
101 326
71 327
353 327
375 327
31 328
178 328
214 328
316 328
337 328
159 329
458 329
214 330
295 330
407 330
434 330
84 331
141 331
46 332
110 332
244 332
192 333
228 333
257 333
265 333
46 334
8 335
43 335
174 335
96 336
207 336
234 336
346 336
124 337
328 337
65 338
277 338
389 338
442 338
67 339
219 339
367 339
417 339
52 340
23 341
153 341
224 341
42 342
167 343
212 343
288 343
474 343
107 344
218 344
228 344
42 345
59 345
197 345
219 345
220 345
77 346
235 346
373 346
460 346
62 347
217 347
266 347
357 347
91 348
181 348
238 348
251 348
403 348
420 348
21 349
135 349
309 349
59 350
121 350
228 350
322 350
61 351
163 351
238 351
277 351
465 351
214 352
295 352
193 353
344 353
390 353
207 354
450 354
44 356
145 356
240 356
379 356
41 357
105 357
63 358
74 358
285 358
364 358
14 359
55 359
177 359
227 359
51 360
116 360
236 360
298 360
318 360
399 360
431 360
130 361
150 361
161 361
192 361
291 361
352 361
360 361
373 361
34 362
244 362
277 362
298 362
369 362
474 362
81 363
86 363
138 363
140 363
188 363
189 363
204 363
321 363
394 363
400 363
416 363
115 364
192 364
265 364
103 365
254 365
303 365
305 365
402 365
142 366
164 366
85 367
112 367
143 367
192 367
244 367
302 367
358 367
363 367
382 367
399 367
405 367
274 368
366 368
374 368
376 368
397 368
427 368
88 369
137 369
162 369
439 369
52 370
143 370
217 370
356 370
359 370
460 371
128 372
199 372
237 372
301 372
307 372
308 372
325 372
372 372
124 373
157 373
299 373
358 373
392 373
6 374
187 374
275 374
290 374
335 374
27 375
118 375
137 375
173 375
197 375
355 375
439 375
69 376
134 376
306 376
359 376
419 376
435 376
193 377
211 377
276 377
428 377
82 378
98 378
140 378
169 378
178 378
257 378
269 378
349 378
114 379
126 379
193 379
362 379
467 379
103 380
229 380
296 380
312 380
396 380
410 380
99 381
158 381
258 381
287 381
344 381
245 382
265 382
289 382
330 382
367 382
438 382
105 383
244 383
380 383
393 383
414 383
422 383
432 383
153 384
171 384
389 384
64 385
112 385
252 385
298 385
323 385
453 385
80 386
140 386
149 386
267 386
474 386
136 387
186 387
357 387
22 388
45 388
146 388
257 388
300 388
349 388
391 388
239 389
368 389
96 390
114 390
125 390
157 390
224 390
344 390
436 390
141 391
205 391
299 391
384 391
271 392
317 392
383 392
419 392
128 393
137 393
307 393
153 394
168 394
279 394
286 394
147 395
153 395
251 395
393 395
462 395
97 396
138 396
193 396
256 396
299 396
371 396
373 396
429 396
93 397
189 397
263 397
274 397
297 397
338 397
420 397
108 398
250 398
324 398
335 398
358 398
369 398
383 398
397 398
79 399
123 399
130 399
193 399
254 399
440 399
16 400
40 400
171 400
336 400
444 400
372 401
391 401
423 401
288 402
60 403
220 403
376 403
205 404
269 405
302 405
470 405
361 406
412 406
153 407
236 407
321 407
121 408
339 408
351 408
9 409
371 409
377 409
428 409
450 409
392 410
39 411
77 411
134 411
250 411
397 411
22 412
189 412
284 412
399 413
153 414
56 415
107 415
320 415
394 415
92 416
221 416
172 417
300 417
435 418
209 419
262 419
344 419
357 419
383 419
120 420
376 420
18 421
238 421
403 421
420 421
467 422
137 423
193 423
333 423
376 424
34 425
151 425
297 425
321 425
371 425
104 426
278 426
387 426
52 427
171 427
230 428
260 428
382 428
439 428
71 429
310 429
361 430
390 430
195 431
216 431
367 431
399 431
456 431
346 432
374 432
90 434
253 434
334 434
153 435
120 436
292 436
307 436
320 436
408 436
33 437
173 437
272 437
477 437
12 438
393 438
428 438
51 439
106 439
225 439
242 439
444 439
137 440
198 440
387 440
460 440
362 441
379 443
307 444
411 444
34 446
267 446
347 446
407 446
157 447
266 447
412 447
424 447
409 448
62 449
105 449
288 449
48 450
214 450
267 450
75 451
141 451
249 451
253 451
265 451
304 451
321 451
332 451
121 452
247 452
259 452
397 452
431 452
33 453
255 453
256 453
436 454
194 455
245 455
380 455
450 455
90 456
257 456
348 456
408 456
228 457
365 457
403 457
469 457
270 458
160 459
281 460
300 460
415 460
428 460
19 461
127 461
144 461
318 461
5 462
49 462
74 462
179 462
201 462
279 462
407 462
34 463
251 463
434 463
435 463
109 464
332 464
383 464
90 465
400 465
406 465
166 467
350 467
244 468
315 468
419 468
476 468
211 469
271 469
438 469
45 471
222 471
278 471
456 471
60 472
146 473
106 474
232 474
298 474
327 474
364 474
249 475
253 475
312 475
346 475
426 476
32 477
434 477
74 478
197 478
153 479
248 479
440 479
16 480
45 480
406 480
174 481
288 481
315 481
324 481
90 482
244 482
273 482
294 482
135 483
187 483
195 483
423 483
462 483
76 484
109 484
385 484
307 485
283 486
291 486
299 486
344 486
364 487
30 488
160 488
299 488
310 488
60 489
223 489
314 489
184 490
425 490
124 491
207 491
468 491
162 492
256 492
280 492
45 493
223 493
274 493
447 493
235 494
307 494
14 495
94 495
252 495
203 496
292 496
112 497
148 497
301 497
317 497
359 497
406 497
76 498
216 498
275 498
295 498
339 498
197 499
242 499
266 499
285 499
165 500
190 500
201 500
270 500
30 501
214 501
317 501
275 502
304 502
433 502
45 503
61 503
131 503
175 503
202 503
233 503
240 503
195 504
310 504
336 504
153 505
165 505
300 505
357 505
206 506
240 506
261 506
312 506
474 506
12 507
225 507
290 507
375 507
455 507
116 508
405 508
420 508
99 509
309 509
302 510
309 510
388 510
187 511
246 511
257 511
328 511
29 512
162 512
268 512
276 512
81 513
140 513
176 513
185 513
302 513
193 514
273 514
280 514
288 514
47 515
65 515
271 515
165 516
182 516
224 516
236 516
280 516
246 517
175 518
193 518
271 518
283 518
304 518
370 518
424 518
440 518
126 520
170 520
177 520
246 520
288 520
311 520
11 521
67 521
203 521
412 521
463 521
149 522
350 522
327 523
259 524
383 524
28 525
180 525
118 526
126 526
159 526
68 527
104 527
295 527
443 527
141 528
227 528
414 528
430 528
57 529
156 529
244 529
366 529
345 530
127 531
145 531
160 531
427 531
470 531
53 532
137 532
399 532
49 533
89 533
188 533
144 534
437 534
78 535
159 535
285 535
313 535
30 536
144 536
156 536
166 536
126 537
206 537
6 538
48 538
73 538
146 538
269 538
277 538
222 539
433 539
113 540
124 540
334 540
395 540
447 540
237 541
372 541
418 542
425 542
54 543
95 543
149 543
178 543
252 543
128 544
303 544
417 544
423 544
153 545
437 545
479 545
31 546
54 546
134 546
266 546
390 546
464 546
56 547
72 547
326 548
346 548
403 548
45 549
58 549
77 549
79 549
135 549
188 549
295 549
362 549
136 551
199 551
41 552
70 552
119 552
141 552
156 552
214 552
425 552
432 552
158 553
288 553
405 553
63 554
103 554
316 554
385 554
410 554
405 555
35 556
58 556
79 556
157 556
168 556
279 556
1 557
60 558
79 558
125 558
413 558
87 559
150 559
242 559
48 560
354 560
406 560
414 560
258 561
331 561
209 562
388 562
15 563
121 563
245 563
266 563
275 563
452 563
40 564
125 564
141 564
156 564
201 564
207 564
212 564
391 564
410 564
473 564
66 565
182 565
233 565
135 566
299 566
115 567
255 567
345 567
395 567
403 567
226 568
393 568
191 569
222 569
232 569
237 569
362 569
372 569
253 570
432 570
97 571
269 571
317 571
21 572
47 573
458 573
171 574
209 574
278 574
286 574
387 574
396 574
148 575
203 575
379 575
75 576
211 576
226 576
363 576
373 576
271 577
127 578
217 578
220 578
335 578
127 579
152 579
272 579
304 579
221 580
239 580
143 581
145 581
255 581
384 581
424 581
470 581
82 582
262 582
377 582
54 583
109 583
157 583
445 583
28 584
190 584
235 584
238 584
350 584
372 585
130 586
250 586
146 587
245 587
272 587
291 587
321 587
206 588
374 588
89 589
121 589
170 589
207 589
219 589
246 589
261 589
270 589
141 590
237 590
374 590
408 590
252 591
65 592
118 592
210 592
279 592
35 593
244 593
338 593
14 594
154 594
139 595
182 595
226 595
302 595
361 595
445 595
203 596
248 596
369 596
461 596
101 597
200 597
232 597
398 597
156 598
213 598
216 598
266 598
331 598
251 599
46 600
242 600
258 600
358 600
368 600
78 601
236 601
428 601
192 602
320 602
284 603
135 604
174 605
114 606
382 606
308 608
346 608
60 609
414 609
88 610
208 611
150 612
294 612
225 613
189 614
333 614
364 614
132 616
243 616
282 616
400 616
438 616
451 616
104 617
167 617
264 617
73 618
219 620
320 620
354 621
427 622
181 624
304 624
290 626
375 626
89 627
154 627
276 627
345 627
60 628
121 628
412 629
204 630
363 630
239 631
256 631
169 633
220 633
404 633
327 634
105 635
74 636
136 636
355 636
146 638
187 638
389 638
316 639
