191 76
281 76
109 77
226 78
274 78
142 79
263 83
174 85
316 85
207 88
303 89
246 90
365 90
88 92
124 94
290 94
151 96
342 96
194 97
278 98
328 98
265 99
258 100
77 101
113 101
228 101
314 104
176 105
377 105
138 106
394 106
207 107
100 108
301 108
358 110
60 111
164 112
236 112
344 112
89 113
128 113
274 113
327 116
50 117
118 117
223 118
370 118
152 119
130 121
152 121
187 121
255 121
304 121
42 124
102 124
127 124
241 124
289 124
412 124
69 125
207 125
139 126
211 126
395 126
404 126
279 127
285 127
95 128
140 128
240 128
360 128
378 128
172 129
316 130
90 131
115 131
291 131
327 131
31 132
196 132
343 132
126 133
161 134
265 134
147 135
314 135
268 136
157 138
300 138
20 140
114 140
183 140
242 140
314 140
245 141
442 141
47 142
413 142
424 142
73 143
142 143
391 143
402 143
368 144
106 145
202 145
347 146
38 147
278 147
169 148
229 148
331 149
94 151
322 151
206 152
312 152
30 153
61 153
233 153
254 153
111 155
188 155
191 155
291 155
213 156
123 157
299 157
398 157
358 158
445 158
119 159
152 159
239 159
289 159
373 159
386 159
411 159
426 159
94 160
277 160
47 161
127 161
177 161
340 161
80 162
304 162
250 163
280 163
325 163
335 164
210 165
223 165
259 165
278 165
36 166
71 166
107 166
308 166
146 167
353 167
248 168
394 168
440 168
133 169
167 169
295 169
390 169
406 169
416 169
205 170
282 170
365 170
369 170
405 170
430 171
93 172
43 173
340 174
465 174
63 175
93 175
234 175
280 175
445 175
20 176
103 176
221 176
476 176
100 177
185 177
276 177
327 177
186 178
266 178
122 179
316 179
389 179
410 179
38 180
85 180
122 180
149 180
218 180
369 180
305 182
355 182
227 183
426 183
51 184
174 184
209 185
242 185
249 185
443 185
82 186
112 186
292 186
345 186
91 187
336 187
2 188
197 188
362 188
438 188
134 189
274 189
300 189
303 189
460 189
97 190
161 190
195 190
234 190
47 191
149 191
234 191
322 191
398 192
384 193
478 193
20 194
364 194
217 195
255 195
306 195
353 195
416 195
180 196
245 196
413 196
67 197
96 197
193 197
252 197
378 197
169 198
342 198
106 199
436 199
147 200
429 200
236 202
287 202
394 202
398 202
454 202
336 203
391 203
409 203
31 204
199 204
5 205
115 205
296 205
375 205
322 206
55 207
81 207
360 207
377 207
393 207
474 207
157 208
179 208
263 208
130 209
309 209
346 209
110 210
155 210
187 210
298 210
412 210
215 211
288 211
85 212
245 212
41 213
430 213
54 214
174 214
329 214
446 214
69 217
141 217
163 217
229 217
236 217
48 218
270 218
271 218
460 218
12 219
99 219
197 219
311 219
388 219
476 220
132 221
256 221
373 221
387 221
397 221
356 223
408 223
157 224
211 224
297 224
420 224
58 225
341 225
31 226
90 226
121 226
242 226
329 226
433 226
89 227
283 227
27 229
90 229
178 229
197 230
229 231
317 231
418 231
453 231
465 231
77 232
115 232
143 232
270 232
304 232
48 234
148 234
207 234
369 234
392 234
20 235
299 235
378 235
478 235
72 236
371 236
412 236
105 237
213 237
281 237
359 237
182 238
206 238
245 238
347 238
428 238
282 239
333 239
260 241
400 241
442 241
7 242
127 243
267 243
317 243
452 244
197 245
379 245
33 246
95 246
151 246
299 246
363 246
225 247
257 247
390 247
410 247
468 247
169 248
369 248
265 249
59 250
186 250
89 251
147 251
185 251
283 251
349 251
218 252
436 252
248 253
53 254
111 254
328 254
335 255
57 256
132 257
205 257
391 257
398 257
174 258
313 258
339 258
376 258
403 258
461 258
20 259
379 259
410 259
437 259
181 260
233 260
265 260
421 260
46 261
129 261
321 261
409 261
124 262
369 262
476 262
147 263
156 263
389 263
442 263
147 264
359 264
68 266
92 266
222 266
254 266
339 266
352 266
7 267
192 267
165 268
283 268
324 268
420 268
330 269
380 269
388 269
34 270
158 270
175 270
402 270
60 271
113 271
185 271
213 271
420 271
438 271
327 272
318 273
130 274
179 275
235 275
270 275
458 275
77 276
151 276
241 276
306 276
396 276
465 276
57 277
65 277
233 277
265 278
474 278
80 279
337 279
374 279
155 280
293 280
328 280
402 280
24 281
199 281
223 281
369 281
51 282
171 282
360 282
383 282
98 283
333 283
391 283
420 283
282 284
340 284
92 285
143 285
251 285
289 285
434 285
189 286
323 286
450 286
46 287
272 287
116 288
160 288
219 288
395 288
71 289
7 290
89 290
111 290
239 290
308 290
134 291
467 291
39 292
88 292
127 292
182 292
273 293
371 293
395 293
210 294
256 294
366 294
382 294
258 295
423 295
4 296
288 296
320 296
350 296
59 298
78 298
103 298
126 298
147 298
188 298
267 298
343 298
133 299
333 299
338 299
441 299
32 300
173 300
229 300
256 300
322 300
80 301
147 301
242 301
195 302
273 302
263 303
265 303
456 303
467 303
150 304
399 304
397 305
301 306
308 306
380 306
409 306
477 306
111 307
176 307
220 307
295 307
17 308
287 308
366 308
406 308
426 308
115 309
194 309
284 309
356 309
247 310
319 310
429 310
445 310
46 311
94 311
134 311
137 311
159 311
184 311
258 311
339 311
86 312
173 312
310 313
456 313
42 314
209 314
234 314
381 314
10 315
119 315
236 315
266 315
269 315
386 315
102 316
114 316
377 316
400 316
67 317
77 317
184 317
298 317
468 317
6 318
178 318
327 318
259 319
260 319
419 319
99 320
286 320
69 321
200 321
226 321
432 321
215 322
226 322
381 322
32 323
231 323
247 323
360 323
376 323
61 324
122 324
151 324
186 324
346 324
146 325
217 325
307 325
353 325
445 325
60 326
94 326
189 326
339 326
399 326
462 328
165 329
341 329
362 329
411 329
84 331
138 331
232 331
292 331
425 331
23 332
182 332
258 332
329 332
406 332
478 332
206 333
320 333
18 334
185 334
218 334
383 334
179 335
357 335
366 335
202 336
227 336
383 336
409 336
113 337
138 337
158 337
282 337
308 337
309 337
319 337
397 337
451 338
75 339
323 339
246 340
274 340
164 341
218 341
413 341
174 342
194 342
327 343
425 343
467 343
43 344
70 344
92 344
266 344
387 344
6 345
298 346
439 346
152 347
172 347
478 347
208 348
367 348
382 348
127 349
232 349
35 350
258 350
357 350
400 350
436 350
457 350
286 351
75 352
351 352
410 352
182 353
288 353
336 353
55 354
83 354
148 354
327 354
421 354
176 355
226 355
58 356
173 356
431 356
119 357
321 357
400 357
470 357
444 359
23 360
46 360
96 360
195 360
248 360
479 360
58 361
164 361
218 361
274 361
388 361
392 361
418 361
204 362
309 362
357 362
383 362
76 363
369 363
400 363
238 365
344 365
381 365
135 366
264 366
300 366
350 366
416 366
459 366
327 367
108 368
270 368
429 368
182 369
383 369
14 370
46 370
66 370
157 370
206 370
207 370
289 370
438 371
472 371
86 372
180 374
256 374
367 374
8 375
353 375
385 375
398 375
425 375
126 376
177 376
227 376
283 376
454 376
40 377
167 377
342 377
421 377
60 378
79 378
155 378
253 378
270 378
407 378
199 379
102 380
147 380
314 380
316 380
331 380
461 380
191 381
386 381
432 381
276 382
289 382
413 382
219 383
246 384
299 384
476 384
120 385
305 385
65 386
406 386
443 386
166 387
368 387
423 387
437 387
158 388
242 388
360 388
189 389
231 389
269 389
388 389
289 390
297 390
349 390
28 391
89 391
317 391
455 391
62 392
137 392
237 392
252 392
405 392
152 393
161 393
299 393
55 394
112 394
211 394
323 394
236 395
293 395
332 395
478 395
157 396
225 396
278 397
225 398
323 398
442 398
466 398
16 399
259 399
273 399
385 399
420 399
133 400
235 400
247 400
205 401
47 402
76 402
156 402
347 402
361 402
373 402
428 402
431 402
81 403
179 403
384 403
133 404
314 404
454 404
149 405
200 405
281 405
395 405
476 405
101 406
346 406
226 407
248 407
434 407
126 408
330 408
404 408
272 409
307 409
429 409
37 410
91 410
65 411
279 411
466 411
151 412
352 412
446 412
85 413
122 413
378 413
417 413
433 413
144 414
166 414
271 414
285 414
93 415
298 415
332 415
365 415
217 416
354 416
451 416
60 417
191 417
283 417
119 418
241 418
265 418
413 418
83 419
162 419
279 419
340 419
378 419
390 419
423 419
439 419
25 420
140 420
383 421
117 423
328 423
98 424
208 424
233 424
244 424
289 425
398 425
48 426
159 426
183 426
257 426
319 426
409 426
14 427
151 427
448 427
72 428
434 428
313 429
469 429
109 430
313 430
416 430
84 431
202 432
227 432
280 432
368 433
110 434
129 434
151 434
254 434
457 434
41 435
175 435
186 435
193 435
358 435
377 435
177 436
345 436
349 436
383 436
63 438
280 438
329 438
303 439
390 439
443 439
82 440
273 440
338 440
32 441
146 441
219 441
246 441
249 441
400 442
58 443
102 443
168 443
323 443
242 444
299 444
465 444
287 445
120 446
294 446
296 446
449 447
122 448
240 448
329 448
432 448
190 449
283 449
287 449
211 450
293 450
364 450
413 451
470 451
48 452
109 452
139 452
159 452
264 452
18 453
180 453
315 453
382 453
71 454
233 454
284 454
290 454
355 454
402 454
186 455
288 455
330 455
369 455
391 455
392 456
251 457
267 457
343 457
455 457
194 458
205 458
257 458
421 458
110 459
179 459
263 459
406 459
88 460
228 460
243 460
188 461
313 461
341 461
432 461
443 461
241 462
399 462
253 463
262 463
402 463
62 464
127 464
149 464
282 464
307 464
368 464
477 464
33 465
155 465
362 465
170 466
267 466
430 466
464 466
429 467
87 468
194 469
406 469
448 469
218 470
274 470
53 471
74 471
86 471
381 471
430 471
81 472
170 472
332 472
349 472
373 472
346 473
119 474
242 474
279 474
357 474
388 474
435 474
93 475
128 475
140 475
16 476
162 476
188 476
321 476
356 476
389 476
43 477
110 477
346 477
371 477
454 477
238 479
417 479
88 480
138 480
111 481
268 481
326 481
378 481
391 482
473 482
274 483
29 484
234 484
206 485
334 485
346 485
359 485
180 486
397 486
131 487
291 488
67 489
150 489
241 489
314 489
367 489
394 489
62 490
101 490
343 490
226 491
66 493
362 493
418 493
56 494
130 494
379 494
465 494
121 495
195 495
170 496
92 497
337 497
435 497
451 497
144 498
279 498
354 498
76 499
193 499
244 499
308 499
38 500
217 500
258 500
142 501
351 501
18 502
165 502
243 502
302 502
359 502
333 503
375 503
6 504
82 504
137 504
243 504
110 505
165 506
263 506
450 506
270 507
415 507
434 507
298 508
156 509
209 509
269 509
373 509
154 510
182 510
350 510
373 510
468 510
64 512
394 512
346 513
80 514
124 514
263 514
371 514
333 515
99 516
230 516
48 517
289 517
319 517
413 517
200 518
345 518
34 519
173 519
325 519
258 520
367 520
315 521
434 521
89 522
247 522
19 523
123 523
139 523
283 524
311 524
387 526
415 526
216 527
219 527
157 528
181 528
187 528
228 528
329 529
348 529
361 529
431 529
118 530
244 530
274 530
71 531
469 531
318 532
383 532
402 532
420 532
126 533
161 533
211 533
287 533
302 533
335 533
352 533
414 533
357 534
138 535
214 535
450 535
54 536
92 536
254 536
283 536
407 536
101 537
161 538
41 539
141 539
171 539
233 539
349 539
355 539
28 540
203 540
12 541
262 541
378 541
379 541
435 541
427 542
297 543
350 543
85 544
201 544
290 544
447 545
227 546
275 546
320 546
124 547
467 547
191 548
424 548
161 550
110 551
154 551
315 551
369 551
71 552
282 552
308 552
391 552
403 552
445 552
66 553
251 553
108 554
182 554
342 554
214 555
438 555
158 556
250 556
54 557
234 557
339 557
91 558
141 558
294 559
363 559
18 560
34 560
172 560
304 560
418 560
383 561
460 561
202 562
235 562
270 562
286 562
383 562
476 562
141 565
211 565
298 565
329 565
120 566
312 566
356 566
437 566
400 567
210 568
283 568
45 570
155 570
261 570
348 570
322 571
378 571
454 571
68 572
190 572
391 572
472 572
93 573
222 573
285 573
290 573
369 573
387 573
429 574
71 575
317 575
406 575
57 576
359 576
47 577
137 577
177 577
17 578
28 578
150 578
405 578
246 579
346 579
426 579
449 579
469 579
6 580
316 580
366 580
121 582
211 582
306 582
168 583
212 583
236 584
317 584
399 584
271 585
331 585
390 585
110 586
146 586
234 587
287 587
325 587
419 587
150 588
199 588
433 588
299 589
376 589
462 589
96 590
193 590
368 590
223 591
334 591
358 591
478 592
78 593
257 593
308 593
391 593
438 593
238 594
281 594
60 595
185 595
291 595
305 595
40 596
133 596
228 596
15 597
130 597
239 597
410 597
75 598
250 598
421 598
476 598
67 599
77 599
173 599
323 599
454 599
208 600
315 600
351 600
279 601
112 602
158 603
238 603
429 603
473 603
197 606
400 606
449 606
96 607
343 607
307 609
224 610
373 610
77 611
262 611
334 611
14 612
33 612
421 612
57 613
179 613
363 613
328 614
122 615
296 615
440 616
108 617
214 617
165 618
326 619
354 619
386 620
455 620
200 622
243 622
272 624
428 624
148 625
404 626
373 627
189 628
288 628
464 628
91 629
133 629
309 629
18 630
40 630
55 630
76 630
343 630
13 631
67 631
109 631
260 631
177 632
223 632
440 633
301 634
275 636
247 637
472 637
165 638
328 638
389 638
415 638
