279 12
295 12
312 12
328 13
348 13
373 13
362 14
379 16
392 18
412 22
304 26
347 26
284 27
318 27
332 27
435 27
269 28
357 28
242 29
376 29
445 31
393 32
218 35
408 35
254 38
425 39
463 39
242 42
259 42
323 42
339 43
354 43
366 43
302 44
377 44
477 44
229 45
247 45
387 45
442 45
285 46
364 46
256 47
402 47
416 50
458 51
255 52
267 52
217 53
438 56
330 57
205 58
319 58
350 58
195 59
319 59
370 59
233 60
301 60
402 61
285 62
388 62
457 63
222 65
271 67
424 68
273 69
246 70
255 70
289 70
434 70
271 71
207 72
385 72
407 72
443 73
242 74
278 74
324 74
344 74
309 75
354 75
370 75
454 76
294 78
190 79
399 79
470 80
223 82
277 82
291 82
328 82
410 82
345 83
412 83
367 84
424 84
477 84
172 85
378 85
365 86
261 88
438 88
396 89
207 90
248 91
322 91
450 92
328 93
340 94
349 94
195 95
300 95
359 95
460 95
307 96
313 96
229 97
293 97
335 97
376 98
271 99
392 99
474 99
410 100
428 100
184 101
407 101
178 104
216 104
422 104
256 105
436 105
425 107
426 109
455 110
163 111
239 111
365 111
196 112
311 112
333 112
341 112
352 112
377 113
295 114
321 114
394 114
406 115
280 116
360 116
475 116
271 117
289 117
415 117
265 119
423 119
140 120
371 120
412 120
183 121
433 121
161 122
187 122
235 122
325 122
189 124
208 124
246 124
264 124
289 124
355 125
447 125
371 126
166 127
346 127
462 127
233 128
276 129
331 129
373 129
314 130
387 130
400 130
157 131
305 131
418 131
473 131
261 133
432 133
192 134
219 134
249 135
297 135
343 135
245 139
454 139
179 140
277 140
376 141
225 142
130 144
270 144
348 144
364 144
406 144
416 144
467 144
167 145
191 145
221 145
232 145
203 146
313 146
328 146
373 146
431 146
395 147
186 148
222 149
259 149
348 149
440 149
195 150
259 150
300 150
155 151
270 151
188 152
286 153
177 154
206 155
243 155
388 155
456 155
352 156
325 157
375 157
417 157
270 158
404 158
138 159
235 159
310 159
397 159
455 159
298 160
350 160
167 161
472 161
285 162
329 162
193 163
376 163
442 163
123 164
183 164
270 164
287 165
166 166
219 166
246 166
348 169
398 169
313 170
376 170
388 170
437 170
360 171
448 171
166 172
234 172
325 172
340 172
287 173
408 173
466 173
140 174
173 174
203 174
305 174
396 175
254 176
283 178
292 178
342 179
426 179
128 180
199 181
442 181
187 182
190 182
334 182
343 182
357 182
378 182
432 182
238 183
279 183
323 184
402 184
456 184
256 185
274 185
318 185
112 186
146 186
228 186
269 186
381 186
433 186
418 187
222 188
269 188
305 188
261 189
161 190
276 190
353 190
188 191
214 191
345 191
419 191
434 191
471 191
174 192
254 192
270 192
290 194
367 194
377 194
387 194
280 195
166 196
240 196
350 196
251 197
313 197
334 197
124 198
274 198
449 198
158 199
196 199
412 199
228 200
408 201
209 202
282 202
317 202
427 202
182 203
435 203
464 203
195 205
302 205
211 206
218 206
144 207
247 207
364 207
376 207
423 207
393 208
431 208
450 208
351 210
333 211
362 211
409 211
239 212
167 213
274 213
367 213
229 214
421 214
464 214
433 215
435 215
126 216
162 217
262 217
313 217
187 219
249 220
262 220
302 220
425 220
449 220
359 221
373 221
391 221
150 222
379 222
397 222
208 223
212 223
290 223
109 224
344 224
415 224
466 225
163 226
177 226
325 226
171 227
294 227
426 227
431 227
241 228
274 230
426 230
221 231
193 232
244 232
445 232
128 233
313 233
314 234
363 234
402 234
426 234
256 235
259 235
379 235
398 235
399 235
408 235
459 235
159 236
344 237
418 237
179 239
208 239
231 239
262 239
402 239
116 240
181 240
471 240
280 241
428 241
179 242
210 242
207 243
321 243
409 243
433 243
440 243
171 245
315 245
140 246
221 246
243 247
353 247
358 247
368 247
389 247
399 247
330 248
265 249
342 249
430 249
97 250
304 250
410 250
424 250
458 250
207 251
359 251
407 251
126 253
185 253
330 253
158 254
256 254
225 255
305 255
351 255
287 257
322 257
374 257
379 257
439 258
472 258
247 259
319 259
191 260
229 260
359 260
364 260
378 260
144 261
201 261
315 261
390 261
402 261
211 262
214 262
229 262
278 262
344 262
451 262
175 263
350 263
260 264
416 264
108 265
251 265
365 265
256 266
268 266
221 268
283 268
368 268
432 268
463 268
151 269
199 269
215 269
231 269
329 269
434 269
126 270
180 270
292 270
141 271
162 271
175 271
245 271
297 271
353 271
368 271
387 271
256 272
128 273
195 273
348 273
313 274
352 274
280 275
402 275
447 275
216 277
246 277
338 277
155 278
413 278
184 279
309 279
175 280
124 281
146 281
323 281
139 282
268 282
428 282
107 283
427 283
460 283
234 284
355 284
365 284
375 284
166 285
204 285
293 285
388 285
315 286
466 287
350 288
436 288
144 289
151 289
161 289
374 289
131 290
255 290
284 290
195 291
405 291
90 292
217 292
447 292
472 292
232 293
334 293
390 293
327 294
415 294
274 295
155 296
197 296
299 296
116 297
145 297
233 297
323 297
359 298
378 298
392 298
478 298
146 299
149 299
186 299
278 299
422 299
428 300
118 301
226 301
244 301
321 301
314 302
160 303
289 303
351 303
417 303
463 303
261 304
124 305
250 305
268 305
102 306
160 306
195 306
254 306
341 306
225 308
423 308
213 309
305 309
402 309
442 309
344 310
370 310
382 310
470 310
126 311
180 311
334 311
255 312
276 312
367 312
371 312
404 312
145 313
168 314
229 314
249 314
418 314
452 314
87 315
328 315
245 317
324 317
354 317
122 318
272 318
276 318
326 318
333 318
479 319
229 320
288 320
431 320
267 321
414 321
110 322
200 322
379 322
177 323
219 323
341 323
391 323
262 324
461 324
372 325
402 325
131 326
153 326
236 326
316 326
407 326
146 327
231 327
100 328
239 328
277 328
409 328
127 329
256 330
329 330
356 331
92 332
238 332
268 332
384 332
421 332
251 333
288 333
447 333
119 334
164 334
229 334
243 334
471 334
155 335
206 335
220 335
271 335
140 336
184 336
301 338
319 338
379 338
387 338
127 339
245 339
431 339
222 340
338 340
453 340
80 341
107 341
134 341
308 341
366 341
402 341
155 342
219 343
243 343
265 343
157 344
176 344
212 344
102 345
359 345
477 345
195 346
213 346
201 347
392 347
310 348
418 348
390 349
441 349
123 350
259 350
439 350
147 351
462 351
326 352
347 352
371 352
119 353
392 353
90 354
165 354
233 354
371 354
382 354
152 355
339 355
319 357
115 358
222 358
319 358
404 358
429 358
433 358
418 359
367 360
438 360
107 361
180 361
200 361
276 361
334 361
369 361
448 361
209 362
233 362
378 362
468 362
399 363
130 364
204 364
246 365
330 365
210 366
262 366
154 367
293 367
350 367
380 367
390 367
224 368
328 368
123 369
439 370
169 371
324 371
219 372
419 372
223 373
456 373
189 374
238 374
286 374
309 374
473 374
90 375
235 375
258 375
271 375
340 375
362 375
412 375
115 376
142 376
415 376
192 378
236 378
323 378
423 378
145 379
155 379
161 381
378 381
398 381
405 381
301 382
354 382
134 383
250 383
284 383
477 383
337 384
404 384
446 384
461 384
196 385
434 385
213 386
102 387
180 387
350 387
419 387
352 388
428 388
226 390
264 390
364 391
125 392
151 393
209 393
412 393
466 394
172 395
206 395
278 395
312 395
395 395
429 395
243 396
327 396
92 397
188 397
207 397
322 398
380 398
126 399
137 400
319 401
337 401
436 401
221 402
189 403
282 403
335 403
111 404
382 404
412 404
135 405
226 405
256 406
292 406
399 406
430 406
212 407
235 408
418 408
399 409
161 410
196 410
287 410
333 410
179 411
220 411
292 411
318 411
269 413
99 414
441 414
463 414
236 415
293 415
384 415
324 416
366 416
125 417
290 417
349 417
359 417
213 418
263 418
423 418
247 419
141 420
173 420
230 420
281 420
467 420
308 421
326 422
369 423
87 424
266 424
135 425
285 425
386 426
400 427
472 427
149 428
175 428
379 428
446 428
296 429
342 429
107 430
228 430
245 430
270 430
207 431
169 432
187 432
294 432
304 432
368 432
347 433
232 435
263 435
282 436
326 436
123 438
323 438
429 438
303 439
389 439
409 439
143 440
224 440
136 441
302 441
477 442
93 443
193 443
367 443
181 444
162 445
182 445
207 445
310 446
200 447
298 447
306 447
347 448
368 448
109 450
219 450
258 450
279 450
320 450
327 450
303 451
457 451
392 452
138 453
310 453
435 453
124 454
264 454
204 455
239 455
372 455
151 456
276 456
414 456
255 458
99 459
132 459
179 459
204 459
275 459
373 460
201 463
329 463
441 463
142 465
196 466
237 466
286 466
392 466
419 466
160 467
327 467
374 467
397 467
418 467
307 468
114 469
160 469
204 469
217 469
377 469
472 469
157 470
231 470
381 471
235 472
447 472
478 472
132 473
175 473
376 473
423 473
329 474
351 474
195 475
224 477
377 477
123 478
289 478
98 480
143 480
329 480
403 480
218 481
271 481
430 481
92 482
153 482
339 482
380 483
141 484
465 484
110 485
278 485
345 485
307 486
174 487
236 487
258 487
330 487
131 488
143 488
302 488
307 488
323 488
277 489
150 490
193 490
411 490
289 491
355 491
385 492
440 492
309 493
473 494
121 495
350 495
387 496
430 496
240 497
252 497
310 498
336 498
361 498
479 498
448 499
276 500
144 501
195 501
259 501
106 502
134 502
173 502
218 502
241 502
421 502
181 505
457 506
132 507
396 507
219 508
242 509
290 509
412 509
340 510
369 510
147 511
317 512
141 513
154 513
202 513
221 514
435 515
475 516
325 518
374 518
415 518
158 519
249 519
271 519
294 519
406 519
349 521
228 522
330 522
431 522
449 522
225 523
319 523
105 524
130 524
231 524
237 525
383 525
419 525
457 526
186 527
192 527
212 527
430 528
215 529
172 530
302 530
359 530
381 530
258 531
422 531
142 532
468 532
222 533
355 533
429 533
307 534
332 534
395 534
161 535
300 535
333 535
394 535
165 536
213 536
195 538
286 538
399 538
437 538
151 539
266 539
338 539
366 539
131 540
178 541
180 541
238 541
210 542
222 542
373 542
397 542
115 543
183 543
281 543
316 543
108 544
122 545
176 545
265 546
344 546
162 547
290 547
312 547
473 547
379 548
206 549
228 549
243 550
138 551
223 551
320 553
420 553
264 554
428 554
351 555
359 555
394 557
183 558
251 558
277 558
449 558
301 559
383 559
392 559
329 560
346 560
178 561
457 562
154 563
231 563
358 563
203 564
314 564
411 565
307 566
369 566
120 568
431 571
264 572
287 572
445 572
218 573
317 574
386 575
453 575
133 576
248 579
351 579
270 580
326 581
406 581
228 582
188 584
276 584
365 584
150 585
335 587
421 587
164 589
375 589
214 593
252 595
392 595
258 598
298 598
221 599
182 600
269 600
324 600
360 602
193 603
234 603
280 605
203 609
349 611
216 613
303 614
221 616
261 617
324 618
282 621
240 622
