290 2
349 2
110 3
409 3
429 3
148 4
398 4
169 5
319 6
383 6
438 6
236 8
277 8
372 8
448 8
122 9
457 9
99 10
201 10
305 10
354 10
176 12
471 12
258 13
290 13
192 14
218 14
344 14
399 14
406 15
134 16
153 16
427 16
243 17
317 17
331 17
417 17
378 18
392 18
276 20
445 20
361 21
106 22
160 22
269 22
454 22
180 23
202 24
301 24
468 24
337 25
345 25
260 26
120 27
139 27
222 28
323 28
379 28
411 28
280 29
396 29
189 30
233 30
420 30
94 32
113 32
166 32
429 32
369 33
246 34
307 34
442 34
461 34
331 35
352 35
145 36
126 38
181 38
206 38
479 38
262 39
159 40
222 40
142 41
288 41
316 41
426 41
103 42
356 42
404 42
413 42
438 42
242 43
370 43
382 43
392 43
157 44
236 44
145 45
169 45
182 45
255 45
277 45
453 45
356 46
130 47
288 47
344 47
212 48
233 48
261 48
301 48
97 49
269 49
469 49
191 50
236 50
307 50
329 50
243 51
145 52
206 52
318 52
477 52
313 53
358 53
436 53
108 54
227 54
331 54
393 54
125 55
159 55
174 55
260 55
407 55
448 55
121 56
383 56
284 57
322 57
366 57
421 57
85 58
188 58
461 58
235 59
255 59
346 59
199 60
217 60
316 60
377 60
471 60
150 61
244 62
249 62
335 62
380 62
132 63
265 63
323 63
327 63
145 64
152 64
278 64
295 64
313 64
328 64
435 64
479 64
267 65
72 66
108 66
194 66
199 66
303 66
313 66
327 67
444 67
90 68
239 68
245 68
259 68
301 68
130 69
158 69
191 69
194 69
248 69
367 69
383 69
159 70
396 70
453 70
173 71
207 71
274 71
353 71
404 71
418 71
466 71
137 72
238 72
287 72
254 73
64 74
103 74
230 74
276 74
332 74
428 74
327 75
352 75
358 75
400 75
475 75
220 76
263 76
397 76
439 76
121 77
279 77
325 77
383 77
260 78
415 78
431 78
443 78
132 80
235 80
314 80
181 81
220 81
268 81
453 81
166 82
237 82
300 82
75 83
243 83
271 83
377 83
378 83
394 83
199 84
242 84
352 84
364 84
265 85
110 86
343 86
369 86
419 86
472 86
410 87
68 88
211 88
288 88
295 88
331 88
174 89
427 89
190 90
452 90
257 91
318 91
378 91
389 91
416 91
83 92
116 92
231 92
267 92
435 92
154 93
324 93
345 93
133 94
62 95
95 95
325 95
385 95
280 96
361 96
373 96
379 96
391 96
406 96
464 96
187 97
201 97
248 97
279 97
400 97
444 97
79 98
252 98
310 98
99 99
144 99
412 99
389 100
163 101
212 101
233 101
298 101
179 102
326 102
351 102
121 103
199 103
271 103
332 103
364 103
416 103
54 104
109 104
341 104
394 105
459 105
75 106
236 106
275 106
291 106
432 106
134 107
222 107
467 107
81 108
399 108
90 109
103 109
154 109
319 109
202 110
258 111
334 111
337 111
44 112
173 112
208 112
387 112
440 112
445 112
219 113
361 113
398 113
476 113
68 114
227 114
312 114
369 114
333 115
413 115
451 115
97 116
129 116
190 116
220 116
402 116
149 117
304 117
349 117
351 117
393 117
426 117
39 118
218 118
252 118
355 118
395 118
62 119
110 119
223 119
124 120
270 120
464 120
79 121
429 121
164 123
178 123
182 123
335 123
247 124
295 124
469 124
103 125
290 125
443 125
55 126
405 126
228 127
320 127
372 127
384 127
74 128
139 128
394 128
452 128
102 129
217 129
200 130
240 130
324 130
177 131
309 131
179 132
281 132
415 132
49 133
88 133
355 133
460 133
66 134
156 134
269 134
405 134
429 134
192 135
349 135
388 135
137 136
300 136
44 137
265 137
101 138
171 138
214 138
255 138
423 138
338 139
112 140
339 140
371 140
211 141
229 141
292 141
441 141
149 142
186 142
383 142
205 143
324 143
394 143
130 144
346 144
406 144
439 144
450 144
474 144
36 145
431 145
181 146
225 146
281 146
299 146
29 147
458 147
58 148
145 148
312 148
428 148
76 149
92 149
410 149
107 150
163 150
249 150
357 150
373 150
84 151
114 151
163 151
244 151
350 151
179 152
202 152
237 152
303 152
339 152
437 152
467 153
106 154
120 154
125 154
220 154
272 154
384 154
391 154
366 155
443 155
86 156
397 156
109 157
198 157
242 157
322 157
328 157
97 158
105 158
141 158
398 158
421 158
46 159
284 159
294 159
473 159
120 160
386 160
67 161
157 161
189 162
194 162
221 162
401 162
429 162
455 162
132 163
178 163
261 163
352 163
367 163
413 163
226 164
284 164
321 164
406 164
96 165
213 165
236 165
376 165
212 166
236 166
319 166
338 166
382 166
169 167
207 167
439 167
80 168
309 168
389 168
463 168
134 169
303 169
99 170
155 170
250 170
308 170
421 170
39 171
253 171
398 171
56 172
194 172
447 172
211 173
230 173
298 173
32 174
98 174
474 174
372 175
410 175
75 176
171 176
289 176
454 176
112 177
150 177
291 178
325 178
337 178
191 179
278 179
316 179
319 179
347 179
359 179
417 179
96 180
435 180
478 180
128 181
389 181
51 182
279 182
462 182
46 183
166 183
209 183
224 183
247 183
91 184
299 184
313 184
145 185
270 185
399 185
169 186
308 186
425 186
110 187
153 187
261 187
280 187
447 187
202 188
298 188
375 188
470 189
62 190
206 190
209 190
261 190
182 191
422 191
438 191
40 192
384 192
431 192
124 193
219 193
335 193
410 193
453 193
135 194
358 194
158 195
185 195
156 196
159 196
204 196
267 196
330 196
478 196
91 197
316 197
346 197
365 197
394 197
172 198
182 198
255 198
314 198
220 199
285 199
142 200
235 200
375 200
416 200
441 200
73 201
363 201
406 201
27 202
370 202
376 202
47 203
215 203
302 203
398 203
464 203
329 204
291 205
123 206
132 206
152 206
284 206
76 207
199 207
339 207
382 207
407 207
98 208
397 208
470 208
81 209
185 209
187 209
279 209
349 209
409 209
429 209
63 210
67 210
156 210
357 210
391 210
451 210
99 211
135 211
251 211
304 211
36 212
102 212
141 212
226 212
262 212
297 212
325 212
354 212
388 212
74 213
144 213
162 213
170 213
271 213
476 213
60 214
72 214
266 214
317 214
368 214
414 214
203 215
270 215
99 216
317 216
397 216
420 216
437 216
113 217
158 217
251 217
321 217
358 217
364 217
151 218
260 218
306 218
384 218
458 218
365 219
22 220
158 221
198 221
239 221
343 221
396 221
404 221
437 221
74 222
417 222
425 222
463 222
52 223
117 223
159 223
291 223
358 223
402 223
345 224
445 224
160 225
216 225
227 225
136 226
182 226
280 226
88 227
106 227
120 227
383 227
157 228
409 228
49 229
122 229
338 229
15 230
44 230
277 230
366 230
170 231
204 231
253 231
266 231
131 232
136 232
149 232
393 232
431 232
40 233
322 233
65 234
98 234
346 234
453 234
94 235
195 235
312 235
371 235
274 236
370 236
475 236
243 237
321 237
140 238
232 238
243 238
79 239
95 239
174 239
186 239
118 240
162 240
189 240
291 240
300 240
436 240
459 240
224 241
400 241
416 241
36 242
290 242
335 242
355 242
101 243
235 243
277 243
361 243
383 243
479 243
374 244
53 245
371 245
386 245
148 246
150 246
215 246
281 246
343 246
381 246
445 246
466 246
359 247
374 247
275 248
314 248
328 248
19 250
153 250
168 250
344 250
356 250
73 251
89 251
171 251
183 251
421 251
40 252
131 252
178 252
266 252
471 252
181 253
200 253
256 253
410 253
421 253
69 254
245 254
394 254
450 254
378 255
98 256
161 256
328 256
155 257
215 257
230 257
308 257
377 257
113 258
139 258
286 259
326 259
382 259
86 260
124 260
161 260
168 260
298 260
362 260
200 261
366 261
477 261
33 262
62 262
185 262
437 262
79 263
156 263
326 263
457 263
196 264
343 264
22 265
337 265
368 266
17 268
55 268
73 268
102 268
258 268
273 268
384 268
166 269
319 269
140 270
248 270
428 270
430 270
185 271
386 271
438 271
443 271
401 272
46 273
92 273
103 273
158 273
235 273
205 274
365 274
117 275
222 275
464 275
82 276
173 276
193 276
253 276
361 277
403 277
446 277
182 278
190 278
302 278
403 278
418 278
296 279
395 279
104 281
270 281
113 282
22 283
55 283
71 283
131 283
249 283
333 283
403 283
435 283
119 284
275 284
59 285
137 285
384 285
396 285
55 286
141 286
265 287
367 287
422 287
475 287
235 288
253 288
454 288
87 289
101 289
153 289
184 289
202 289
222 289
188 290
215 290
351 290
378 290
157 291
171 291
354 291
184 292
326 292
113 293
247 293
279 293
378 293
400 293
123 294
232 294
312 294
374 294
442 294
138 295
384 295
34 296
51 296
370 296
65 297
151 297
154 297
414 297
434 297
464 297
18 298
74 298
296 298
304 298
334 298
134 299
274 299
83 300
272 300
284 300
149 301
161 301
254 301
278 301
94 302
158 302
128 303
344 303
74 304
107 304
111 304
256 304
334 304
389 304
213 305
223 305
340 305
412 305
448 305
104 306
174 306
189 306
365 306
396 307
14 308
84 308
117 308
202 308
151 309
394 309
329 310
36 311
85 311
275 311
51 312
58 312
63 312
275 312
55 313
68 313
135 313
358 313
361 313
407 313
306 314
318 314
70 315
124 315
458 315
86 316
130 316
146 316
245 316
258 316
394 316
434 316
158 317
360 317
85 318
235 318
245 318
351 318
388 318
445 318
81 319
183 319
296 319
369 319
118 320
226 320
419 320
99 321
466 321
10 323
116 323
173 323
188 323
335 323
397 323
409 323
340 324
363 324
34 325
182 325
209 325
274 325
375 325
394 325
122 326
133 326
264 326
196 327
327 327
396 327
425 327
217 328
365 328
226 329
302 329
63 330
390 330
446 330
122 331
146 331
252 331
412 331
52 332
60 332
80 332
151 332
244 332
314 332
403 332
458 332
308 334
469 334
237 335
302 335
387 335
101 336
163 336
190 336
293 336
299 336
355 336
372 336
98 337
347 337
401 337
267 338
281 338
290 338
335 338
15 339
114 339
209 339
174 340
182 340
165 341
381 341
426 341
30 342
45 342
339 342
361 342
130 343
188 343
227 343
239 343
302 343
373 343
390 343
436 343
80 344
129 344
197 344
207 344
219 344
233 344
254 344
261 344
372 344
91 345
328 345
401 345
407 345
142 347
318 347
368 347
432 347
471 347
60 349
90 349
180 349
351 349
415 349
463 349
477 349
42 350
148 350
334 350
360 350
380 350
444 351
451 351
300 352
102 353
195 353
393 353
408 353
115 354
207 354
326 354
349 354
419 354
162 355
205 355
288 355
29 356
436 356
179 357
197 357
276 357
382 357
431 357
442 357
76 358
114 358
187 358
252 358
43 359
188 359
227 359
239 359
262 359
337 359
201 360
218 362
389 362
133 363
371 363
56 365
91 365
169 365
319 365
421 365
258 366
361 366
365 366
144 367
307 367
341 367
258 368
260 368
390 368
67 369
175 369
393 369
402 369
408 369
102 370
397 370
20 371
286 371
311 371
352 371
294 372
120 373
158 373
266 373
278 373
389 373
78 374
182 374
192 374
235 374
242 374
367 374
31 375
170 375
224 375
273 375
288 375
118 376
184 376
202 376
218 376
318 376
342 376
334 377
255 378
126 379
229 379
323 379
376 379
388 379
430 379
51 380
263 380
89 381
87 383
144 383
310 383
361 383
93 384
185 384
262 384
421 384
115 385
183 385
238 385
477 385
102 386
133 386
266 386
290 386
297 386
338 386
403 386
352 387
14 388
293 388
155 389
172 389
283 389
350 389
353 389
467 389
211 390
277 390
294 390
473 390
70 391
189 391
206 391
218 391
235 391
247 391
389 391
84 392
271 392
57 393
258 393
338 393
342 393
381 393
117 394
269 394
440 394
37 395
84 395
247 395
346 395
378 395
326 396
90 397
227 397
130 398
291 398
430 398
186 399
197 400
330 400
49 401
141 401
223 401
228 401
318 401
397 401
420 401
97 402
175 402
242 402
302 402
310 402
187 403
411 403
180 404
269 404
358 404
148 405
206 405
221 405
66 406
126 406
153 406
154 406
198 406
215 406
227 406
291 406
110 407
165 407
283 407
470 407
24 408
221 408
260 408
347 408
132 409
244 409
255 409
466 409
118 410
167 410
401 410
374 411
457 411
176 412
330 412
86 413
126 414
449 414
92 415
106 415
180 415
246 415
322 415
421 415
435 415
280 417
362 417
416 417
434 417
42 418
163 418
204 418
103 419
195 419
234 419
312 419
148 420
228 420
409 420
429 420
103 421
138 421
207 421
219 421
310 421
434 421
297 422
348 422
155 423
269 423
291 423
315 423
393 423
56 424
135 424
244 424
256 424
283 424
410 424
429 424
475 424
117 425
233 425
380 425
146 426
255 426
466 426
374 427
178 428
227 428
338 428
457 429
105 430
327 430
413 430
74 431
130 431
279 431
32 432
128 432
244 432
289 432
321 432
368 432
450 432
193 433
149 434
195 434
209 434
314 434
358 434
141 435
296 435
436 435
310 436
401 436
42 437
230 437
283 437
232 438
106 439
124 439
156 439
253 439
347 439
54 440
228 440
270 440
390 440
156 441
426 441
74 442
171 442
469 442
167 443
55 444
328 444
415 444
70 445
128 445
163 445
191 445
456 445
118 446
149 446
312 446
80 448
202 448
442 448
131 449
216 449
31 450
233 450
299 451
395 451
140 452
363 452
41 453
91 453
287 453
146 454
174 454
246 454
272 454
427 454
79 455
100 455
258 455
340 455
381 455
167 456
107 457
155 457
169 457
478 457
52 458
181 458
311 458
408 458
181 459
327 459
58 460
193 460
461 460
62 461
132 461
56 463
73 464
209 464
434 464
447 464
128 465
399 465
29 466
226 466
243 466
23 467
135 467
364 467
281 468
339 468
356 468
414 468
35 469
138 469
43 470
46 470
170 470
261 470
298 470
320 470
387 470
96 471
78 473
146 473
469 473
49 474
184 474
372 474
68 475
65 476
114 476
201 476
450 476
429 477
179 478
64 479
146 479
220 479
258 479
273 479
175 480
178 480
239 480
80 481
228 481
342 481
125 482
291 482
306 482
320 482
405 482
415 482
331 483
355 483
26 484
171 484
205 484
393 485
93 486
187 486
467 486
104 487
142 487
38 488
52 490
154 490
249 491
357 491
410 491
448 491
203 492
270 492
323 492
433 492
115 494
213 494
286 495
322 495
349 495
421 495
71 496
238 496
336 496
345 496
224 497
308 497
210 498
383 498
402 498
172 499
86 500
234 500
414 500
470 500
134 501
366 501
185 502
245 503
100 504
342 504
451 504
275 505
349 505
351 506
357 506
427 506
152 507
201 507
258 507
293 507
408 507
41 508
279 508
405 508
345 509
59 510
305 510
324 510
386 510
126 512
350 512
171 513
219 513
345 513
356 513
471 513
77 514
220 514
245 514
273 515
440 515
141 516
235 517
93 518
421 518
437 518
46 519
188 519
261 519
418 519
156 520
250 520
409 521
105 522
166 522
190 522
208 522
264 522
284 522
432 522
118 523
202 523
213 523
398 523
206 524
298 524
317 524
278 525
333 525
434 525
289 526
347 526
386 526
437 526
477 526
62 527
218 527
302 527
419 529
440 529
77 530
132 530
184 530
303 530
461 531
172 532
212 532
233 532
436 532
150 533
451 533
90 534
192 534
416 534
46 535
403 535
204 536
407 536
244 537
394 538
174 539
301 539
114 540
199 540
319 540
374 540
257 541
275 541
189 542
228 542
340 542
359 542
64 543
129 543
466 543
450 544
81 546
204 546
317 546
148 549
155 549
380 549
193 550
216 551
418 551
165 552
175 552
100 553
192 553
201 553
115 554
318 554
344 554
220 555
300 555
320 555
235 556
333 556
354 556
421 556
458 557
471 557
249 558
267 559
299 559
127 562
286 562
373 562
81 563
392 563
136 564
406 564
421 567
94 568
185 568
199 569
441 569
222 570
281 570
215 571
474 571
161 572
341 573
330 574
110 575
232 575
372 575
170 576
246 576
259 579
138 581
182 581
189 584
286 584
313 585
435 585
197 587
204 587
383 590
392 590
226 591
402 591
235 595
249 601
165 604
264 604
189 607
308 612
