137 2
363 2
288 3
232 4
467 4
332 5
168 6
418 6
476 6
396 8
267 9
70 11
157 12
205 13
373 13
316 14
52 16
255 17
356 17
109 18
192 18
143 19
454 19
473 19
293 21
431 21
334 22
235 23
175 24
408 24
41 25
87 26
129 26
391 26
320 27
374 27
221 28
277 29
313 30
211 32
160 33
14 34
113 34
197 35
261 35
477 35
462 36
407 38
444 38
248 39
392 39
424 39
146 40
344 40
63 41
214 42
246 42
297 43
366 43
373 43
81 44
96 44
155 45
188 45
315 45
376 45
239 46
334 46
350 46
363 46
268 47
45 48
102 48
129 49
98 50
137 50
263 51
143 52
169 52
346 53
437 53
382 54
422 54
87 55
227 55
238 55
274 55
458 55
473 55
403 56
145 58
74 59
231 60
254 60
338 60
228 61
251 61
153 62
351 62
122 63
205 63
209 63
182 64
222 64
285 64
326 65
154 66
22 67
119 67
105 68
127 68
340 68
397 68
211 69
255 69
329 69
56 70
143 70
281 70
236 71
317 71
377 71
423 72
288 73
409 73
441 73
164 74
237 74
471 74
207 75
391 75
125 76
151 76
226 76
330 76
354 76
367 76
305 78
348 79
240 80
357 80
386 80
180 81
358 82
237 83
298 83
44 85
109 87
278 87
400 87
39 88
82 88
225 88
321 88
422 88
269 89
434 89
450 89
333 90
348 90
476 90
131 91
304 91
381 91
466 91
330 93
371 93
171 94
246 94
264 94
357 94
29 95
107 95
191 95
208 95
310 95
342 95
274 97
300 97
304 97
160 98
332 98
97 99
143 99
298 99
64 100
73 100
356 101
20 102
108 102
340 102
446 102
333 103
345 103
409 103
422 103
438 103
454 103
123 104
255 104
337 104
250 105
471 105
49 106
225 106
389 106
109 107
71 108
145 108
166 108
187 109
368 109
169 110
357 110
280 111
321 111
42 112
54 112
59 112
311 112
210 113
246 113
271 113
282 113
347 114
4 115
285 115
84 116
201 116
440 116
257 117
391 117
429 117
461 117
175 118
339 118
412 118
372 120
40 121
70 121
223 121
305 121
66 122
166 123
230 123
62 124
100 124
200 124
259 125
276 125
177 126
219 127
340 127
348 127
294 128
337 128
156 129
166 130
204 130
421 130
445 130
80 131
84 131
189 131
280 131
286 131
316 131
338 131
374 131
390 131
398 131
27 132
460 132
474 132
99 133
57 134
92 134
216 135
222 135
171 136
328 136
134 137
322 137
356 137
248 138
254 138
282 138
300 138
260 139
159 140
200 140
202 140
60 142
211 142
8 144
281 144
300 144
337 144
438 144
121 145
52 146
168 146
345 146
229 147
371 147
117 148
201 148
318 148
420 148
67 149
225 149
269 149
397 149
450 149
460 149
144 150
262 150
477 150
95 151
216 152
165 153
338 153
100 154
171 154
72 155
105 155
130 156
207 156
99 157
115 157
435 157
404 158
108 159
202 159
347 161
148 162
241 162
257 162
284 162
426 162
439 162
451 162
22 163
415 163
168 164
468 164
100 166
277 167
394 167
141 168
397 168
45 169
75 169
218 169
242 170
257 170
60 171
86 171
253 171
319 171
342 171
40 172
68 172
75 172
98 173
362 173
379 173
6 174
151 174
202 174
302 174
84 175
249 175
291 175
328 175
376 175
126 176
176 176
86 177
430 177
447 177
464 177
257 178
383 178
408 178
419 178
30 180
249 180
57 181
91 181
228 181
191 182
327 183
136 184
160 184
219 184
347 184
24 186
338 187
333 188
48 189
304 190
328 190
382 190
404 190
436 190
149 191
204 191
329 192
424 192
96 193
252 193
289 193
458 193
49 194
60 194
98 194
233 194
381 194
473 194
165 195
375 195
385 195
140 196
192 196
278 196
273 197
325 197
102 198
12 199
249 199
397 199
68 200
317 201
132 202
181 202
431 202
36 203
137 203
340 203
361 203
50 204
206 204
100 205
148 205
381 205
296 206
413 206
25 207
372 207
394 207
443 207
306 209
327 209
358 209
410 210
467 210
344 212
189 213
276 213
333 213
164 214
279 214
49 215
111 215
221 215
281 215
328 215
336 215
382 215
137 216
85 217
222 217
360 217
396 217
414 217
339 218
364 218
377 218
394 218
79 219
177 219
354 219
132 220
304 220
33 221
326 221
413 221
228 222
363 222
405 222
7 223
68 223
96 223
124 223
142 223
192 223
400 223
464 223
406 224
49 226
116 226
55 227
73 227
127 227
157 227
185 227
209 227
407 227
162 228
309 228
412 228
55 230
258 230
269 230
25 231
278 231
176 232
213 232
276 232
304 232
353 232
127 233
444 233
106 234
198 234
254 234
454 234
287 235
372 236
432 237
467 237
260 238
279 238
18 239
221 239
243 239
297 239
61 240
165 240
187 240
231 240
370 240
393 240
93 241
143 241
146 241
33 242
117 242
179 242
163 243
215 243
429 243
231 244
432 244
440 244
55 245
362 245
8 246
76 246
132 246
149 246
375 246
443 246
146 247
205 247
251 247
419 247
106 248
86 249
439 249
456 249
63 250
261 250
388 250
249 251
281 251
343 251
475 251
198 252
283 252
198 253
238 253
279 253
281 253
240 255
289 255
330 255
334 256
347 256
20 257
40 257
68 257
197 257
322 257
443 257
97 258
52 260
75 260
287 260
333 260
460 260
42 261
141 262
410 262
414 262
425 262
190 263
297 263
333 263
12 264
53 264
109 264
130 264
241 264
256 264
471 264
177 265
221 265
394 265
67 266
74 266
241 266
155 267
206 267
315 267
317 267
62 268
170 268
198 268
29 269
204 269
226 269
227 270
252 270
100 271
352 271
165 272
205 272
211 272
354 272
409 272
5 273
147 273
193 273
207 273
259 273
131 274
150 274
163 274
315 274
449 274
83 275
225 275
309 275
312 275
227 276
259 276
116 277
148 277
160 277
215 277
232 277
254 277
291 277
458 277
68 278
94 279
158 279
472 279
21 280
78 280
296 280
46 281
194 281
235 281
254 281
86 282
169 282
316 282
371 282
387 282
115 283
130 283
297 283
86 284
134 284
138 284
150 284
187 284
351 284
377 284
50 285
153 285
183 285
219 285
346 285
365 285
73 286
333 286
352 287
14 288
59 288
85 289
240 289
368 289
383 289
31 291
48 291
231 291
326 291
388 291
451 291
102 292
210 292
54 293
253 293
322 293
341 293
417 293
250 294
301 294
254 295
374 295
465 295
123 296
129 296
176 296
181 296
368 296
69 297
78 297
166 297
170 297
201 297
252 297
276 297
111 298
300 298
340 298
400 298
4 299
195 299
248 299
275 299
348 299
203 300
428 300
234 301
392 301
55 302
185 302
23 303
46 303
50 303
232 303
416 303
421 303
429 303
441 303
76 304
216 304
396 304
412 304
143 305
146 305
171 305
325 305
387 305
453 305
248 306
294 306
354 306
61 307
144 307
338 307
38 308
141 308
143 309
170 309
465 309
89 310
237 310
390 310
428 310
115 311
473 311
120 312
186 312
298 312
16 313
207 313
210 313
71 314
146 314
332 314
157 315
441 315
478 315
318 316
381 316
130 317
360 317
170 318
176 318
178 318
234 318
264 318
329 318
384 318
116 319
239 319
298 320
369 320
459 321
28 322
172 322
180 322
261 322
9 323
253 323
321 323
175 324
291 324
307 325
337 325
350 325
371 325
435 325
471 325
87 327
137 327
391 327
279 328
315 328
182 329
216 329
246 330
295 330
429 330
448 330
72 331
126 331
289 331
317 331
386 331
76 332
172 332
368 332
20 333
218 333
268 333
312 333
455 333
133 334
308 334
378 334
51 335
63 335
301 335
33 336
132 336
76 337
213 337
337 337
387 337
466 337
302 338
348 338
380 338
206 339
231 339
287 339
324 339
259 340
377 340
368 341
441 341
476 341
133 342
169 342
232 342
286 342
411 342
431 342
10 343
179 343
146 344
196 344
286 344
431 345
456 345
228 347
82 348
180 348
116 349
138 349
171 349
437 349
27 350
343 350
396 350
326 351
389 351
124 352
217 352
403 352
201 353
442 353
468 353
67 354
245 354
3 355
88 356
93 356
184 356
212 356
60 357
377 357
393 357
430 357
48 358
178 358
313 358
382 358
19 359
150 359
181 359
384 359
56 360
62 360
87 360
192 360
369 360
135 361
380 361
403 361
432 361
195 362
379 362
136 363
187 363
383 363
416 363
40 364
231 364
239 364
368 364
54 365
184 365
50 366
92 366
146 366
160 366
357 366
16 367
105 367
393 367
407 367
431 367
433 367
85 368
120 368
264 368
338 368
309 369
341 369
405 369
412 369
118 372
148 372
192 372
216 372
114 373
179 373
110 374
234 374
368 374
67 375
345 375
435 375
176 376
196 376
318 376
428 376
31 377
196 377
376 377
403 377
117 378
151 378
48 379
404 379
414 379
73 380
159 380
166 380
236 380
466 380
9 381
110 381
221 381
348 381
168 382
336 382
385 382
74 383
111 384
297 384
401 384
403 384
253 386
303 386
347 386
397 386
433 386
456 386
79 387
156 388
377 388
399 388
24 389
135 389
163 389
342 389
476 389
290 390
391 390
428 390
4 391
139 391
149 391
294 391
319 391
394 391
238 393
255 393
411 393
106 394
372 394
51 395
199 395
269 395
277 395
464 395
141 396
207 396
254 396
444 396
273 397
92 398
155 398
228 398
412 398
434 398
2 399
37 399
161 399
185 399
409 399
43 400
176 400
379 400
396 400
103 401
157 401
71 402
151 402
331 402
139 403
165 403
238 403
468 403
171 404
308 404
201 405
341 405
237 406
145 407
453 407
15 408
219 408
248 408
438 408
474 408
63 409
31 410
227 410
379 410
171 411
299 411
430 411
56 412
324 412
399 413
423 413
48 414
191 414
240 414
69 415
77 415
127 415
159 415
262 415
106 416
137 416
297 416
478 416
125 417
234 417
325 417
462 417
130 418
211 418
97 419
292 419
381 419
24 420
51 420
72 420
320 420
399 420
218 421
211 422
409 423
5 424
42 424
76 424
86 424
141 424
403 424
78 426
138 426
194 426
334 427
363 427
380 427
405 427
467 427
19 428
117 428
149 428
197 428
446 428
268 429
414 429
309 430
403 430
70 431
162 431
253 431
331 431
52 432
99 432
281 432
283 432
204 433
108 434
175 434
316 434
358 434
121 435
160 435
199 435
313 435
57 436
94 436
213 436
471 436
147 437
203 437
32 438
76 438
125 438
198 438
340 438
381 438
138 439
314 439
85 440
269 440
451 440
95 441
205 441
360 442
379 442
425 442
473 444
43 445
76 445
88 445
226 445
60 446
283 446
12 447
311 447
336 447
433 447
107 448
244 448
351 448
455 448
334 449
392 449
61 450
149 450
213 450
384 450
52 451
112 451
424 451
82 452
161 452
281 452
287 452
414 452
26 453
97 453
234 453
332 453
55 454
118 454
292 454
476 454
256 455
301 455
346 455
118 456
126 456
129 456
360 456
410 456
340 457
390 457
426 457
374 458
352 459
41 460
265 460
332 460
461 460
479 460
131 461
280 461
304 461
343 461
159 462
203 462
6 463
39 463
63 463
67 463
148 463
297 463
366 463
23 464
94 464
133 464
151 464
146 466
165 466
144 467
150 467
324 467
396 467
441 467
73 468
100 468
429 468
82 469
123 469
222 469
331 469
403 469
321 470
372 470
375 470
380 470
158 471
244 471
302 471
380 472
420 472
157 473
203 473
460 473
101 474
276 474
346 474
387 474
441 474
228 475
17 476
413 476
68 477
257 477
33 478
288 478
300 478
182 479
355 479
391 479
421 479
206 480
200 481
424 481
443 481
44 483
121 483
168 483
309 483
84 484
137 484
414 484
331 485
358 485
463 485
13 486
228 486
184 487
263 487
292 487
390 487
144 488
228 488
365 488
413 489
318 491
268 492
58 493
347 493
152 494
301 494
39 495
97 495
171 495
404 495
61 496
156 496
388 496
458 496
59 497
83 497
102 497
134 497
229 497
411 497
189 498
24 499
7 500
58 500
125 500
394 501
172 502
335 502
92 504
151 504
389 504
455 504
157 505
311 505
375 505
272 506
290 507
413 507
50 508
194 508
298 508
435 508
470 508
158 509
216 509
417 509
259 510
354 510
321 512
265 513
409 513
412 513
97 514
177 514
436 514
453 514
243 515
271 515
19 516
53 516
260 516
100 517
49 518
107 518
241 518
346 518
32 519
47 519
234 519
378 519
384 519
432 519
310 520
376 520
408 520
98 521
294 521
385 521
407 521
185 522
290 523
230 524
334 524
428 524
58 525
106 525
239 525
383 525
90 526
272 526
372 526
399 526
466 526
144 527
446 527
43 528
118 528
252 528
392 528
195 529
254 529
328 529
152 530
422 530
10 531
169 531
408 531
142 534
207 534
349 534
68 535
83 535
152 535
440 535
455 535
475 535
256 536
378 536
38 537
367 537
417 537
220 538
378 538
341 539
20 540
280 540
272 541
298 541
90 543
146 543
186 543
232 543
282 543
373 543
469 543
305 544
335 544
432 544
447 544
52 545
111 546
266 546
270 546
410 546
354 548
365 548
181 549
34 550
121 550
393 550
140 551
206 551
311 551
324 551
100 552
362 553
424 553
108 554
148 554
219 554
436 554
68 555
403 555
167 556
293 556
341 556
464 556
13 557
49 557
102 557
230 558
269 558
449 558
257 559
135 560
357 560
30 561
122 562
248 562
127 563
138 563
227 563
253 563
404 563
106 564
150 564
178 564
184 564
301 564
306 564
314 564
429 564
479 564
120 565
209 565
387 565
238 566
285 566
314 566
381 566
231 567
358 567
182 568
388 568
104 569
159 569
344 569
427 569
457 569
4 570
232 570
305 570
331 570
169 571
177 571
187 571
199 571
374 571
248 572
23 573
47 574
89 574
93 574
348 574
360 574
369 574
429 574
160 575
181 575
260 575
287 575
367 575
392 575
168 576
306 576
451 576
66 577
189 577
204 577
288 577
364 577
164 578
253 578
271 578
379 578
437 578
471 578
183 579
308 579
89 580
212 580
352 580
312 581
154 582
101 583
189 583
310 584
229 585
255 585
218 586
235 586
313 586
325 586
404 586
442 586
157 587
386 587
461 587
41 588
191 588
213 588
245 588
15 589
409 589
164 590
438 590
87 591
312 591
91 592
73 593
105 594
295 594
301 594
353 594
410 594
251 596
305 596
355 596
453 596
56 597
390 597
396 598
225 599
372 599
379 599
4 600
34 600
196 600
243 600
249 600
366 600
407 600
432 600
473 600
289 601
321 601
343 601
385 601
410 601
281 603
363 603
423 604
54 605
134 605
266 605
443 605
189 606
400 608
465 608
375 609
154 610
196 610
214 610
223 610
236 610
252 610
24 611
297 611
329 611
348 611
95 612
111 615
180 615
284 615
366 615
412 615
320 616
432 616
453 617
66 618
16 619
268 620
466 620
40 621
133 621
335 621
386 621
305 622
361 622
6 623
251 623
423 623
477 623
204 624
237 624
404 624
150 625
170 625
294 625
463 625
97 627
183 627
221 627
349 627
438 627
323 629
24 632
118 632
275 632
341 632
371 632
413 632
454 632
15 633
132 634
427 635
470 635
259 636
68 638
331 638
80 639
153 639
218 639
236 639
