264 28
328 30
279 33
229 36
291 38
351 38
249 42
356 43
312 44
150 45
156 46
215 46
267 46
365 46
168 47
178 48
271 48
278 50
328 50
189 52
226 52
233 52
378 53
292 54
199 55
209 57
412 57
386 58
120 59
250 59
130 60
143 60
124 61
314 62
163 63
359 63
424 64
175 65
261 65
170 66
181 66
365 67
397 67
213 69
277 69
218 70
403 70
227 72
287 73
103 74
340 75
124 76
295 76
381 76
139 77
303 77
416 77
158 78
246 78
352 78
173 79
308 80
318 80
195 81
244 81
340 81
345 81
139 82
284 82
393 82
167 83
206 83
226 83
364 84
216 86
230 86
267 86
174 87
227 87
283 87
340 87
345 87
193 88
195 88
217 88
239 88
271 88
317 88
372 88
432 88
90 89
100 89
132 89
186 89
248 89
410 89
115 90
128 90
171 91
196 91
217 91
288 91
150 92
205 92
243 92
277 92
137 94
226 94
296 94
382 94
445 94
301 95
357 95
321 96
417 96
233 98
175 99
195 99
282 99
231 100
397 100
228 101
292 101
458 101
70 102
243 102
294 102
333 102
423 102
90 103
200 103
369 103
104 104
132 104
272 104
464 104
313 105
404 105
132 106
286 106
152 107
305 107
347 107
128 108
124 109
350 109
433 109
471 109
161 110
184 110
187 110
212 110
263 110
440 110
126 111
198 111
209 111
233 112
235 112
255 112
151 113
324 113
476 113
68 115
289 115
320 115
388 115
446 115
187 116
319 116
324 116
58 117
334 117
79 118
162 118
197 118
211 118
296 118
300 118
96 119
155 119
341 119
457 119
117 120
194 120
254 120
337 120
373 120
128 121
419 121
113 122
218 122
167 123
268 123
297 123
352 123
394 123
121 124
370 124
97 125
185 125
295 125
400 125
88 126
355 126
124 127
308 127
368 127
102 128
223 128
243 128
381 128
421 128
232 129
441 129
407 130
70 131
95 131
206 131
348 131
54 132
326 132
437 132
228 133
321 133
247 134
320 134
186 135
240 135
188 136
246 136
262 136
429 137
201 138
224 138
293 138
243 139
383 139
82 140
142 140
473 140
204 141
413 141
97 142
302 142
429 142
448 142
306 143
344 143
272 144
322 144
379 144
423 144
292 145
22 147
58 147
96 147
220 147
175 148
293 148
37 149
100 149
162 149
72 150
117 150
133 150
159 150
204 150
214 150
326 150
394 150
353 151
270 152
372 152
406 152
433 152
243 153
148 154
314 154
359 154
393 154
263 155
293 156
314 156
385 156
304 157
249 158
438 158
258 159
269 159
271 159
389 159
384 160
395 160
69 161
276 161
76 162
181 162
348 162
448 162
282 163
395 163
109 164
142 164
239 164
362 164
414 164
261 165
10 166
314 166
321 166
128 167
202 167
210 167
213 167
326 167
356 167
423 167
148 168
197 168
292 168
311 168
324 168
261 169
277 169
280 169
315 169
460 169
374 170
281 172
137 173
150 173
232 173
187 174
288 174
300 174
325 174
353 174
356 174
131 175
189 175
278 175
306 175
71 176
338 176
361 176
395 176
400 176
474 176
81 177
290 177
443 177
131 178
273 178
275 178
378 178
65 179
95 179
104 179
180 179
201 179
205 179
211 179
50 180
183 182
307 182
361 182
162 183
166 183
189 183
412 183
459 183
18 184
24 184
176 184
301 184
323 184
334 184
121 185
142 185
158 185
4 186
135 186
260 186
310 186
132 187
153 187
265 187
337 187
342 187
358 187
394 187
137 188
355 188
424 188
470 188
304 189
338 190
385 190
270 191
372 191
380 191
78 192
430 192
216 193
291 193
474 193
437 194
46 195
60 195
195 195
100 196
167 196
386 196
111 197
139 197
277 197
238 198
44 199
201 199
209 199
448 199
156 200
402 200
149 201
135 202
249 202
28 203
133 203
386 203
415 203
462 203
14 204
174 204
73 205
137 205
333 205
47 206
76 206
224 206
354 206
196 207
307 207
194 208
253 208
432 208
334 209
166 210
245 210
299 210
322 210
395 210
398 211
198 212
211 212
98 213
113 213
234 213
262 213
346 213
191 214
203 214
339 214
167 215
188 215
219 215
446 215
86 216
306 216
342 216
353 216
453 216
41 217
72 217
161 218
168 218
25 219
55 219
68 219
186 219
233 219
238 219
320 219
368 219
218 221
321 221
357 221
400 221
10 222
39 222
32 223
127 223
141 223
152 223
191 223
208 224
212 224
247 224
312 224
419 224
352 225
388 225
468 225
173 226
251 226
328 226
348 226
42 227
275 227
435 227
57 228
272 228
120 229
479 229
260 230
440 230
68 232
74 232
179 232
445 232
85 233
104 233
122 233
30 234
218 234
251 234
320 234
370 234
145 235
154 235
221 235
343 235
14 237
166 237
411 237
457 237
168 238
197 238
232 238
241 238
284 238
123 239
179 240
319 240
364 240
466 240
78 241
120 241
209 241
164 242
400 242
119 243
263 243
275 243
313 243
164 244
243 244
307 244
315 244
354 244
389 244
477 244
197 245
321 245
145 247
441 247
131 248
360 248
370 248
125 249
178 249
33 250
150 250
168 250
228 250
283 250
307 250
335 250
345 250
42 251
279 251
131 252
157 252
366 252
121 253
303 253
396 253
461 254
111 255
133 255
196 255
277 255
317 255
173 256
403 256
426 256
233 257
292 257
304 257
310 257
340 257
5 258
115 258
220 258
274 259
287 259
347 259
379 259
439 259
63 260
257 260
392 260
436 260
60 261
297 261
299 261
360 261
366 261
368 261
475 261
93 262
205 262
234 262
419 262
49 263
80 263
219 263
236 263
280 263
320 263
95 264
232 264
259 264
314 264
379 264
426 264
434 264
188 265
238 265
297 265
115 266
146 266
178 266
221 266
260 266
291 266
370 266
413 266
449 266
76 267
120 267
186 267
194 267
238 268
286 268
30 269
97 269
374 269
203 270
360 270
376 270
461 270
262 271
267 271
22 272
240 272
164 273
316 273
355 273
12 274
341 274
379 274
41 275
76 275
96 275
128 275
264 275
375 276
475 276
58 277
285 277
103 278
250 279
443 279
127 280
201 280
184 281
261 281
409 281
210 282
376 282
50 283
259 283
273 283
405 283
453 283
202 284
276 284
291 284
418 284
135 285
312 285
386 285
209 286
217 286
467 287
25 288
159 288
254 288
360 288
18 289
54 289
69 289
11 290
83 290
257 290
324 290
66 291
230 291
476 291
165 292
199 292
228 292
286 292
101 293
180 293
205 293
339 294
238 295
403 295
302 296
453 296
83 297
224 297
349 298
401 298
419 298
146 299
312 299
14 300
74 300
119 300
236 300
55 301
122 301
232 301
360 301
395 301
397 301
437 301
465 301
46 302
209 302
50 303
185 303
391 303
430 303
174 304
192 304
158 305
167 305
239 305
476 305
38 306
110 307
160 307
306 307
331 307
372 307
434 307
441 307
452 307
429 308
136 309
373 309
401 309
346 310
436 310
126 311
408 311
29 312
79 312
155 312
52 313
110 313
375 313
22 314
119 314
137 314
293 314
384 314
258 315
390 315
397 315
17 316
241 316
308 316
176 317
315 317
416 317
436 317
441 317
472 317
7 318
66 318
212 318
224 318
267 318
418 318
342 319
115 320
197 320
404 320
437 320
353 321
401 321
329 322
386 322
190 323
281 323
390 323
429 323
136 324
187 324
257 324
261 324
415 324
245 325
69 326
101 326
137 326
144 326
155 326
167 326
187 326
213 326
226 326
236 326
243 326
299 326
378 326
458 326
34 327
205 327
108 328
272 328
312 328
52 329
429 329
90 330
84 331
265 331
387 331
121 332
180 332
23 333
73 333
78 333
140 333
145 333
168 334
479 334
11 335
269 335
343 335
351 335
372 335
447 335
99 336
168 336
288 336
346 336
92 337
173 337
304 337
383 337
236 338
73 339
153 339
175 339
192 339
224 339
69 340
360 340
381 340
458 340
152 341
255 341
341 341
69 342
91 342
115 343
60 344
108 344
268 344
465 344
36 345
208 345
359 345
261 346
376 346
409 346
281 347
390 347
415 347
152 348
232 348
368 348
28 349
127 349
172 349
293 349
431 350
151 351
277 351
304 351
402 351
186 352
394 352
18 353
98 353
100 353
267 353
316 353
396 353
401 353
425 353
444 353
88 354
321 354
11 355
46 355
69 355
125 355
164 355
231 355
191 356
384 356
393 356
180 357
470 357
124 358
151 358
251 358
417 358
3 360
182 360
209 360
288 360
364 360
369 360
384 360
435 360
387 361
407 361
65 362
79 362
116 362
260 362
245 363
464 363
192 364
34 365
92 365
109 365
281 365
162 366
419 366
28 367
42 367
72 367
378 367
404 367
472 367
94 368
135 368
178 368
275 368
323 368
372 368
373 368
24 369
57 369
288 369
310 369
330 369
215 370
416 370
449 370
282 371
304 371
53 372
213 372
388 372
407 372
71 373
236 373
275 373
405 373
426 373
317 374
391 374
433 374
188 375
294 375
72 377
206 377
227 377
233 377
257 377
217 378
247 378
408 378
41 379
68 379
153 379
427 379
159 380
30 381
35 381
126 381
470 381
66 382
169 382
218 382
267 382
350 382
400 382
431 382
99 383
134 384
281 384
323 384
343 384
367 384
376 384
430 384
439 384
22 385
55 385
118 385
240 385
445 385
89 386
260 386
394 386
214 387
316 388
439 388
191 389
266 389
340 389
402 389
454 389
11 390
216 390
258 390
297 390
75 391
307 391
405 391
425 391
233 392
285 392
314 392
332 392
132 393
250 393
267 393
40 394
339 394
466 394
51 395
171 395
300 395
122 396
155 396
337 396
434 396
99 397
240 397
265 397
325 397
403 397
410 397
208 398
215 398
275 398
362 398
425 398
217 399
282 399
352 399
445 399
29 400
60 400
95 400
212 400
276 400
319 400
188 401
404 401
407 401
452 401
70 402
177 402
222 402
101 403
118 403
226 403
278 403
98 404
144 404
248 404
309 404
456 404
20 405
177 405
229 405
302 405
118 406
181 406
237 406
360 406
386 406
415 406
15 407
96 407
169 407
288 407
462 407
258 408
283 408
308 408
320 408
274 409
329 409
474 409
370 410
77 411
193 411
40 412
159 412
293 412
401 412
447 412
42 413
75 414
255 414
343 414
423 414
35 416
93 416
362 416
382 416
29 417
198 417
355 417
77 420
160 420
209 420
70 421
100 421
188 421
403 421
465 421
62 422
368 422
50 423
65 423
77 423
139 423
442 423
67 424
70 424
169 424
191 424
283 424
316 424
156 425
290 425
328 425
477 425
43 426
202 426
81 427
420 427
228 428
234 428
252 428
382 428
89 429
360 429
406 430
189 431
262 431
340 431
77 432
296 432
460 432
188 433
194 433
211 433
262 433
285 433
435 433
46 434
423 434
67 435
421 435
59 436
100 436
159 436
218 436
269 436
355 436
396 436
116 437
157 437
212 437
295 437
367 437
419 437
27 438
137 438
146 438
447 438
471 438
264 439
225 441
249 441
324 441
333 441
344 441
374 441
440 441
316 442
349 442
285 443
289 443
353 443
216 444
394 444
144 445
402 445
157 446
93 447
122 447
139 447
37 448
6 449
70 449
364 449
445 449
116 450
270 450
185 451
193 451
250 451
432 451
238 452
352 452
174 453
334 453
28 454
226 455
296 455
316 455
423 455
109 456
127 456
290 456
217 457
345 457
347 457
115 458
127 458
85 459
209 459
411 459
20 461
48 461
384 461
415 461
443 461
197 462
342 462
357 462
431 462
158 463
263 463
387 463
68 464
248 464
137 465
187 465
239 465
269 465
15 466
151 466
322 466
438 466
39 467
141 467
285 468
293 468
456 468
223 469
411 469
54 470
172 470
289 470
330 470
337 470
345 470
430 471
334 472
2 473
105 473
324 473
154 474
75 475
141 475
184 475
256 475
401 475
25 476
68 476
102 476
109 476
362 476
407 476
197 477
290 477
351 477
473 477
336 478
60 479
99 479
156 479
159 479
246 479
326 479
380 479
57 480
332 480
352 480
377 480
450 480
16 482
143 482
360 482
229 483
422 483
299 484
425 484
436 484
457 484
440 485
108 486
58 487
64 487
125 487
215 487
248 487
279 487
342 487
385 487
45 488
301 488
190 489
362 489
417 489
443 490
367 491
88 492
96 492
325 492
346 492
233 493
394 493
438 494
472 494
89 495
138 495
153 495
318 495
406 495
147 497
301 497
318 498
166 499
186 499
194 499
352 499
414 499
40 500
113 500
235 500
297 500
458 500
198 501
379 501
54 502
52 503
61 503
275 503
310 503
11 504
285 504
287 504
361 504
404 504
416 504
162 505
135 506
152 506
58 507
106 507
334 507
226 508
342 508
417 508
245 509
117 510
208 510
328 510
210 511
313 511
426 511
470 511
135 512
143 512
168 512
177 512
233 512
344 512
50 513
68 513
154 513
209 513
229 513
425 513
112 514
129 514
172 514
175 514
451 514
45 515
438 515
231 516
398 516
344 517
150 518
86 520
176 520
205 520
315 520
405 520
221 521
156 522
161 522
210 522
216 522
229 522
305 522
340 522
76 523
104 523
263 524
272 524
392 524
438 524
168 525
218 525
152 526
375 526
97 527
259 527
353 527
147 528
237 528
47 530
375 530
447 530
328 531
116 532
426 532
88 533
244 533
474 533
304 534
111 535
141 535
145 535
193 535
295 535
54 536
202 537
219 537
364 537
438 537
305 538
367 538
458 538
56 539
341 539
129 540
139 540
271 540
50 541
24 542
60 542
223 542
262 542
374 542
121 543
126 543
351 543
96 544
420 544
65 545
220 545
254 545
405 545
442 545
249 546
467 546
74 547
79 547
92 547
356 547
160 548
322 548
115 549
369 549
38 550
86 550
183 550
328 550
387 550
394 550
429 551
473 551
239 552
133 553
200 553
393 553
155 554
225 554
274 554
127 555
366 555
397 555
411 555
434 555
100 556
295 556
339 556
379 556
455 556
235 557
300 557
365 557
145 558
204 558
251 558
285 558
387 558
169 559
232 559
288 559
439 559
226 560
27 561
45 561
112 561
133 561
244 561
291 561
310 561
151 562
227 562
373 562
262 563
83 564
230 564
98 565
115 565
400 565
407 565
105 566
163 566
170 566
187 566
320 566
349 566
468 566
98 567
100 567
118 567
238 567
447 568
260 569
326 569
345 569
239 570
397 570
424 570
209 571
356 571
366 571
371 571
89 572
225 572
72 574
323 574
476 574
140 575
384 575
279 576
418 576
420 576
457 576
232 577
51 578
63 578
212 578
369 578
33 579
192 579
200 579
335 579
415 579
47 580
59 580
206 580
315 580
328 580
344 581
359 581
366 581
427 581
79 582
98 582
183 582
198 582
440 582
444 582
48 583
94 583
205 583
269 583
367 583
381 583
247 584
317 584
288 585
300 585
374 585
415 585
55 586
357 586
419 586
349 587
400 587
391 588
393 588
190 589
470 589
197 590
257 590
52 591
156 591
313 592
322 592
335 592
354 592
52 593
184 593
194 593
263 593
295 593
376 593
399 593
164 594
203 594
452 594
87 595
178 595
299 595
306 595
58 596
84 596
126 596
151 596
160 596
196 596
389 596
35 597
45 597
144 597
149 597
241 597
374 597
48 598
136 598
87 599
233 599
9 600
478 600
18 601
94 601
330 601
337 601
153 602
72 603
187 603
211 604
136 605
198 605
320 605
166 606
392 606
410 606
427 606
43 607
228 607
148 608
304 608
462 608
257 609
81 610
117 610
240 610
374 610
181 611
226 611
130 612
11 613
160 613
446 613
59 614
340 614
358 614
468 614
254 615
318 615
347 615
72 616
144 616
412 616
122 618
392 618
107 619
252 619
297 619
269 620
155 621
167 621
433 621
370 622
304 623
2 624
47 624
207 624
220 624
193 625
251 625
268 625
364 625
390 625
283 626
452 626
64 627
462 627
97 628
204 628
358 628
416 628
314 629
177 630
297 630
127 631
135 631
40 632
77 632
150 632
219 632
250 632
268 632
288 632
332 632
12 633
57 633
163 633
385 633
188 636
409 636
235 637
374 637
431 637
452 637
