269 4
203 5
363 5
325 6
139 7
159 7
189 7
216 7
289 8
122 9
173 9
228 9
392 9
332 10
102 11
436 11
469 11
302 14
352 14
318 18
406 18
179 19
167 20
194 20
210 21
144 22
232 22
290 22
452 22
131 23
250 23
374 23
109 24
261 25
91 27
301 28
429 28
281 29
351 30
395 30
146 32
314 32
163 33
176 33
188 34
473 34
132 35
201 35
212 35
366 35
441 35
228 36
252 36
326 36
409 36
119 38
102 39
269 39
385 40
91 41
132 41
223 41
296 43
359 43
421 43
452 43
151 44
323 44
187 45
362 45
402 45
376 46
137 47
245 47
360 47
373 47
417 47
209 48
358 48
314 49
463 49
112 50
219 50
402 50
217 51
266 51
360 51
404 51
100 52
284 52
425 53
404 54
374 55
125 56
449 56
160 57
194 57
144 58
252 58
298 58
384 58
390 59
392 59
132 60
155 60
190 60
240 60
285 60
404 60
318 61
137 62
342 62
437 62
127 63
331 63
378 63
424 63
167 64
305 64
335 64
366 64
415 64
438 64
133 65
286 65
107 66
236 66
189 67
253 67
90 68
271 68
364 68
462 69
298 70
322 72
180 73
291 73
399 73
336 74
386 74
427 74
222 75
298 75
203 76
238 76
298 76
370 76
384 76
420 76
189 78
450 78
164 79
227 79
332 79
129 80
185 80
201 80
248 80
287 80
308 80
112 81
353 81
91 82
166 83
171 83
270 83
307 83
406 83
238 85
308 85
329 85
164 86
283 86
71 87
159 87
177 87
295 87
389 87
433 87
213 88
465 89
365 90
123 91
302 92
164 93
256 93
278 93
209 94
239 94
252 94
343 94
380 94
446 94
107 95
216 95
227 95
264 95
273 95
276 95
421 95
219 96
267 97
88 98
214 98
229 99
400 100
478 100
198 101
214 101
155 103
217 103
219 103
458 103
200 104
410 104
437 104
146 105
222 105
285 105
299 105
68 106
122 106
134 106
276 106
334 106
362 106
110 107
181 108
198 109
314 110
392 110
96 111
183 112
340 112
422 112
196 113
228 113
265 113
446 113
352 114
471 114
76 115
322 115
228 116
377 116
147 117
260 117
306 117
115 119
405 119
206 120
319 120
128 121
189 121
61 122
220 122
323 122
427 122
457 122
95 123
176 123
343 123
85 124
436 124
295 125
367 126
392 126
402 126
416 126
305 127
336 127
428 127
154 128
196 128
253 128
90 129
444 129
76 130
271 130
315 130
402 130
190 131
342 131
428 131
131 132
59 133
283 133
429 133
211 134
381 134
474 134
174 135
171 137
237 137
222 138
232 138
296 138
194 139
250 139
352 139
366 139
78 140
88 140
339 140
224 141
353 141
457 141
227 142
261 142
313 142
111 143
206 143
328 143
156 144
166 144
324 144
276 145
438 145
60 146
145 146
393 146
132 147
199 147
332 147
378 147
172 148
217 148
222 148
201 149
322 149
336 149
407 149
466 149
292 150
417 151
252 152
171 153
176 153
213 153
308 153
263 154
407 154
209 155
213 155
158 156
181 156
345 156
454 156
71 157
120 157
279 158
215 159
322 159
196 160
333 160
342 160
390 160
135 161
271 161
96 162
182 162
230 162
417 162
246 163
290 163
404 163
238 164
69 165
122 166
240 166
301 166
165 167
258 167
280 167
389 167
440 167
400 168
414 168
445 168
245 169
391 169
148 170
314 170
324 170
52 171
321 171
135 172
236 172
262 172
346 172
472 172
201 173
281 173
438 173
74 174
214 174
355 174
406 174
209 175
249 175
243 176
217 177
421 177
456 177
198 178
61 179
187 179
245 179
154 180
175 180
230 180
300 180
166 181
227 181
265 181
383 181
388 181
426 181
139 182
237 183
255 183
257 183
375 183
384 183
401 184
439 184
41 185
94 185
127 185
403 185
218 186
320 186
463 186
271 187
353 187
266 188
359 188
72 189
97 189
212 189
439 189
114 190
209 190
291 190
398 190
419 190
108 191
190 191
252 191
247 192
91 193
94 193
350 193
359 193
178 194
205 194
414 194
472 194
143 195
250 195
272 195
347 195
102 196
305 196
54 197
106 197
165 197
371 197
416 197
454 197
267 198
380 198
205 199
128 200
318 200
305 201
320 201
348 201
438 202
441 202
145 203
206 203
325 204
461 204
42 206
188 206
230 206
400 206
204 207
83 208
104 208
280 208
450 208
292 209
438 209
64 210
295 210
360 210
300 211
342 211
170 212
411 212
92 213
158 214
415 214
419 214
55 215
94 215
200 216
320 216
325 216
282 217
208 218
374 218
216 220
295 220
81 221
181 221
214 221
287 221
354 221
380 221
423 221
43 222
94 222
231 222
73 223
227 223
312 223
432 224
476 224
266 225
443 225
239 226
399 226
164 227
263 227
340 227
136 228
290 228
398 228
316 229
371 229
121 230
149 230
234 230
275 230
186 231
322 231
56 232
83 232
448 232
96 233
148 233
233 233
243 233
270 233
272 233
313 233
80 235
372 235
285 236
297 236
30 237
122 237
228 237
404 237
468 238
81 239
147 239
160 239
187 239
208 239
356 239
47 240
337 240
143 241
151 241
229 241
406 241
413 241
101 242
274 243
66 244
152 245
197 246
295 246
38 247
322 247
406 248
459 248
185 249
387 249
81 250
189 250
336 250
436 250
59 251
444 251
398 252
221 253
255 253
309 253
332 253
133 255
271 255
323 255
412 255
435 255
48 256
139 256
172 256
174 256
222 256
355 256
77 257
106 258
116 258
196 258
281 258
320 258
329 258
403 258
24 259
81 261
103 261
158 261
165 261
114 263
205 263
454 263
313 264
316 264
472 264
136 265
182 265
422 265
53 266
363 266
34 267
89 267
133 267
159 267
333 267
242 268
255 268
375 268
419 268
67 269
137 270
193 270
219 270
263 271
114 272
203 272
220 273
166 274
334 274
42 275
226 275
277 275
317 275
433 275
446 275
21 276
87 276
159 276
300 276
80 277
316 277
401 277
465 277
141 278
195 278
59 279
170 279
150 280
286 280
299 280
428 280
414 281
142 282
227 282
244 282
310 282
34 283
118 283
156 283
203 283
294 283
338 283
375 283
387 283
230 284
448 284
219 285
313 285
396 285
145 286
197 286
199 286
206 286
238 286
341 286
286 287
293 287
339 287
359 287
362 287
92 288
317 288
332 288
72 289
280 289
343 289
140 290
216 290
304 290
126 291
164 291
323 291
402 291
148 292
167 292
191 292
356 292
365 292
48 293
138 293
456 293
22 294
270 294
104 295
159 295
314 295
365 295
472 295
66 296
151 296
279 296
247 297
352 297
364 297
393 297
157 298
291 298
303 298
38 299
349 299
404 299
256 300
264 300
430 300
192 301
289 301
424 301
58 302
436 302
144 303
378 303
98 304
123 305
275 305
303 305
324 305
330 305
114 306
351 306
402 306
424 306
35 307
179 307
340 307
374 307
445 307
154 308
259 308
268 308
359 308
465 308
76 309
145 309
438 309
246 311
399 311
433 311
27 312
171 312
186 312
188 312
302 312
375 312
412 312
91 313
256 313
429 313
212 314
319 314
370 314
396 314
50 315
159 315
257 315
377 316
386 316
107 317
233 317
310 317
145 318
148 318
240 318
70 319
192 319
293 319
379 319
121 320
238 320
276 320
291 320
145 321
432 321
454 321
23 322
96 322
420 322
271 323
382 323
212 324
295 324
390 324
438 324
151 325
154 325
365 325
472 325
67 326
197 326
204 326
338 326
349 327
408 327
206 329
260 329
40 330
134 330
162 330
225 330
246 330
63 331
179 331
340 331
439 331
50 332
154 332
327 332
425 332
442 332
18 333
81 333
220 333
242 333
259 333
294 333
321 333
367 333
395 333
459 333
51 334
218 334
476 334
48 335
88 335
265 335
209 336
367 336
389 336
67 337
139 337
237 337
317 337
350 337
386 337
430 337
230 338
237 339
289 339
295 340
376 340
120 341
341 341
346 341
352 341
392 341
11 343
149 343
191 343
243 343
311 343
366 343
461 343
34 344
129 344
177 344
308 344
479 345
221 346
254 346
447 346
279 348
399 348
240 349
340 350
136 351
220 351
282 351
394 351
425 351
436 351
307 352
328 352
423 352
202 353
259 353
296 353
334 353
63 354
66 354
106 354
177 354
267 354
384 354
468 354
83 355
202 355
213 355
323 355
332 355
224 356
238 356
28 357
202 357
259 357
362 357
51 358
310 358
316 358
320 358
348 358
449 358
52 359
324 359
123 360
156 360
194 360
89 361
117 361
140 361
425 361
404 362
59 363
166 363
190 363
260 363
101 364
157 364
230 364
238 364
392 365
83 366
151 367
216 367
437 367
472 367
62 368
198 368
219 368
331 368
416 368
181 369
370 369
376 369
20 370
98 370
192 370
222 370
275 370
294 370
37 371
273 371
352 371
81 372
259 372
147 374
196 374
367 374
455 375
478 375
378 376
398 376
406 377
58 378
117 378
190 378
203 378
427 378
94 379
342 379
399 379
164 380
354 380
121 381
79 382
116 382
227 382
244 382
279 382
366 382
247 383
439 383
153 384
301 384
375 384
37 385
114 386
247 386
322 386
472 386
15 387
72 387
129 387
250 387
306 387
312 387
432 387
439 387
428 388
186 389
353 389
83 391
206 391
209 391
320 391
410 391
126 392
156 392
99 393
153 393
220 393
462 393
334 394
412 394
77 395
190 395
390 395
263 396
438 396
136 397
172 397
224 397
346 397
477 397
36 398
68 398
81 398
167 398
179 398
311 398
118 399
404 399
420 399
399 400
51 401
57 402
200 402
220 402
228 402
321 402
330 402
59 403
231 403
77 404
450 404
37 405
333 405
427 405
193 406
220 406
307 406
377 406
125 407
163 407
263 407
291 407
152 408
429 408
291 409
97 410
168 410
243 410
274 410
426 410
117 411
209 411
297 411
469 411
435 412
437 412
179 413
323 413
404 413
72 414
158 414
219 414
50 415
17 416
66 416
123 416
179 416
293 416
429 416
38 417
42 417
181 417
389 417
416 417
372 419
457 419
282 420
426 420
232 421
238 421
303 421
316 421
403 421
479 421
99 422
54 424
219 424
220 424
353 424
323 425
329 425
271 426
56 427
118 427
257 428
19 429
40 429
80 429
180 429
386 429
439 429
461 429
58 430
76 430
173 430
325 430
350 430
134 431
306 431
357 431
368 431
440 431
289 432
443 432
167 433
101 434
140 434
192 434
422 434
202 435
301 435
133 436
220 436
288 437
384 437
411 437
435 437
70 438
77 438
211 438
291 438
39 439
130 439
339 439
142 441
231 441
479 441
242 442
266 442
426 442
83 443
435 443
21 444
63 444
173 444
180 444
146 445
104 446
338 446
346 446
397 446
178 447
467 447
426 448
180 449
260 449
352 449
252 450
328 450
426 450
43 451
353 451
441 452
160 453
223 453
313 453
374 453
154 454
183 454
124 455
169 455
227 455
301 455
345 455
88 456
356 456
359 456
25 457
106 457
123 457
155 457
323 457
391 458
418 458
69 459
277 459
248 460
356 460
287 461
406 461
48 462
455 462
157 463
407 464
340 465
442 465
93 467
191 467
343 467
409 467
251 468
328 468
367 468
471 468
31 469
123 469
350 469
383 469
183 470
236 470
233 471
348 471
74 472
157 472
195 472
423 472
427 472
131 473
149 473
239 473
264 473
314 473
327 473
116 474
185 474
342 474
349 474
360 474
428 474
328 475
306 476
54 477
123 477
178 477
268 477
259 478
358 478
435 478
239 479
326 479
353 479
377 479
135 480
215 480
353 480
474 480
36 481
114 481
249 481
275 481
373 481
456 481
310 482
333 482
407 482
81 483
215 483
386 483
141 484
167 485
286 485
192 487
107 488
65 489
231 489
283 489
241 490
285 490
42 491
108 491
290 491
342 491
123 492
392 492
433 492
201 493
271 493
366 493
478 493
108 494
378 494
96 495
114 495
195 495
292 495
312 495
376 495
383 495
439 495
456 495
173 496
254 496
392 496
179 497
197 498
211 498
160 499
428 499
53 500
111 500
197 501
384 502
417 502
127 503
333 503
162 504
228 504
461 504
75 505
173 505
306 505
320 505
255 506
367 506
409 506
354 507
352 508
57 509
121 509
160 509
341 509
430 509
142 510
201 510
344 511
378 511
372 512
424 512
427 512
130 513
133 513
289 513
347 513
82 514
146 514
151 514
293 514
374 514
444 514
284 515
353 515
180 516
461 516
62 517
154 517
219 517
285 517
355 517
194 518
236 518
298 518
108 520
250 520
204 521
280 521
446 521
239 522
305 522
245 523
270 523
369 523
114 524
242 524
213 525
219 526
327 526
385 526
422 526
211 527
73 528
288 528
392 528
458 528
96 529
121 530
144 530
230 530
347 530
367 530
383 531
395 531
178 532
210 533
192 534
367 534
414 534
438 534
103 535
313 535
246 537
83 538
129 539
192 539
156 540
277 540
365 540
196 541
382 541
451 541
287 542
329 542
353 543
364 543
405 543
114 546
140 546
251 546
387 547
167 548
193 548
370 548
95 549
260 549
314 549
242 550
269 550
335 551
434 551
251 552
300 552
363 552
125 553
155 553
190 554
258 554
221 555
272 555
285 555
106 557
355 557
367 557
411 558
207 559
240 559
383 559
245 560
271 560
381 561
142 562
302 562
188 564
400 564
339 566
242 567
175 568
260 568
279 568
322 569
226 570
415 570
158 571
193 572
307 572
357 573
379 574
137 575
402 575
176 578
209 578
262 580
334 580
231 582
373 586
308 587
350 589
204 590
220 591
335 592
243 593
266 594
282 594
314 596
359 600
330 604
253 606
288 606
