212 79
156 86
172 89
252 89
191 91
204 91
214 94
268 94
231 99
146 100
125 102
159 102
172 103
292 103
250 104
188 106
95 109
197 109
265 109
213 112
313 112
229 114
280 115
159 118
139 119
243 119
333 119
123 120
370 120
252 121
193 122
239 122
264 122
185 123
259 123
106 124
266 124
272 124
94 125
201 125
206 125
297 125
339 125
161 126
228 126
381 126
177 129
309 129
351 129
70 131
190 134
246 134
266 135
367 136
153 137
194 137
217 137
264 137
288 137
137 138
181 138
329 138
122 139
108 140
209 141
213 142
252 143
91 144
264 144
338 144
385 144
276 145
78 146
199 146
308 147
346 147
267 149
286 149
388 149
352 150
357 150
60 151
400 152
155 153
127 154
142 154
228 155
109 156
280 156
258 157
369 157
185 158
328 158
40 160
94 160
220 160
81 163
161 163
384 163
418 163
143 164
188 164
141 165
225 165
276 165
63 167
138 167
280 167
237 168
137 169
143 169
283 169
304 169
343 169
159 170
171 170
330 170
399 170
126 171
329 172
49 173
104 173
293 175
367 176
88 178
256 178
305 178
269 179
310 179
340 179
29 180
148 180
259 180
298 180
328 180
380 180
416 180
183 181
269 181
346 181
202 182
71 183
151 183
156 183
172 183
218 183
310 183
147 184
284 184
264 185
192 186
283 186
294 186
296 186
231 187
254 187
303 187
430 187
135 188
312 188
183 189
328 190
109 191
303 191
403 191
253 192
307 192
41 193
375 193
96 194
76 196
155 196
132 197
202 197
194 198
278 198
386 198
63 199
168 199
218 199
360 199
231 200
95 201
158 201
370 201
23 202
334 202
427 202
154 203
276 203
297 203
353 203
170 204
51 205
228 205
230 205
8 206
86 206
125 206
377 207
405 207
183 209
341 209
92 210
157 210
178 210
443 210
74 211
86 211
287 211
306 211
411 211
184 212
101 213
213 213
225 213
255 213
33 214
370 214
115 215
337 215
421 215
61 216
288 216
127 217
143 217
237 217
274 217
381 217
182 218
224 218
337 218
18 219
240 219
52 220
291 220
90 222
232 222
402 222
85 223
267 224
391 224
278 225
104 226
109 226
130 226
157 226
185 226
233 226
393 226
412 226
442 226
72 227
120 227
143 227
181 227
255 227
388 228
447 228
126 229
189 229
239 229
113 230
233 230
298 231
190 232
23 233
124 233
381 233
93 234
118 234
142 234
216 234
314 234
426 234
139 235
203 235
206 235
337 235
345 236
48 237
248 238
75 240
393 240
438 240
146 241
175 241
229 241
411 241
4 242
252 242
279 242
291 242
31 243
228 243
309 243
75 244
128 244
202 244
305 244
386 244
449 245
327 246
44 247
206 247
421 247
52 248
428 249
18 250
83 250
90 250
239 250
92 251
281 251
314 251
94 252
361 252
381 252
166 253
185 253
200 253
216 253
259 254
273 256
290 256
313 256
396 256
318 257
351 257
5 258
105 258
288 260
371 260
419 260
79 261
329 261
445 261
42 262
169 262
201 262
239 262
118 263
152 263
159 263
223 263
424 263
65 264
120 264
182 264
138 265
249 265
315 265
127 266
202 266
25 267
265 267
41 268
101 268
342 268
137 269
150 269
289 269
438 270
12 271
121 271
223 272
245 272
284 272
408 272
43 273
88 273
308 274
397 274
40 275
176 276
193 276
258 276
413 276
160 277
119 278
332 278
360 278
376 278
100 279
131 279
221 279
288 279
298 280
60 281
239 281
387 281
119 282
186 282
237 282
273 282
306 282
310 282
267 283
349 283
159 284
188 284
220 284
262 284
281 284
324 284
353 284
432 284
58 285
89 285
286 285
193 286
102 287
169 287
186 287
280 287
343 287
16 288
99 288
112 288
125 288
159 289
218 290
278 290
299 290
309 290
407 290
242 291
38 292
223 292
316 292
328 292
212 293
201 294
274 294
120 295
123 295
125 295
243 295
2 296
149 296
257 296
339 296
144 297
235 297
52 298
364 298
245 299
390 299
425 299
115 300
24 301
47 302
77 302
84 302
162 302
86 303
156 303
224 303
225 303
50 304
130 304
209 304
221 304
311 304
393 304
403 304
234 305
282 305
141 306
378 306
440 306
39 307
90 307
254 307
13 308
100 308
107 308
124 308
163 308
248 308
287 308
293 308
105 309
322 309
205 311
439 311
155 312
341 312
2 313
27 313
415 313
445 313
41 314
86 314
182 314
212 314
48 315
81 315
118 315
259 315
168 316
175 316
261 316
74 317
118 317
279 317
285 317
288 317
294 317
49 318
68 318
39 319
196 319
246 319
330 319
395 319
16 320
290 320
427 320
94 321
164 321
148 322
255 322
405 322
114 323
110 324
172 324
265 325
91 326
24 327
139 327
217 327
395 327
55 328
76 328
57 329
116 329
164 329
345 329
363 329
439 329
139 330
233 330
7 331
396 331
100 332
116 332
49 333
69 333
84 333
422 333
61 334
111 334
321 334
396 334
325 335
153 336
324 336
48 337
53 337
156 337
211 337
239 337
30 338
114 338
266 338
143 339
167 339
171 339
174 339
185 339
207 339
234 339
314 339
88 340
329 341
391 341
167 342
311 342
364 342
130 343
279 343
432 343
84 344
149 344
412 344
183 345
244 345
17 346
64 346
156 346
210 346
356 347
290 348
371 348
259 350
287 350
311 350
151 351
36 352
100 352
301 352
168 353
299 353
356 353
389 353
117 354
298 355
305 355
354 355
87 356
274 357
348 357
350 357
425 357
28 358
77 358
242 358
145 360
322 360
405 360
89 361
264 361
448 361
79 362
378 362
151 363
194 363
54 364
94 364
115 364
180 364
432 364
304 365
375 366
347 367
18 368
163 368
339 368
325 369
119 370
219 370
418 370
66 371
72 371
305 371
350 371
442 371
59 372
245 372
111 373
374 373
118 374
156 374
244 374
29 375
84 375
290 375
152 376
188 376
309 376
393 376
222 378
181 379
207 379
235 379
397 379
89 380
257 380
357 380
122 381
316 382
173 383
253 383
352 383
69 384
73 384
105 384
368 384
410 384
211 385
374 385
389 385
432 385
164 386
284 386
288 386
385 386
223 387
235 387
246 387
32 388
105 388
219 388
231 388
281 388
198 389
202 389
84 390
441 390
11 391
114 391
150 391
250 391
336 391
343 391
374 391
69 392
147 392
320 392
41 393
186 393
282 393
303 393
343 393
315 394
333 394
49 395
99 395
112 395
131 395
241 396
251 396
364 396
52 397
109 397
221 397
255 397
379 397
420 398
172 399
62 400
116 400
227 400
331 400
83 401
222 401
281 401
183 402
203 402
393 402
17 403
39 403
120 404
124 405
149 405
170 405
177 405
347 405
359 405
428 405
228 406
240 406
386 406
393 406
224 407
353 407
150 408
159 409
247 409
266 410
269 410
318 410
252 411
289 411
361 411
406 411
9 412
72 412
97 412
161 412
252 412
273 412
306 412
200 413
432 413
28 414
153 414
227 414
230 415
208 416
248 417
312 417
361 418
386 418
119 419
125 419
211 419
411 420
57 421
90 421
235 421
330 421
48 422
416 422
73 423
126 423
187 423
43 424
123 424
171 424
253 424
361 424
393 424
47 425
347 425
263 426
320 426
392 426
441 426
180 427
198 427
282 427
13 428
154 428
212 428
333 428
51 429
108 429
396 430
333 431
419 431
144 432
50 434
143 435
172 435
341 435
394 435
138 436
356 436
364 436
100 437
263 437
196 438
192 439
293 439
275 441
165 442
286 442
299 442
361 442
89 443
190 443
214 443
104 444
333 444
386 444
408 444
126 445
181 445
128 446
170 446
174 447
143 448
382 448
126 449
118 450
243 451
246 451
30 452
132 452
82 453
212 453
398 453
338 454
170 455
200 455
303 455
311 455
334 455
419 455
187 456
48 457
178 457
189 457
320 457
383 457
50 458
310 458
404 458
97 459
136 459
366 459
271 460
340 460
308 461
9 462
108 462
264 462
40 463
76 464
344 464
147 465
201 465
290 465
136 466
279 466
426 466
232 467
171 468
161 469
375 469
127 470
216 470
278 470
362 470
173 471
298 472
371 472
242 474
264 474
43 475
288 475
155 476
367 476
88 477
181 477
238 477
277 477
160 478
126 479
53 480
203 480
259 480
267 480
272 480
276 480
432 480
167 481
236 482
68 483
143 483
249 483
419 483
70 484
100 484
160 484
88 486
289 486
394 486
96 487
128 487
223 487
275 487
122 488
184 488
317 488
82 489
10 490
163 490
399 490
47 491
55 491
292 491
389 491
123 492
158 492
253 492
403 492
260 493
111 494
120 494
298 494
390 494
274 495
340 495
426 495
55 496
152 497
238 498
314 498
338 498
155 499
342 499
7 500
231 500
335 500
24 501
116 502
186 502
78 503
163 503
282 503
153 505
361 505
122 506
145 506
372 507
61 508
147 508
205 508
272 508
330 508
359 508
222 509
99 510
322 510
419 511
148 512
288 512
373 512
21 513
217 513
187 514
290 514
359 515
38 516
406 516
326 517
95 518
120 518
286 518
349 518
356 518
97 519
165 519
225 520
336 520
278 521
357 522
95 523
207 523
231 523
256 523
316 523
57 524
61 524
159 524
112 525
120 525
345 525
419 525
44 526
110 526
202 526
216 526
366 526
19 527
395 528
143 529
52 530
201 532
72 533
100 533
138 533
37 534
42 534
336 534
408 534
307 536
124 537
168 537
257 537
80 538
309 538
248 539
72 540
156 540
193 541
206 541
270 541
129 542
228 542
245 542
16 543
146 543
35 544
175 544
202 544
285 544
304 544
84 545
90 545
108 545
396 545
149 546
153 546
158 546
73 547
143 548
169 548
299 549
49 550
109 550
117 550
341 550
106 551
322 551
379 551
157 552
257 552
101 553
210 553
323 553
345 553
45 554
119 554
284 554
294 554
311 554
89 555
121 555
173 555
291 555
15 556
201 556
263 556
106 557
116 558
124 558
305 558
35 559
331 559
344 559
392 559
229 560
322 560
286 561
330 563
360 563
112 564
157 564
200 564
300 564
82 565
406 565
270 567
173 568
177 568
238 568
235 569
376 569
39 570
62 570
268 570
118 571
341 571
99 572
201 572
307 572
211 573
277 573
294 574
311 575
354 575
386 575
87 576
98 576
162 576
222 576
116 577
214 577
41 578
159 578
300 578
155 579
139 580
364 580
63 581
82 581
225 581
323 581
113 583
136 583
196 583
216 583
45 584
151 585
283 585
266 587
114 588
339 588
229 589
254 590
70 591
299 591
378 591
81 592
150 592
157 592
360 592
265 593
75 594
32 595
239 595
130 596
135 596
147 596
185 596
193 596
85 597
228 597
286 597
107 599
143 599
146 599
179 601
244 601
153 602
334 602
58 603
288 604
185 605
132 606
213 606
83 607
220 608
258 608
348 608
361 608
298 609
190 611
321 612
110 613
226 613
231 614
89 615
137 615
68 617
276 618
53 619
167 621
199 621
295 622
243 623
98 625
123 625
149 625
304 626
178 627
325 627
335 628
78 629
208 629
218 630
261 631
155 632
186 634
283 636
198 637
62 638
134 638
111 639
