275 46
288 47
306 48
322 48
262 49
339 51
353 52
218 53
185 59
288 60
298 61
237 63
361 63
270 64
316 64
331 64
218 67
151 68
197 70
385 71
136 73
267 76
359 76
236 77
249 77
402 77
296 78
313 78
163 80
119 81
253 81
280 81
336 81
185 82
260 82
183 83
332 83
202 84
288 84
350 84
358 84
149 85
295 85
324 85
190 86
197 87
355 88
388 88
261 89
346 89
134 90
191 90
193 90
268 90
370 90
401 91
303 92
326 92
229 94
240 94
310 95
313 95
353 95
268 96
282 96
192 97
284 97
343 97
115 98
158 98
207 98
265 98
269 98
286 98
321 98
356 99
397 99
172 100
97 103
141 103
263 103
347 103
351 103
233 104
257 104
190 105
299 105
311 105
129 107
220 107
293 107
378 107
266 108
420 108
208 110
183 112
396 112
156 113
247 114
436 114
106 115
191 115
298 115
76 116
236 116
291 116
162 117
315 117
98 118
228 118
271 118
143 119
199 119
359 120
410 120
164 121
332 121
355 121
129 122
85 124
229 124
376 124
159 125
358 125
117 126
199 126
203 127
388 127
340 128
346 128
432 128
105 129
76 130
142 130
241 130
359 130
262 131
249 132
399 132
179 133
280 133
450 133
185 134
346 134
415 134
182 135
213 135
234 135
366 135
125 136
316 136
354 136
59 138
90 138
322 138
357 138
159 140
320 140
387 140
191 141
193 141
112 143
282 144
330 144
144 145
257 145
348 145
406 145
189 146
246 146
274 146
281 146
163 147
177 147
212 147
216 147
321 147
440 147
129 148
284 148
324 148
426 148
50 149
69 149
186 149
223 149
296 149
336 149
289 150
316 151
350 151
366 151
214 152
231 152
182 153
217 153
380 153
57 154
92 154
194 154
389 154
240 155
291 155
120 156
281 156
302 156
348 157
350 157
222 158
458 158
110 159
170 159
401 159
154 160
264 160
280 160
424 161
293 162
309 162
344 162
418 162
42 163
71 163
225 163
255 163
401 163
473 163
114 164
205 164
362 164
98 165
304 165
146 166
213 166
214 166
365 166
278 167
288 169
328 169
334 169
366 169
397 169
416 170
101 171
218 171
134 172
156 172
426 172
57 173
334 173
372 173
439 173
182 174
217 174
268 174
408 174
421 174
174 175
232 175
260 175
318 175
349 176
105 177
160 177
178 177
185 177
186 177
200 177
461 177
120 178
312 178
420 178
437 178
122 179
143 179
185 179
390 179
165 180
472 180
75 181
118 181
127 181
204 182
87 183
215 183
274 183
340 183
403 183
338 184
423 184
84 185
100 185
154 185
39 186
152 186
220 186
335 186
341 186
297 187
188 188
279 188
363 188
214 189
408 190
410 190
219 191
222 191
418 192
231 193
340 193
375 193
58 194
155 194
381 194
410 194
458 194
146 195
294 195
298 195
368 195
172 196
245 197
377 197
475 197
21 199
79 199
85 199
258 199
312 199
141 200
439 200
210 201
422 201
79 202
384 202
401 202
451 202
112 203
268 203
281 203
353 203
377 203
80 204
174 204
374 204
393 204
402 204
127 205
169 205
320 205
383 205
389 205
414 205
123 206
212 206
355 206
378 206
403 206
28 207
48 207
61 207
146 207
168 207
74 208
158 209
38 211
67 211
236 211
254 211
447 211
467 211
241 212
410 212
413 212
110 213
158 213
267 213
75 214
235 214
385 214
56 215
217 215
426 215
48 216
93 216
153 216
373 216
108 217
317 217
338 217
382 217
411 217
421 217
285 218
291 218
372 218
43 219
432 219
213 220
240 220
363 220
458 220
193 221
305 221
67 222
81 222
470 222
64 223
108 223
166 223
184 223
241 223
267 223
278 223
446 223
29 224
164 224
190 224
232 224
256 224
300 224
439 225
12 226
194 226
380 226
60 227
215 227
300 227
309 227
430 227
124 228
166 228
338 228
129 229
401 229
174 230
366 230
72 232
105 232
224 232
303 232
305 232
23 233
64 233
199 233
270 233
367 233
465 233
69 235
247 235
256 235
279 235
307 235
342 235
422 235
441 235
120 236
169 236
183 236
301 236
362 236
372 236
398 236
35 237
177 237
348 237
65 238
142 238
161 238
180 238
404 238
177 239
286 239
290 239
366 239
427 239
51 240
138 240
198 240
311 240
451 240
76 241
226 242
252 242
357 242
372 242
379 242
168 243
290 243
108 244
149 244
172 244
419 244
145 245
436 245
15 246
89 246
277 246
306 246
424 246
71 247
159 247
243 247
130 248
330 248
334 248
467 248
28 249
352 249
250 250
304 250
368 250
396 250
344 251
381 251
243 252
339 252
186 253
206 254
253 254
280 254
326 254
436 254
451 254
100 255
130 256
277 256
366 256
43 257
255 257
303 257
60 258
263 258
441 258
15 259
248 259
388 259
77 260
153 260
226 260
362 260
386 260
416 260
313 261
332 261
349 261
382 261
129 262
308 262
317 262
440 262
37 263
207 263
212 263
380 263
396 263
417 263
93 264
110 264
349 264
373 264
389 264
461 264
215 265
375 265
419 265
151 266
232 266
275 266
361 266
407 266
439 266
401 267
411 267
365 268
171 269
197 269
199 269
285 269
317 269
166 270
205 270
419 270
421 270
469 270
86 271
368 271
266 272
356 272
446 272
50 273
242 273
63 274
124 274
141 274
188 274
203 274
374 274
28 275
146 275
207 275
277 275
297 275
439 275
217 276
192 277
205 277
338 277
424 278
44 279
186 279
406 279
363 281
389 281
422 281
428 281
456 281
477 281
46 282
109 282
259 282
271 282
319 282
426 282
18 283
285 283
335 283
413 283
81 284
87 284
301 284
325 284
406 284
58 285
186 285
411 285
246 286
306 286
346 286
358 286
91 287
124 287
161 287
202 287
89 288
151 288
198 288
219 288
374 288
410 288
439 288
76 289
211 289
312 289
121 290
48 291
180 291
349 291
13 293
268 293
328 293
385 293
419 293
470 293
31 294
173 294
207 294
409 294
203 295
298 295
350 295
434 295
136 296
145 297
215 297
247 297
330 297
154 298
353 298
99 299
121 299
304 299
365 299
434 299
451 299
476 299
155 300
159 301
174 301
244 301
182 302
401 302
234 303
333 303
418 303
132 304
396 304
424 304
26 305
432 305
80 306
183 306
226 306
377 306
76 307
145 307
332 307
104 308
152 308
291 308
79 309
284 310
404 310
90 311
463 311
51 312
53 312
181 312
272 312
134 313
447 313
102 314
263 314
371 314
69 315
165 315
295 315
390 315
14 316
227 316
255 316
422 316
82 318
128 318
219 318
227 318
288 318
319 318
434 318
455 318
132 319
358 319
158 320
214 320
308 320
394 320
47 321
67 321
163 321
210 321
254 321
289 321
297 321
300 321
382 321
419 321
148 322
219 322
308 322
79 323
200 323
311 323
379 323
45 324
220 324
266 324
324 324
347 324
429 325
184 327
109 328
128 328
231 328
80 329
217 329
249 329
253 330
463 330
26 331
87 331
196 331
56 332
227 332
329 332
351 332
381 332
261 333
376 333
56 334
140 334
269 334
367 334
392 334
158 335
240 336
398 336
401 336
124 337
407 337
187 338
343 338
272 339
54 340
97 340
215 340
303 340
437 340
475 340
222 341
455 341
155 342
408 343
42 344
172 344
265 344
346 344
354 344
118 346
333 346
416 346
75 347
261 347
140 348
331 348
364 348
412 348
182 349
258 349
295 349
77 350
154 350
326 351
465 351
272 352
294 352
305 352
127 353
342 353
45 354
90 354
165 354
196 354
278 354
401 354
439 354
257 355
287 355
307 355
364 355
61 356
449 356
151 357
216 357
239 357
209 358
428 358
467 358
243 359
248 359
322 359
334 359
376 359
100 360
191 360
215 360
386 360
226 361
453 362
125 363
321 363
395 363
425 363
44 364
174 364
309 364
397 364
187 365
198 365
368 365
438 365
85 366
136 366
252 366
120 367
238 367
423 367
474 367
202 369
277 369
416 369
456 369
126 370
178 370
326 370
418 371
224 372
247 373
425 373
68 374
111 375
295 375
339 375
59 376
114 377
182 377
206 377
296 377
299 377
358 377
400 377
476 377
96 378
188 378
329 378
41 379
80 379
265 379
300 379
334 379
461 379
292 380
338 380
409 380
173 381
138 382
211 383
332 383
430 383
257 384
353 384
122 385
296 385
416 385
61 386
227 386
344 386
379 386
114 387
234 387
286 387
181 388
201 388
273 388
293 388
324 388
330 388
360 388
370 388
82 389
118 389
229 389
295 389
433 390
448 390
207 391
293 391
303 391
308 391
77 392
126 392
221 392
257 392
376 393
421 394
433 394
153 395
326 395
338 395
137 396
161 396
232 396
159 397
229 397
253 397
169 398
356 398
158 399
364 399
398 399
401 399
91 400
191 400
206 400
210 400
315 400
368 400
146 401
318 401
75 402
136 402
235 402
239 402
299 402
423 402
394 403
94 404
156 404
352 404
407 404
230 405
452 405
266 406
336 406
95 407
226 407
213 409
236 409
328 409
365 409
440 409
175 410
473 410
290 411
378 411
339 412
426 412
116 413
130 413
197 413
55 414
400 414
412 414
103 415
84 416
131 416
213 416
383 416
442 416
72 417
96 417
186 417
217 417
120 418
152 418
236 418
458 418
202 419
292 419
370 419
282 420
100 421
140 421
120 422
195 422
316 422
350 422
157 423
159 423
173 423
412 424
234 425
365 425
167 426
212 426
52 427
83 427
165 427
352 427
427 427
70 428
87 428
128 428
217 428
253 428
445 428
145 429
275 429
403 429
157 430
235 430
150 431
306 432
320 432
341 432
162 433
182 433
460 433
473 433
104 434
144 434
174 434
198 434
200 436
243 437
309 437
214 438
260 438
342 438
380 439
415 439
126 440
289 440
372 440
84 441
160 441
165 441
144 442
229 442
344 442
293 443
233 444
284 444
338 444
97 445
149 445
294 445
68 447
269 447
448 447
475 447
109 448
304 448
438 448
186 449
461 449
127 450
131 450
223 450
416 451
153 452
311 452
313 452
326 452
404 452
140 453
176 454
249 455
317 455
326 455
63 456
420 456
129 457
380 457
81 458
94 458
106 458
216 458
146 459
168 459
345 459
389 460
202 461
204 461
314 461
324 461
425 461
124 462
207 462
231 462
450 462
177 463
292 463
323 463
190 464
129 465
391 465
120 466
258 466
385 466
466 466
146 467
154 467
281 467
122 468
307 468
342 468
350 468
56 469
149 469
241 469
333 469
387 469
217 470
286 470
429 470
313 471
273 472
341 472
167 473
223 473
286 473
103 474
193 474
333 474
357 474
361 474
375 474
229 475
289 475
79 476
182 476
438 476
451 476
334 477
394 478
94 479
205 479
321 479
341 479
117 480
254 481
279 482
332 482
120 483
384 483
58 484
95 484
409 484
409 486
439 486
378 487
135 488
183 488
345 488
229 489
260 489
111 490
186 491
286 491
454 491
171 492
228 492
307 493
310 494
413 494
420 494
76 495
91 495
263 495
272 495
119 496
104 497
253 497
404 497
471 497
138 498
218 498
150 499
187 499
227 499
408 499
429 499
209 501
315 501
324 501
441 501
109 502
282 502
375 502
119 503
171 503
243 503
57 504
267 504
288 504
310 504
380 504
237 505
114 506
200 506
420 506
335 507
368 507
178 508
193 508
348 508
78 509
278 509
287 509
360 509
363 510
261 511
292 513
376 513
438 513
441 513
155 514
175 514
223 514
280 514
358 515
216 516
233 516
247 516
119 517
209 517
263 517
217 518
343 518
326 519
455 519
239 520
371 522
405 523
166 524
319 524
250 526
283 526
367 526
398 526
171 527
198 527
132 528
197 529
221 529
314 529
329 529
359 529
313 530
412 530
436 530
306 531
375 531
242 532
260 532
298 532
148 533
329 533
387 534
173 535
196 535
339 535
421 535
203 536
269 536
424 536
92 537
219 537
135 538
366 538
404 538
168 539
210 539
280 539
288 540
346 540
327 541
419 541
422 541
106 542
253 542
427 542
151 543
303 544
378 547
434 547
459 547
78 548
292 548
344 548
407 548
245 549
317 549
95 550
139 550
218 550
265 551
402 551
109 552
124 552
202 552
337 552
422 553
190 554
207 554
242 554
257 554
428 554
388 555
397 555
225 556
228 556
231 556
362 556
282 557
216 558
229 558
139 559
156 559
360 560
422 560
202 561
303 561
455 561
170 562
182 562
246 564
313 564
191 565
221 565
334 567
81 568
204 569
337 569
409 569
144 570
173 570
97 571
129 572
245 572
370 572
197 573
215 573
264 573
307 573
340 573
214 575
299 576
320 576
407 576
238 578
270 578
321 578
240 579
349 579
119 580
244 580
302 581
309 582
326 582
363 582
187 583
279 584
168 586
198 586
215 586
335 588
156 589
251 589
350 589
206 590
296 590
237 591
272 591
274 591
365 591
379 591
165 592
207 592
348 592
124 593
186 593
308 593
394 594
255 595
266 595
371 595
173 596
201 596
310 596
224 597
282 597
219 598
261 598
233 599
253 599
283 599
286 599
263 600
269 600
407 601
243 602
297 602
189 604
152 605
320 605
130 606
113 607
262 609
397 609
231 610
378 614
141 615
197 615
333 615
297 616
166 617
283 617
355 617
184 618
204 618
394 619
268 620
124 621
226 622
209 623
346 623
192 626
313 626
162 628
365 628
266 630
336 630
137 631
298 631
281 633
176 637
