205 1
466 1
474 2
134 3
275 3
415 4
159 5
232 5
405 5
191 6
340 6
349 7
367 7
434 7
120 8
264 8
379 8
395 8
450 9
325 10
216 11
109 12
179 12
248 12
309 12
292 14
140 15
412 17
472 18
273 20
335 21
222 22
342 22
350 22
370 22
384 22
429 22
189 23
313 24
394 24
451 24
119 25
153 25
214 25
253 25
181 27
306 27
292 28
468 28
143 29
238 29
408 29
202 30
275 32
427 32
478 32
133 34
228 34
318 34
333 34
350 34
368 35
440 36
96 37
156 37
261 37
383 37
217 38
396 38
186 40
288 40
120 41
242 41
314 41
175 42
409 42
124 43
432 43
463 43
159 45
268 45
396 46
422 46
303 47
139 48
425 48
150 49
156 50
180 50
232 50
146 51
354 51
371 51
407 51
351 52
449 52
361 53
399 53
240 54
310 54
328 54
459 54
126 55
275 55
304 55
94 56
294 56
375 56
141 57
364 57
474 57
160 58
202 58
260 58
340 58
88 59
112 59
163 59
305 59
320 59
323 59
402 59
405 59
283 60
300 60
409 60
249 61
156 62
172 62
366 62
443 62
106 63
185 63
222 64
306 64
192 65
312 65
316 65
369 65
178 66
218 66
434 66
206 67
363 67
459 67
139 68
269 68
294 68
301 68
439 69
226 70
321 70
402 70
85 71
233 71
302 71
181 72
256 72
382 72
475 72
152 73
196 73
110 74
424 74
439 74
245 75
306 75
392 75
438 75
194 77
221 77
319 77
414 77
355 78
419 78
453 78
275 80
331 80
179 81
220 81
238 81
305 81
439 81
470 82
218 83
262 83
426 83
200 84
64 85
265 85
303 85
375 85
196 86
275 86
294 86
325 86
120 87
121 87
163 87
171 87
200 87
290 87
365 87
387 87
394 87
409 87
298 88
114 89
176 89
200 89
203 89
328 89
221 90
350 90
312 93
363 93
141 94
179 94
280 94
347 94
407 94
118 95
266 95
311 95
456 95
180 96
383 96
385 96
317 97
247 98
279 98
344 98
374 98
409 98
470 98
101 99
75 100
134 100
157 100
208 100
235 100
168 101
418 101
423 101
113 102
252 102
334 102
337 102
94 103
172 104
235 104
128 105
333 105
335 105
350 105
427 105
85 106
110 106
121 106
279 106
283 106
408 106
411 106
446 106
64 107
219 107
221 107
93 108
101 108
149 108
216 108
233 108
273 108
420 109
458 109
227 110
254 110
292 110
410 110
109 111
137 111
233 111
404 111
54 112
96 112
217 112
258 112
302 112
467 112
372 113
397 113
250 114
264 114
303 114
202 115
253 115
356 115
432 115
102 116
171 116
249 116
320 116
336 116
269 117
366 117
396 117
425 117
104 118
157 118
243 118
378 118
416 118
190 119
354 119
428 119
82 120
249 120
451 120
117 121
130 121
313 121
360 121
197 122
396 122
118 123
137 123
200 123
286 123
297 123
388 123
170 124
255 124
392 125
469 125
104 126
107 126
187 126
410 126
58 127
143 127
365 127
133 128
204 128
274 128
327 128
337 128
419 128
438 129
97 130
108 130
212 130
385 130
371 131
395 132
70 133
154 133
189 133
251 133
337 133
375 133
458 133
205 134
342 134
197 135
208 135
328 135
148 136
312 136
84 138
209 138
229 138
290 138
337 138
365 138
433 138
442 139
126 140
234 140
258 140
82 141
133 141
408 141
107 142
116 142
209 142
237 142
462 142
40 143
61 143
147 143
220 143
232 143
398 143
415 143
474 143
261 144
75 145
209 145
342 145
127 146
201 146
214 146
357 146
425 146
94 147
203 147
260 148
93 149
100 149
129 149
138 149
177 149
138 150
220 150
283 150
342 150
172 151
234 151
242 151
439 151
258 152
296 152
314 152
454 152
357 153
404 153
144 154
149 154
183 154
322 154
388 154
114 155
216 155
394 155
43 156
90 157
129 157
181 157
330 157
64 158
86 158
275 158
321 158
419 158
81 159
150 159
468 159
159 160
277 160
80 161
117 161
326 161
418 161
100 162
370 162
211 164
278 164
282 164
298 164
310 164
426 164
139 165
269 165
416 165
46 166
75 166
108 166
251 166
357 166
398 167
83 168
448 168
93 169
186 169
335 170
439 170
95 171
338 171
171 172
265 172
64 173
120 173
150 173
222 173
247 173
282 173
378 173
397 173
460 173
295 174
439 175
89 176
95 176
312 176
400 176
144 177
473 177
82 178
213 178
337 178
411 178
426 179
116 180
118 180
240 180
267 180
245 181
258 181
265 181
356 181
379 181
86 182
364 182
57 183
265 183
444 183
163 184
176 184
294 184
74 185
170 185
230 185
339 185
363 185
400 185
419 185
453 185
38 186
101 186
203 186
332 186
405 186
198 188
309 188
343 188
49 189
132 189
251 189
359 189
396 189
148 190
246 190
253 190
414 190
440 190
352 192
431 192
467 192
113 193
216 193
440 193
23 194
146 194
242 194
395 194
380 195
394 195
184 196
299 196
347 196
356 196
115 197
262 197
292 197
339 197
354 197
476 197
174 198
207 198
256 198
384 198
441 198
141 199
180 199
187 199
313 199
62 200
112 200
123 200
230 200
383 200
143 201
281 201
385 201
438 201
311 202
453 202
258 203
37 204
148 204
331 204
404 204
436 204
14 205
115 205
122 205
288 205
415 205
197 206
325 206
127 207
214 207
247 207
308 207
85 208
96 208
166 208
209 208
214 208
313 208
466 208
283 209
399 209
421 209
56 210
73 210
79 210
177 210
213 210
290 210
374 210
94 211
121 211
300 211
302 211
360 211
329 212
175 213
180 213
236 213
271 213
384 213
172 214
416 214
429 214
475 214
66 215
107 215
130 215
238 215
326 215
166 216
184 216
230 216
262 216
359 216
24 217
369 217
57 218
59 218
91 218
126 218
359 218
69 219
71 219
133 219
299 219
438 219
450 219
83 220
339 220
87 221
251 221
335 221
428 221
98 222
154 222
289 222
305 222
50 223
152 223
350 223
378 223
15 224
245 225
291 225
405 225
471 225
63 226
77 226
217 226
200 227
278 227
310 227
458 227
163 228
188 228
270 229
282 229
343 229
388 229
410 229
47 230
479 230
260 231
339 231
350 231
34 232
105 232
139 232
193 232
445 232
168 233
231 233
281 233
330 233
405 233
428 233
230 234
294 234
439 234
468 234
50 235
76 235
191 235
222 235
285 235
426 235
52 236
139 236
319 237
376 237
410 237
26 238
205 238
436 238
78 239
224 239
248 239
296 239
298 239
320 239
349 239
353 240
357 240
402 240
47 241
81 241
113 241
187 241
358 241
455 241
154 242
202 242
273 242
382 242
311 243
117 244
248 245
264 245
415 245
71 246
94 246
141 246
235 246
436 246
86 247
364 247
77 248
79 248
321 248
391 248
41 249
153 249
216 249
285 250
464 250
59 251
63 251
100 251
120 251
292 251
444 251
9 252
102 252
196 252
373 252
405 253
329 254
425 254
68 255
149 255
212 255
229 255
249 255
310 255
322 255
476 255
41 256
87 256
279 256
299 256
355 256
48 257
123 257
395 257
452 257
126 258
163 258
44 259
133 259
280 259
416 259
432 259
30 260
74 260
134 260
267 260
41 261
104 261
190 261
268 261
314 261
382 261
44 262
89 262
138 262
240 262
462 262
54 263
207 263
258 263
104 264
162 264
174 264
361 264
23 265
224 265
280 265
350 265
45 267
59 267
65 267
99 267
134 267
159 267
265 267
268 267
299 267
402 267
440 267
471 267
18 268
148 268
341 268
319 269
423 269
53 270
285 270
388 270
280 271
79 272
95 272
110 272
334 272
138 273
187 273
478 273
147 274
205 274
254 274
344 274
411 274
459 274
39 275
131 275
276 275
304 275
328 275
373 275
6 276
67 276
172 276
235 276
241 276
330 276
465 277
74 278
322 278
431 278
84 279
101 279
109 279
331 279
390 279
30 280
86 280
130 280
137 280
169 280
204 280
255 280
405 280
66 281
173 281
420 281
55 282
200 282
249 282
450 282
286 283
331 283
436 283
54 284
78 284
323 285
377 285
470 285
27 286
163 286
312 286
106 287
339 287
189 288
317 288
122 289
244 289
360 289
148 290
316 290
394 290
106 291
155 291
176 291
269 291
299 291
329 291
430 291
458 291
478 291
152 293
381 293
413 293
93 294
216 294
21 295
203 295
296 295
305 295
361 295
179 296
445 296
319 297
360 297
96 298
105 298
201 298
246 298
312 298
381 298
55 299
251 299
302 299
138 300
144 300
269 300
195 301
203 301
400 301
433 301
387 303
467 303
35 304
63 304
311 304
320 304
78 305
228 305
246 305
318 305
365 305
328 306
376 306
125 307
208 307
472 307
271 308
87 309
100 309
122 309
234 309
361 309
455 309
348 310
64 311
180 311
275 311
438 311
68 312
76 312
96 312
288 312
82 313
174 313
25 314
77 314
298 314
121 315
155 315
226 315
407 315
52 316
100 316
85 317
163 317
205 317
222 317
227 317
301 317
61 318
182 318
294 318
391 318
461 318
315 319
319 319
379 319
423 319
479 319
16 320
259 320
362 320
446 321
135 322
227 323
273 323
279 323
406 323
437 323
100 324
265 324
365 324
375 324
463 324
75 326
83 326
245 326
263 326
376 326
52 327
102 327
190 327
214 327
275 327
356 327
387 327
398 327
436 327
36 328
48 329
104 329
186 329
243 329
357 329
362 329
429 329
175 330
337 330
4 331
89 331
132 331
258 331
299 331
399 331
409 331
434 331
156 332
282 332
371 332
392 332
404 332
413 332
171 333
77 334
249 334
164 335
356 335
396 335
405 335
415 335
472 335
211 336
262 336
311 336
351 336
450 336
47 337
270 337
24 338
105 338
190 338
195 338
207 338
291 338
423 338
143 339
176 339
230 339
415 339
427 339
199 340
371 340
408 340
124 341
308 341
373 341
405 341
115 342
290 342
462 342
118 343
178 343
339 344
478 344
41 345
117 345
254 345
280 345
331 345
347 345
452 346
15 347
115 347
188 347
213 347
230 347
300 347
341 347
39 348
338 348
360 348
467 348
52 350
353 350
64 351
315 351
322 351
329 351
399 351
50 352
111 352
188 352
230 352
372 352
48 353
193 353
217 353
244 353
339 353
240 354
250 354
96 355
200 355
453 355
30 356
51 357
54 357
62 357
151 357
400 357
91 358
226 358
382 358
407 359
69 360
91 360
300 360
140 361
175 361
295 361
338 361
358 361
408 361
90 362
169 362
226 362
309 363
349 363
473 363
82 364
170 364
439 364
20 365
58 365
74 365
87 365
211 365
267 365
352 365
356 365
316 366
330 366
67 367
89 367
178 367
320 367
77 368
126 368
183 368
459 368
119 369
257 369
292 369
384 369
80 370
93 370
426 370
10 371
175 371
188 371
287 371
33 372
244 372
55 374
161 374
165 374
253 374
309 374
359 374
107 375
144 375
190 375
356 375
237 376
284 376
390 376
154 377
422 377
25 378
59 378
173 378
177 378
220 378
341 378
135 379
213 379
385 379
390 379
468 379
44 380
88 380
261 380
265 380
328 380
202 381
302 381
76 382
262 382
264 382
12 383
188 383
193 383
113 384
254 384
276 384
291 384
350 384
370 384
377 384
379 384
437 385
76 386
43 387
65 387
175 387
272 387
416 387
455 387
37 388
48 388
44 389
107 389
371 389
31 390
69 391
79 391
229 391
116 392
153 392
429 392
475 392
26 393
126 393
142 394
183 394
296 394
300 394
217 395
451 395
57 396
370 396
391 396
91 397
251 397
325 397
375 397
408 398
463 398
396 399
65 400
426 400
47 401
213 401
255 401
343 401
145 402
290 402
346 402
435 402
343 403
64 404
180 404
214 404
54 405
164 405
377 405
445 405
463 405
39 406
56 406
123 406
214 406
239 407
243 407
337 407
399 407
437 407
131 408
80 409
119 409
157 409
272 409
23 410
99 410
111 410
238 410
285 410
411 410
460 410
474 410
33 411
165 411
210 411
234 411
313 411
335 411
369 411
236 412
347 412
440 412
76 413
262 413
192 414
194 414
296 414
425 414
87 415
136 415
286 415
325 415
363 415
435 415
470 415
184 416
360 416
410 416
157 417
311 417
342 417
439 417
457 417
126 418
323 418
424 418
348 419
173 420
229 420
239 420
316 420
344 420
423 420
144 421
164 421
178 421
238 421
352 421
384 421
128 422
248 422
333 422
420 422
448 422
158 423
359 423
123 424
244 424
272 424
313 424
40 425
72 425
109 425
117 425
153 425
340 425
431 425
148 426
322 426
402 426
45 427
87 427
156 427
181 427
184 427
473 427
32 428
41 428
288 428
236 429
320 429
412 429
461 429
21 430
202 430
312 430
373 430
124 431
136 431
141 431
282 431
287 431
301 431
77 432
126 432
149 432
291 432
299 432
220 433
258 433
433 433
155 434
403 434
48 435
422 435
448 435
246 436
333 436
70 437
189 437
356 437
388 437
143 438
37 439
47 439
215 439
291 439
355 439
475 439
109 440
207 440
273 440
418 440
423 440
274 441
82 442
92 442
210 442
230 442
357 442
379 442
27 443
52 443
99 443
120 443
378 443
131 444
459 444
123 445
141 445
186 445
260 445
326 445
417 445
132 446
244 446
349 446
125 447
274 447
437 447
167 448
269 448
167 449
427 449
395 450
445 450
178 451
232 451
283 451
339 451
39 452
56 452
79 452
414 452
20 454
88 454
264 454
383 454
149 455
268 455
333 455
425 455
93 456
113 456
179 456
278 456
369 456
385 456
29 457
160 457
264 457
359 457
365 457
254 458
319 458
370 458
399 459
471 459
146 460
264 460
325 460
220 461
154 462
162 462
234 462
267 462
453 462
308 463
346 463
422 463
194 464
255 464
279 464
219 465
446 465
155 466
253 466
413 466
63 467
315 467
341 467
424 467
60 468
428 468
35 469
157 469
208 469
266 469
396 469
21 470
195 470
290 470
315 470
336 470
357 470
89 471
100 471
319 471
414 471
80 472
196 472
327 472
183 473
220 474
379 474
144 475
246 475
316 475
321 475
474 475
140 476
225 476
458 476
157 477
198 477
242 477
368 477
422 477
79 478
175 478
294 478
303 478
260 479
445 479
62 480
403 480
435 480
131 481
143 481
145 481
382 481
137 482
201 482
340 482
45 483
156 483
387 483
63 484
148 484
70 485
96 485
329 485
34 486
39 486
76 486
202 486
315 486
338 486
80 487
158 487
163 487
302 487
384 487
86 488
144 488
293 488
341 488
360 488
479 488
202 489
100 490
112 490
210 490
276 490
462 490
188 491
228 491
297 491
327 491
351 491
453 491
429 492
188 493
240 493
385 493
437 493
183 494
355 494
416 494
215 495
357 495
261 496
405 497
153 498
203 498
215 499
295 499
36 500
125 500
330 500
336 500
479 500
52 501
346 501
365 501
396 502
399 502
66 503
79 503
94 503
106 503
115 503
159 503
393 503
470 503
150 504
196 504
358 504
152 505
189 505
452 505
128 506
161 506
247 506
316 506
426 506
364 507
438 507
136 508
317 509
367 509
278 510
384 510
408 510
200 511
209 511
219 511
356 511
379 511
232 512
266 512
153 513
185 513
240 513
319 513
385 513
143 514
468 514
173 515
218 515
236 515
265 515
383 515
396 515
231 516
281 516
385 516
342 517
388 517
61 518
179 518
200 518
42 519
318 519
79 520
96 520
107 520
257 520
181 522
209 522
116 523
153 523
234 523
318 523
447 523
459 523
232 524
292 524
152 525
250 525
313 525
477 525
237 526
328 526
381 526
180 527
261 527
269 527
340 527
391 527
408 527
411 527
216 528
229 528
281 528
395 528
403 528
141 529
195 529
208 529
342 529
232 530
146 531
352 531
189 532
318 532
206 533
151 534
320 534
328 534
347 534
394 534
413 534
287 535
296 535
436 535
69 536
75 536
141 536
239 536
348 536
378 536
384 536
56 537
118 537
183 537
288 537
389 537
89 538
100 538
157 538
219 538
383 538
215 539
441 539
454 539
467 539
127 540
282 540
425 540
172 541
232 541
236 541
246 541
332 541
375 541
128 542
138 542
259 542
293 542
424 542
139 544
369 544
407 544
156 545
383 545
388 545
201 546
183 547
305 547
206 548
429 548
60 550
316 550
328 550
337 550
369 550
116 551
131 551
345 551
362 551
400 551
89 552
226 552
347 552
73 553
104 553
307 553
400 553
350 554
465 554
447 555
228 556
457 556
425 557
134 558
152 558
262 558
297 558
328 558
401 558
371 559
409 559
164 560
278 560
310 560
418 560
298 562
338 563
188 564
194 564
317 564
226 565
376 566
74 567
88 567
100 567
126 567
198 567
357 567
204 568
389 568
407 568
147 569
133 570
169 570
187 570
442 570
423 571
239 572
251 572
264 573
467 574
286 576
190 577
165 578
170 578
213 578
234 579
295 579
317 580
341 580
166 581
199 581
215 581
303 581
90 582
99 582
186 582
362 582
391 582
466 582
107 583
121 583
134 583
331 583
383 583
149 584
114 585
242 585
247 585
257 585
193 586
228 586
400 586
434 586
457 586
129 587
141 587
155 587
234 587
238 587
416 587
161 588
181 588
277 588
291 591
240 592
187 593
197 596
303 598
176 599
184 599
247 599
317 599
333 599
207 600
231 600
271 600
259 601
350 601
376 601
388 601
424 601
124 602
141 602
148 602
364 602
403 603
190 607
202 609
215 611
303 612
237 613
255 614
277 614
290 614
312 614
321 614
334 615
179 621
194 623
219 627
312 627
261 629
282 630
305 630
