335 1
364 2
159 3
180 3
262 3
324 3
479 3
307 5
221 6
145 7
174 8
296 8
410 10
139 11
246 12
277 12
235 14
367 14
385 14
428 14
200 15
269 15
440 15
336 16
354 16
378 16
394 17
408 17
453 18
329 19
319 20
467 20
250 21
478 21
186 22
306 23
296 24
147 25
236 26
178 28
224 28
278 28
141 29
267 29
348 29
366 29
388 30
334 31
380 31
419 31
130 33
340 33
361 33
395 33
410 33
436 33
168 34
252 34
205 35
319 35
451 36
304 38
468 38
119 39
155 39
293 40
178 41
234 41
295 41
371 41
386 41
172 43
147 44
228 44
265 44
273 44
395 46
279 47
385 47
135 48
221 48
262 48
270 48
331 48
409 48
301 50
431 50
292 51
330 51
454 51
168 52
207 52
275 52
309 52
416 52
425 52
122 53
277 54
467 54
171 55
163 56
174 56
376 56
154 58
233 58
248 58
352 58
113 59
281 59
384 59
432 59
298 60
358 60
389 60
440 60
403 61
105 62
219 62
311 62
358 62
366 62
174 63
349 63
182 64
248 64
276 64
133 65
357 65
405 66
452 66
195 68
323 68
206 69
254 69
270 69
439 69
283 70
396 70
358 71
159 72
238 72
291 72
355 72
124 73
473 73
230 74
373 74
375 74
415 74
262 75
314 75
147 76
340 76
418 76
430 76
108 77
293 77
172 78
389 78
219 79
319 79
254 80
258 80
347 80
379 80
208 81
137 82
375 82
200 83
290 83
434 83
453 83
285 84
397 85
434 85
352 86
470 86
334 87
301 88
190 89
230 89
479 89
142 90
239 90
275 90
292 90
343 90
148 91
177 91
183 91
376 91
112 92
241 92
298 92
171 93
350 93
355 93
382 93
414 93
303 94
367 95
136 96
144 96
444 96
242 97
399 97
127 98
180 98
101 99
297 99
377 99
164 100
375 100
222 101
232 101
288 101
362 101
429 101
188 102
341 102
464 102
329 103
425 103
116 104
275 104
279 104
369 104
318 105
348 105
372 105
478 105
152 106
316 106
389 106
401 106
253 107
296 107
146 108
311 108
331 108
335 108
105 109
293 109
97 110
158 110
316 111
289 112
376 112
378 112
444 112
185 113
197 113
320 113
368 113
378 113
382 113
174 115
220 115
225 115
265 115
406 115
452 115
136 116
400 117
226 118
467 118
133 119
462 119
473 119
268 120
431 120
440 120
218 121
238 121
331 121
409 121
75 122
226 122
325 122
427 122
357 123
108 124
305 124
432 124
131 125
133 125
320 125
361 125
434 125
354 126
446 126
102 127
127 127
179 127
284 127
357 127
131 129
222 129
224 129
270 129
378 129
410 129
419 129
205 130
135 131
259 131
317 131
460 131
242 133
400 133
410 133
403 134
129 135
146 135
305 135
91 136
321 136
119 137
286 137
300 137
474 137
84 138
215 138
346 138
378 138
387 138
197 139
230 139
328 139
431 140
182 141
206 142
270 142
359 142
112 143
154 143
302 143
305 143
346 144
362 144
73 145
259 145
454 145
142 146
225 147
301 147
356 147
365 147
470 147
142 148
170 148
104 149
231 149
241 149
421 149
426 150
212 151
322 151
420 151
62 152
300 152
319 152
357 152
346 153
97 154
219 154
204 155
363 155
411 155
424 155
212 156
266 156
275 156
426 156
393 157
431 157
186 158
237 158
323 158
146 159
375 159
401 159
407 159
91 160
220 160
326 160
338 160
105 161
194 161
429 161
124 162
295 162
420 162
65 164
197 164
341 164
452 164
362 165
368 165
427 165
465 165
95 166
209 166
342 166
439 166
405 167
83 168
201 168
247 168
401 168
222 169
263 169
435 169
185 170
191 170
285 170
355 170
406 170
75 171
205 171
390 171
403 171
84 172
213 172
220 172
233 173
303 173
151 174
83 175
127 175
156 175
177 175
205 175
261 175
293 175
170 176
313 176
195 177
270 177
416 177
144 178
214 178
217 178
274 178
288 178
338 178
46 179
153 179
308 179
69 180
146 180
366 180
453 180
102 181
241 181
280 181
228 182
238 182
384 182
438 182
461 182
127 183
321 183
80 184
163 184
407 184
152 185
173 185
269 185
478 185
158 186
225 186
227 188
263 188
328 188
360 188
146 189
170 189
402 189
426 190
134 191
225 191
299 191
404 191
445 191
47 192
110 192
86 193
107 193
409 193
90 194
295 194
370 194
170 195
314 195
353 195
389 195
461 195
68 196
295 196
299 196
413 196
233 197
380 197
86 198
114 198
130 198
164 198
239 198
431 198
197 199
300 199
321 199
55 200
146 200
305 200
310 200
354 200
414 200
473 200
101 201
258 201
427 201
274 202
381 202
400 202
156 203
251 203
50 204
79 204
114 204
266 204
302 204
350 204
409 204
411 204
112 205
242 206
269 206
436 206
450 206
102 207
108 207
127 207
232 207
380 207
186 208
264 208
349 208
371 208
122 209
214 209
408 209
334 210
380 210
67 211
107 211
171 211
240 211
387 211
131 212
196 212
261 212
422 212
247 213
254 213
370 214
464 214
85 215
175 215
355 215
424 215
453 215
289 216
350 216
361 216
400 216
91 217
230 217
408 217
111 218
164 218
173 218
186 219
364 219
421 219
233 220
257 220
328 220
409 220
224 221
356 221
473 221
127 222
162 222
166 222
285 222
313 222
235 223
238 223
283 223
356 223
420 224
51 225
77 225
146 225
210 225
265 225
274 225
309 225
391 225
34 226
119 226
251 226
318 226
373 226
445 226
181 227
187 227
343 227
395 228
408 228
438 228
100 229
135 229
288 229
292 230
353 230
138 231
256 231
99 232
250 232
425 232
456 232
217 233
286 233
295 233
351 233
380 233
204 234
228 234
321 234
90 235
146 235
185 235
207 235
236 235
242 235
91 236
199 236
225 236
471 236
122 237
155 237
267 237
378 237
19 238
60 238
83 238
201 238
291 238
378 238
91 239
247 239
36 240
376 240
408 240
423 240
84 241
92 241
385 241
390 241
395 241
147 243
160 243
162 243
321 243
345 243
436 243
77 244
408 244
241 245
333 245
349 245
219 246
231 246
401 246
426 246
96 247
159 247
450 247
50 249
107 249
158 249
242 249
252 249
361 249
438 249
92 250
412 250
463 250
234 251
248 251
294 251
87 252
222 252
229 252
334 252
342 253
471 253
20 254
74 254
129 254
413 254
479 254
125 255
195 255
221 255
405 255
43 256
179 256
236 256
313 256
206 257
308 257
337 257
398 257
66 258
255 258
285 258
156 259
159 259
175 259
305 259
311 259
443 259
162 260
198 260
206 260
214 261
255 261
271 261
311 261
357 261
402 261
427 261
39 262
125 262
132 262
238 262
241 262
376 262
84 263
436 263
220 264
256 264
57 265
230 265
251 265
352 265
455 265
229 266
253 267
30 268
77 268
352 268
375 268
378 268
161 269
202 269
320 269
463 269
52 270
124 270
314 270
118 271
247 271
298 271
324 271
345 271
213 272
257 272
107 273
166 273
223 273
475 273
48 274
118 274
161 274
421 274
434 274
425 275
155 276
237 276
298 276
396 276
441 276
133 277
168 277
307 277
18 278
160 278
98 279
112 279
157 279
289 279
368 279
114 280
242 280
281 280
300 280
388 280
407 280
262 281
277 281
327 281
67 282
266 282
452 282
247 283
329 283
375 283
85 284
125 284
38 285
158 285
227 285
364 285
172 286
202 286
273 286
102 287
139 287
181 287
248 287
254 287
283 287
347 287
427 287
60 288
296 288
396 288
461 288
6 289
205 289
402 289
54 290
80 290
177 290
312 290
175 291
228 291
220 292
319 292
376 292
474 292
242 293
358 293
398 293
437 293
118 294
186 294
342 294
373 294
410 294
94 295
150 295
242 295
382 295
23 296
194 296
204 296
240 296
255 296
247 297
268 297
113 298
131 298
418 298
71 299
168 299
244 299
385 299
459 299
275 300
354 300
44 301
224 301
290 301
308 301
146 302
167 302
245 302
299 302
341 302
387 302
447 302
17 303
467 303
177 304
196 304
227 304
403 304
427 304
12 305
64 305
473 305
205 306
210 306
320 306
333 306
350 306
86 307
191 307
220 307
105 308
124 308
268 308
355 308
374 308
398 308
456 308
434 309
282 310
57 311
179 311
234 311
336 311
355 311
30 312
275 312
278 312
339 312
360 312
184 313
329 313
136 314
166 314
290 314
416 314
152 315
195 315
444 315
319 316
327 316
77 317
117 317
347 317
357 317
21 318
200 318
251 318
277 318
468 318
233 319
300 319
330 319
399 319
403 319
357 320
41 321
53 321
138 321
175 321
88 322
157 322
478 322
53 323
293 323
136 324
315 324
362 324
452 324
95 325
42 326
71 326
87 326
134 326
206 326
255 326
279 326
292 327
387 327
250 328
426 328
464 328
99 329
286 330
212 331
366 331
402 331
111 332
248 332
440 332
35 333
139 333
272 333
432 333
434 333
3 334
156 334
239 334
251 334
347 334
474 334
70 335
86 335
345 335
364 335
380 335
108 336
136 336
269 336
298 336
334 336
342 336
450 336
118 337
264 337
98 338
104 338
137 339
245 339
307 339
315 339
418 339
62 340
265 340
459 340
181 341
338 341
375 341
24 342
113 342
139 342
214 342
231 342
380 342
406 342
85 343
269 343
304 343
92 344
184 344
388 345
466 345
56 346
118 346
446 346
167 347
192 347
338 347
291 348
330 348
430 348
98 349
103 349
289 349
377 349
475 349
68 350
183 350
354 350
452 350
15 351
153 351
179 351
203 351
274 351
363 351
110 352
113 352
181 353
207 353
236 353
311 353
334 353
391 353
65 354
91 354
205 354
332 354
360 354
374 354
185 355
196 355
213 355
251 355
439 355
349 356
460 356
5 357
34 357
83 357
92 357
282 357
404 357
479 357
276 358
287 358
49 359
134 359
362 359
367 359
104 360
128 360
417 360
54 361
466 361
425 362
446 362
45 363
137 363
310 363
413 363
60 364
82 364
170 364
382 364
415 364
440 364
62 365
154 365
23 366
244 366
194 367
271 367
337 367
368 367
470 367
75 368
452 368
133 369
415 370
123 371
267 371
289 371
97 372
118 372
422 372
205 373
304 373
348 373
370 373
387 373
425 373
454 373
11 374
263 374
77 375
74 376
375 376
34 377
287 377
7 378
113 378
229 378
460 378
156 379
173 379
183 379
254 379
262 379
365 379
443 379
479 379
72 380
51 381
157 381
425 382
243 383
440 383
78 384
91 384
189 384
211 384
281 384
301 384
355 384
379 385
402 385
407 385
395 386
198 387
213 387
336 387
346 387
448 387
466 387
310 388
355 388
73 389
106 389
262 389
366 390
378 390
163 391
329 391
136 392
154 392
215 392
14 393
65 393
201 393
450 393
472 393
34 395
159 395
247 395
290 395
417 395
142 396
176 396
325 396
407 397
133 398
305 398
344 398
411 398
51 399
158 399
333 399
342 399
66 400
73 400
98 400
123 400
146 400
193 400
200 400
330 400
349 400
409 400
50 401
127 401
263 401
319 401
419 401
45 402
478 402
458 403
3 404
88 404
142 404
223 404
125 405
135 405
182 405
188 405
318 405
438 405
22 406
109 406
154 406
322 406
332 406
84 407
100 407
231 407
408 407
222 408
274 408
323 408
145 409
16 410
69 410
95 410
116 410
218 410
316 410
449 410
465 410
36 411
216 411
221 411
328 411
422 411
48 412
153 412
207 412
297 412
218 413
61 414
110 414
137 414
260 414
439 414
57 415
139 415
279 415
282 415
7 416
133 416
286 416
143 417
152 417
407 417
28 418
299 418
381 418
139 419
231 419
44 420
47 420
94 420
259 420
156 421
250 421
357 421
284 422
326 422
330 422
366 422
378 422
391 422
424 422
472 422
99 423
127 425
301 425
438 425
18 426
127 426
243 426
93 427
168 427
13 428
57 428
86 428
157 428
364 428
407 428
457 428
62 429
391 429
164 430
185 430
310 430
349 430
380 430
7 431
77 431
92 431
145 431
233 431
40 432
135 432
175 432
230 432
387 432
94 433
170 433
263 433
368 433
422 433
143 434
153 434
385 434
162 435
185 435
290 435
445 435
115 436
103 437
132 437
235 437
289 437
59 438
151 438
200 438
210 438
251 438
282 438
347 438
79 439
207 439
31 440
294 440
214 441
468 441
297 442
380 442
429 442
106 443
119 443
189 443
241 443
251 443
264 443
420 443
47 444
66 444
212 445
197 446
317 446
70 447
160 447
352 447
417 447
81 448
179 448
377 448
411 448
151 449
228 449
286 449
400 449
425 449
149 450
239 450
274 450
451 451
460 451
129 452
256 452
100 453
240 453
351 453
91 454
110 454
135 454
304 454
368 454
197 455
204 455
340 455
358 455
410 455
181 456
280 456
59 457
83 457
136 457
467 457
207 458
440 458
39 459
158 459
328 459
390 459
27 460
109 460
205 460
258 460
269 460
295 460
406 460
271 461
316 461
420 461
474 461
159 462
182 462
18 463
197 463
200 463
338 463
438 463
449 463
160 464
194 464
350 464
6 465
197 465
231 465
281 465
109 467
124 467
218 467
271 467
308 467
358 467
379 467
433 467
45 468
74 468
118 468
249 468
349 468
427 468
110 469
129 469
183 469
260 469
357 469
443 469
200 470
219 470
277 470
422 470
52 471
243 471
328 471
402 471
430 471
214 472
265 472
295 472
432 472
335 473
455 473
469 473
263 474
372 474
75 475
95 475
136 475
267 475
278 475
320 475
91 476
118 476
228 476
345 476
389 476
24 477
154 477
279 477
14 478
136 478
259 478
120 479
233 479
406 479
409 479
461 480
71 481
7 482
51 482
54 482
58 482
272 482
379 482
412 482
447 484
95 485
106 486
340 486
347 486
231 487
402 487
117 488
383 488
157 489
292 489
338 489
370 489
419 489
16 490
170 490
219 490
314 490
476 490
38 491
193 491
207 492
55 493
182 493
258 493
421 493
463 493
250 494
352 494
360 495
418 496
89 497
100 497
214 498
232 498
304 498
351 498
446 498
149 499
384 499
146 500
256 500
162 501
271 501
400 501
62 502
262 502
391 502
117 503
319 503
325 503
131 504
177 504
251 504
292 504
386 504
431 504
468 504
22 505
138 505
189 505
372 505
380 505
36 506
199 506
239 506
313 507
30 508
134 508
271 508
57 509
228 509
250 509
325 509
413 509
66 510
255 510
343 510
133 511
158 511
261 511
303 511
161 512
458 512
476 512
98 513
138 513
368 513
393 513
131 514
185 514
108 515
251 515
331 515
438 515
69 516
74 516
116 516
421 516
136 517
359 517
192 518
243 518
375 518
43 519
48 519
74 519
226 519
243 519
268 519
378 519
207 520
315 520
370 520
376 520
102 521
288 521
421 521
147 522
255 522
350 522
356 522
39 523
145 523
198 523
377 523
461 523
52 524
64 524
276 524
450 524
73 525
305 525
445 525
322 526
422 526
129 527
170 527
333 527
384 527
92 528
382 528
130 529
398 529
436 529
221 530
230 530
316 530
87 531
214 531
274 531
253 532
81 533
84 533
156 533
242 533
392 533
93 534
113 534
150 534
206 534
346 534
328 535
401 535
467 536
113 537
403 537
436 537
440 537
132 538
182 538
279 538
327 538
352 538
414 538
439 538
450 538
261 539
32 540
172 540
233 540
240 540
368 540
409 540
45 541
73 541
261 541
336 541
57 542
92 542
151 542
189 542
263 542
247 543
270 543
341 543
383 543
391 543
425 543
115 544
156 544
245 544
427 544
120 545
130 545
149 545
187 545
373 545
398 545
435 545
252 546
358 546
96 547
126 547
143 547
177 547
281 547
383 547
475 547
200 548
276 548
301 548
428 548
466 548
182 549
310 549
388 549
457 549
97 550
142 550
252 550
275 550
299 550
90 551
380 551
448 551
225 552
267 552
256 553
312 553
92 554
133 554
142 554
307 554
389 554
405 554
264 555
355 555
430 555
197 556
41 557
112 557
470 557
58 558
295 558
367 558
75 559
127 559
348 559
431 559
454 559
118 560
244 560
109 561
103 562
259 562
264 564
197 565
202 565
280 565
245 566
278 566
309 566
307 567
395 567
434 567
180 568
228 568
382 568
422 568
447 568
171 569
191 569
315 569
372 569
464 569
151 570
348 570
362 570
212 571
302 571
250 572
259 574
337 574
48 575
69 575
248 575
340 575
80 576
110 576
250 579
398 579
153 580
169 580
213 580
219 580
229 580
367 580
131 581
151 581
183 581
471 581
153 582
197 582
428 582
225 583
375 583
441 583
454 583
289 584
342 584
123 585
132 585
143 585
243 585
310 586
291 587
298 588
313 588
360 588
70 589
127 589
142 589
241 589
85 591
105 592
119 592
349 592
146 593
185 593
304 594
363 595
402 595
168 596
175 596
220 596
235 596
463 596
204 597
331 597
381 597
417 597
434 597
452 598
250 599
263 599
252 600
310 600
278 603
298 603
85 605
98 605
330 605
128 607
373 607
114 608
347 608
152 609
386 609
161 610
419 610
186 611
220 611
233 611
195 612
208 612
245 612
410 612
267 615
277 618
285 619
301 620
313 621
350 621
338 622
146 623
375 623
137 624
216 624
231 624
238 624
169 625
186 627
260 627
273 630
204 634
233 636
357 636
302 637
317 639
