259 2
447 2
151 4
104 5
113 5
132 5
268 5
280 5
395 5
165 6
170 6
295 6
410 6
186 7
466 7
213 9
354 9
308 10
230 11
477 11
371 13
424 13
244 15
127 16
262 17
331 17
144 18
442 18
157 19
165 19
172 19
278 19
388 19
291 21
96 22
187 22
199 22
210 22
109 23
455 23
347 24
229 25
307 26
411 26
120 27
361 28
472 28
136 30
248 30
167 31
271 32
292 33
318 33
381 33
435 33
398 34
196 35
340 36
214 37
450 37
107 39
414 39
462 40
97 41
378 41
231 42
372 42
118 43
132 43
146 43
175 43
360 43
241 44
252 44
474 44
192 45
160 47
266 47
427 47
433 47
215 48
236 48
239 48
448 48
187 49
196 49
296 49
398 50
369 51
378 51
221 52
354 52
348 53
381 53
194 54
301 54
321 54
358 54
391 54
350 55
365 56
470 56
187 57
101 58
112 58
299 58
430 58
130 59
160 59
332 59
388 59
146 60
302 60
88 61
164 61
204 61
268 61
338 61
348 61
379 61
79 62
250 62
298 62
359 62
372 62
424 62
164 63
281 63
401 63
444 63
221 64
260 64
285 64
439 66
331 67
426 67
236 68
410 68
435 69
327 71
337 71
431 71
466 71
95 74
160 74
398 74
104 75
113 75
124 75
140 75
230 75
80 76
200 76
350 76
372 76
412 76
201 77
230 77
251 77
329 77
69 78
265 78
446 79
179 80
192 80
219 80
135 81
188 81
358 81
196 82
214 82
235 82
272 82
201 84
317 84
269 85
247 86
284 87
328 87
466 87
237 88
345 88
372 88
109 90
118 90
132 90
149 90
151 90
423 90
93 91
101 91
310 91
425 91
73 92
82 92
201 93
124 94
134 94
171 94
321 94
392 94
152 95
235 95
270 95
123 96
132 96
206 96
229 96
272 96
175 97
305 97
406 97
125 98
229 98
437 98
233 99
247 99
434 100
270 101
412 101
460 101
383 102
288 103
476 103
111 104
230 104
286 104
297 104
302 104
421 104
183 105
414 105
150 106
258 106
291 106
302 106
340 106
354 106
93 107
207 107
310 107
350 107
83 108
151 108
221 108
278 108
416 108
63 109
74 109
153 109
262 109
265 109
304 109
424 109
437 109
208 110
255 110
301 110
335 110
422 111
126 112
220 112
246 112
438 112
166 113
192 113
198 113
264 113
273 113
277 113
363 113
134 114
173 114
238 114
447 114
249 115
183 116
285 116
129 117
303 117
374 117
215 118
355 118
394 118
433 118
470 118
115 119
312 119
208 120
257 120
297 120
305 120
113 121
128 121
187 121
214 121
269 121
224 122
347 122
91 123
113 123
140 123
378 123
168 124
349 124
403 124
180 125
283 125
163 126
197 126
453 126
74 127
121 127
150 127
244 127
409 127
428 127
65 128
175 128
389 128
334 129
366 129
95 130
111 130
269 130
322 130
373 130
190 131
242 131
256 131
281 131
404 131
474 131
124 132
170 132
310 132
350 132
220 133
84 134
191 134
205 134
253 134
125 135
141 136
187 136
198 136
370 136
377 137
381 137
104 138
123 138
181 139
315 139
326 139
369 139
193 140
333 140
341 140
176 141
184 141
319 141
321 141
83 142
118 142
308 142
347 142
360 142
454 142
88 143
234 143
420 143
79 144
135 144
407 144
138 145
148 145
216 145
256 145
312 145
328 145
82 146
194 146
334 146
340 146
477 146
69 147
379 147
416 147
63 148
86 148
148 148
277 148
313 148
367 148
138 149
82 150
191 150
253 150
352 150
101 151
322 151
141 152
281 152
407 152
425 152
111 153
135 153
183 153
418 153
127 154
152 154
198 154
309 154
340 154
437 154
82 155
107 155
198 155
222 155
283 155
405 155
414 155
462 155
93 156
99 156
373 156
408 156
432 156
165 157
248 157
106 158
171 158
127 159
162 159
365 159
383 159
400 159
177 160
287 160
355 160
478 160
312 161
75 162
151 162
162 162
169 162
239 162
294 162
381 162
58 164
142 164
204 164
231 165
257 165
427 165
239 166
128 167
226 167
361 167
421 167
457 167
120 168
325 168
359 169
365 169
189 170
200 170
391 170
391 171
171 172
292 172
313 172
102 173
215 173
233 173
395 173
408 173
425 173
474 173
303 174
440 174
156 175
228 175
253 175
342 175
89 176
143 176
259 176
79 177
233 177
262 177
272 177
412 177
439 177
190 178
68 179
362 180
131 181
173 182
115 183
249 183
268 183
348 183
455 183
309 184
354 184
388 184
390 184
58 185
99 185
184 185
239 185
206 186
380 187
191 188
470 188
86 189
153 189
362 189
390 189
285 190
415 190
50 191
170 191
324 191
72 192
299 192
326 192
138 193
411 193
326 194
357 194
426 194
438 194
176 195
250 195
123 196
227 196
269 197
383 198
391 198
458 198
105 199
177 199
269 199
317 199
433 199
77 200
295 200
340 200
256 201
288 201
400 201
407 201
66 202
290 202
367 202
109 203
140 203
318 203
471 203
397 204
147 205
289 205
361 205
233 206
294 206
88 207
136 207
208 207
220 207
255 207
433 207
101 208
81 209
96 209
104 209
291 209
330 209
342 209
364 209
399 209
160 210
264 210
282 210
356 210
144 211
383 211
453 211
79 213
115 213
136 213
251 213
254 213
380 213
399 213
173 214
284 214
307 214
411 214
167 215
287 215
106 216
289 216
291 216
64 217
144 217
186 217
229 217
428 218
475 218
160 219
183 219
218 219
146 220
162 220
168 220
201 220
291 220
186 221
311 221
357 221
50 223
113 223
146 223
179 223
330 223
342 223
398 223
83 224
448 224
104 225
194 226
275 226
411 226
466 226
283 227
174 228
189 228
313 228
70 230
285 230
431 230
230 231
247 231
258 231
268 231
36 232
169 232
179 232
390 232
85 233
117 233
121 233
142 233
213 233
341 233
357 233
124 235
150 235
326 235
445 235
138 236
285 236
58 238
362 239
464 239
176 240
178 240
275 240
229 242
436 243
279 244
379 244
475 244
47 245
118 245
211 245
148 246
301 246
75 247
137 247
244 247
197 248
184 249
422 249
110 250
301 250
323 250
157 251
303 251
380 251
402 251
455 251
254 252
365 252
391 252
438 252
63 253
117 253
132 253
237 253
264 253
269 254
320 254
174 255
224 255
112 256
139 256
296 256
328 256
386 256
406 256
419 256
472 256
268 257
417 257
155 258
257 258
265 258
427 258
208 259
249 259
325 259
191 260
321 260
176 261
331 261
372 261
296 262
442 262
90 263
98 263
234 263
342 263
360 263
70 264
155 264
190 264
313 264
174 265
204 265
316 265
439 265
85 266
114 266
364 266
39 267
91 267
262 267
322 267
383 267
412 267
454 267
249 268
391 268
254 269
284 269
324 269
124 270
239 270
280 270
287 270
462 271
64 272
109 272
138 272
319 272
368 272
104 273
279 273
396 273
110 274
346 274
364 274
421 274
356 275
56 276
154 276
197 276
412 276
167 277
310 277
400 277
443 277
122 278
132 278
177 278
321 278
392 278
414 278
479 278
105 279
144 279
438 279
166 280
170 280
228 280
291 280
187 281
222 281
263 281
293 281
397 281
144 283
319 283
42 284
82 284
101 284
106 284
108 284
147 284
375 284
460 284
156 285
265 285
369 286
435 287
217 288
313 288
344 288
433 288
95 289
263 289
275 289
410 289
434 289
166 290
201 291
322 291
334 291
370 291
390 291
473 291
82 292
120 292
377 292
29 293
66 293
307 293
329 293
374 293
107 294
133 294
258 294
445 294
304 295
420 295
125 296
207 296
302 296
324 296
386 296
396 296
111 297
184 297
205 297
333 297
54 298
203 298
252 298
429 298
458 298
339 301
381 301
95 302
128 302
216 302
244 302
299 302
315 302
273 303
428 303
319 304
358 304
469 304
330 305
340 305
368 305
42 306
70 306
159 306
199 306
231 306
270 307
273 307
305 307
329 307
334 307
213 308
255 308
403 308
184 309
289 309
154 310
368 310
238 311
242 311
266 311
448 311
255 312
321 312
392 312
87 313
135 313
185 313
333 313
62 314
173 314
284 314
345 314
28 316
176 316
272 316
460 316
240 317
392 317
411 317
122 318
54 320
127 320
169 320
221 320
300 320
318 321
171 322
344 322
272 323
320 323
81 324
103 324
221 324
322 324
68 325
176 325
190 325
242 325
278 325
334 325
373 325
473 325
448 326
44 327
375 327
418 327
315 328
421 329
136 330
212 330
455 330
71 331
239 331
277 331
348 331
421 331
139 332
242 332
263 332
285 332
404 332
263 333
394 333
74 334
78 334
130 334
288 334
98 335
150 335
33 336
74 336
155 336
164 336
183 336
201 336
230 336
466 336
117 337
331 337
354 337
362 337
436 337
177 338
317 338
173 339
392 339
423 339
82 340
96 340
192 340
250 340
375 340
425 340
25 341
137 341
350 341
352 341
419 341
431 341
446 341
471 341
72 342
107 342
133 342
171 342
260 342
286 342
216 343
305 343
380 343
92 344
156 344
172 344
263 344
292 344
333 344
372 344
200 345
361 345
380 345
374 346
479 346
22 347
69 347
100 347
106 347
284 347
365 347
420 347
96 348
155 348
281 348
455 348
49 349
124 349
235 349
244 349
314 349
339 349
354 349
392 349
266 350
311 350
333 350
407 350
40 351
67 351
184 351
205 351
257 351
77 352
316 352
428 352
225 353
251 353
360 353
59 354
345 354
462 354
44 355
53 355
48 356
111 356
279 356
306 356
322 356
388 356
437 356
176 357
283 357
411 357
270 358
135 359
218 359
396 359
407 359
191 360
448 360
29 361
104 361
154 361
303 361
422 361
127 362
311 362
473 362
71 363
55 364
213 364
284 364
322 364
389 364
429 364
236 365
260 365
167 366
291 366
378 366
97 367
187 367
478 367
147 368
42 369
70 369
208 369
252 370
440 370
142 371
20 372
41 372
163 372
227 372
296 372
352 372
409 372
53 373
88 373
119 373
274 373
288 373
314 373
326 373
64 374
75 374
366 374
458 374
181 375
345 375
375 375
77 376
308 376
380 376
83 377
137 377
424 377
44 378
102 378
466 378
156 379
219 379
240 379
377 379
198 380
30 381
262 381
384 381
393 381
315 382
341 382
289 383
439 383
98 384
174 384
131 385
281 385
112 386
152 386
213 386
236 386
409 386
64 387
79 387
190 387
358 387
303 388
332 388
24 389
93 389
253 389
314 389
67 390
275 390
368 390
458 390
167 391
420 391
125 392
230 392
46 393
374 393
467 393
185 394
70 395
107 395
205 395
431 395
50 396
144 396
247 396
322 396
48 397
269 397
348 397
87 398
163 398
101 399
124 399
182 399
305 399
403 399
228 400
445 400
147 401
150 401
311 401
59 402
34 403
342 403
439 403
211 404
359 404
396 404
461 404
367 405
428 405
309 406
409 406
121 407
224 408
249 409
366 409
471 409
65 410
291 410
315 410
335 410
370 410
24 411
172 411
371 412
99 413
126 413
240 413
354 413
79 414
253 414
71 415
76 415
123 415
176 415
206 415
222 415
385 415
126 416
194 416
383 416
442 416
304 417
185 418
124 419
136 419
260 419
310 419
449 419
45 420
81 420
162 420
165 420
326 420
221 421
239 421
437 421
81 422
205 422
430 422
37 423
81 423
281 423
413 423
71 424
243 424
355 424
93 425
465 425
167 426
191 426
320 426
415 427
478 427
136 428
237 428
287 428
293 428
178 429
244 429
358 429
366 429
391 429
217 430
369 430
421 430
44 431
140 431
169 431
299 431
327 431
190 432
282 432
306 432
308 432
59 433
61 433
65 433
154 433
241 433
25 434
200 434
341 434
383 434
235 435
279 435
443 435
53 436
141 436
65 437
158 437
220 437
326 437
381 437
77 438
359 438
19 439
64 439
344 439
377 439
385 439
397 439
414 439
420 439
72 440
76 440
161 440
289 440
455 440
277 441
299 441
342 441
397 441
410 441
148 442
230 442
45 443
73 443
110 443
125 443
365 443
410 443
185 444
203 444
254 444
295 444
317 444
425 444
471 444
176 445
371 445
439 445
465 445
39 446
368 446
421 446
477 446
106 447
197 447
308 447
329 447
427 447
121 448
229 448
192 449
208 449
278 449
300 449
316 449
65 450
368 450
295 451
305 451
365 451
31 452
160 452
330 452
338 452
409 452
86 453
134 453
176 453
258 453
291 453
382 453
397 453
101 455
113 455
204 455
57 456
108 456
235 456
277 456
26 457
83 457
217 457
348 457
355 457
410 457
83 458
144 458
208 458
214 458
365 458
453 458
87 459
97 459
439 459
91 460
129 460
316 460
51 461
82 461
100 461
188 461
204 461
225 461
236 461
258 461
291 461
345 461
385 461
413 461
233 462
407 462
468 462
74 463
321 463
106 464
119 464
233 464
331 464
420 464
99 465
156 465
348 465
85 466
185 466
394 466
346 467
397 467
237 468
323 468
261 469
384 469
140 470
325 470
436 470
67 471
155 471
216 471
314 471
380 471
386 471
82 472
116 472
124 472
214 472
440 472
445 472
163 473
310 473
227 474
335 474
436 474
243 475
322 475
438 475
453 475
464 475
282 476
410 476
172 477
308 477
398 477
84 478
111 478
344 478
353 478
404 478
62 479
86 479
272 479
312 479
111 480
266 480
227 481
288 481
343 481
293 482
133 483
170 483
177 483
429 483
473 483
54 484
183 484
209 484
326 484
361 484
307 485
378 485
415 485
89 486
172 486
272 486
297 486
319 486
327 486
345 486
156 487
231 487
185 488
250 488
360 488
169 489
293 489
144 490
369 490
98 491
105 491
320 491
326 491
373 491
313 493
453 493
74 494
141 494
214 494
275 494
256 495
306 495
385 495
86 496
357 496
105 497
312 497
173 498
239 498
376 498
388 498
62 499
168 499
280 499
84 500
154 500
307 500
385 500
471 500
118 501
320 501
85 502
94 502
153 502
172 502
220 502
262 502
127 503
354 503
393 503
85 504
122 504
125 504
287 504
89 505
98 505
323 505
134 506
243 506
447 506
159 507
337 507
347 507
50 508
315 508
393 508
440 509
432 510
435 510
460 510
305 511
94 512
156 512
231 512
273 512
100 513
250 513
290 513
87 514
141 514
206 514
314 514
92 515
166 515
340 515
372 515
419 515
474 515
68 516
167 517
114 518
117 519
169 519
390 521
431 521
59 522
405 522
450 523
118 524
180 524
238 524
363 524
94 525
290 525
356 525
77 526
222 526
241 526
253 526
247 527
266 527
273 527
380 527
138 528
245 528
296 528
382 528
415 528
476 528
251 529
266 529
316 529
352 529
68 530
156 530
298 530
306 530
341 530
111 531
301 531
381 531
415 531
361 532
96 534
335 534
415 534
396 535
408 535
238 536
259 536
128 538
319 538
273 539
293 539
380 539
114 540
269 540
445 540
80 541
148 541
179 541
241 541
251 541
283 541
395 541
454 541
384 542
178 543
193 543
213 543
219 543
222 543
299 543
173 544
180 544
266 544
98 545
297 545
306 545
350 545
468 545
271 546
408 546
220 547
431 547
240 548
328 548
332 548
395 548
219 549
264 549
303 549
322 549
335 550
344 550
131 551
217 551
267 551
396 551
304 552
376 552
424 553
115 554
142 554
239 554
357 554
414 554
447 554
329 555
399 555
408 555
170 556
205 556
337 556
384 556
395 556
466 556
302 557
314 557
152 558
206 558
214 558
368 558
87 559
98 559
392 559
216 560
172 561
185 561
376 561
176 562
224 562
342 562
264 564
233 565
295 565
432 565
384 566
446 566
110 567
279 567
306 567
124 568
136 568
200 568
356 568
461 570
474 570
94 571
149 571
235 571
258 571
401 571
322 572
164 573
240 573
367 573
158 574
411 574
185 576
423 576
176 577
274 577
318 577
334 577
162 578
165 578
172 578
268 579
186 580
276 580
381 580
297 581
438 581
185 582
218 582
314 582
107 583
169 583
175 583
351 583
97 584
123 584
303 584
395 584
451 584
138 585
273 585
205 586
241 586
293 586
295 586
195 587
406 587
214 588
152 589
170 589
262 589
420 590
224 591
229 591
267 591
327 591
203 592
165 593
218 593
368 593
374 593
434 593
214 594
295 594
334 594
282 595
299 595
107 596
167 596
384 596
95 597
124 598
230 598
251 598
343 598
213 599
286 599
289 599
222 600
314 600
136 601
258 601
269 601
354 601
399 601
149 603
231 603
323 604
415 605
290 606
157 607
333 608
371 608
107 612
118 612
177 612
220 612
343 612
284 613
135 614
253 614
271 614
361 616
389 616
192 617
312 617
153 618
236 618
170 621
319 621
331 623
257 625
353 625
218 627
279 627
163 630
238 632
194 633
307 634
320 635
265 637
