178 5
304 5
262 6
196 7
350 7
377 9
215 10
281 10
230 12
323 14
256 15
294 15
392 16
363 17
162 18
182 19
204 19
333 19
307 20
145 21
281 23
232 24
379 24
414 25
190 27
214 27
248 27
295 27
319 27
354 27
174 29
263 29
158 30
390 30
278 31
142 33
339 34
373 34
300 36
349 36
407 36
227 38
242 38
384 38
211 39
319 39
198 40
205 41
234 41
248 41
317 42
358 42
362 43
418 43
158 44
387 44
253 45
192 46
137 47
150 47
345 47
382 47
245 48
267 48
304 48
378 48
301 49
402 49
329 50
338 50
193 51
279 51
415 52
434 52
245 53
269 53
382 53
234 54
255 54
299 54
386 55
365 56
384 56
255 57
213 58
233 58
357 58
400 59
401 59
206 60
385 60
133 61
149 61
123 62
166 62
349 62
200 63
228 63
210 65
214 65
186 66
315 66
420 66
183 67
205 67
237 67
239 67
243 68
286 68
145 69
255 69
127 70
157 70
225 70
433 70
387 72
402 72
215 73
111 74
221 74
322 74
370 74
211 75
444 76
298 77
296 78
342 78
381 78
394 78
413 78
185 79
360 79
167 80
319 80
345 80
148 81
185 81
276 81
226 82
379 82
301 83
423 83
348 84
202 85
320 85
394 85
384 86
334 88
434 88
122 89
217 89
222 89
240 89
321 89
345 89
119 90
126 90
181 90
253 90
104 91
268 91
367 91
383 91
408 91
272 92
215 93
290 93
329 93
379 93
384 93
150 94
211 94
88 95
136 95
387 95
301 96
448 96
152 97
350 97
184 98
206 98
312 98
373 98
382 98
322 99
392 99
420 99
254 100
275 101
160 102
234 103
368 103
402 103
172 104
463 104
170 105
114 106
182 106
282 106
185 107
234 107
256 107
399 107
215 108
227 108
334 108
439 108
150 109
197 109
209 109
94 110
124 110
174 110
184 110
307 110
392 110
127 111
197 111
296 111
341 111
417 111
257 112
212 113
316 113
352 113
361 113
79 114
161 114
195 114
210 114
213 115
253 115
256 115
280 115
453 115
126 116
363 116
368 116
388 116
327 117
429 117
203 118
156 119
322 119
394 119
131 120
178 120
191 120
217 120
226 120
113 121
121 121
261 122
106 123
125 123
288 123
344 124
408 124
440 124
175 125
178 125
468 125
152 126
133 127
155 127
385 127
85 128
307 128
353 128
419 128
233 129
242 129
287 129
395 130
72 131
186 131
314 131
210 132
222 132
297 132
322 132
363 133
197 134
251 134
334 134
163 135
269 135
281 135
456 135
312 137
102 138
404 138
431 138
282 139
210 140
379 140
86 141
196 141
262 141
186 142
228 142
446 143
348 144
76 145
189 145
184 146
472 146
122 147
147 147
179 147
280 147
324 147
418 147
320 148
331 148
395 148
66 149
368 149
112 150
239 150
246 150
454 151
130 152
187 152
226 152
374 152
132 153
215 153
243 153
255 153
434 153
152 154
351 155
406 155
200 156
323 157
91 158
123 158
178 158
316 158
386 158
467 159
157 160
285 160
80 161
146 161
172 161
192 161
206 161
426 161
232 162
307 162
369 162
113 163
147 163
396 163
478 163
65 164
448 164
146 165
266 165
340 165
122 166
386 166
126 167
255 167
276 167
332 167
176 168
317 168
421 168
136 169
190 169
208 169
235 169
241 169
288 169
130 170
257 170
385 170
261 171
334 171
362 171
105 172
288 172
405 172
149 173
412 173
94 174
330 174
80 175
167 175
379 175
465 175
187 176
402 176
116 177
151 177
181 177
342 177
372 177
128 178
179 178
209 178
184 179
201 179
216 179
233 179
328 179
340 179
446 179
169 180
59 181
136 181
408 181
200 182
289 182
324 182
392 182
128 183
349 183
416 183
95 184
258 185
262 185
266 185
123 187
159 188
311 188
427 188
77 189
151 189
166 189
229 189
383 189
377 190
131 191
357 191
400 191
465 191
113 192
169 192
239 192
244 192
101 194
355 194
58 195
248 195
314 195
387 195
423 196
437 196
157 198
349 198
194 199
282 199
330 199
88 200
211 200
276 200
449 200
156 201
369 201
121 202
287 202
354 202
110 203
178 204
209 204
363 204
113 205
136 205
187 205
106 206
163 206
218 206
234 206
235 206
239 206
307 206
327 206
70 207
190 207
338 207
428 207
156 208
243 208
246 209
386 209
53 210
141 210
147 210
169 210
192 210
382 210
111 211
193 211
318 211
460 211
141 212
335 212
401 212
157 213
216 213
326 213
366 213
86 214
288 214
435 214
116 215
128 215
183 215
277 215
213 216
373 216
275 217
215 218
310 218
330 218
414 218
80 219
88 219
99 219
271 219
350 219
472 219
152 220
173 220
209 220
341 220
380 220
444 220
128 221
162 221
168 221
207 221
335 221
137 222
148 222
247 222
425 222
60 224
150 224
162 224
287 224
84 226
404 226
275 228
302 228
101 229
430 229
458 229
83 230
259 230
343 230
362 230
107 231
186 231
220 231
229 231
271 231
313 231
335 231
410 231
156 232
256 232
322 232
216 233
76 234
86 235
65 236
115 236
142 236
251 236
267 236
271 236
199 237
258 237
277 237
290 237
370 237
101 238
168 238
443 238
469 238
124 239
239 239
299 239
182 240
241 240
344 240
420 240
54 241
104 241
157 241
368 241
333 242
150 243
203 243
381 243
126 244
265 244
337 244
343 244
203 245
108 246
185 246
239 246
407 246
80 247
295 247
370 248
430 248
123 249
135 249
157 249
197 249
363 249
182 250
271 250
294 250
392 250
454 250
122 251
255 251
281 251
296 251
180 252
221 252
292 252
67 253
96 253
184 253
386 254
416 254
187 255
266 255
310 255
357 256
361 256
87 257
112 257
135 257
165 257
191 257
308 257
439 257
54 258
138 258
198 258
326 258
356 258
396 258
148 259
222 259
237 259
470 259
317 260
282 261
356 261
87 262
213 262
244 262
314 262
403 262
105 263
347 263
76 265
129 265
298 265
428 265
170 266
273 266
355 266
130 267
231 267
298 267
353 268
125 269
201 269
218 269
215 270
390 270
453 270
61 271
84 271
172 271
217 271
241 271
321 271
341 271
412 271
140 272
202 272
344 272
108 273
154 273
324 273
91 274
213 274
240 274
300 274
335 274
358 274
116 275
356 275
439 275
171 276
211 277
229 277
301 277
160 278
107 279
463 279
190 280
198 280
287 280
416 280
47 281
171 281
292 281
340 281
149 282
174 282
181 283
224 283
265 283
340 283
71 284
144 284
219 284
230 284
252 285
471 285
129 286
158 286
350 286
96 287
448 287
289 288
307 288
351 289
417 289
143 290
157 290
181 290
240 290
337 290
130 291
334 291
361 291
427 291
90 292
210 292
268 292
357 292
397 292
420 292
439 292
321 293
58 294
122 294
159 294
239 294
328 294
374 294
477 294
107 295
299 295
347 295
359 295
381 295
139 297
263 297
282 297
308 297
406 297
194 298
458 298
48 299
75 299
127 299
142 299
352 299
362 300
436 300
293 302
303 302
280 303
444 303
357 304
430 304
432 304
434 304
71 305
178 305
95 306
117 306
154 306
284 306
410 306
131 307
319 307
357 307
170 308
291 308
449 308
227 309
235 309
470 309
87 310
268 310
345 310
383 310
60 311
328 311
340 311
399 311
256 312
267 312
396 312
416 312
422 312
122 313
159 313
191 313
196 313
222 314
262 314
409 314
53 315
164 315
213 315
250 315
424 315
169 316
240 316
456 316
79 317
107 317
186 317
196 317
209 317
249 317
311 317
345 317
182 318
238 318
353 318
382 318
146 319
178 319
433 319
149 320
270 320
280 320
91 321
99 322
188 322
243 322
95 323
101 323
191 323
264 323
273 323
338 323
68 324
328 324
341 324
423 324
246 325
181 326
261 326
267 326
273 326
403 326
230 327
300 327
467 327
60 328
187 328
192 328
204 329
254 329
137 330
142 330
190 330
355 330
373 330
165 331
208 331
80 332
206 332
244 332
269 332
351 332
407 332
381 333
429 333
306 334
50 335
105 335
246 335
366 335
242 336
86 337
89 337
258 337
385 337
283 338
322 338
69 339
176 339
454 339
99 341
311 341
411 341
113 342
258 342
276 342
103 343
116 343
197 343
270 343
436 343
192 344
291 344
191 345
333 345
155 346
394 346
398 346
60 347
361 347
117 348
277 348
294 348
122 349
166 349
177 349
224 350
147 351
319 351
417 351
80 352
193 352
217 352
327 352
379 352
459 352
121 353
227 353
337 353
136 354
188 354
252 354
255 354
363 354
202 355
340 355
139 356
107 357
301 357
396 357
444 357
67 358
92 358
140 358
201 358
322 358
367 358
86 359
112 359
121 359
182 360
189 360
374 360
93 361
137 361
227 361
235 361
296 361
345 361
365 361
394 361
471 361
146 362
224 362
131 363
345 363
405 363
129 364
412 364
110 365
325 365
336 365
381 365
122 366
168 366
83 367
231 367
255 367
282 367
330 368
356 368
452 368
208 369
257 369
365 369
129 370
198 370
231 370
324 370
125 371
352 371
270 372
312 372
438 372
318 373
436 373
74 374
207 374
213 374
263 374
268 374
281 374
312 374
101 375
255 376
372 376
377 376
136 377
303 377
413 377
148 378
222 378
224 378
426 378
262 379
340 379
364 379
463 379
166 380
291 380
117 381
172 381
317 381
355 381
224 382
60 383
154 384
405 384
248 385
263 385
376 385
87 386
275 386
343 386
366 386
167 387
227 387
443 387
154 388
191 388
207 388
157 389
281 389
264 391
105 392
259 392
297 392
472 392
74 393
196 393
365 393
407 393
196 394
422 394
439 394
214 395
351 395
362 395
207 396
87 397
180 399
302 399
326 399
408 399
217 400
269 400
454 400
103 401
220 401
417 401
84 403
242 403
434 403
123 404
158 404
347 404
395 404
416 404
435 404
143 405
233 405
359 405
385 405
427 405
194 406
291 406
335 407
364 407
400 407
415 407
96 408
386 408
402 408
462 408
187 409
133 410
200 410
125 411
269 411
72 412
116 412
418 412
168 413
359 413
426 413
227 414
333 414
442 415
140 416
353 416
361 416
408 416
85 417
133 417
256 417
270 417
381 417
109 418
187 418
238 418
314 418
386 418
473 418
200 419
342 419
415 419
216 420
225 420
430 420
433 420
143 421
173 421
218 421
235 421
436 421
301 422
363 422
416 422
165 423
176 423
196 423
225 423
287 423
419 423
171 424
209 424
361 424
320 425
402 425
374 426
405 426
78 427
348 427
457 429
97 430
149 430
166 431
239 431
241 431
295 432
246 433
323 433
118 434
355 434
162 435
177 435
257 435
260 435
385 435
387 435
155 436
193 436
211 436
228 436
344 436
159 437
354 437
413 437
251 438
375 438
433 438
134 439
155 439
166 439
371 439
114 440
137 440
360 440
394 440
414 440
87 441
271 441
305 441
442 441
474 441
190 442
264 442
329 442
271 443
327 443
165 444
170 444
350 444
422 444
260 445
214 446
243 446
104 447
144 447
190 447
211 447
236 447
333 447
452 447
197 448
203 448
261 448
312 448
379 448
169 449
212 449
307 449
126 450
184 450
278 450
281 450
339 450
150 451
431 451
186 452
266 452
347 452
271 453
404 453
468 453
170 454
340 454
192 455
223 455
284 455
347 455
437 455
252 456
294 458
337 458
115 459
170 459
249 460
319 460
385 460
137 461
231 461
236 461
342 461
413 461
249 462
366 462
290 463
358 463
152 465
259 465
449 465
98 467
183 467
222 467
301 467
178 468
271 468
350 468
423 468
123 469
192 469
228 469
249 469
252 469
461 470
189 471
282 471
130 472
160 472
319 472
374 472
117 473
255 473
343 473
354 473
401 473
349 474
430 474
217 475
284 475
336 475
330 476
441 476
136 477
219 478
333 478
409 479
215 481
246 481
344 481
176 482
263 482
327 482
147 483
298 483
315 484
418 484
450 484
257 485
103 487
392 487
187 488
250 488
254 488
306 488
121 489
226 489
302 489
427 489
222 490
236 490
293 491
328 491
332 491
355 491
371 491
133 492
163 493
204 493
216 493
275 493
184 494
207 494
210 494
222 494
334 494
338 494
218 496
233 497
150 499
224 499
280 499
305 499
243 500
248 500
224 501
339 502
410 502
161 503
358 503
158 504
212 504
334 504
283 505
319 505
301 506
330 506
335 508
423 508
127 509
279 509
367 509
318 510
397 510
194 511
266 511
432 512
180 513
142 514
198 515
303 515
322 515
150 517
373 517
167 518
229 518
247 518
274 518
291 518
351 518
265 519
278 519
407 519
156 520
269 520
302 520
351 520
218 522
243 523
284 525
391 526
198 527
230 529
344 529
368 529
289 530
138 532
319 532
177 533
211 534
378 534
398 534
275 535
353 536
249 538
404 538
149 539
328 540
194 541
298 541
222 542
158 543
258 544
283 544
365 545
206 546
233 546
305 546
343 547
169 548
379 550
180 551
245 551
320 551
267 552
219 554
252 554
295 556
334 556
356 556
195 557
341 559
205 561
370 562
315 563
237 564
267 564
291 565
332 567
304 570
252 572
295 579
