292 16
221 18
344 19
277 20
260 23
327 23
206 26
317 27
350 30
193 32
241 32
393 32
297 33
374 33
328 36
228 37
180 39
282 39
306 42
358 42
345 43
213 44
272 44
404 45
319 46
326 46
395 47
169 48
201 48
258 48
305 49
378 50
160 52
283 52
244 53
214 56
180 57
282 57
341 57
327 59
414 59
436 60
400 62
312 63
389 63
229 64
378 64
258 65
313 65
358 65
197 66
284 66
162 67
340 68
293 69
149 71
111 72
184 72
329 72
242 74
276 74
313 74
425 74
442 74
315 75
408 75
395 77
456 77
204 78
371 78
172 79
267 79
130 81
326 81
353 81
259 82
292 82
225 84
336 84
163 85
190 85
192 86
347 86
422 86
431 86
404 87
268 88
317 88
322 89
443 89
274 90
388 90
238 92
364 92
378 92
151 93
301 93
324 93
351 94
464 94
116 95
194 95
209 95
406 97
179 98
251 98
257 98
287 99
334 99
424 99
225 100
233 100
143 101
198 101
353 101
236 102
319 102
213 103
258 103
197 104
446 104
270 105
341 105
100 106
165 106
188 106
266 106
375 106
399 106
213 107
275 107
307 107
365 107
459 107
349 108
352 108
130 109
189 109
238 109
414 109
477 110
332 111
165 112
205 112
228 112
253 112
237 113
286 113
229 114
255 114
439 114
214 115
157 116
125 117
181 117
188 117
226 117
392 117
312 118
266 119
271 119
368 119
402 119
450 119
241 120
410 120
426 120
219 121
242 121
301 121
310 121
419 121
466 121
324 122
348 122
118 123
200 123
295 123
335 123
434 123
291 124
176 125
434 125
477 125
314 126
283 127
166 128
315 128
324 128
140 129
157 129
192 129
215 129
228 129
205 130
253 130
106 131
210 131
275 131
304 131
377 131
391 131
365 132
246 133
440 133
457 133
158 134
201 134
347 134
410 134
130 135
333 136
416 136
70 137
144 137
95 138
173 138
425 138
134 139
240 139
437 139
144 140
202 140
324 140
407 140
475 140
142 141
148 141
206 141
276 141
330 141
360 141
119 143
356 143
448 143
168 144
180 144
150 145
298 145
368 145
381 145
127 146
198 146
264 146
286 146
355 146
340 147
138 148
400 148
467 148
324 149
347 149
182 150
281 150
414 150
213 151
170 152
307 152
430 152
79 153
240 153
105 154
205 154
405 154
139 155
154 155
214 155
273 155
438 155
225 156
175 157
241 157
293 157
361 157
71 158
172 158
378 158
336 159
350 159
389 159
124 160
128 160
255 160
294 160
327 160
94 161
141 161
157 161
270 162
402 162
459 162
95 163
146 163
308 163
415 163
213 164
271 164
189 165
191 165
259 165
471 166
228 167
431 167
158 168
247 168
84 169
58 170
204 170
342 170
375 170
86 171
265 171
424 171
449 171
113 172
283 172
325 172
357 172
391 173
218 175
238 175
403 175
129 176
165 176
152 177
174 177
179 177
258 177
277 177
50 178
132 178
161 178
196 178
254 178
437 178
464 178
88 179
142 179
106 180
179 180
413 180
475 180
270 181
292 181
342 181
350 181
360 181
87 182
143 182
209 182
370 182
73 183
245 183
279 183
382 183
447 183
99 184
158 184
224 184
148 185
330 185
38 186
158 186
397 186
409 186
112 187
114 187
121 187
284 187
306 188
171 189
258 189
114 190
423 190
436 190
457 191
114 192
198 192
297 192
111 193
161 193
376 194
148 195
149 195
183 195
232 195
249 195
349 195
361 195
54 196
82 196
106 196
171 196
213 196
289 196
470 196
394 197
110 198
197 198
269 198
318 198
119 199
442 199
161 200
405 200
437 200
132 201
75 202
126 202
144 202
222 202
283 202
310 202
277 203
142 204
189 204
239 204
417 204
144 205
302 205
364 205
36 207
139 207
143 207
254 207
332 207
374 207
381 207
457 207
169 208
291 208
316 208
427 208
356 209
326 210
391 210
397 210
267 211
329 211
341 211
433 211
60 212
113 212
230 212
325 212
400 212
401 212
418 212
421 212
91 213
318 213
364 213
155 214
182 214
197 214
439 214
469 214
147 215
308 215
282 216
336 216
345 216
419 216
146 218
413 218
439 218
131 219
296 219
223 220
239 220
377 220
397 220
160 221
451 221
170 222
254 222
273 222
384 222
48 223
394 223
286 224
323 224
75 225
104 225
315 225
140 226
203 226
365 226
265 227
318 227
329 227
342 227
429 227
459 227
153 228
161 228
358 228
403 228
184 229
247 229
310 229
303 230
369 230
120 231
173 231
230 231
379 231
418 232
433 232
39 233
442 233
166 234
471 235
67 236
133 236
150 236
182 236
290 236
346 236
383 236
91 237
193 237
209 237
337 237
166 239
307 239
406 239
112 240
178 240
241 240
261 240
420 240
222 241
291 241
390 241
281 242
321 242
432 242
30 243
334 243
370 243
456 244
84 245
312 245
81 246
83 246
159 246
235 246
256 246
303 247
347 247
188 248
399 248
419 248
56 250
124 250
169 250
294 250
379 250
440 250
172 251
201 251
271 251
358 251
468 251
141 252
288 252
100 253
250 254
411 255
229 256
291 256
389 256
153 257
212 257
283 257
286 257
426 257
448 257
114 259
264 259
368 259
75 260
181 260
317 260
329 260
337 260
244 261
407 261
45 262
165 262
412 262
479 262
278 263
305 263
348 264
134 265
194 265
401 265
435 265
419 266
385 267
176 268
222 268
295 268
314 268
440 268
411 269
462 269
177 270
361 270
238 271
282 271
300 271
36 272
111 272
172 272
268 272
289 272
147 273
159 274
322 274
337 274
379 274
88 275
252 275
289 275
128 276
189 276
205 276
445 276
62 277
428 277
394 278
264 279
309 279
349 279
475 279
233 280
152 281
367 281
277 282
416 282
173 283
331 283
419 283
215 284
28 285
121 285
142 285
157 285
357 285
80 286
186 286
295 286
329 286
450 286
100 287
194 287
246 287
404 287
197 288
231 288
359 288
390 288
437 288
51 289
340 289
369 289
121 290
260 290
274 290
432 290
372 291
423 291
170 292
210 292
325 292
334 292
22 293
132 293
153 293
179 293
328 293
344 293
373 293
315 294
470 294
119 295
252 296
276 296
286 296
197 297
268 298
307 298
45 299
71 299
154 299
196 299
279 299
225 300
396 300
411 300
412 300
137 301
243 301
379 301
437 301
135 302
187 302
476 302
43 303
92 303
207 303
271 303
280 303
393 303
429 304
165 305
181 305
262 305
323 305
347 305
462 305
151 306
327 306
193 307
298 307
365 307
314 308
367 309
132 310
240 310
362 310
382 310
257 311
399 311
415 311
151 312
221 312
336 312
429 312
433 312
62 313
163 313
208 313
180 314
279 314
309 314
449 314
37 315
111 315
468 315
87 316
350 316
162 317
192 318
274 318
293 318
345 318
369 318
410 318
420 318
382 320
404 320
436 320
238 321
57 322
193 322
206 322
221 322
258 322
278 322
454 322
125 323
354 323
386 323
324 324
145 325
340 325
405 325
87 326
116 326
159 326
195 326
239 326
104 327
190 327
78 328
271 328
441 328
27 329
304 329
289 330
355 330
425 330
51 332
157 332
123 333
158 333
275 333
370 333
460 333
197 334
220 334
280 334
339 334
133 336
187 336
203 336
304 336
389 336
72 337
263 337
420 337
103 338
165 338
406 338
431 338
89 339
143 339
317 339
258 340
352 340
44 341
102 341
239 341
257 341
18 342
153 342
173 342
221 342
446 342
121 343
290 343
466 343
156 344
204 344
245 344
276 344
167 345
369 345
388 345
82 347
306 347
89 348
141 348
329 348
435 348
187 349
223 349
411 349
152 350
194 350
204 350
425 350
116 351
260 351
60 352
98 352
119 352
239 352
347 352
451 352
37 353
170 353
218 353
364 353
204 354
127 355
297 355
401 355
138 356
282 356
325 356
389 356
471 356
240 357
259 357
267 357
156 358
182 358
261 358
179 359
375 359
454 359
108 360
254 361
326 361
320 362
335 362
428 362
186 363
219 363
259 363
358 363
365 363
413 363
53 364
96 364
442 364
29 365
127 365
340 365
374 365
400 365
76 366
170 366
239 366
115 367
203 367
309 367
353 367
389 367
264 368
292 368
123 369
411 369
436 369
271 370
376 370
476 370
176 371
411 371
428 371
96 372
352 372
373 372
460 372
357 373
418 373
95 374
223 374
412 374
153 375
143 376
334 376
446 376
18 377
98 377
253 377
324 377
354 377
110 378
126 378
171 378
282 378
47 379
185 379
389 379
42 380
109 380
136 380
207 380
95 381
323 381
398 381
407 381
478 381
146 382
161 382
372 382
429 382
277 383
193 384
259 384
363 384
424 384
154 385
310 385
73 386
113 386
295 386
345 386
121 387
190 387
225 387
414 387
446 387
465 387
98 388
166 388
276 388
209 389
346 389
348 389
27 390
49 390
244 390
365 390
430 390
44 391
66 391
81 391
182 391
266 391
96 392
138 392
173 392
321 392
354 392
383 392
369 393
371 393
154 395
422 395
194 396
267 396
435 396
448 396
232 397
264 397
336 397
425 397
81 398
123 398
166 398
248 398
277 398
65 399
83 399
109 399
346 399
415 399
466 399
129 401
185 401
184 402
286 402
330 402
413 402
170 403
296 403
305 403
440 403
143 404
332 404
363 404
94 405
257 405
313 405
392 405
133 406
139 406
190 406
377 406
381 406
19 407
260 407
329 407
391 407
410 407
431 407
57 408
218 408
246 408
384 408
414 408
430 408
39 409
77 410
107 410
152 410
240 410
125 411
196 411
350 411
351 411
168 412
200 412
139 413
147 413
388 413
277 414
349 414
450 414
471 414
123 415
173 415
181 415
200 415
323 415
92 416
370 416
221 417
275 417
407 417
383 418
433 418
136 419
164 419
249 419
287 419
429 419
11 420
188 420
320 420
365 420
32 421
108 422
158 422
338 422
53 423
73 423
325 424
379 424
139 425
231 425
267 425
365 425
305 426
382 426
175 427
210 427
424 427
259 428
333 429
52 430
90 430
123 430
387 430
471 430
197 431
242 432
343 432
107 433
194 433
237 433
347 433
404 433
216 434
360 434
369 434
399 434
26 435
71 435
150 435
269 435
324 435
378 435
455 435
358 436
434 436
327 437
353 437
420 437
178 438
127 439
440 439
47 440
160 440
374 440
88 441
164 441
225 441
248 441
123 442
144 442
158 442
202 442
283 442
319 442
330 442
391 442
392 442
470 442
82 443
124 443
249 443
349 443
423 443
171 444
292 444
451 444
108 445
419 445
299 446
309 446
343 446
367 447
68 448
368 449
188 450
333 450
43 451
233 451
266 451
435 451
117 452
211 452
388 452
241 453
324 453
371 453
87 454
259 454
308 454
313 454
321 454
413 454
166 455
128 456
389 456
426 456
445 456
172 457
180 457
219 457
290 457
199 458
340 458
357 458
424 458
306 459
409 459
190 460
109 461
199 461
305 461
150 462
325 462
35 463
250 463
406 463
229 464
250 464
376 464
65 466
88 466
189 466
346 466
431 466
424 467
461 467
154 468
267 468
419 468
90 469
134 469
207 469
293 469
166 470
174 470
283 470
297 470
291 471
301 471
312 472
395 472
113 473
155 473
397 473
433 473
133 474
196 474
238 474
300 474
381 474
89 475
142 475
186 475
215 475
328 475
459 475
89 476
364 476
25 477
188 477
196 477
289 477
322 477
96 478
139 478
248 478
263 478
103 479
387 479
408 479
140 480
388 480
58 481
179 481
262 481
357 481
452 481
39 482
202 482
423 482
164 483
251 483
277 485
350 485
118 486
229 486
332 486
378 486
95 487
303 487
186 488
146 489
341 489
446 489
75 491
416 491
320 492
393 493
217 494
268 494
328 494
241 495
242 495
124 496
30 497
176 497
196 497
248 497
288 498
335 498
361 498
471 498
99 499
315 499
53 500
156 500
251 500
266 500
297 500
307 500
349 500
406 500
260 501
324 501
463 501
78 502
379 502
434 502
105 504
209 505
339 505
133 506
231 506
349 506
243 507
423 508
187 509
457 509
139 510
280 510
331 510
338 510
395 510
84 511
168 512
251 512
364 512
112 513
218 513
250 513
299 513
315 513
352 514
445 514
249 515
45 516
118 516
410 517
354 518
381 518
68 519
147 519
229 519
251 519
266 519
201 520
246 520
325 520
179 521
299 521
91 522
429 522
434 522
124 523
340 524
399 524
168 525
228 525
364 525
467 525
97 526
430 526
158 527
242 527
216 528
414 528
104 529
192 529
262 529
391 529
325 530
458 530
278 531
310 531
417 532
429 532
47 533
138 533
296 533
61 534
253 534
344 534
381 534
196 535
171 536
232 537
76 538
369 538
403 538
116 539
212 539
407 540
440 540
441 540
149 541
269 542
354 542
210 544
472 544
213 545
249 545
89 546
285 546
393 546
191 547
206 547
323 547
341 547
423 547
161 548
302 548
133 549
170 549
226 549
165 550
278 550
440 550
104 551
231 551
457 551
380 553
426 553
242 554
412 554
213 556
363 557
147 558
350 558
404 558
117 559
179 559
407 559
79 560
334 560
437 560
309 561
266 562
280 562
296 562
315 562
193 564
231 564
470 564
133 565
230 565
387 565
420 565
165 566
234 567
131 568
98 569
246 569
411 569
372 570
460 570
205 571
134 573
145 573
239 573
363 573
112 574
173 574
343 575
446 575
221 576
224 576
332 577
351 577
437 577
184 578
279 578
134 579
157 579
302 579
420 579
406 580
127 581
259 581
294 582
205 583
306 583
370 583
474 583
72 584
84 584
172 584
153 585
394 585
138 586
364 586
373 586
383 586
466 586
220 587
325 587
100 588
135 588
166 588
285 588
376 589
147 590
235 590
451 590
361 591
261 593
116 594
279 594
290 594
348 594
428 594
227 595
327 595
124 596
165 596
183 596
237 596
414 596
303 597
316 598
200 600
398 600
248 603
224 604
256 604
379 604
471 604
362 606
270 607
459 607
289 608
98 609
111 609
306 609
324 610
340 610
123 611
434 611
443 611
157 613
401 614
415 614
143 615
174 615
191 616
204 618
391 618
249 619
220 620
263 620
236 621
285 622
301 622
378 622
324 623
337 623
100 624
106 624
361 624
467 624
116 625
129 627
449 627
140 629
435 629
153 631
166 631
173 631
409 631
246 632
422 632
257 633
392 633
277 634
184 635
217 637
200 638
309 638
329 639
