264 28
328 30
279 33
229 36
291 38
351 38
249 42
356 43
312 44
150 45
156 46
215 46
267 46
365 46
168 47
178 48
271 48
278 50
328 50
189 52
226 52
233 52
378 53
292 54
199 55
209 57
412 57
386 58
120 59
250 59
130 60
143 60
124 61
314 62
163 63
359 63
424 64
175 65
261 65
170 66
181 66
365 67
397 67
213 69
277 69
218 70
403 70
227 72
287 73
103 74
340 75
124 76
295 76
381 76
139 77
303 77
416 77
158 78
246 78
352 78
173 79
308 80
318 80
185 81
257 82
393 82
195 83
264 84
364 84
216 86
234 88
279 88
372 88
432 88
90 89
100 89
410 89
115 90
337 90
128 91
223 91
243 92
342 92
164 93
299 93
226 94
382 94
445 94
180 96
357 96
417 96
190 97
201 97
213 97
254 98
208 99
221 99
316 99
227 100
397 100
246 101
262 101
458 101
70 102
423 102
90 103
233 103
369 103
104 104
464 104
128 105
332 105
404 105
136 106
280 106
153 107
225 108
290 108
166 109
433 109
471 109
174 110
440 110
179 111
209 111
348 112
476 113
198 114
358 114
68 115
214 115
388 115
446 115
205 116
319 116
58 117
225 117
79 118
96 119
153 119
457 119
117 120
373 120
253 121
149 122
151 122
268 122
277 122
167 123
335 123
350 123
440 123
411 124
295 125
298 125
202 126
219 126
355 126
153 127
225 127
385 127
269 128
318 128
347 128
426 128
218 129
238 129
308 129
441 129
248 130
299 130
70 131
196 131
54 132
88 132
208 132
261 132
358 132
135 133
220 133
234 133
114 134
148 134
264 134
320 134
397 134
158 135
160 135
232 135
410 135
176 136
312 136
241 137
253 137
422 137
210 138
345 138
360 138
151 139
265 139
336 139
378 139
473 140
272 141
409 141
448 142
209 143
291 143
301 143
264 144
327 145
352 145
390 145
224 146
397 146
22 147
58 147
273 147
281 147
289 147
315 147
37 149
93 149
105 149
147 149
254 149
72 150
115 150
192 150
204 150
363 150
373 150
132 151
166 151
182 151
330 151
209 152
222 152
262 152
320 152
359 152
217 153
237 153
248 153
256 153
215 154
433 154
151 155
313 155
221 157
236 157
262 157
309 158
342 158
383 158
289 159
314 160
388 160
395 160
301 161
321 161
126 162
283 162
305 162
339 162
352 162
448 162
295 163
409 163
66 164
75 164
109 164
175 164
297 164
315 164
363 164
414 164
41 165
56 165
61 165
155 165
416 165
10 166
50 166
184 166
327 166
41 167
125 167
423 167
201 168
343 168
220 169
257 169
359 169
374 169
460 169
70 171
422 171
55 172
239 172
270 172
291 172
302 172
343 173
359 173
386 174
287 175
359 175
64 176
77 176
474 176
81 177
295 177
443 177
56 178
95 179
104 179
141 179
400 179
437 179
125 180
310 180
328 180
439 180
154 181
361 181
178 182
315 182
331 182
143 183
193 183
412 183
459 183
18 184
24 184
60 184
122 184
153 184
216 184
326 184
49 185
57 185
134 185
224 185
4 186
61 186
122 186
243 186
378 186
76 187
158 187
255 187
265 187
315 187
335 187
343 187
352 187
73 188
323 188
424 188
470 188
280 189
412 191
347 192
430 192
129 193
291 193
350 193
474 193
152 194
158 194
299 194
361 194
393 194
437 194
126 195
146 195
211 195
313 195
327 195
100 196
127 196
138 196
167 196
304 196
75 197
111 197
176 197
198 197
317 197
123 198
189 198
59 199
230 199
406 199
440 199
448 199
336 200
338 200
402 200
58 201
242 201
268 201
64 202
241 202
28 203
47 203
140 203
254 203
415 203
462 203
14 204
132 206
142 206
162 206
245 206
265 206
286 207
362 207
311 208
432 208
46 209
141 210
169 210
276 210
320 210
128 211
149 211
195 211
214 211
309 211
327 211
372 211
118 212
136 212
138 212
158 212
188 212
307 212
98 213
113 213
184 213
233 213
385 213
44 214
118 214
138 215
148 215
446 215
64 216
86 216
341 216
453 216
284 217
398 217
73 218
102 218
320 218
25 219
68 219
320 219
64 220
75 221
279 221
10 222
39 222
49 222
56 222
138 222
162 222
191 222
209 222
225 222
237 222
255 222
266 222
294 222
32 223
158 223
174 223
366 223
67 224
216 224
247 224
419 224
305 225
468 225
41 226
148 226
377 226
74 227
128 227
135 227
435 227
128 228
176 228
82 229
120 229
140 229
326 229
479 229
440 230
198 231
251 231
305 231
283 232
341 232
397 232
445 232
85 233
127 233
152 233
271 233
318 233
346 233
30 234
73 236
144 236
288 236
359 236
14 237
166 237
186 237
202 237
229 237
289 237
411 237
457 237
217 238
305 238
61 239
68 239
78 239
153 239
247 239
277 239
312 239
246 240
287 240
317 240
466 240
143 241
145 241
376 241
53 242
424 242
263 243
128 244
251 244
330 244
389 244
423 244
477 244
48 245
132 245
257 245
275 245
281 245
87 246
42 247
342 247
420 247
441 247
113 248
316 248
353 249
33 250
106 250
200 250
407 250
103 251
179 251
185 251
217 251
304 251
155 252
210 252
262 252
264 252
366 252
172 253
243 253
135 254
158 254
285 254
374 254
433 254
461 254
145 255
236 255
272 255
281 255
311 255
322 255
409 255
69 256
151 256
419 256
426 257
5 258
311 258
403 258
63 260
289 260
341 260
434 260
391 261
475 261
53 262
90 262
135 262
207 262
215 262
301 262
47 263
246 263
355 263
440 263
92 264
159 264
199 264
314 264
188 265
228 265
235 265
242 265
115 266
173 266
211 266
219 266
248 266
260 266
286 266
328 266
449 266
133 267
146 267
161 267
240 267
274 267
304 267
406 267
107 268
30 269
271 270
342 270
461 270
97 271
128 271
149 271
234 271
285 271
291 271
383 271
418 271
22 272
84 272
311 272
410 272
123 273
128 273
224 273
247 273
355 273
12 274
232 274
308 274
65 275
76 275
394 275
214 276
301 276
415 276
435 276
475 276
58 277
151 277
273 277
325 277
88 278
96 278
164 278
231 278
263 278
432 278
155 279
250 279
438 279
443 279
191 280
201 280
215 280
276 280
336 280
137 281
184 281
274 281
126 282
409 282
46 283
453 283
287 284
291 284
383 284
312 285
78 286
428 287
467 287
25 288
360 288
18 289
300 289
11 290
103 290
242 290
257 290
324 290
396 290
60 291
213 291
225 291
298 291
476 291
165 292
199 292
271 292
286 292
437 292
95 293
180 293
374 293
151 294
339 294
90 296
302 296
453 296
384 297
418 297
318 298
349 298
133 299
312 299
14 300
77 300
235 300
122 301
360 301
395 301
465 301
46 302
201 302
256 302
185 303
214 303
276 303
428 303
174 304
192 304
299 304
113 305
167 305
476 305
38 306
374 306
306 307
331 307
407 307
441 307
452 307
154 308
316 308
346 310
266 311
280 311
29 312
140 312
227 312
242 312
320 312
214 313
389 313
22 314
78 314
132 314
293 314
292 315
17 316
308 316
399 316
176 317
315 317
441 317
472 317
7 318
119 318
363 318
66 319
282 319
342 319
115 320
197 320
267 320
46 321
156 322
55 323
107 323
191 323
247 323
281 323
429 323
270 324
148 325
362 325
415 325
173 326
209 326
213 326
220 326
226 326
236 326
299 326
304 326
458 326
34 327
92 327
205 327
143 328
261 328
312 328
365 329
436 329
120 330
274 330
270 331
75 332
83 332
121 332
225 332
254 332
405 332
23 333
274 333
103 334
224 334
235 334
264 334
346 334
380 334
479 334
11 335
253 335
447 335
65 336
288 336
58 337
104 337
174 337
304 337
49 338
188 338
199 338
232 338
236 338
278 338
159 339
224 339
393 339
205 340
360 340
458 340
324 341
91 342
102 342
247 342
142 343
363 343
384 343
91 344
365 344
430 344
465 344
36 345
81 345
208 345
377 345
219 346
339 346
195 347
263 347
269 347
281 347
108 348
232 348
254 348
349 348
408 348
28 349
71 349
129 349
243 349
293 349
373 349
95 350
186 350
64 351
150 351
181 351
304 351
87 352
18 353
124 353
209 353
316 353
363 353
396 353
444 353
101 354
307 354
311 354
326 354
11 355
231 355
422 355
226 356
300 356
310 356
55 357
84 357
119 357
270 357
470 357
45 358
277 358
373 358
288 359
342 359
3 360
81 360
148 360
209 360
288 360
308 360
311 360
428 360
301 361
309 361
387 361
409 362
245 363
254 363
303 363
356 363
464 363
104 364
192 364
266 364
365 364
382 364
34 365
320 365
133 366
162 366
231 366
276 366
387 366
28 367
66 367
238 367
472 367
86 368
94 368
178 368
372 368
24 369
124 369
330 369
420 369
215 370
449 370
56 371
208 371
403 371
108 372
341 372
115 373
284 373
395 373
412 373
222 374
288 374
298 374
379 374
381 374
46 375
138 375
188 375
227 375
350 375
104 376
160 376
240 377
271 377
320 377
388 377
72 378
247 378
259 378
313 378
41 379
222 379
364 379
389 379
398 379
403 379
99 380
437 380
30 381
35 381
63 381
229 381
297 381
470 381
169 382
218 382
270 382
327 382
126 383
204 384
281 384
376 384
22 385
292 385
416 385
445 385
88 386
101 386
118 386
143 386
202 386
343 386
248 387
51 388
204 388
273 388
297 388
117 389
191 389
230 389
247 389
288 389
308 389
385 389
454 389
11 390
153 390
234 390
258 390
355 390
427 390
280 391
283 391
313 391
385 391
405 391
226 393
302 393
325 393
40 394
71 394
105 394
132 394
216 394
466 394
171 395
309 395
368 395
335 396
398 396
314 397
64 398
125 398
248 398
390 398
96 399
370 399
445 399
29 400
83 400
248 400
293 400
347 400
56 401
181 401
286 401
302 401
375 401
421 401
452 401
57 402
88 402
177 402
178 402
192 402
193 402
259 402
273 402
309 402
118 403
194 403
234 403
384 403
406 403
248 404
298 404
313 404
399 404
419 404
456 404
20 405
416 405
144 406
223 406
319 406
360 406
370 406
15 407
163 407
187 407
196 407
435 407
462 407
106 408
371 408
392 408
329 409
418 409
474 409
209 410
73 411
249 411
40 412
52 412
156 412
447 412
129 413
243 414
343 414
400 414
166 415
254 415
262 415
280 415
35 416
122 416
188 416
198 416
232 416
382 416
427 416
29 417
62 417
355 417
381 417
91 418
169 418
114 419
140 419
301 419
373 419
58 420
168 420
286 420
86 421
170 421
213 421
391 421
465 421
175 422
372 422
416 422
50 423
266 423
290 423
442 423
80 424
107 424
157 424
268 424
295 424
316 424
389 424
328 425
477 425
172 426
193 426
268 426
125 427
242 427
283 427
302 427
41 428
234 428
252 428
382 428
296 429
360 429
439 429
68 430
146 430
224 430
409 430
94 431
281 431
340 431
164 432
434 432
460 432
182 433
195 433
211 433
115 434
257 435
275 435
370 435
46 436
78 436
197 436
355 436
396 436
418 436
131 437
317 437
435 437
27 438
263 438
277 438
296 438
306 438
381 438
409 438
422 438
447 438
471 438
149 439
190 439
236 439
363 439
418 439
179 440
77 441
124 441
225 441
249 441
319 441
103 442
362 443
378 443
216 444
340 445
341 445
371 445
386 445
97 446
160 446
436 446
84 447
131 447
345 447
380 447
37 448
66 448
362 448
387 448
395 448
6 449
88 449
445 449
90 450
150 450
270 450
140 451
185 451
193 451
250 451
332 451
355 451
115 452
129 452
238 452
296 452
395 452
174 453
285 453
391 453
28 454
57 454
122 454
143 454
310 454
226 455
320 455
394 455
107 456
387 456
409 456
217 457
334 457
148 458
337 458
345 458
436 458
135 459
209 459
129 460
135 460
160 460
369 460
20 461
147 461
443 461
197 462
345 462
141 463
151 463
263 463
68 464
248 464
426 464
100 465
110 465
121 465
187 465
239 465
269 465
352 465
373 465
380 465
15 466
301 466
400 466
39 467
92 467
62 468
354 468
456 468
223 469
317 469
334 469
172 470
361 470
388 470
100 472
334 472
363 472
2 473
340 473
440 473
53 474
81 474
356 474
385 474
106 475
132 475
184 475
256 475
25 476
120 476
160 476
197 477
421 477
473 477
142 478
348 478
97 479
246 479
281 479
287 479
304 480
377 480
399 480
450 480
77 481
226 481
16 482
68 482
94 482
116 482
219 482
313 482
41 483
149 483
282 483
354 483
139 484
210 484
263 484
265 484
457 484
67 485
75 485
154 485
176 485
435 485
61 486
355 486
170 487
330 487
385 487
105 488
247 488
67 489
113 489
337 489
362 489
200 490
443 490
234 491
367 491
49 492
115 492
159 492
251 492
344 492
217 493
272 493
290 493
394 493
117 494
130 494
261 494
419 494
472 494
43 495
75 495
112 495
262 495
305 495
350 495
82 496
151 496
183 496
356 496
94 497
106 497
209 497
318 497
88 498
122 498
252 498
318 498
249 499
276 499
40 500
132 500
202 500
231 500
250 500
458 500
124 501
284 501
379 501
405 501
59 502
141 502
327 502
116 503
170 503
11 504
223 504
240 504
303 504
338 504
345 504
361 504
92 507
190 507
258 507
438 507
75 508
130 508
211 508
249 508
274 508
417 508
97 509
291 509
301 509
348 509
287 510
341 510
156 511
188 511
244 511
313 511
470 511
72 512
90 512
119 512
201 512
284 512
66 514
176 514
231 514
451 514
45 515
70 515
148 515
221 515
247 515
305 515
111 516
120 516
398 516
84 517
114 517
220 517
286 517
328 517
139 518
190 518
306 518
79 520
163 520
245 520
306 520
405 520
211 521
424 521
78 522
304 522
340 522
438 522
104 523
179 523
384 523
203 524
263 524
272 524
284 524
438 524
126 525
128 525
135 525
297 525
401 525
423 525
152 526
208 526
229 526
235 526
305 526
314 526
174 527
259 527
353 527
136 528
147 528
173 528
193 528
433 528
390 529
245 530
362 530
447 530
328 531
363 531
116 532
315 532
426 532
88 533
106 533
210 533
244 533
474 533
183 534
198 534
370 534
111 535
135 535
213 535
111 536
210 536
396 536
157 537
202 537
234 537
303 537
428 537
438 537
80 538
204 538
399 538
436 538
458 538
173 539
285 539
315 539
341 539
188 540
226 540
271 540
294 540
374 540
439 540
124 541
201 541
24 542
145 542
192 542
221 542
262 542
304 542
72 543
82 543
313 543
351 543
89 544
96 544
221 544
305 544
420 544
166 545
216 545
254 545
405 545
442 545
66 546
152 546
249 546
292 546
304 546
410 546
467 546
92 547
356 547
380 547
403 547
181 548
194 548
207 548
249 548
322 548
412 548
100 549
115 549
137 549
221 549
223 549
317 549
38 550
86 550
158 550
236 550
261 550
328 550
378 550
385 550
294 551
429 551
473 551
62 552
154 552
281 552
362 552
122 553
233 553
246 553
301 553
303 553
305 553
387 553
147 554
225 554
274 554
293 554
195 555
297 555
411 555
434 555
100 556
107 556
120 556
339 556
455 556
79 557
125 557
392 557
105 558
136 558
145 558
191 558
251 558
369 558
73 559
392 559
439 559
166 560
27 561
156 561
274 561
365 561
242 562
420 562
95 563
184 563
412 563
414 563
113 564
376 564
396 564
206 565
306 565
315 565
417 565
115 566
136 566
352 566
468 566
220 567
278 567
323 567
173 568
403 568
447 568
270 569
151 570
262 570
85 571
108 571
334 571
369 571
384 571
430 571
60 572
104 572
221 572
360 572
381 572
237 573
251 573
397 573
416 574
422 574
476 574
165 575
184 575
215 575
237 575
124 576
457 576
55 577
77 577
100 577
123 577
143 577
192 577
330 577
345 577
366 577
388 577
339 578
408 578
33 579
349 579
381 579
420 579
438 579
307 580
369 580
208 581
231 581
298 581
313 581
157 582
246 582
359 582
444 582
94 583
137 583
326 583
347 583
111 584
113 584
116 584
137 584
152 584
225 584
353 584
87 585
172 585
288 585
374 585
134 586
396 586
427 586
332 587
65 588
129 588
151 588
165 588
470 589
85 590
197 590
240 590
277 590
62 591
107 591
208 591
212 591
256 591
396 591
87 592
347 592
399 592
343 593
382 593
112 594
141 594
452 594
124 595
192 595
297 595
305 595
399 595
419 595
114 596
160 596
384 596
35 597
100 597
218 597
232 597
259 597
402 597
233 598
242 598
364 598
140 599
175 599
206 599
265 599
288 599
328 599
9 600
151 600
346 600
478 600
18 601
94 601
330 601
337 601
153 602
72 603
187 603
211 604
136 605
198 605
320 605
166 606
392 606
410 606
427 606
43 607
228 607
148 608
304 608
462 608
257 609
81 610
117 610
240 610
374 610
181 611
226 611
130 612
11 613
160 613
446 613
59 614
340 614
358 614
468 614
254 615
318 615
347 615
72 616
144 616
412 616
122 618
392 618
107 619
252 619
297 619
269 620
155 621
167 621
433 621
370 622
304 623
2 624
47 624
207 624
220 624
193 625
251 625
268 625
364 625
390 625
283 626
452 626
64 627
462 627
97 628
204 628
358 628
416 628
314 629
177 630
297 630
127 631
135 631
40 632
77 632
150 632
219 632
250 632
268 632
288 632
332 632
12 633
57 633
163 633
385 633
188 636
409 636
235 637
374 637
431 637
452 637
