236 1
452 1
459 4
253 5
384 6
472 7
342 8
184 9
273 9
307 9
420 9
103 11
122 11
169 11
201 11
354 11
434 12
396 13
222 14
241 14
319 14
365 14
298 19
448 19
74 20
253 20
381 20
86 21
336 21
67 22
271 23
463 23
107 24
394 24
141 25
158 25
175 25
194 25
209 26
285 26
349 26
359 26
122 27
223 28
478 29
306 31
244 32
374 32
449 32
418 34
71 35
90 35
257 35
334 35
64 38
226 38
274 38
322 39
396 39
125 40
141 40
172 40
350 40
157 41
191 41
204 41
294 41
306 41
431 41
466 41
115 42
289 42
355 42
207 43
177 44
179 44
248 44
288 44
317 44
340 44
165 45
214 45
264 45
308 45
362 45
99 46
303 46
339 46
424 46
479 46
211 48
216 48
277 49
334 49
410 49
216 50
450 50
77 51
382 51
189 52
212 52
239 52
165 54
203 55
302 55
145 56
186 56
358 57
467 57
259 58
314 58
330 58
122 59
303 59
98 60
113 61
216 61
254 61
372 61
224 62
321 62
439 62
478 62
276 63
443 63
268 64
307 64
310 64
78 65
330 65
410 65
174 66
297 66
180 68
207 68
245 68
279 68
343 68
192 69
311 69
229 70
261 71
297 71
308 71
390 71
418 71
456 71
206 72
217 72
306 72
341 72
112 73
138 73
403 73
462 74
265 75
277 75
423 75
101 76
253 76
365 76
151 77
158 77
229 77
302 77
467 77
86 78
287 78
432 78
374 79
475 79
300 80
331 80
338 80
66 81
183 81
341 82
406 82
430 82
195 83
124 85
204 85
290 85
313 85
413 85
130 86
350 86
384 86
118 88
132 88
265 88
287 88
323 88
94 89
127 90
284 90
322 90
152 91
222 91
365 91
114 92
331 92
393 92
400 92
174 93
458 93
238 94
302 94
158 95
63 96
190 96
432 96
153 97
433 97
257 98
100 100
324 100
81 101
126 101
216 101
66 102
164 102
289 102
413 102
340 103
414 103
472 103
115 104
149 104
135 105
305 105
356 105
385 105
120 107
163 107
106 108
241 108
278 108
289 108
338 108
79 109
184 109
426 109
450 109
352 110
258 111
323 112
421 112
64 113
92 113
197 113
404 113
229 114
291 114
351 114
372 114
43 115
160 115
156 117
306 117
335 117
123 119
142 119
252 119
103 120
163 120
216 120
462 120
268 122
332 122
390 122
418 122
421 122
82 123
184 123
351 123
292 124
323 124
328 124
237 125
307 125
271 127
394 127
60 128
292 128
471 128
334 129
39 130
201 130
121 131
168 131
364 131
477 131
137 132
151 132
258 132
409 132
104 133
257 133
217 134
267 135
431 135
85 136
66 137
312 137
379 137
278 138
352 138
235 139
406 140
280 141
151 142
45 143
131 143
173 143
194 143
331 143
465 143
251 144
107 145
296 146
268 147
298 147
367 147
442 147
84 148
420 148
252 150
311 150
395 150
64 151
271 151
345 151
360 151
165 153
150 154
350 154
379 154
43 155
138 155
182 155
234 155
320 155
108 156
120 156
408 156
455 156
289 158
411 159
250 160
85 161
177 161
337 161
265 162
306 162
466 162
103 163
391 163
437 163
63 164
174 165
339 165
367 165
94 166
194 166
273 166
275 166
343 166
213 167
315 167
420 167
473 167
344 168
143 169
351 169
39 170
97 170
126 170
283 170
357 170
423 170
109 171
229 171
351 171
155 172
247 173
86 174
166 174
195 174
245 174
384 174
455 174
163 175
168 176
335 176
72 177
104 177
182 177
184 177
191 177
434 177
355 178
410 178
160 179
262 179
359 179
53 180
187 180
304 180
366 180
199 182
274 182
140 183
218 183
267 183
35 184
115 184
161 184
197 184
443 184
353 185
469 185
93 186
377 186
230 187
197 188
268 188
278 188
401 188
289 189
424 189
65 190
327 190
162 191
244 191
453 191
479 191
178 192
185 192
253 192
151 193
304 193
131 194
143 194
195 194
340 194
46 195
112 195
152 195
362 195
382 196
92 197
139 197
218 197
242 197
268 197
167 198
173 198
338 198
237 199
347 199
356 199
436 199
165 200
440 200
96 201
143 201
61 202
75 202
283 202
353 202
340 203
346 203
369 203
411 203
123 204
321 204
329 204
88 205
148 205
170 205
264 205
442 205
235 206
475 206
124 207
193 207
256 207
46 208
107 208
159 208
33 209
399 209
212 210
449 210
88 211
356 211
382 211
329 212
455 212
228 213
308 214
58 215
240 215
271 215
87 216
247 216
432 216
153 218
322 218
390 218
459 218
171 219
187 219
317 219
130 220
285 220
345 220
356 220
371 220
117 221
213 221
236 221
98 222
230 223
263 223
464 223
73 224
300 224
204 225
228 225
328 226
103 227
443 227
249 228
156 229
173 229
356 229
55 230
194 230
248 230
275 230
378 230
423 230
98 231
114 232
137 232
216 232
285 232
404 232
479 232
340 233
353 233
232 234
351 234
40 235
81 235
153 235
263 235
361 235
386 235
209 236
216 237
265 237
341 237
143 238
161 238
294 238
258 239
324 239
363 239
414 239
454 239
117 240
180 240
391 240
62 241
198 241
435 241
439 242
100 243
304 243
223 244
272 244
418 244
372 245
47 246
173 246
433 246
83 247
280 247
467 247
167 248
352 248
146 249
161 249
185 249
137 250
180 250
247 250
401 250
419 250
122 251
364 251
378 251
313 252
30 253
71 253
165 253
207 253
260 253
389 253
404 253
339 254
451 254
380 256
98 257
230 257
299 257
382 257
59 258
174 258
271 258
323 258
410 258
303 259
433 259
154 260
346 260
390 260
245 261
439 261
131 263
193 263
368 263
79 264
216 264
334 264
362 264
392 264
414 264
298 265
310 265
340 265
189 266
395 266
283 267
350 267
417 267
443 267
470 267
111 268
162 270
24 271
64 271
319 271
356 271
313 272
95 273
148 273
180 273
239 273
380 273
352 274
363 275
47 276
128 276
274 276
403 276
205 277
326 277
355 277
425 277
346 278
219 279
253 280
310 280
465 280
287 281
365 281
115 282
157 282
306 282
32 283
102 284
152 284
163 284
166 284
175 284
185 284
449 284
96 285
193 285
229 285
260 285
372 285
61 286
139 286
205 286
290 286
241 288
390 288
435 288
479 289
215 290
152 291
199 292
239 292
356 292
115 293
319 293
375 293
49 294
79 294
141 294
196 294
241 294
148 295
417 295
104 296
159 296
170 296
176 296
206 296
246 296
275 296
135 297
185 297
266 297
466 297
100 298
199 298
66 300
121 300
141 300
305 300
270 301
280 301
315 301
344 301
363 301
42 302
143 302
254 302
448 302
90 303
123 303
205 303
35 304
135 304
275 304
301 304
59 305
217 305
266 305
277 305
327 305
402 305
229 306
260 306
80 307
424 307
54 308
478 308
166 309
230 309
155 310
175 310
234 310
352 310
107 311
168 311
190 311
374 311
386 311
61 312
68 312
138 312
317 312
191 313
265 313
70 314
140 314
199 314
240 314
94 315
125 315
191 316
271 316
462 316
39 317
223 317
252 317
410 317
273 318
302 318
142 319
248 319
219 320
229 320
226 321
338 321
158 322
205 322
230 322
252 322
392 322
438 322
109 323
227 323
365 323
470 323
182 324
292 324
59 325
308 325
390 325
396 325
80 326
334 326
198 327
232 327
386 327
23 328
125 329
213 329
258 329
102 330
207 330
277 330
421 330
293 331
314 331
212 332
306 332
156 333
449 333
67 334
116 334
353 334
45 335
167 335
261 335
299 335
148 336
402 336
452 336
89 337
160 337
287 337
376 337
336 338
387 338
182 339
244 339
102 342
220 342
237 342
431 342
130 343
332 343
29 344
217 344
358 344
383 344
56 345
232 345
287 345
323 345
98 346
196 346
306 346
373 346
76 347
270 347
365 347
138 348
215 348
233 348
306 348
118 349
236 349
258 349
108 350
148 350
206 350
335 350
472 350
224 351
413 351
84 352
291 352
308 352
441 352
91 353
168 353
217 353
241 353
292 353
136 354
303 354
350 354
275 355
175 356
247 356
298 356
331 356
477 356
107 357
228 357
64 359
228 359
397 359
452 359
83 360
176 360
333 360
369 360
155 361
231 361
238 361
34 362
154 362
298 362
45 363
179 363
255 363
379 363
428 363
124 364
134 364
194 364
321 365
358 365
162 366
174 366
209 366
425 366
144 367
302 367
339 367
374 367
100 368
239 368
198 369
206 369
77 370
98 370
146 370
172 370
386 370
404 371
116 372
118 372
131 372
262 372
305 372
223 373
446 373
54 374
139 374
166 374
430 375
171 376
203 376
246 376
20 377
288 377
329 378
389 378
475 378
188 379
207 379
89 380
119 380
152 380
159 380
111 381
229 381
351 381
146 382
254 382
414 382
180 383
187 383
314 383
142 384
272 384
381 384
458 385
127 386
194 386
136 387
333 387
375 387
64 388
361 388
296 389
388 389
144 390
159 390
237 390
103 391
122 391
29 392
85 392
105 392
405 392
419 392
444 392
168 393
337 393
85 394
360 396
404 396
102 397
121 397
136 397
263 397
383 397
168 398
243 398
324 398
471 398
343 399
425 399
98 400
203 400
285 401
387 401
42 402
60 402
91 402
120 402
153 402
190 402
249 402
81 403
100 403
196 403
226 403
244 403
287 403
308 403
436 403
135 404
366 404
398 405
173 406
115 407
389 407
458 407
195 408
364 408
434 408
118 409
252 409
351 409
419 410
112 411
136 411
417 411
165 412
211 412
298 412
422 412
177 413
275 413
257 414
77 415
156 415
235 415
375 415
56 416
118 416
269 416
98 417
258 417
321 417
399 417
195 418
464 418
36 419
191 419
179 420
401 420
429 421
89 422
92 422
446 422
119 423
218 423
340 423
108 424
406 424
265 425
312 425
139 426
243 426
314 426
160 427
287 427
376 428
383 428
411 428
99 429
347 429
184 431
203 431
357 431
430 431
189 432
271 432
52 433
297 433
457 433
435 434
107 435
323 435
377 437
76 438
99 438
163 438
367 438
333 439
121 440
257 440
409 440
437 440
82 441
145 441
305 441
349 442
378 442
211 444
236 444
304 444
354 444
382 444
190 445
285 445
398 446
262 447
168 449
470 449
148 450
216 450
284 450
301 450
343 450
127 451
316 451
82 452
99 452
242 452
78 453
104 453
267 453
288 453
373 453
474 454
418 455
221 456
291 456
316 456
446 456
399 457
99 458
272 458
327 458
368 458
373 458
375 459
140 461
197 461
299 461
83 462
118 462
156 462
277 463
303 463
387 463
360 464
253 465
340 465
178 466
334 466
313 467
429 467
69 468
201 468
305 468
463 468
85 469
228 469
310 469
311 470
258 471
320 471
354 471
413 471
132 472
207 472
309 472
145 473
318 473
321 473
368 473
108 474
236 474
264 474
334 474
396 474
90 475
162 475
371 475
187 477
296 477
346 477
295 478
113 479
436 479
98 480
243 480
271 480
479 480
73 481
190 482
338 482
150 483
168 483
235 484
429 484
473 484
216 485
391 485
125 486
466 487
116 488
250 488
277 488
205 489
283 489
393 490
138 491
244 491
265 491
371 491
385 491
154 492
222 492
197 494
227 494
265 494
212 495
448 495
75 496
178 497
296 497
334 497
233 498
364 498
205 499
236 499
161 500
432 500
226 502
242 502
425 502
307 503
356 503
143 504
219 504
312 504
415 504
273 505
379 505
125 506
215 507
217 507
246 507
375 507
390 508
378 509
397 509
81 510
290 512
193 513
213 514
259 514
332 514
372 514
377 514
441 514
173 515
260 517
104 518
231 518
358 518
396 518
432 518
210 519
303 519
138 520
158 522
239 522
274 523
413 523
388 524
212 525
187 526
321 526
284 530
251 531
147 532
294 532
220 533
338 533
351 533
175 536
200 538
367 540
386 540
404 540
269 541
314 541
157 543
212 546
244 546
284 548
191 549
343 551
228 553
171 554
260 555
208 561
278 562
