348 2
360 2
262 3
332 4
375 4
397 5
410 7
287 8
329 8
431 8
221 9
106 10
320 10
362 12
190 13
161 14
122 15
243 15
275 17
360 17
378 17
211 18
347 18
405 19
305 20
331 21
418 21
92 22
141 22
431 23
174 24
263 24
230 25
321 25
445 25
301 26
200 29
296 29
367 30
355 31
381 31
109 32
130 32
158 33
404 33
61 34
86 34
216 34
249 34
342 34
189 35
421 36
282 37
151 38
327 38
433 38
117 41
100 42
123 42
146 43
176 43
270 43
447 43
141 44
184 44
365 44
458 44
74 45
145 45
184 46
207 46
234 46
304 46
126 47
116 48
86 49
149 49
72 50
98 50
197 50
260 50
336 50
390 51
418 51
136 52
203 52
380 52
406 52
199 54
290 54
435 54
158 55
320 55
133 56
220 56
255 56
366 56
61 57
87 57
181 57
309 57
354 57
462 57
109 61
181 62
306 62
343 62
240 63
413 64
76 65
145 65
174 65
392 65
304 66
332 66
166 67
430 67
210 68
107 69
263 69
288 70
374 70
446 70
157 71
186 71
230 71
362 71
92 72
322 72
89 73
92 73
112 74
136 74
300 74
311 74
466 74
63 75
114 75
223 75
95 76
136 76
152 76
344 76
316 77
173 78
199 78
254 79
151 80
174 80
298 80
312 80
53 81
301 81
404 81
416 81
431 81
84 82
89 82
123 82
333 82
391 82
434 82
213 83
120 84
250 84
381 84
72 85
326 85
447 85
107 86
113 86
116 86
372 86
460 86
133 87
332 87
137 88
358 88
314 89
414 89
163 90
197 90
225 90
276 90
477 91
182 92
346 92
221 93
302 93
102 94
130 94
134 94
204 94
417 94
146 95
185 95
266 95
237 96
375 96
412 96
428 96
333 97
53 98
154 98
187 98
398 98
97 100
257 100
289 100
386 100
126 101
137 101
171 101
227 101
316 101
350 101
99 102
188 102
318 102
466 102
70 103
191 103
351 103
119 104
138 105
310 105
126 106
279 106
375 106
479 106
90 107
248 107
317 107
433 107
144 108
244 108
361 108
62 109
116 109
164 109
207 109
371 109
311 110
347 110
416 110
298 111
404 111
382 113
410 113
201 114
300 114
331 114
443 114
82 115
378 115
262 116
376 116
457 116
152 117
162 117
234 117
315 117
398 117
229 118
284 118
381 118
104 119
194 119
371 119
49 120
398 120
475 120
164 121
268 121
382 121
128 123
361 123
245 124
389 124
206 125
271 125
345 125
217 126
280 127
413 127
121 128
293 128
329 128
94 129
436 129
443 129
63 130
201 130
148 131
182 131
455 131
209 132
213 132
268 132
204 133
263 133
470 133
115 134
310 134
86 135
277 135
403 135
431 135
476 136
226 137
229 137
279 137
351 137
363 137
137 138
342 138
375 138
389 138
83 140
163 140
250 140
331 141
426 141
294 142
80 143
214 143
401 143
431 143
454 143
241 144
252 144
425 144
230 145
267 145
315 145
413 145
129 146
208 146
237 146
422 146
154 147
188 147
441 147
282 148
435 148
463 148
77 149
101 149
170 150
208 150
371 150
202 151
253 151
351 151
144 152
382 152
393 152
122 153
226 153
340 153
252 154
296 154
197 156
326 156
451 156
139 157
429 157
254 158
264 158
157 160
238 160
299 160
46 161
212 161
278 161
312 161
476 161
417 163
253 164
396 164
66 165
180 165
366 165
381 165
86 166
203 166
248 166
340 166
352 166
452 166
128 167
390 167
392 167
296 169
300 169
146 170
463 171
320 172
392 172
217 173
261 173
277 174
380 174
478 174
191 175
282 175
53 176
162 176
114 177
138 177
377 177
394 177
77 178
187 178
234 178
302 178
363 178
413 178
356 179
107 180
249 180
429 180
162 181
197 181
343 181
174 182
289 183
266 184
331 184
42 185
105 185
132 185
67 186
196 186
222 186
448 186
183 187
251 187
307 187
316 187
276 188
96 189
178 189
280 189
151 190
380 190
399 190
236 191
387 191
172 192
253 192
305 192
361 192
195 193
400 193
214 194
387 194
271 195
308 195
340 195
350 195
467 195
60 196
416 196
292 197
386 197
53 198
332 198
435 198
111 199
242 200
184 201
301 201
316 201
449 201
140 202
321 202
361 202
205 203
76 204
218 204
257 204
48 205
106 205
374 205
314 206
356 206
381 206
406 206
413 206
230 207
302 207
359 207
281 208
299 208
341 208
297 209
433 209
157 210
193 210
269 210
372 210
101 211
274 211
66 212
152 212
154 212
227 212
307 212
129 213
208 213
393 213
418 213
173 214
200 214
223 214
265 214
322 214
366 214
256 215
410 215
82 216
287 216
91 217
354 218
373 218
476 218
86 219
312 219
284 220
305 220
177 221
256 221
420 221
425 221
109 222
141 222
149 222
215 222
336 222
347 222
385 222
175 223
56 224
135 224
234 224
368 224
114 225
153 225
405 225
434 225
195 226
225 226
270 226
396 226
83 227
178 227
202 227
318 227
349 227
225 228
448 228
464 228
71 229
144 229
151 229
244 229
289 229
352 229
105 230
410 230
243 231
263 231
460 231
156 232
206 232
381 232
392 232
87 233
222 233
227 233
355 233
379 233
419 233
102 234
282 234
372 234
171 235
373 235
391 235
230 236
335 236
388 236
364 237
403 237
418 238
98 239
102 239
435 239
475 239
158 240
196 240
275 240
293 240
284 241
333 241
403 241
101 242
125 242
253 242
317 242
374 242
385 242
179 243
237 243
392 243
165 244
206 244
425 244
153 245
448 245
224 246
287 246
411 246
162 247
357 248
374 248
378 248
119 249
172 249
335 249
422 249
434 249
70 250
282 250
284 250
440 250
153 251
295 251
384 251
181 252
465 252
385 253
299 254
155 255
271 255
400 255
472 255
211 256
108 257
136 257
320 257
82 258
172 258
301 258
408 258
136 259
139 259
292 259
435 259
225 260
266 260
359 261
443 261
241 262
317 262
350 262
395 262
103 263
130 263
310 263
371 263
383 263
53 264
413 264
334 265
344 266
403 266
182 267
425 267
454 267
47 268
133 268
200 268
261 268
401 268
70 269
193 269
300 269
217 270
143 271
276 272
344 272
387 272
178 273
294 273
418 273
464 273
349 274
439 274
190 276
334 276
339 276
395 276
359 277
86 278
122 278
469 278
207 279
314 279
322 279
366 279
415 279
252 280
380 280
402 280
113 281
446 281
474 281
158 282
265 282
370 282
402 282
426 282
132 283
139 284
226 284
282 284
311 284
171 285
430 285
382 286
452 286
134 287
153 288
203 288
261 288
186 289
435 289
274 290
308 290
354 290
336 291
342 291
76 292
147 292
185 292
245 292
297 292
393 292
52 293
270 293
416 293
131 294
328 294
361 295
372 295
105 296
185 297
219 297
290 297
440 297
154 298
279 298
372 298
97 299
120 299
199 299
320 299
196 300
236 300
141 301
213 302
274 302
123 303
160 303
262 303
175 304
311 304
383 304
400 304
407 304
450 306
282 307
431 307
162 308
234 308
362 308
158 309
412 309
90 310
113 310
252 310
388 310
477 310
59 311
227 311
153 312
277 312
176 314
386 314
397 314
134 315
438 315
151 316
273 316
303 316
375 316
130 317
331 317
419 317
460 317
129 318
170 318
193 318
181 319
378 319
398 319
79 320
165 320
181 320
324 320
353 320
163 321
191 321
402 321
425 321
169 322
255 322
294 322
384 322
205 323
225 324
202 325
244 325
99 326
318 326
443 326
324 327
364 327
160 328
265 328
426 328
342 329
139 330
199 330
472 330
118 331
180 331
448 331
406 332
172 333
287 333
172 334
187 334
307 334
350 334
422 334
248 335
252 335
203 336
376 336
428 336
475 337
218 338
258 338
453 339
276 341
326 341
150 342
83 343
195 343
416 343
368 344
421 344
339 345
107 346
165 346
216 346
322 346
436 346
131 347
216 348
234 349
101 350
212 350
233 350
399 350
161 351
183 351
297 351
75 352
336 352
384 353
317 354
441 354
370 355
144 356
251 356
297 357
423 357
72 358
120 360
385 360
160 361
237 361
333 361
351 361
370 361
196 362
263 362
67 363
270 363
309 363
341 363
369 363
288 364
405 364
95 365
423 365
226 366
179 367
212 367
350 367
400 367
197 368
267 368
142 369
261 369
232 370
386 370
446 370
243 371
368 371
110 372
281 372
325 373
326 373
355 373
368 374
375 374
129 375
447 375
157 376
196 376
276 376
302 376
242 377
367 377
217 378
302 378
424 378
270 379
378 380
335 381
141 382
318 382
384 382
83 383
124 383
318 383
254 384
341 384
407 384
160 385
340 385
363 385
447 385
103 386
262 386
287 388
127 389
244 389
337 389
138 390
366 390
201 391
204 391
287 391
307 391
78 392
225 392
250 392
351 392
357 392
155 393
333 393
357 393
258 395
429 395
450 395
224 396
247 396
271 396
214 397
242 397
283 397
289 397
378 397
96 398
138 398
155 398
171 398
328 398
186 399
240 399
252 399
331 399
474 399
233 400
314 400
406 400
427 400
117 401
270 401
357 401
252 402
260 403
157 404
188 404
250 404
162 405
392 405
169 406
395 407
162 408
221 408
289 408
175 409
187 409
155 411
372 411
392 411
426 411
475 411
194 412
450 413
319 414
340 414
363 415
133 416
344 416
99 417
243 417
257 417
261 417
279 417
114 418
181 419
185 419
233 419
265 419
392 419
314 420
368 420
405 420
139 422
250 423
334 423
423 423
163 424
301 424
389 424
477 424
165 425
308 425
208 426
394 426
190 428
249 428
279 428
172 429
397 429
326 431
371 431
102 432
149 432
224 432
357 432
389 432
121 433
292 433
341 433
420 433
235 434
194 437
242 437
437 437
176 438
202 438
456 438
135 439
257 439
349 439
371 440
384 441
309 442
317 442
370 442
414 444
476 444
95 445
170 446
206 446
341 446
360 446
197 447
230 447
297 447
363 447
161 448
294 448
397 448
192 449
236 449
283 449
243 450
250 451
271 452
181 453
387 453
265 454
473 454
120 455
279 455
291 455
370 455
182 456
326 456
460 456
140 457
164 457
355 457
388 458
195 459
438 459
172 460
371 460
314 462
205 463
347 464
380 464
161 465
239 466
298 466
471 466
128 468
407 468
434 469
267 470
210 471
297 471
188 472
278 472
184 473
228 473
237 473
404 473
450 473
148 474
178 474
250 474
257 474
369 474
332 475
320 476
299 477
428 477
178 478
185 478
364 478
396 479
167 480
214 480
315 480
389 480
123 481
331 483
422 483
180 484
335 484
297 486
341 487
354 487
355 487
196 488
274 488
256 489
235 490
264 490
217 491
376 493
439 493
333 494
165 495
325 495
413 496
181 500
318 501
211 502
265 502
365 503
300 506
146 507
286 507
238 508
197 509
260 509
333 509
397 509
159 511
271 511
272 514
212 515
330 515
417 517
175 518
224 518
312 518
358 518
239 519
329 519
384 519
192 524
298 525
280 526
375 526
270 527
339 528
366 528
211 529
258 530
251 531
237 533
308 537
353 538
343 542
274 543
