280 75
310 76
262 77
329 77
345 81
215 84
202 87
300 88
368 88
267 90
286 90
250 91
322 91
342 94
219 96
152 99
357 100
285 102
244 103
264 103
274 103
299 103
372 103
313 104
331 105
394 106
218 107
183 109
201 109
168 110
150 114
248 114
410 114
272 115
310 115
281 116
362 116
301 117
332 117
135 118
200 118
223 118
347 118
374 119
426 120
210 121
122 122
390 122
399 124
224 126
328 126
362 126
146 127
182 127
335 127
261 128
274 128
292 128
325 129
350 129
242 130
346 130
405 130
417 130
337 131
346 131
360 131
367 131
375 131
132 132
205 132
266 133
166 134
217 134
205 135
429 135
380 136
249 137
373 137
118 138
151 138
303 138
326 138
278 139
387 139
400 140
270 141
366 141
184 142
255 143
258 143
134 144
174 144
244 144
346 144
355 144
233 145
291 145
361 146
315 147
424 147
209 148
219 148
333 148
123 150
440 150
241 151
380 151
248 152
207 153
159 154
193 154
390 154
394 154
273 155
404 155
186 156
287 156
295 156
257 157
258 157
346 157
107 158
240 158
244 158
311 158
141 159
228 159
176 160
329 160
353 160
381 160
417 161
368 162
128 163
167 163
217 163
224 164
431 165
211 166
390 167
151 169
277 169
300 169
269 170
312 170
452 170
83 171
188 171
218 171
241 171
252 171
229 173
324 173
410 174
353 175
179 176
365 176
174 177
380 177
423 177
74 178
106 178
134 178
208 178
374 178
161 181
272 181
195 182
198 182
259 182
294 182
301 182
387 182
434 182
241 184
324 185
122 186
145 186
231 186
401 186
147 187
180 187
343 187
452 187
88 188
216 189
354 189
131 190
156 190
273 190
113 191
140 191
296 191
366 191
140 192
399 192
165 193
260 193
178 194
243 194
193 195
309 195
377 195
218 196
322 196
391 197
334 198
71 199
280 199
290 199
224 200
98 201
394 201
403 201
148 202
176 202
290 202
349 202
352 203
117 204
210 204
400 204
62 205
99 206
199 206
206 206
258 206
327 206
400 206
415 206
82 207
231 207
365 207
369 207
245 208
315 208
166 209
235 209
276 209
188 210
297 210
429 210
399 211
134 212
300 212
316 212
332 212
107 213
157 213
304 213
341 213
392 214
217 215
372 215
438 215
383 216
345 217
368 217
48 218
209 218
285 218
67 219
206 219
245 219
263 219
274 219
363 219
174 220
295 220
410 220
122 221
147 221
237 221
308 221
86 222
375 222
85 223
97 223
323 223
89 224
195 224
301 224
167 225
457 225
60 226
225 226
427 226
117 227
388 227
187 228
212 228
116 230
261 230
279 230
443 230
111 231
250 231
289 231
37 232
304 232
73 233
201 233
389 233
82 234
89 234
131 234
347 234
405 234
149 235
231 235
207 236
324 236
379 236
83 237
360 237
87 238
171 238
214 238
335 238
434 238
462 240
69 241
268 241
271 241
30 242
262 242
283 242
299 242
345 242
413 242
245 243
398 243
46 244
182 244
203 245
233 245
263 245
158 246
274 246
446 246
115 247
314 247
427 247
431 247
380 249
221 250
322 250
268 252
445 252
22 253
130 253
291 253
297 253
334 253
107 254
186 254
256 254
373 254
463 255
210 256
239 256
344 256
401 257
452 257
37 258
314 258
328 258
428 258
126 259
176 259
227 259
356 259
356 260
89 261
243 261
385 261
197 262
146 263
326 263
167 264
274 264
51 265
420 265
262 266
290 266
355 266
118 267
186 267
248 267
303 267
444 267
31 268
347 268
397 268
68 269
213 269
373 269
233 270
316 270
136 271
251 272
97 273
431 273
177 274
244 274
328 274
358 274
407 274
218 275
389 275
459 275
130 277
370 277
438 277
22 278
264 278
275 278
413 278
213 279
292 279
300 279
435 280
186 281
92 282
157 282
168 282
470 282
355 283
401 283
437 283
337 284
387 284
103 285
150 285
231 285
318 285
381 285
360 286
406 286
424 286
448 286
202 287
391 288
55 289
223 289
254 289
431 289
64 290
288 290
139 291
141 291
268 291
278 291
337 291
413 291
423 291
48 292
137 292
87 293
396 293
250 294
305 294
101 295
214 295
242 295
461 295
121 296
123 296
428 296
171 297
185 297
239 297
353 297
378 297
321 298
447 299
75 300
325 300
404 301
426 301
205 302
61 303
79 303
182 303
405 303
116 304
155 304
230 304
343 304
271 305
291 305
390 305
131 306
199 306
371 306
278 307
300 307
335 307
262 308
416 308
353 309
77 310
135 310
164 310
184 310
309 310
460 310
476 311
44 312
127 312
176 312
316 312
362 312
402 312
426 312
115 313
191 313
380 313
149 314
95 315
167 316
244 316
423 316
441 316
64 317
75 317
37 318
251 318
291 318
408 318
430 318
205 319
285 319
64 320
243 320
301 320
328 320
392 320
185 321
231 321
371 321
253 322
254 322
33 323
270 323
308 323
110 324
336 324
452 324
471 324
89 325
198 325
214 325
358 325
85 326
161 326
313 326
418 326
434 326
299 327
245 328
274 328
66 329
144 329
226 329
476 329
125 330
132 330
254 330
279 330
300 330
384 330
260 331
52 332
322 332
424 332
72 333
347 333
45 334
97 334
158 334
288 334
206 335
274 335
30 336
239 336
87 337
159 337
296 337
108 338
256 338
94 339
318 339
352 339
373 339
59 340
68 340
170 340
218 340
434 340
271 341
308 341
450 341
468 341
415 342
81 343
119 343
157 343
185 344
262 344
58 345
148 345
315 345
320 345
360 345
242 346
283 346
382 346
398 346
439 346
268 347
67 348
169 348
250 348
275 348
293 348
309 348
51 349
94 349
155 349
160 349
320 349
341 349
476 349
93 350
230 350
261 350
294 350
424 352
106 353
117 353
131 353
149 354
196 354
211 354
388 354
181 355
243 355
460 355
227 356
372 356
407 356
246 357
111 358
304 358
357 358
82 359
128 359
293 360
448 360
101 361
153 361
167 361
260 361
467 361
75 362
89 362
341 362
345 362
142 363
212 363
285 363
52 364
104 364
193 364
201 364
275 364
380 364
430 364
238 365
273 365
340 365
411 365
119 366
310 366
364 366
128 367
223 367
249 367
207 368
229 368
253 368
368 368
468 368
383 369
273 370
293 370
356 370
100 371
153 371
267 371
164 372
214 372
232 372
269 372
22 373
320 373
86 374
178 374
242 374
370 374
453 374
48 375
266 375
396 376
438 376
247 377
69 378
160 378
191 378
267 378
357 378
387 378
32 379
219 379
321 379
81 380
234 380
423 380
164 381
205 381
328 381
402 381
477 381
315 382
374 383
459 383
230 384
260 384
282 384
304 384
349 384
389 384
235 385
253 385
415 385
113 386
390 386
85 387
178 387
265 387
352 387
16 388
70 388
124 388
233 388
340 388
366 388
404 388
218 389
298 389
336 389
430 389
308 391
418 391
121 392
276 392
48 393
139 393
248 393
263 393
405 393
66 394
98 394
102 394
312 394
378 394
30 395
394 395
82 396
189 396
449 396
125 397
176 397
217 397
279 397
309 397
364 397
118 398
156 398
232 398
247 398
296 398
360 398
349 399
377 399
408 399
115 400
202 400
423 402
424 402
435 402
151 403
155 403
321 403
397 403
11 404
82 404
95 404
135 404
231 404
237 404
110 405
204 405
378 405
391 405
66 407
384 407
27 408
147 408
262 408
217 409
335 409
411 409
439 409
81 410
98 411
151 411
368 411
117 412
157 412
152 413
177 413
255 413
380 413
425 413
307 414
471 414
123 415
293 415
351 415
456 415
130 416
231 416
151 417
371 417
440 417
205 418
216 418
159 419
397 419
80 420
63 421
190 421
234 421
337 421
22 422
94 422
110 422
176 422
266 422
365 422
442 422
219 423
279 423
288 423
251 424
427 424
206 425
381 425
393 425
415 425
218 427
81 428
108 428
144 428
150 428
458 428
162 429
396 429
416 429
322 430
145 431
151 431
405 431
93 432
106 432
122 432
273 432
149 433
175 433
272 433
412 433
136 434
209 434
256 434
303 434
101 435
417 435
472 435
240 436
351 436
384 436
404 436
430 436
232 437
424 437
368 438
382 438
388 438
384 439
403 439
445 439
99 440
135 440
79 441
282 442
417 442
119 443
142 443
177 443
183 443
198 443
405 443
411 443
163 444
146 447
211 447
139 448
241 448
368 448
432 448
476 448
188 449
214 449
238 449
295 449
460 449
77 450
245 450
262 450
179 451
228 451
94 452
213 452
332 452
351 452
427 452
171 453
394 453
416 453
420 453
269 454
402 455
309 456
327 456
338 456
419 456
428 456
448 456
149 457
407 457
165 458
190 458
203 458
269 458
431 458
434 458
368 459
135 460
171 460
232 460
211 461
421 461
100 462
160 462
272 462
380 462
477 462
87 463
216 463
464 463
180 464
206 464
210 464
78 465
254 465
347 466
365 466
104 467
148 467
206 467
271 467
93 468
213 468
287 468
328 468
92 469
219 469
240 469
261 470
192 471
243 471
406 471
433 471
109 472
120 472
162 472
173 472
196 472
222 472
419 472
432 472
119 473
185 473
217 473
394 473
136 474
272 474
380 475
450 475
466 475
207 476
362 476
92 477
172 477
219 477
221 477
322 477
260 478
184 479
212 479
271 479
328 479
181 480
246 480
270 480
346 480
150 481
418 481
199 482
281 482
376 482
390 482
74 484
364 484
409 484
434 484
228 485
264 485
360 485
421 485
176 486
302 486
311 486
422 486
465 486
217 487
452 487
214 489
217 489
330 489
204 490
153 491
300 491
94 492
166 492
219 492
190 493
259 494
204 495
339 495
375 495
144 496
424 496
430 496
433 496
338 497
375 497
213 498
279 498
410 498
413 498
223 499
239 499
260 499
285 499
345 499
437 499
124 500
180 500
323 500
409 500
194 501
242 501
110 502
454 503
349 504
362 504
422 504
92 505
375 505
388 505
258 508
331 508
437 508
301 509
318 510
389 510
89 511
173 511
208 511
274 511
375 511
285 512
358 512
197 513
358 513
420 513
222 514
372 514
255 515
437 515
211 516
224 517
405 517
454 517
464 518
384 519
240 520
268 520
285 520
302 520
387 520
138 522
205 522
419 522
151 523
255 523
343 523
215 524
232 524
241 524
334 524
201 525
378 525
437 525
353 526
371 526
217 527
241 527
166 528
190 528
260 528
385 528
109 529
247 529
329 529
180 530
257 530
351 530
219 531
310 531
236 533
286 533
302 533
238 534
154 535
127 536
384 536
296 537
141 538
253 539
338 539
229 540
349 540
400 540
433 540
96 541
198 541
316 541
413 541
144 542
355 542
114 544
147 544
157 544
378 544
375 545
158 546
235 546
130 547
143 547
332 547
271 548
306 548
449 548
189 549
206 550
414 550
204 553
220 553
356 553
392 553
142 554
175 554
207 554
318 554
427 554
243 555
274 555
373 556
222 557
250 557
340 557
365 557
208 558
238 558
267 558
347 559
305 561
351 561
393 561
446 561
99 562
195 562
117 563
259 563
149 565
214 565
281 565
406 565
164 566
230 566
262 566
183 567
325 567
290 569
247 570
384 570
138 571
421 571
361 572
276 573
218 574
271 574
184 575
181 576
353 576
305 577
399 577
157 579
238 579
288 579
376 579
280 580
327 580
175 581
283 581
210 582
249 582
229 584
397 584
169 585
394 585
410 585
126 586
245 586
294 586
365 586
168 587
392 587
107 588
199 588
276 588
312 588
260 589
263 589
168 590
317 590
219 591
329 591
184 592
253 593
181 594
406 594
258 595
110 596
376 596
386 596
238 597
367 597
130 598
177 598
227 598
310 598
315 598
415 599
171 600
371 600
114 601
271 601
349 601
381 602
290 604
333 604
158 605
213 607
196 609
410 609
390 612
313 613
119 614
140 614
237 614
284 615
294 615
170 616
368 616
360 621
178 622
211 622
253 622
330 623
128 624
230 624
276 624
310 626
294 627
374 627
184 628
347 629
137 632
221 632
337 633
197 634
249 635
256 636
365 636
271 637
317 638
288 639
