270 69
286 69
298 71
316 72
335 73
276 82
212 83
253 83
233 84
295 87
393 87
313 90
328 91
408 93
354 96
247 100
267 100
229 102
368 102
215 103
294 104
312 105
186 106
163 108
333 109
394 109
404 110
144 114
260 114
422 114
233 117
286 118
312 118
126 119
216 120
211 121
288 121
329 121
430 121
200 122
204 122
308 122
325 122
344 122
349 122
364 122
188 123
346 123
356 124
441 124
226 125
375 125
177 126
356 127
163 128
280 128
302 128
319 128
330 128
332 128
148 129
273 129
305 129
261 130
396 130
283 131
459 131
210 132
253 132
407 132
245 133
281 133
300 133
321 133
328 133
346 133
231 134
316 134
207 135
235 135
335 135
133 136
217 136
229 136
284 136
336 136
263 137
330 137
220 138
350 138
201 139
202 139
211 139
244 139
251 139
274 139
276 139
335 139
343 139
356 139
114 141
188 141
245 141
289 141
309 141
356 142
302 143
384 143
232 144
312 144
322 145
163 146
229 146
283 146
253 147
305 147
308 147
338 147
259 148
272 148
318 148
222 149
230 149
249 149
261 149
288 149
446 149
204 150
215 150
227 150
242 150
281 150
307 150
314 150
322 150
342 150
406 150
272 151
291 151
146 152
298 152
318 152
424 152
205 153
231 153
334 153
343 153
357 153
125 154
192 155
313 155
352 155
464 155
224 156
239 156
309 156
352 156
319 157
230 158
250 158
299 158
324 158
178 159
275 159
106 160
203 160
292 160
319 160
324 160
341 160
377 160
261 161
305 161
307 161
393 161
174 162
296 162
407 162
121 163
141 163
245 163
294 163
340 163
434 163
131 164
157 164
181 164
219 164
348 164
388 164
165 165
341 165
369 165
406 165
430 165
181 166
286 166
329 166
409 166
134 167
145 167
348 167
425 167
153 168
203 168
136 169
177 169
193 169
341 169
350 169
357 169
380 169
402 169
143 170
152 170
167 170
169 170
383 170
443 170
408 171
414 171
427 171
434 171
126 172
286 172
366 172
175 173
184 173
315 173
411 173
433 173
200 174
294 174
284 175
312 175
348 175
387 175
421 175
427 175
397 176
111 177
272 177
380 177
386 177
388 177
454 177
99 178
251 178
297 178
306 178
308 178
310 178
187 179
194 179
297 179
327 179
409 179
426 179
161 180
169 180
236 180
322 180
326 180
468 180
145 181
155 181
169 181
185 181
211 181
133 182
355 182
376 182
406 182
410 182
423 182
151 183
154 183
181 183
183 183
338 183
344 183
425 183
172 184
190 184
360 184
191 185
343 185
361 185
375 185
424 185
122 186
375 186
387 187
75 188
136 188
200 188
318 188
433 188
434 188
165 189
195 189
344 189
416 189
440 189
119 190
129 190
259 190
279 190
324 190
142 191
151 191
208 191
220 191
235 191
298 191
349 191
392 191
106 192
315 192
326 192
343 192
356 192
393 192
433 192
174 193
181 193
191 193
319 193
390 193
408 193
61 194
136 194
185 194
320 194
155 195
181 195
316 195
411 195
294 196
306 196
311 196
354 196
356 196
363 196
389 196
400 196
438 196
450 196
172 197
406 197
171 198
186 198
195 198
316 198
318 198
368 198
380 198
391 198
411 198
86 199
156 199
359 200
118 201
147 203
272 203
467 203
215 204
248 204
386 204
293 205
328 205
423 205
102 206
228 206
311 206
373 206
193 207
341 207
130 208
397 208
74 210
173 211
366 211
394 211
362 212
383 212
443 212
374 213
117 214
54 215
268 216
281 216
156 217
234 217
250 217
297 217
398 217
453 217
220 219
312 219
369 219
206 220
338 220
411 220
361 221
459 221
88 222
373 222
427 222
135 223
352 223
381 223
189 224
365 224
375 224
392 224
175 225
390 225
474 226
377 228
160 229
267 229
388 229
440 229
109 230
295 230
386 230
309 231
371 231
390 231
251 232
327 232
235 233
209 234
340 234
408 234
91 236
140 236
360 236
192 237
460 237
178 239
361 239
271 240
286 240
301 240
94 241
122 241
132 241
141 241
319 241
422 241
81 242
99 242
134 242
137 242
377 242
405 243
111 244
123 244
155 244
334 244
436 245
66 246
86 246
107 246
155 246
426 246
469 246
84 247
123 247
223 247
237 247
322 247
336 247
393 247
92 248
143 248
212 248
437 248
332 249
350 249
353 249
247 250
263 250
340 250
359 250
133 251
429 251
445 251
53 252
86 252
160 252
284 252
127 253
195 253
344 253
373 253
409 253
412 253
105 254
145 254
151 254
300 254
129 255
322 255
440 255
88 256
420 256
431 256
452 256
98 257
103 257
126 257
145 257
384 257
402 257
112 258
133 258
153 258
331 258
415 258
105 259
115 259
337 259
330 260
335 260
397 260
430 260
68 261
90 261
246 261
356 261
425 261
98 262
140 262
156 262
232 262
260 262
283 262
350 262
403 262
101 263
168 263
220 263
469 263
89 264
157 264
296 264
367 264
139 265
307 265
405 265
83 266
129 266
202 266
336 266
420 266
442 266
55 267
325 267
426 268
85 269
131 269
139 269
338 269
404 269
81 270
110 270
113 270
154 270
156 270
342 270
385 270
185 271
402 271
43 272
108 272
339 272
355 272
358 272
257 273
268 273
284 273
351 273
431 273
85 274
111 274
242 274
331 274
353 274
428 274
108 275
400 275
115 276
307 276
326 276
367 276
455 276
146 277
213 278
403 278
65 279
89 279
224 279
322 279
82 280
95 280
127 280
136 280
350 280
439 280
461 280
414 281
425 281
332 282
409 282
191 283
387 283
404 283
437 283
415 284
78 285
286 285
173 286
351 286
428 286
473 286
274 287
44 288
250 288
260 289
307 289
227 290
367 290
432 290
239 291
326 291
406 291
151 292
436 292
29 293
449 293
108 294
190 294
383 294
339 295
435 295
139 296
408 296
418 296
420 297
392 298
435 298
458 299
78 300
173 300
357 300
428 300
430 300
62 301
285 301
307 301
162 302
266 302
424 302
125 303
240 303
253 303
205 304
317 304
366 304
402 304
430 304
327 305
228 306
195 307
435 307
115 308
341 308
420 308
411 309
468 309
386 310
81 311
54 312
181 312
219 312
260 313
272 313
284 313
423 313
355 314
302 315
420 315
431 315
475 315
46 316
102 316
242 316
318 316
425 316
206 317
394 317
68 318
166 318
368 318
429 318
435 318
133 319
332 319
409 319
414 319
451 319
110 321
337 321
355 321
402 321
48 322
245 322
229 323
264 323
378 323
74 324
88 324
153 324
194 324
226 324
347 324
88 325
98 325
203 325
268 325
355 325
408 325
36 326
207 326
274 326
281 326
300 326
336 326
351 326
461 326
100 327
116 327
255 327
434 327
96 328
232 328
239 328
277 328
42 329
65 329
109 329
115 329
180 329
235 329
314 329
356 329
388 329
271 330
368 330
52 331
84 331
108 331
209 331
248 331
345 331
444 331
44 332
55 332
116 332
212 332
330 332
24 333
118 333
321 333
395 333
420 333
469 333
41 334
113 334
173 334
241 334
357 334
43 335
64 335
105 335
210 335
223 335
238 335
51 336
135 336
291 336
204 337
219 337
267 337
344 337
379 337
41 338
44 338
45 338
101 338
163 338
217 338
223 338
231 338
257 338
276 338
336 338
69 339
232 339
274 339
220 340
259 340
406 340
44 341
57 341
72 341
97 341
116 341
214 341
244 341
272 341
276 341
361 341
431 341
454 341
66 342
104 342
211 342
252 342
191 343
220 343
78 344
124 344
227 344
312 344
43 345
113 345
327 345
393 345
459 345
92 346
151 346
245 346
275 346
299 346
349 346
368 346
42 347
88 347
210 347
341 347
346 347
33 348
81 348
179 348
215 348
225 348
229 348
235 348
443 348
72 349
418 349
205 350
280 350
344 350
42 351
60 351
217 351
235 351
238 351
277 351
343 351
353 351
381 351
47 352
82 352
111 352
261 352
267 352
70 353
229 353
256 353
352 353
466 353
50 354
82 354
173 354
265 354
138 355
45 356
51 356
66 356
80 356
253 356
91 357
197 357
207 357
215 357
357 357
395 357
43 358
66 358
224 358
297 358
310 358
276 359
322 359
324 359
429 359
476 359
89 360
109 360
229 360
349 360
453 360
47 361
98 361
281 361
194 362
336 362
406 362
413 362
431 362
433 362
125 364
238 364
268 364
369 364
434 364
68 365
191 365
297 365
318 365
185 366
284 366
436 366
152 367
210 367
435 367
40 368
283 368
352 368
182 369
229 369
309 369
394 369
416 369
255 370
314 370
316 370
407 370
171 371
307 371
90 372
116 372
167 372
177 372
283 372
294 372
329 372
402 372
407 372
441 372
462 372
146 373
170 373
175 373
221 373
304 373
312 373
317 373
431 373
198 374
425 374
288 375
435 375
173 376
176 376
276 376
289 376
340 376
400 376
58 377
303 377
320 377
111 378
193 378
268 379
284 379
362 379
136 380
194 380
383 380
407 380
78 382
211 382
468 382
175 383
186 383
236 383
258 383
157 384
168 384
354 384
407 384
310 385
389 385
432 385
452 385
174 386
186 387
206 387
323 387
362 387
408 387
103 388
173 388
287 388
291 388
308 388
229 389
299 389
476 389
46 390
128 390
170 390
194 390
284 390
336 390
416 390
425 390
167 391
284 391
421 391
395 392
71 393
372 393
123 394
267 394
275 394
306 394
405 394
144 395
286 395
341 395
424 395
97 396
164 396
240 396
320 396
439 396
460 396
220 397
439 397
41 398
179 398
198 398
421 398
319 399
353 399
190 400
401 400
382 401
113 402
251 402
315 402
443 402
117 403
135 403
235 403
83 404
115 404
213 404
467 404
99 405
157 405
294 405
309 405
407 405
89 406
137 406
194 406
269 406
283 406
298 406
134 407
141 407
93 408
427 408
56 409
157 409
317 409
329 409
389 409
122 410
141 410
284 410
365 410
446 410
173 411
319 411
90 412
113 412
143 412
160 412
245 412
297 412
191 413
229 413
263 413
306 413
342 413
209 414
150 415
310 415
412 415
468 415
81 416
370 416
158 417
284 417
70 418
101 418
85 419
113 419
160 419
49 420
106 420
121 420
128 420
186 420
283 420
288 420
350 420
393 420
125 421
282 421
22 422
94 422
304 422
417 422
437 422
85 423
123 423
148 423
321 423
455 423
476 423
204 424
223 424
240 424
254 424
84 425
120 425
164 425
267 425
298 425
299 425
379 425
42 426
117 426
150 426
281 426
307 426
402 426
312 427
357 427
66 428
113 428
81 429
296 429
117 430
124 430
333 430
14 431
122 431
198 431
265 431
294 431
150 432
424 432
106 433
114 433
111 434
219 434
311 434
319 434
441 434
81 435
93 435
158 435
160 435
236 435
284 435
342 435
88 436
117 436
138 436
248 436
319 436
385 436
160 437
177 437
308 437
463 437
35 438
119 438
131 438
307 438
95 439
96 439
146 439
288 439
315 439
404 439
59 440
290 440
87 441
292 441
326 441
68 442
239 442
263 442
400 442
427 442
62 443
76 443
235 443
297 443
364 443
365 443
372 443
398 443
403 443
425 443
277 444
350 444
387 444
405 444
76 445
116 445
192 445
258 445
301 445
411 445
416 445
69 446
110 446
152 446
203 446
262 446
399 446
439 446
116 447
134 447
217 447
278 447
301 447
387 447
436 447
445 447
224 448
271 448
275 448
379 448
117 449
206 449
248 449
257 449
268 449
283 449
290 449
297 449
471 449
88 450
261 450
333 450
370 450
25 451
53 451
205 451
209 451
294 451
316 451
373 451
397 451
417 451
165 453
175 453
295 453
301 453
405 453
215 454
263 454
279 454
307 454
361 454
68 455
119 455
232 455
290 455
402 455
418 455
420 455
90 456
116 456
147 456
215 456
359 456
431 456
106 457
110 457
189 457
263 457
280 457
318 457
365 457
450 457
131 458
369 458
402 458
462 458
212 459
262 459
303 459
422 459
46 460
106 460
74 461
91 461
217 461
269 461
277 461
346 461
365 461
369 461
67 462
161 462
311 462
393 462
62 463
202 463
203 463
208 463
239 463
248 463
277 463
327 463
43 464
64 464
80 464
245 464
384 464
18 465
72 465
90 465
233 465
319 465
365 465
374 465
86 466
362 466
377 466
465 466
51 467
106 467
107 467
421 467
97 468
145 468
175 468
229 468
295 468
411 468
421 468
435 468
69 469
78 469
119 469
301 469
50 470
311 470
359 470
72 471
79 471
123 471
218 471
230 471
253 471
264 471
280 471
287 471
372 471
385 471
389 471
159 472
334 472
383 472
453 472
59 473
111 473
249 473
370 473
406 473
424 473
35 474
92 474
97 474
189 474
69 475
228 475
234 475
375 475
404 475
57 476
110 476
120 476
401 476
10 477
80 477
138 477
316 477
389 477
235 478
258 478
261 478
320 478
79 479
201 479
202 479
345 479
379 479
382 479
468 479
52 480
54 480
204 480
231 480
234 480
300 480
439 480
156 481
172 481
267 481
284 481
422 481
55 482
99 482
323 482
205 483
223 483
226 483
331 483
355 483
456 483
220 484
235 484
238 484
344 484
116 485
253 485
28 486
208 486
378 486
237 487
353 487
361 487
406 487
203 488
229 488
328 488
226 489
272 489
307 489
473 489
140 490
155 490
171 490
187 490
291 490
331 490
351 490
218 491
354 491
438 491
390 492
94 494
334 494
228 495
312 495
423 495
23 496
46 496
460 496
474 496
353 497
68 498
154 499
187 499
223 499
223 500
126 501
204 501
230 501
214 502
259 502
276 502
298 502
319 502
383 502
326 503
369 503
439 503
43 504
88 504
109 504
172 504
339 504
242 505
349 505
240 506
450 506
478 506
187 507
329 507
18 508
138 508
326 508
359 508
306 509
327 509
424 509
223 510
205 511
218 511
62 512
228 512
351 512
123 514
153 514
334 514
171 515
219 515
245 515
346 515
352 515
397 515
465 515
205 516
224 517
263 517
438 517
104 518
214 518
187 519
226 519
228 519
313 519
59 520
206 520
291 520
386 520
478 520
313 521
379 521
37 522
168 522
247 522
183 523
294 523
301 523
420 523
453 523
171 524
80 525
167 525
191 525
199 525
324 525
361 525
394 525
412 525
283 526
295 526
376 526
138 527
152 527
194 527
269 528
286 528
294 528
339 528
346 528
367 528
390 528
281 529
354 529
392 529
435 529
376 530
385 530
466 530
54 531
188 531
249 531
373 531
170 532
296 532
367 532
209 533
231 533
73 534
99 534
170 534
28 535
120 535
276 535
291 535
302 535
397 535
409 535
295 536
318 536
452 537
282 538
318 538
389 538
198 539
313 539
399 539
152 540
162 540
50 541
171 542
181 542
375 542
394 542
178 543
214 543
254 543
311 543
316 543
434 543
173 544
180 544
398 544
117 545
236 545
284 545
329 545
384 545
388 545
465 545
67 546
170 546
188 546
281 546
379 546
286 547
314 547
375 547
385 547
100 548
288 548
82 549
136 549
317 549
369 549
448 549
179 550
182 550
362 550
374 550
304 551
309 551
347 551
365 551
263 552
316 552
309 553
373 553
216 554
401 554
423 554
42 555
310 556
190 557
286 557
313 557
316 557
465 557
115 558
152 558
173 558
193 558
177 559
388 559
97 560
282 560
305 560
367 560
288 561
376 561
269 562
293 563
416 563
441 563
59 564
243 564
133 565
34 567
78 567
290 567
223 568
314 569
477 569
156 570
274 570
327 570
401 570
461 570
250 572
314 572
337 572
436 572
75 574
319 574
178 575
198 575
297 575
383 575
96 576
369 576
376 576
305 577
355 577
140 578
230 578
112 579
303 580
264 581
288 581
423 581
256 582
162 583
299 583
475 583
51 584
71 584
182 584
206 584
294 584
323 584
307 585
287 586
235 587
289 587
331 587
453 587
407 588
127 589
293 589
341 589
304 590
305 590
400 590
354 591
306 592
388 592
365 593
148 594
282 594
87 595
273 595
302 595
305 595
440 595
285 596
107 597
239 597
295 597
316 597
168 598
214 598
64 599
259 599
310 599
188 600
429 600
282 601
327 602
468 602
337 603
373 603
83 605
360 605
245 606
347 606
417 606
129 607
454 607
107 608
268 608
310 608
155 609
290 609
175 610
401 610
199 611
223 611
387 613
73 615
252 615
323 615
434 615
477 615
375 617
280 618
302 619
340 619
354 619
471 620
181 622
234 622
417 622
107 625
135 625
92 626
403 626
268 627
312 627
436 627
161 628
212 628
462 628
391 630
245 631
321 632
378 632
278 633
447 633
367 634
87 635
346 635
113 636
218 636
413 637
144 638
196 638
289 638
