205 3
153 4
247 4
423 5
96 6
477 6
141 9
190 9
304 11
398 11
279 13
457 13
357 15
345 17
174 18
117 19
263 19
337 21
325 22
253 23
472 23
204 24
158 25
102 26
232 28
308 28
454 28
378 29
291 30
366 30
424 30
443 30
189 31
391 31
143 32
87 33
343 33
135 34
268 34
130 37
80 38
251 38
329 38
72 39
475 39
88 41
93 41
163 41
183 41
287 41
330 41
350 41
423 41
437 41
68 42
83 42
116 42
153 42
308 42
123 43
182 43
200 43
238 43
333 43
431 43
450 43
466 43
155 44
290 44
340 44
355 44
382 44
411 44
421 44
429 44
145 45
402 45
62 46
95 46
301 46
332 46
418 46
137 47
194 47
334 47
356 47
121 48
187 48
314 48
355 48
89 49
159 49
283 49
335 49
82 50
92 50
97 50
113 50
120 50
338 50
357 50
420 50
214 51
329 51
126 52
137 52
155 52
305 52
439 52
96 53
165 53
188 53
258 53
353 53
99 54
137 54
139 54
153 54
173 54
421 54
96 55
197 55
237 55
292 55
324 55
344 55
348 55
354 55
475 55
138 56
182 56
288 56
314 56
454 56
129 57
435 57
117 58
142 58
153 58
230 58
286 58
342 58
359 58
404 58
164 59
341 59
389 59
96 60
99 60
108 60
123 60
297 60
315 60
422 60
70 61
79 61
121 61
216 61
320 61
87 62
136 63
278 63
303 63
407 63
434 63
291 64
411 64
61 65
88 65
110 65
126 65
167 65
320 65
351 65
200 66
294 66
336 66
346 66
474 66
116 67
123 67
128 67
158 67
192 67
418 67
138 68
147 68
195 68
267 68
441 68
460 68
116 69
122 69
125 69
163 69
354 69
405 69
430 69
178 70
373 70
389 70
92 71
126 71
146 71
187 71
239 71
294 71
84 72
86 72
88 72
310 72
337 72
414 72
435 72
90 73
97 73
402 73
135 74
351 74
107 75
149 75
180 75
185 75
322 75
359 75
171 76
193 76
438 76
81 77
89 77
137 77
174 77
220 77
306 77
325 77
445 77
128 78
132 78
348 78
136 79
196 79
205 79
288 79
336 79
75 80
114 80
163 80
174 80
188 80
199 80
281 80
301 80
415 80
471 80
325 81
375 81
389 81
115 82
162 82
272 82
399 82
215 83
363 83
377 83
383 83
388 83
393 83
399 83
258 84
343 84
154 85
203 85
332 85
387 85
246 86
331 87
343 87
346 87
359 87
361 88
378 88
393 88
236 89
297 89
311 89
376 89
178 90
205 90
229 90
368 90
372 90
51 91
194 91
237 91
240 91
450 91
207 92
323 92
438 92
456 92
91 93
429 93
223 94
351 94
357 94
365 94
213 95
283 95
163 96
386 96
476 96
322 97
239 98
365 98
380 98
347 99
362 100
381 100
223 101
237 101
264 101
309 101
321 101
333 101
358 101
119 102
205 102
218 102
253 102
378 102
194 103
294 103
140 104
389 104
212 105
228 105
123 106
237 106
350 106
376 106
236 107
335 107
389 107
60 108
175 108
204 108
387 108
420 108
442 108
390 109
401 109
225 110
229 110
371 110
376 110
391 110
399 110
55 111
236 111
464 111
163 112
339 112
49 113
93 113
204 113
323 113
355 113
217 114
296 114
342 114
351 114
366 114
271 115
278 115
310 115
472 115
201 116
339 116
357 116
364 116
382 116
226 117
266 117
342 117
349 117
376 117
143 118
257 118
369 118
197 119
222 119
372 119
77 120
205 120
244 120
326 120
192 121
126 122
178 123
180 123
302 123
355 123
387 123
197 124
229 124
290 124
401 124
112 125
326 125
328 125
353 125
360 125
373 125
430 125
173 126
419 126
166 127
190 127
195 127
329 127
61 128
158 128
164 128
205 129
331 129
51 130
461 130
95 131
175 131
447 131
272 132
139 133
196 133
262 133
178 134
295 134
346 134
477 134
169 135
247 135
355 135
309 136
328 136
349 136
79 137
174 137
237 137
344 137
39 138
343 138
356 138
179 139
391 139
118 140
160 140
226 140
336 140
377 140
174 141
210 141
323 141
177 142
189 142
428 142
180 143
338 143
151 144
325 144
356 144
62 145
445 145
104 146
194 146
298 146
173 147
178 147
196 147
162 148
169 148
258 148
282 148
456 148
463 148
474 148
179 149
199 149
271 149
326 149
360 149
337 150
49 151
243 151
320 151
334 151
353 151
128 152
351 152
368 152
386 152
86 154
169 154
193 154
225 154
402 154
177 155
411 156
174 157
190 157
199 158
200 158
211 158
325 158
348 158
425 158
113 160
193 160
203 161
234 161
143 162
258 162
285 162
300 162
312 162
369 162
371 162
421 162
428 162
441 162
64 163
186 163
213 163
218 163
237 163
263 163
264 163
409 163
380 164
392 164
412 164
248 165
329 165
404 165
434 165
453 165
371 166
94 167
129 167
254 167
271 167
363 167
397 167
201 168
230 168
231 168
370 168
401 168
434 168
208 169
249 169
350 169
472 169
44 170
165 170
263 170
273 170
358 170
387 171
427 171
204 172
275 172
364 172
369 172
416 172
201 173
204 173
226 173
377 173
412 173
417 173
418 173
272 174
276 174
431 174
111 175
192 175
270 175
271 175
280 175
285 175
404 175
411 175
421 175
72 176
252 176
255 176
300 176
315 176
362 176
429 176
204 177
407 177
248 178
278 178
327 178
400 178
436 178
63 179
142 179
379 179
390 179
442 179
101 180
218 180
277 180
362 180
427 180
387 181
452 181
204 182
222 182
341 182
440 182
169 183
90 184
234 184
223 185
378 185
405 185
439 185
48 186
118 186
251 186
360 186
396 186
222 187
465 187
203 188
234 188
267 188
363 188
366 188
77 189
152 189
196 189
256 189
258 189
274 189
290 189
370 189
406 189
420 189
43 190
211 190
240 190
262 190
478 190
238 191
303 191
310 191
422 191
184 192
244 192
318 192
380 192
403 192
265 193
383 193
435 193
217 194
364 194
393 194
99 195
206 195
231 195
259 195
268 195
334 195
361 195
423 195
432 195
128 196
223 196
390 196
395 196
437 196
203 197
213 197
165 198
229 198
250 198
274 198
400 198
428 198
453 198
210 199
214 199
264 199
400 199
56 200
216 200
350 200
382 200
153 202
359 202
277 203
416 203
189 204
211 204
223 204
294 204
474 204
81 205
141 205
264 205
371 205
109 206
202 206
230 206
307 206
432 206
45 208
212 208
239 208
318 208
204 209
225 209
385 209
132 210
335 210
447 211
70 212
202 212
222 212
234 213
195 214
209 214
415 214
89 215
117 215
230 215
349 215
461 215
149 216
259 216
394 216
236 217
425 217
184 218
215 218
247 218
303 218
138 219
234 219
362 219
472 219
108 220
229 220
55 221
102 222
207 222
165 223
232 223
321 223
374 223
439 223
48 224
97 224
206 224
219 225
331 225
411 225
201 226
121 227
153 227
189 227
216 227
279 227
456 228
69 229
237 229
388 229
38 230
88 230
228 230
241 230
344 230
426 230
176 232
207 232
230 232
33 233
138 233
211 233
313 234
361 234
397 234
205 235
322 236
406 236
470 236
59 237
442 237
267 238
372 238
94 239
252 239
223 240
334 240
116 241
179 241
194 241
214 241
278 241
151 242
188 242
218 242
177 243
181 243
184 243
295 243
179 244
187 244
135 245
183 245
199 245
212 245
348 245
430 245
459 245
47 246
164 246
170 246
41 247
209 247
225 247
76 248
201 248
221 248
312 248
397 248
67 249
100 249
127 249
154 250
217 250
236 250
252 250
363 250
438 250
75 251
245 251
199 252
266 252
325 252
407 252
474 252
57 253
65 253
75 253
214 253
276 253
219 254
234 254
286 254
50 255
87 255
112 255
178 255
195 255
197 255
208 255
378 255
447 255
174 256
186 256
193 256
227 256
169 257
195 257
200 257
51 258
63 258
134 258
172 258
240 258
342 258
47 259
54 259
70 259
176 259
226 259
302 259
388 259
424 259
459 259
191 260
46 261
73 261
162 261
203 261
100 262
187 262
208 262
214 262
43 263
229 263
246 263
467 263
62 264
150 264
210 264
214 264
262 264
359 264
50 265
59 265
124 265
162 265
191 265
222 265
438 265
64 266
76 266
173 266
175 266
326 266
366 266
402 266
65 267
203 267
277 267
287 267
169 268
413 268
67 269
192 269
194 269
201 269
209 269
227 269
229 269
106 270
184 270
380 270
66 271
81 271
136 271
187 271
207 271
201 272
343 272
454 272
52 273
161 273
197 273
204 273
209 274
237 274
73 275
305 275
428 275
120 276
175 276
224 276
233 276
392 276
147 277
203 277
207 277
262 277
323 277
93 278
197 278
240 278
466 278
52 279
166 279
169 279
193 279
195 279
227 279
273 279
193 280
200 280
439 280
270 281
284 281
407 281
75 282
175 282
247 282
340 282
341 282
359 282
324 283
375 283
479 283
41 284
54 284
63 284
255 284
294 284
343 284
67 285
106 285
50 286
57 286
267 286
329 286
339 286
342 286
345 286
452 286
79 287
129 287
158 287
228 287
233 287
307 287
419 287
269 288
392 288
212 289
256 289
324 289
326 289
44 290
188 290
264 291
314 291
363 291
430 291
55 292
249 292
258 292
330 292
348 292
466 292
89 293
322 293
42 294
62 294
67 294
115 294
144 294
277 294
340 294
351 294
407 294
43 295
181 295
182 295
257 295
21 296
289 296
338 296
376 296
438 296
162 297
264 297
357 297
75 298
168 298
246 298
353 298
48 299
323 299
333 299
56 300
177 300
220 300
232 300
242 300
389 300
213 301
242 301
324 301
59 302
78 302
194 302
253 302
256 302
304 302
354 302
422 302
449 302
262 303
341 303
342 303
151 304
268 304
69 305
368 305
460 305
44 306
52 306
98 306
360 306
29 307
72 307
73 307
119 307
252 307
331 307
338 307
340 307
403 307
429 307
183 308
347 308
175 309
326 309
199 310
274 310
286 310
330 310
64 311
71 311
168 311
177 311
260 311
383 311
438 311
44 312
69 312
330 312
49 313
53 313
107 313
235 313
261 313
324 313
356 313
62 314
63 314
216 314
254 314
277 314
302 314
352 314
413 314
471 314
85 315
163 315
189 316
195 316
256 317
310 317
15 318
345 318
353 318
396 318
419 318
41 319
154 319
337 319
371 319
424 319
36 320
122 320
184 320
268 320
292 320
346 320
134 321
352 321
124 322
54 323
72 323
94 323
173 323
340 323
101 324
128 324
158 324
458 324
221 325
236 325
280 325
328 325
330 325
386 325
433 325
113 326
205 326
137 327
147 327
307 327
336 327
413 327
466 327
145 328
154 328
249 328
354 328
365 328
81 329
109 329
115 329
126 329
133 329
287 329
148 330
191 330
343 330
63 331
83 331
360 331
112 332
156 332
262 332
293 332
326 332
400 332
105 333
118 333
358 333
375 333
446 333
424 334
473 334
123 335
126 335
325 335
327 335
93 336
176 336
211 336
274 336
15 337
142 337
301 337
94 338
100 338
357 338
73 339
170 339
345 339
386 339
114 340
34 341
51 341
136 341
158 341
335 341
412 341
437 341
458 341
130 342
339 342
83 343
256 343
134 344
136 344
142 344
159 344
292 344
328 344
371 344
394 344
420 345
197 346
207 346
220 346
469 346
84 347
270 347
320 347
401 347
83 348
154 348
157 348
186 348
103 349
151 349
233 349
350 349
87 350
98 350
123 350
354 350
407 350
42 351
61 351
146 351
178 351
246 351
304 351
448 351
475 351
107 352
358 352
431 352
17 353
97 354
98 354
155 354
159 354
171 354
283 354
90 355
129 355
142 355
133 356
338 356
362 356
115 357
313 357
333 357
354 357
413 357
200 358
211 358
394 358
458 358
119 359
136 359
161 359
73 360
187 360
267 360
296 360
340 360
371 360
64 361
211 361
229 361
232 361
321 361
48 362
50 362
76 362
160 362
42 363
216 363
240 363
26 364
79 364
87 364
102 364
224 364
426 364
466 364
83 365
123 365
349 365
381 365
402 365
59 366
101 366
158 366
251 366
42 367
150 367
151 367
206 367
123 368
125 368
227 368
235 368
332 368
98 369
116 369
118 369
150 369
285 369
63 370
123 370
234 370
267 370
310 370
359 370
434 370
126 371
146 371
412 371
55 372
110 372
113 372
143 372
182 372
222 372
103 373
216 373
339 373
391 373
478 373
84 374
370 374
50 375
167 375
78 376
102 376
439 376
462 376
58 377
113 377
233 377
253 377
278 377
320 377
30 378
54 378
71 378
104 378
152 378
299 378
349 378
400 378
73 379
115 379
133 379
134 379
375 379
446 379
85 380
101 380
235 380
160 381
62 382
130 382
199 382
55 383
156 383
328 383
426 383
470 383
77 384
265 384
46 385
289 385
383 385
406 385
124 386
155 386
207 386
213 386
239 386
311 386
20 387
119 387
129 387
158 387
191 387
345 387
65 388
99 388
118 388
148 388
249 388
42 389
53 389
58 389
200 389
226 389
274 389
71 390
81 390
89 390
108 390
237 390
461 390
43 391
332 391
394 391
414 391
436 391
70 392
109 392
112 392
205 392
182 393
278 393
318 393
352 393
56 394
210 394
226 394
299 394
356 394
372 394
14 395
81 395
237 395
75 396
99 396
114 396
123 396
129 396
176 396
240 396
258 396
56 397
163 397
231 397
235 397
422 397
62 398
81 398
105 398
139 398
154 398
400 398
455 398
79 399
102 399
134 399
283 399
379 399
473 399
31 400
42 400
130 400
209 400
325 400
441 400
158 401
168 401
343 401
307 402
355 402
416 402
279 403
364 403
429 403
254 404
276 404
357 404
408 404
243 405
344 405
350 405
412 405
152 406
172 406
194 406
249 406
265 406
465 406
70 407
124 407
243 407
328 407
409 407
431 407
449 407
223 408
245 408
266 408
271 408
290 408
352 408
414 408
350 409
369 409
43 410
408 410
20 411
92 411
327 411
332 411
439 412
256 413
274 413
409 413
421 413
87 414
115 414
220 414
252 414
323 414
425 414
164 415
269 415
316 415
357 415
431 415
457 415
15 416
354 416
138 417
258 417
298 417
405 417
441 417
474 417
60 418
376 418
410 418
225 419
273 419
393 419
82 420
109 420
134 420
349 420
358 420
433 420
11 421
34 421
207 421
257 421
158 422
336 423
341 423
433 423
104 424
324 424
437 424
466 424
272 425
275 425
283 425
431 425
257 426
381 426
76 427
127 427
204 427
261 427
448 427
100 428
240 428
303 428
256 429
271 429
417 429
265 430
319 430
430 430
48 431
350 431
355 431
366 431
173 432
200 432
415 432
69 433
220 433
251 433
264 433
440 433
146 434
238 435
288 435
329 435
430 435
438 435
474 435
327 436
458 436
258 437
331 437
413 437
39 438
113 438
371 438
386 438
409 438
219 439
241 439
257 439
165 440
247 440
307 440
353 440
427 440
58 441
193 441
273 441
343 441
82 442
136 442
244 442
250 442
278 442
445 442
436 443
105 444
161 444
243 444
263 444
467 444
30 445
266 445
325 445
345 445
420 445
423 445
130 446
190 446
215 446
237 446
256 446
371 446
400 446
417 446
338 447
416 447
432 447
74 448
288 448
451 448
325 449
429 449
155 450
321 450
356 450
389 450
434 450
186 451
412 451
418 451
405 452
36 453
149 453
234 453
409 453
420 453
253 454
269 454
425 454
438 454
68 455
459 455
24 456
119 456
338 456
340 456
406 456
477 456
88 457
269 457
290 457
358 457
421 457
433 457
413 458
430 458
177 459
206 459
251 459
307 459
406 459
328 460
359 460
113 461
142 461
258 461
276 461
325 461
392 461
417 461
271 462
410 462
413 463
415 463
172 464
333 464
342 464
360 464
409 464
432 464
439 465
227 466
253 466
264 466
354 466
418 466
48 467
105 467
167 467
347 467
415 467
425 467
457 467
271 468
359 468
377 468
427 468
269 469
305 469
394 469
442 470
126 471
284 471
23 472
263 472
357 472
414 472
243 473
420 473
457 473
158 474
276 474
337 474
345 474
351 474
437 474
66 475
93 475
193 475
220 475
324 475
475 475
42 476
263 476
359 476
305 477
378 477
264 478
431 478
253 479
343 479
411 479
436 479
120 480
269 480
326 480
35 481
162 481
410 481
149 482
238 482
279 482
86 483
166 483
415 483
446 483
463 483
478 483
183 484
187 484
212 484
257 484
273 484
343 484
178 485
189 485
423 485
163 486
300 486
323 486
379 486
208 487
323 487
139 488
359 488
406 488
166 489
337 489
50 490
108 490
179 490
241 490
247 490
260 490
433 491
249 492
273 492
321 492
467 492
168 493
178 493
194 493
228 493
338 493
343 493
345 493
405 493
414 493
136 494
275 494
342 494
450 494
201 495
295 495
354 495
402 495
419 495
64 496
171 496
254 496
347 496
360 496
398 496
168 497
246 498
268 498
270 498
317 498
433 498
435 498
189 499
199 499
162 500
197 500
244 500
192 501
240 501
293 501
377 501
470 501
159 502
172 502
189 502
340 502
347 502
56 503
253 503
265 503
408 503
452 503
177 504
114 505
183 505
246 505
260 505
436 505
166 506
170 506
249 506
439 506
267 507
280 507
336 507
395 507
437 507
49 508
110 508
146 508
257 508
76 509
105 509
162 509
181 509
183 509
185 509
287 509
313 509
419 509
434 509
241 510
249 510
260 510
262 510
41 511
178 511
188 511
355 511
360 511
469 511
68 512
169 512
177 512
230 512
252 512
333 512
419 512
100 513
259 513
454 513
197 514
253 514
327 514
374 514
410 514
273 515
411 515
430 515
435 515
408 516
427 516
224 517
249 517
262 517
329 517
358 517
167 518
180 518
281 518
328 518
392 518
402 518
58 519
88 519
176 519
190 519
276 519
306 519
257 520
335 520
340 520
121 521
194 521
320 521
372 522
162 523
219 523
454 523
116 524
243 524
410 524
413 524
425 524
426 524
470 524
272 525
111 526
316 526
323 526
405 526
411 526
188 527
296 527
391 527
40 528
304 528
105 529
289 529
296 529
405 529
70 530
152 530
302 530
367 530
423 530
430 530
437 530
182 531
407 531
294 532
96 533
257 533
388 533
438 533
144 534
416 535
439 535
202 536
228 536
313 536
336 536
412 536
126 537
288 537
313 537
432 537
455 537
470 537
285 538
362 538
415 538
437 538
141 539
267 539
405 539
427 539
169 540
292 541
422 541
245 542
422 542
112 543
358 543
379 543
422 544
473 544
158 545
283 545
301 545
404 545
437 545
72 546
283 546
296 546
188 547
353 547
214 548
283 548
306 548
317 548
400 548
402 548
423 548
101 549
291 549
307 549
329 549
129 550
311 550
236 551
403 551
476 551
309 552
316 552
412 552
145 553
273 553
289 553
297 553
370 553
416 553
175 554
422 555
294 556
303 556
402 556
479 557
116 558
252 558
341 558
422 558
412 559
199 560
227 560
317 560
364 560
412 560
465 560
381 561
416 562
430 562
152 564
132 565
195 565
266 565
385 565
393 565
409 565
172 566
284 566
169 567
296 567
425 567
173 568
282 568
382 568
399 568
413 568
432 568
191 569
194 569
214 569
305 569
355 569
426 569
166 570
240 570
294 570
333 570
399 570
405 570
479 570
121 571
191 571
289 571
405 571
431 571
257 572
463 572
164 573
361 573
197 574
394 574
154 575
424 575
377 576
417 576
309 577
362 577
398 577
109 578
205 578
366 578
413 578
347 579
402 579
404 579
144 580
178 580
183 580
227 580
270 580
294 580
200 581
362 581
380 581
392 581
174 582
304 582
316 582
395 582
417 582
93 583
130 583
367 583
411 583
388 584
416 584
429 584
440 584
362 585
244 586
290 586
296 586
319 586
377 586
195 587
339 587
363 587
163 588
168 588
376 588
418 588
394 589
215 590
282 590
409 590
417 590
420 590
457 590
290 591
357 591
112 592
184 592
257 592
306 592
375 592
406 592
478 592
173 593
184 593
381 593
167 594
379 594
397 594
410 594
169 595
361 595
205 596
318 596
328 596
398 596
404 596
95 597
135 597
174 597
414 597
288 598
306 598
399 598
438 598
190 599
199 599
347 599
164 600
320 600
400 600
433 600
268 601
243 602
289 602
446 602
118 603
160 603
367 603
420 603
315 604
468 605
259 607
389 607
212 608
233 608
337 608
175 610
459 610
141 611
208 611
353 612
407 612
200 615
377 615
159 617
321 617
450 617
241 618
426 619
395 620
288 621
343 622
364 622
218 623
388 623
145 624
313 624
132 625
171 627
250 627
282 627
334 627
382 627
411 627
207 628
308 628
161 630
273 630
328 631
268 633
298 634
345 634
186 635
261 637
392 638
