191 76
281 76
109 77
226 78
274 78
142 79
263 83
174 85
316 85
207 88
303 89
246 90
365 90
88 92
124 94
290 94
151 96
342 96
194 97
278 98
328 98
265 99
258 100
77 101
113 101
228 101
314 104
176 105
377 105
138 106
394 106
207 107
100 108
301 108
358 110
60 111
164 112
236 112
344 112
89 113
128 113
274 113
327 116
50 117
118 117
223 118
370 118
152 119
83 121
102 121
104 121
126 121
148 121
187 121
255 121
301 121
304 121
114 122
132 122
138 122
241 122
317 122
146 123
156 123
313 123
42 124
102 124
117 124
289 124
412 124
69 125
207 125
274 125
104 126
139 126
247 126
249 126
285 126
395 126
404 126
98 127
279 127
285 127
240 128
242 128
360 128
378 128
172 129
266 129
296 129
308 129
263 130
90 131
148 131
154 131
283 131
327 131
31 132
196 132
286 132
289 132
343 132
126 133
135 133
259 133
270 133
307 133
246 134
265 134
294 134
296 134
123 135
277 135
314 135
94 136
98 136
128 136
247 136
86 137
153 137
157 137
261 137
295 137
134 138
157 138
300 138
258 139
282 139
300 139
304 139
312 139
20 140
114 140
115 140
128 140
183 140
267 140
315 140
126 141
245 141
309 141
442 141
47 142
413 142
424 142
73 143
142 143
245 143
260 143
391 143
402 143
243 144
368 144
106 145
122 145
139 145
202 145
251 145
84 146
124 146
126 146
152 146
347 146
38 147
147 147
278 147
320 147
126 148
169 148
229 148
275 148
304 148
118 149
145 149
241 149
331 149
94 150
124 150
267 150
314 150
85 151
94 151
142 151
155 151
293 151
322 151
128 152
138 152
312 152
30 153
61 153
95 153
108 153
254 153
284 153
188 155
273 155
280 155
291 155
307 155
112 156
117 156
213 156
265 156
295 156
299 156
123 157
398 157
107 158
304 158
358 158
445 158
119 159
145 159
152 159
239 159
291 159
373 159
386 159
411 159
426 159
127 160
277 160
308 160
47 161
203 161
340 161
377 161
80 162
162 162
206 162
294 162
373 162
193 163
304 163
325 163
385 163
186 165
203 165
223 165
233 165
259 165
36 166
71 166
107 166
308 166
381 167
186 168
248 168
133 169
167 169
295 169
390 169
406 169
416 169
205 170
228 170
287 170
296 170
369 170
398 171
430 171
187 172
304 172
211 173
220 173
179 174
182 174
209 174
213 174
340 174
368 174
399 174
465 174
63 175
93 175
231 175
234 175
280 175
445 175
20 176
285 176
390 176
476 176
185 177
327 177
372 177
199 178
213 178
266 178
320 178
122 179
215 179
316 179
389 179
410 179
38 180
149 180
218 180
291 180
367 180
369 180
174 181
311 181
167 182
171 182
185 182
193 182
305 182
355 182
361 182
394 182
293 183
315 183
384 183
426 183
174 184
177 184
302 184
379 184
193 185
209 185
249 185
289 185
308 185
443 185
82 186
112 186
230 186
233 186
292 186
345 186
372 186
336 187
387 187
2 188
184 188
197 188
227 188
235 188
307 188
134 189
274 189
460 189
161 190
165 190
230 190
234 190
318 190
391 190
47 191
204 191
289 191
313 191
322 191
385 191
398 192
173 193
314 193
384 193
478 193
20 194
287 194
364 194
188 195
192 195
216 195
217 195
255 195
306 195
353 195
416 195
180 196
67 197
96 197
197 197
222 197
312 197
400 197
205 198
236 198
342 198
382 198
179 199
389 199
436 199
147 200
166 200
370 200
382 200
404 201
415 201
236 202
287 202
454 202
223 203
426 203
31 204
199 204
404 204
419 204
5 205
115 205
215 205
375 205
322 206
55 207
81 207
215 207
223 207
360 207
393 207
474 207
157 208
263 208
409 208
420 208
130 209
226 209
309 209
346 209
110 210
187 210
298 210
412 210
215 211
237 212
245 212
430 213
174 214
227 214
329 214
415 214
422 214
446 214
208 215
406 215
425 216
69 217
141 217
219 217
229 217
434 217
201 218
271 218
460 218
12 219
99 219
197 219
210 219
311 219
430 219
476 220
237 221
256 221
373 221
387 221
397 221
402 221
432 221
213 222
356 223
408 223
411 223
157 224
211 224
297 224
420 224
58 225
341 225
435 225
439 225
31 226
90 226
121 226
204 226
213 226
242 226
329 226
433 226
226 227
234 227
283 227
405 228
415 228
27 229
178 229
197 230
203 231
229 231
317 231
453 231
465 231
115 232
143 232
270 232
440 232
48 234
212 234
238 234
369 234
392 234
414 234
419 234
20 235
299 235
378 235
478 235
72 236
412 236
432 236
105 237
213 237
359 237
182 238
231 238
245 238
347 238
428 238
282 239
333 239
402 239
408 239
420 239
225 240
299 241
346 241
442 241
7 242
127 243
255 243
264 243
267 243
276 243
305 243
317 243
343 243
452 244
197 245
287 245
33 246
95 246
151 246
299 246
336 246
354 246
225 247
257 247
278 247
299 247
330 247
358 247
390 247
410 247
468 247
169 248
306 248
325 248
333 248
369 248
59 250
260 250
89 251
185 251
283 251
349 251
218 252
253 252
436 252
248 253
335 253
53 254
111 254
328 254
243 255
324 255
265 256
132 257
205 257
274 257
320 257
341 257
391 257
174 258
269 258
308 258
313 258
403 258
461 258
20 259
267 259
274 259
313 259
335 259
347 259
379 259
233 260
249 260
265 260
291 260
330 260
421 260
46 261
124 262
249 262
307 262
369 262
476 262
242 263
289 263
335 263
442 263
147 264
359 264
244 265
301 265
325 265
358 265
68 266
92 266
222 266
254 266
339 266
352 266
7 267
192 267
276 267
283 268
315 268
278 269
313 269
330 269
339 269
380 269
388 269
34 270
158 270
289 270
333 270
402 270
113 271
213 271
247 271
324 271
420 271
438 271
269 273
283 273
318 273
347 273
357 273
130 274
300 274
309 274
179 275
235 275
270 275
320 275
458 275
151 276
306 276
332 276
352 276
465 276
57 277
251 277
271 277
241 278
255 278
265 278
474 278
80 279
246 279
374 279
293 280
330 280
402 280
24 281
199 281
223 281
51 282
171 282
174 282
237 282
360 282
98 283
179 283
192 283
195 283
215 283
391 283
420 283
282 284
340 284
143 285
180 285
194 285
251 285
434 285
189 286
223 286
323 286
450 286
46 287
198 287
272 287
116 288
160 288
225 288
71 289
192 289
200 289
214 289
230 289
233 289
7 290
198 290
239 290
308 290
134 291
467 291
39 292
88 292
161 292
182 292
190 292
371 293
395 293
410 293
210 294
256 294
382 294
171 295
187 295
423 295
4 296
165 296
214 296
288 296
350 296
59 298
103 298
126 298
343 298
333 299
441 299
32 300
173 300
215 300
221 300
229 300
230 300
322 300
80 301
147 301
242 301
179 302
195 302
273 302
174 303
263 303
456 303
467 303
236 304
203 305
205 305
209 305
397 305
301 306
380 306
409 306
477 306
162 307
220 307
223 307
17 308
220 308
366 308
426 308
115 309
174 309
176 309
284 309
356 309
218 310
238 310
247 310
319 310
445 310
46 311
134 311
159 311
171 311
184 311
339 311
86 312
202 313
211 313
310 313
456 313
42 314
209 314
240 314
10 315
236 315
269 315
386 315
102 316
183 316
202 316
206 316
400 316
67 317
298 317
468 317
6 318
176 318
178 318
179 318
222 318
327 318
208 319
259 319
419 319
99 320
195 320
200 320
238 320
286 320
200 321
203 321
225 321
226 321
364 321
370 321
374 321
376 321
425 321
432 321
234 322
413 322
418 322
32 323
229 323
247 323
360 323
361 323
367 323
376 323
122 324
238 324
346 324
388 324
394 324
401 324
146 325
217 325
307 325
407 325
409 325
445 325
60 326
94 326
189 326
339 326
399 326
374 327
410 327
219 328
224 328
229 328
236 328
399 328
415 328
425 328
432 328
462 328
165 329
411 329
393 330
417 330
84 331
232 331
292 331
395 331
425 331
23 332
182 332
237 332
258 332
478 332
202 333
206 333
217 333
219 333
232 333
320 333
370 333
18 334
378 334
357 335
366 335
225 336
227 336
230 336
383 336
113 337
138 337
158 337
282 337
309 337
379 337
397 337
202 338
206 338
227 338
239 338
451 338
75 339
375 339
424 339
246 340
274 340
218 341
413 341
420 341
174 342
194 342
211 342
327 343
423 343
425 343
467 343
43 344
70 344
92 344
206 344
218 344
266 344
378 344
408 344
6 345
203 345
207 346
238 346
298 346
439 346
152 347
478 347
208 348
213 348
367 348
382 348
425 348
127 349
232 349
370 349
390 349
35 350
208 350
258 350
357 350
394 350
399 350
400 350
405 350
407 350
457 350
286 351
351 352
410 352
182 353
220 353
336 353
394 353
399 353
83 354
148 354
421 354
425 354
226 355
228 355
379 355
58 356
401 356
431 356
119 357
321 357
439 357
470 357
207 358
368 358
444 359
23 360
96 360
195 360
204 360
248 360
395 360
404 360
479 360
164 361
188 361
213 361
218 361
228 361
274 361
392 361
216 362
309 362
357 362
383 362
76 363
369 363
400 363
190 364
225 364
198 365
220 365
238 365
344 365
135 366
264 366
300 366
416 366
459 366
181 367
222 367
327 367
108 368
165 368
429 368
182 369
224 369
238 369
14 370
46 370
66 370
157 370
206 370
289 370
161 371
163 371
211 371
224 371
438 371
472 371
86 372
226 372
230 373
256 374
367 374
8 375
173 375
184 375
228 375
235 375
353 375
385 375
398 375
126 376
177 376
227 376
231 376
238 376
283 376
454 376
40 377
198 377
342 377
421 377
79 378
407 378
199 379
209 379
102 380
147 380
316 380
331 380
461 380
203 381
223 381
231 381
432 381
276 382
413 382
219 383
180 384
191 384
246 384
476 384
120 385
305 385
65 386
196 386
207 386
443 386
166 387
227 387
368 387
423 387
217 388
242 388
360 388
189 389
234 389
269 389
388 389
178 390
226 390
237 390
297 390
349 390
28 391
89 391
455 391
137 392
405 392
167 393
55 394
112 394
185 394
211 394
161 395
236 395
293 395
332 395
478 395
157 396
183 397
239 397
278 397
161 398
205 398
323 398
442 398
466 398
16 399
259 399
420 399
133 400
205 401
47 402
76 402
361 402
373 402
428 402
179 403
384 403
245 404
275 404
314 404
454 404
149 405
200 405
281 405
395 405
476 405
246 406
346 406
226 407
248 407
434 407
126 408
404 408
245 409
307 409
37 410
91 410
65 411
466 411
446 412
122 413
417 413
144 414
166 414
246 414
271 414
278 414
251 415
298 415
332 415
365 415
217 416
354 416
451 416
60 417
191 417
241 418
265 418
274 418
83 419
162 419
272 419
340 419
378 419
390 419
423 419
439 419
25 420
140 420
241 420
266 421
276 422
117 423
328 423
98 424
208 424
233 424
258 425
289 425
398 425
48 426
159 426
183 426
255 426
257 426
319 426
409 426
14 427
266 427
448 427
72 428
273 428
276 428
434 428
254 429
258 429
469 429
313 430
416 430
202 432
227 432
280 432
255 433
368 433
110 434
129 434
151 434
254 434
271 434
277 434
457 434
41 435
175 435
247 435
358 435
377 435
349 436
274 437
63 438
303 439
390 439
443 439
82 440
248 440
273 440
338 440
32 441
66 441
146 441
219 441
249 441
299 441
181 442
392 442
400 442
58 443
69 443
102 443
168 443
173 443
191 443
323 443
377 443
76 444
299 444
386 444
465 444
48 445
179 445
312 445
71 446
120 446
184 446
287 446
364 446
62 447
284 447
449 447
240 448
315 448
329 448
432 448
64 449
190 449
44 450
59 450
79 450
192 450
211 450
293 450
303 450
316 450
413 451
470 451
48 452
139 452
159 452
264 452
312 452
384 452
18 453
376 453
382 453
71 454
233 454
355 454
368 454
396 454
400 454
78 455
193 455
288 455
300 455
369 455
391 455
398 456
77 457
313 457
455 457
52 458
205 458
257 458
307 458
379 458
421 458
70 459
110 459
179 459
303 459
376 459
88 460
228 460
57 461
66 461
171 461
285 461
308 461
313 461
341 461
443 461
399 462
76 463
192 463
194 463
253 463
374 463
41 464
62 464
127 464
149 464
282 464
307 464
387 464
477 464
33 465
50 465
78 465
371 465
385 465
62 466
170 466
310 466
390 466
464 466
369 467
429 467
58 468
194 469
302 469
406 469
448 469
78 470
218 470
274 470
53 471
74 471
161 471
170 471
175 471
181 471
311 471
430 471
170 472
332 472
373 472
395 472
346 473
119 474
242 474
311 474
320 474
357 474
388 474
54 475
93 475
140 475
389 475
16 476
162 476
188 476
191 476
43 477
454 477
42 478
45 478
281 478
290 478
306 478
54 479
238 479
396 479
88 480
138 480
290 480
314 480
111 481
326 481
396 481
408 481
429 481
435 481
391 482
404 482
473 482
140 483
274 483
389 483
435 483
29 484
123 484
234 484
127 485
129 485
152 485
206 485
346 485
94 486
108 486
180 486
397 486
106 487
131 487
137 487
438 487
112 488
127 488
134 488
291 488
361 488
383 488
393 488
67 489
83 489
150 489
314 489
367 489
390 489
424 489
435 489
62 490
101 490
111 490
132 490
343 490
419 490
126 491
226 491
415 491
371 492
397 492
99 493
362 493
382 493
399 493
418 493
56 494
101 494
157 494
375 494
379 494
410 494
465 494
109 495
121 495
153 495
160 495
390 495
128 496
170 496
363 496
384 496
92 497
135 497
337 497
435 497
451 497
144 498
279 498
370 498
392 498
193 499
308 499
365 499
405 499
425 499
38 500
217 500
18 502
302 502
359 502
375 502
382 502
415 502
136 503
151 503
333 503
375 503
412 503
6 504
82 504
137 504
138 504
243 504
365 504
378 504
402 504
110 505
130 505
141 505
371 505
417 505
437 505
383 506
402 506
450 506
81 507
404 507
415 507
434 507
298 508
414 508
104 509
156 509
209 509
269 509
369 509
373 509
88 510
98 510
117 510
182 510
350 510
391 510
412 510
468 510
133 511
64 512
124 512
394 512
397 512
81 513
98 513
106 513
380 513
401 513
440 513
124 514
371 514
430 514
88 515
397 515
99 516
102 516
140 516
230 516
406 516
413 516
48 517
127 517
289 517
319 517
413 517
200 518
345 518
435 518
34 519
154 519
173 519
428 519
81 520
258 520
365 520
367 520
206 521
434 521
89 522
118 522
138 522
151 522
155 522
251 522
265 522
268 522
352 522
19 523
139 523
101 524
283 524
311 524
328 524
107 525
140 525
143 525
234 525
241 525
263 525
274 525
276 525
343 525
132 526
146 526
330 526
338 526
387 526
415 526
113 527
219 527
278 527
109 528
141 528
156 528
157 528
187 528
236 529
252 529
337 529
361 529
431 529
90 530
118 530
124 530
144 530
210 530
243 530
244 530
71 531
121 531
327 531
330 531
469 531
207 532
240 532
383 532
402 532
211 533
302 533
335 533
347 533
91 534
249 534
263 534
357 534
138 535
268 535
450 535
54 536
92 536
105 536
108 536
125 536
154 536
220 536
234 536
82 537
101 537
222 537
256 537
354 537
92 538
122 538
330 538
41 539
87 539
141 539
171 539
213 539
233 539
337 539
355 539
28 540
101 540
203 540
276 540
323 540
331 540
12 541
115 541
118 541
133 541
210 541
259 541
262 541
278 541
378 541
130 542
145 542
206 542
226 542
327 542
427 542
220 543
350 543
85 544
274 544
290 544
86 545
447 545
113 546
219 546
222 546
227 546
320 546
124 547
261 547
467 547
114 548
116 548
191 548
212 548
233 548
332 548
91 549
153 549
222 549
247 549
81 550
130 550
360 550
110 551
154 551
219 551
315 551
329 551
338 551
369 551
71 552
92 552
235 552
282 552
308 552
391 552
403 552
445 552
66 553
96 553
117 553
133 553
251 553
108 554
124 554
182 554
205 554
229 554
232 554
276 554
338 554
82 555
84 555
102 555
153 555
214 555
249 555
278 555
325 555
438 555
90 556
114 556
54 557
145 557
209 557
214 557
330 557
337 557
339 557
91 558
129 558
141 558
252 558
208 559
211 559
215 559
344 559
363 559
18 560
34 560
172 560
231 560
304 560
418 560
48 561
383 561
411 561
424 561
460 561
68 562
122 562
152 562
202 562
235 562
270 562
476 562
49 563
67 564
183 565
298 565
41 566
120 566
143 566
189 566
356 566
437 566
200 567
304 567
60 568
74 568
416 568
432 568
48 569
177 569
301 569
430 569
155 570
193 570
261 570
322 571
378 571
454 571
121 572
126 572
165 572
190 572
391 572
472 572
58 573
93 573
131 573
222 573
285 573
311 573
429 574
71 575
80 575
184 575
291 575
304 575
317 575
406 575
415 575
57 576
147 576
44 577
47 577
51 577
137 577
170 577
173 577
177 577
17 578
28 578
60 578
178 578
429 578
75 579
194 579
246 579
286 579
346 579
426 579
449 579
469 579
6 580
310 580
366 580
428 580
166 581
121 582
211 582
306 582
416 582
422 582
436 582
147 583
166 583
168 583
315 583
236 584
399 584
159 585
180 585
186 585
271 585
331 585
429 585
67 586
110 586
300 586
402 586
187 587
296 587
419 587
433 587
150 588
199 588
44 589
60 589
160 589
299 589
376 589
407 589
426 589
462 589
96 590
146 590
168 590
193 590
436 590
130 591
223 591
334 591
358 591
478 592
78 593
178 593
189 593
199 593
257 593
391 593
438 593
47 594
171 594
431 594
49 595
60 595
185 595
187 595
199 595
291 595
305 595
416 595
40 596
130 596
133 596
307 596
15 597
410 597
250 598
308 598
407 598
438 598
476 598
53 599
64 599
173 599
454 599
61 600
74 600
131 600
137 600
169 600
208 600
315 600
351 600
279 601
112 602
158 603
238 603
429 603
473 603
197 606
400 606
449 606
96 607
343 607
307 609
224 610
373 610
77 611
262 611
334 611
14 612
33 612
421 612
57 613
179 613
363 613
328 614
122 615
296 615
440 616
108 617
214 617
165 618
326 619
354 619
386 620
455 620
200 622
243 622
272 624
428 624
148 625
404 626
373 627
189 628
288 628
464 628
91 629
133 629
309 629
18 630
40 630
55 630
76 630
343 630
13 631
67 631
109 631
260 631
177 632
223 632
440 633
301 634
275 636
247 637
472 637
165 638
328 638
389 638
415 638
