283 1
326 1
174 2
225 2
299 2
423 2
89 3
145 3
446 4
58 5
262 5
346 5
209 6
366 6
158 10
243 10
390 10
106 11
468 11
183 12
408 12
327 13
75 14
219 14
279 15
444 15
124 16
312 16
94 17
300 17
350 17
137 18
265 18
163 19
199 19
245 19
381 19
61 22
228 23
341 23
400 23
149 25
184 25
285 25
419 25
82 26
306 26
327 26
108 28
437 28
463 28
171 29
206 30
244 30
264 30
361 31
287 32
122 33
391 33
157 34
332 34
348 35
408 35
224 36
63 37
269 37
319 37
89 38
421 38
253 39
457 39
183 40
350 40
431 40
301 41
438 41
473 41
104 42
133 42
205 42
324 42
222 43
201 44
220 44
349 44
373 44
403 44
425 44
234 45
320 45
332 45
385 45
324 46
327 46
331 46
409 46
415 46
75 47
151 47
168 47
219 47
446 47
47 48
276 48
301 48
352 48
457 48
219 49
255 49
123 50
411 50
416 50
429 50
224 51
231 51
337 52
408 52
229 53
362 53
470 53
90 54
341 54
204 55
403 55
419 55
436 55
183 56
232 56
321 56
384 56
429 56
59 58
132 58
308 58
351 58
264 59
412 59
102 60
153 60
169 60
296 60
401 60
415 60
429 60
444 60
50 61
214 61
329 61
342 61
251 62
428 62
414 63
431 63
351 64
404 64
458 64
326 65
359 65
372 65
207 66
382 66
280 67
334 67
403 67
409 67
419 67
431 67
474 67
119 68
68 69
140 69
188 69
226 70
230 70
90 71
157 71
215 71
262 71
319 71
326 71
347 71
440 71
206 72
308 72
413 72
295 73
330 73
38 74
127 74
322 74
333 74
347 74
358 74
450 74
249 75
368 75
434 75
104 76
170 76
340 76
355 76
387 76
398 76
461 76
284 77
436 77
438 77
340 78
189 79
237 79
360 79
218 80
414 80
473 80
50 81
75 81
213 81
224 81
265 81
205 82
264 82
215 83
428 83
181 84
269 84
327 84
193 85
210 85
313 85
444 85
92 86
124 86
205 86
216 86
283 86
149 87
200 87
296 87
344 87
359 87
176 88
184 88
250 88
251 88
378 88
259 89
264 89
395 89
405 89
417 89
172 90
205 90
269 90
388 90
459 90
60 92
229 92
239 92
35 93
82 93
140 93
193 94
433 94
243 95
252 95
475 95
158 96
263 96
329 96
181 97
209 97
224 97
292 97
27 98
241 98
247 98
278 98
311 98
162 99
284 99
365 99
378 99
123 100
171 100
205 100
269 100
346 100
101 101
211 101
413 101
452 101
192 102
200 102
229 102
49 103
253 103
273 103
391 103
168 104
195 104
238 105
68 106
228 106
256 106
260 106
265 106
327 106
362 106
402 106
472 106
204 107
237 107
435 107
111 108
137 109
155 109
189 109
201 109
259 109
283 109
312 109
447 109
89 110
219 110
229 110
381 110
273 111
319 111
345 111
231 112
182 113
210 113
217 113
220 113
104 114
241 114
365 115
462 115
430 116
31 117
165 117
176 117
253 117
233 118
256 118
115 119
182 119
204 119
251 119
317 119
383 119
473 119
260 120
270 121
302 121
450 121
53 122
93 122
153 123
232 123
365 123
400 123
413 123
152 124
267 124
409 124
178 125
71 126
135 126
158 126
193 126
256 126
126 127
426 127
31 128
276 128
153 129
321 129
347 129
123 130
161 130
174 130
300 130
11 131
180 131
207 131
253 131
289 132
399 132
139 133
279 133
366 133
441 133
82 134
121 134
129 134
156 134
178 134
195 134
274 134
439 135
457 135
62 136
135 136
189 136
196 136
262 136
404 136
407 136
160 137
43 138
321 138
406 138
146 139
225 139
270 139
331 139
425 139
428 139
98 140
141 140
171 140
307 140
164 141
111 142
398 142
427 142
177 143
401 143
158 144
358 144
18 145
123 145
213 145
273 145
290 145
375 145
440 145
469 145
250 146
414 146
124 147
256 147
265 147
410 147
412 147
74 148
201 148
270 148
440 148
50 149
195 149
311 149
417 149
450 149
123 150
155 150
168 150
174 150
193 150
115 151
330 151
402 151
134 152
252 152
341 152
395 152
427 152
27 153
257 153
460 153
94 154
135 154
151 154
232 154
243 154
355 154
145 155
275 155
301 155
172 156
422 156
136 157
162 157
288 157
191 158
244 158
276 158
163 159
250 159
258 159
318 159
442 159
473 159
41 160
404 160
409 160
65 161
105 161
134 161
389 161
429 161
432 161
50 162
61 162
126 162
175 162
205 162
211 162
331 162
346 162
413 162
185 163
244 163
453 163
61 164
247 164
250 164
413 164
54 165
179 165
246 165
335 165
97 166
341 166
425 166
16 167
50 167
82 167
84 167
151 167
236 167
266 167
330 167
338 167
377 167
407 167
460 167
140 168
159 168
201 168
228 168
231 168
278 168
283 168
319 168
434 168
85 169
103 169
124 169
173 169
351 169
360 169
431 169
176 170
34 171
100 171
124 171
135 171
193 171
266 171
296 171
331 171
406 171
191 172
265 172
150 173
199 173
210 173
330 173
393 173
442 173
73 174
135 174
185 174
245 174
247 174
357 174
425 174
46 175
74 175
129 175
223 175
339 175
428 175
100 176
127 176
254 176
330 176
370 176
409 176
449 176
477 176
49 177
91 177
157 177
204 177
232 177
236 177
269 177
308 177
155 178
172 178
241 178
116 179
138 179
183 179
207 179
94 180
116 180
159 180
230 180
315 180
345 180
421 180
429 180
77 181
113 181
185 181
190 181
278 181
323 181
426 181
102 182
141 182
192 182
247 182
351 182
355 182
457 182
7 183
123 183
225 183
230 183
292 183
382 183
90 184
205 184
211 184
274 184
323 184
332 184
415 184
65 185
191 185
203 185
233 185
406 185
425 185
436 185
54 186
256 186
23 187
89 187
100 187
176 187
334 187
415 187
441 187
135 188
197 188
245 188
279 188
311 188
339 188
468 188
93 189
43 190
79 190
151 190
367 190
437 190
41 191
109 191
133 191
218 191
417 191
418 191
137 192
49 193
60 193
134 193
245 193
146 194
289 194
337 194
353 194
71 195
81 195
167 195
303 195
350 195
454 195
476 195
51 196
183 196
58 197
71 197
171 197
251 197
348 197
383 197
429 197
55 198
82 198
87 198
99 198
128 198
181 198
242 198
329 198
74 199
104 199
186 199
188 199
196 199
199 199
246 199
260 199
337 199
358 199
413 199
417 199
62 200
137 200
171 200
209 200
146 201
235 201
315 201
364 201
439 201
224 202
15 203
72 203
220 203
279 203
315 203
198 204
228 204
467 204
206 205
222 205
268 205
35 206
121 206
161 206
205 206
289 206
305 206
397 206
295 207
319 207
184 208
204 208
327 208
424 208
168 209
449 209
191 210
352 210
405 210
140 211
237 211
100 212
173 212
193 212
207 212
305 212
308 212
186 213
219 213
334 213
383 213
417 213
301 214
204 215
359 215
456 215
199 216
254 216
294 216
66 217
221 217
279 217
5 218
24 218
46 218
215 218
292 218
440 218
136 219
157 219
178 219
241 219
220 220
367 220
318 221
322 221
349 221
81 222
313 222
120 223
393 223
408 223
448 223
305 224
194 225
220 225
225 225
308 225
471 225
99 226
169 226
61 227
172 227
187 227
206 227
305 227
378 227
287 228
314 228
435 228
455 228
48 229
135 229
285 229
335 229
357 229
232 230
259 230
418 230
18 231
295 231
211 232
217 232
281 232
185 233
320 233
214 234
315 234
346 234
155 235
463 235
169 236
188 236
445 236
193 237
232 237
234 237
285 237
294 237
315 237
368 237
385 237
166 238
171 238
205 238
325 239
76 240
115 240
134 240
197 240
305 240
57 241
187 241
276 241
414 241
450 241
139 242
278 242
94 243
193 243
430 243
473 243
94 244
176 244
245 244
332 244
15 245
132 245
224 245
228 245
255 245
270 245
306 245
85 246
124 246
140 246
74 247
120 247
154 247
197 247
220 247
218 248
255 248
376 248
130 249
438 249
55 250
198 250
207 250
218 250
341 250
422 250
81 251
113 251
127 251
164 251
166 251
188 251
226 251
281 251
360 251
392 251
129 252
169 252
237 252
113 253
171 253
172 253
177 253
223 253
93 254
133 254
185 254
313 254
461 254
129 255
255 255
85 256
278 256
331 256
409 256
132 257
446 257
72 258
229 258
242 258
429 258
34 259
138 259
274 259
393 259
250 260
82 261
136 261
156 261
225 261
304 261
121 262
126 262
130 262
235 262
336 262
7 263
253 263
383 263
474 263
88 264
126 264
142 264
225 264
271 264
285 264
351 264
197 265
223 265
243 265
309 265
449 265
370 266
417 266
113 267
196 267
83 268
108 268
145 268
165 268
178 268
261 268
403 268
51 269
90 269
154 269
217 269
224 269
248 269
31 270
144 270
292 270
325 270
96 271
136 271
164 271
212 271
246 271
275 271
433 271
465 271
126 272
142 272
159 272
171 272
176 272
229 272
247 272
253 272
256 272
358 272
71 273
115 273
121 274
196 274
374 275
196 276
237 276
269 276
313 276
131 277
140 277
187 277
200 277
240 277
392 277
181 278
238 278
260 278
151 279
153 279
158 279
194 279
261 279
265 279
287 279
361 279
425 279
300 280
85 281
89 281
145 281
163 281
322 281
470 281
28 282
50 282
69 282
88 282
310 282
11 283
409 283
113 284
139 284
219 284
254 284
315 284
331 284
139 285
236 285
299 285
443 285
91 286
279 286
337 286
379 286
265 287
317 287
167 288
187 288
260 288
285 288
287 288
397 288
90 289
255 289
328 289
145 290
253 290
294 290
302 290
349 290
430 290
324 291
352 291
414 291
463 291
120 292
148 292
260 292
475 292
138 293
281 293
301 293
343 293
90 294
247 294
282 294
334 294
400 294
326 295
333 295
117 296
148 296
245 296
318 296
416 296
447 296
195 297
366 297
98 298
154 298
275 298
285 298
352 298
383 298
157 299
292 299
433 299
467 299
313 300
316 300
339 300
352 300
160 301
275 301
120 302
278 302
351 302
77 303
109 303
215 303
242 303
256 303
318 303
337 303
369 303
323 304
335 304
452 304
118 305
170 305
298 305
82 306
124 306
318 306
12 307
99 307
101 307
143 307
254 307
290 307
404 307
58 308
129 308
150 308
253 308
283 308
367 308
142 309
315 309
469 309
252 310
269 310
273 310
32 311
116 311
244 311
257 311
359 311
437 311
114 312
182 312
422 312
194 313
388 313
119 314
146 314
278 314
281 314
312 314
139 315
229 315
352 315
453 315
57 316
78 316
127 316
353 316
95 317
334 317
84 318
311 318
314 318
403 318
88 319
128 319
348 319
210 320
369 320
105 321
267 321
15 322
35 322
159 322
398 322
277 324
254 325
289 325
406 325
137 326
316 326
457 326
61 327
281 327
83 328
171 328
290 328
296 328
372 328
393 328
243 329
388 329
437 329
470 329
40 330
272 330
386 330
183 331
238 332
307 332
330 332
385 332
395 332
417 332
154 333
202 333
259 333
269 333
273 333
284 333
145 334
305 335
374 335
398 335
387 336
16 337
126 337
279 337
349 337
457 338
90 339
107 339
220 339
306 339
310 339
439 339
364 340
371 340
379 340
396 340
242 341
315 341
68 342
163 342
254 342
300 342
383 343
183 344
372 344
43 345
191 345
197 345
346 345
373 345
473 345
289 346
316 347
4 348
142 348
246 348
328 348
22 349
286 349
291 349
305 349
318 349
385 349
236 350
49 351
152 351
309 351
359 351
378 351
386 351
75 352
123 352
225 352
249 352
279 352
288 352
295 352
372 352
402 352
384 353
208 354
365 354
103 355
159 355
242 356
254 356
306 357
341 357
419 357
133 358
171 358
186 358
197 358
456 358
272 359
282 359
10 360
435 360
32 361
347 361
415 361
56 362
223 362
248 362
275 362
280 363
348 363
434 363
178 364
346 364
359 364
369 364
470 364
86 365
116 365
149 365
214 365
238 365
276 365
300 365
341 365
397 365
85 366
229 366
251 366
317 366
355 366
92 367
126 367
196 367
242 367
328 367
374 367
137 368
189 368
333 368
346 368
452 368
20 369
140 369
208 369
412 369
434 369
119 370
248 370
262 370
264 370
334 370
399 370
437 370
37 371
121 371
221 371
389 371
414 371
94 372
163 372
339 372
352 372
368 372
395 372
419 372
130 373
196 373
202 373
208 373
228 373
261 373
418 373
91 374
182 374
190 374
255 374
368 374
105 375
121 375
187 375
229 375
399 375
426 375
70 376
115 376
131 376
185 376
196 376
273 376
380 376
434 376
214 377
336 377
93 378
170 378
352 378
370 378
373 379
141 380
188 380
217 380
380 380
107 381
138 381
206 381
266 381
271 381
450 381
188 382
209 382
383 382
437 382
286 383
304 383
414 383
115 384
164 384
242 384
259 384
348 384
364 384
406 384
196 385
200 385
226 385
469 385
146 386
154 386
208 386
242 386
277 386
394 386
433 386
85 387
113 387
121 387
177 387
233 387
253 387
257 387
412 387
431 387
52 388
169 388
260 388
439 388
29 389
100 389
177 389
192 389
266 389
313 389
411 389
92 390
97 390
117 390
230 390
241 390
323 390
113 391
126 391
355 391
363 391
376 391
385 391
412 391
448 391
96 392
139 392
175 392
251 392
405 392
429 392
83 393
142 393
189 393
219 393
254 393
203 394
237 394
269 394
324 394
339 394
358 394
437 394
478 394
139 395
183 395
210 395
217 395
254 395
269 395
271 395
395 395
412 395
155 396
362 396
393 396
98 397
137 397
158 397
259 397
386 397
390 397
417 397
160 398
167 398
240 398
380 398
117 399
363 399
466 399
152 400
203 400
109 401
128 401
184 401
242 401
73 402
279 403
84 404
94 404
128 404
201 404
298 404
405 404
22 405
97 405
135 406
82 407
117 407
126 407
231 407
367 407
477 407
29 408
348 408
55 409
85 409
309 409
223 410
135 411
217 411
251 411
382 411
461 411
126 412
155 413
225 413
228 413
422 413
168 414
268 414
88 415
186 415
223 415
282 415
320 415
437 416
114 417
117 417
243 417
131 418
209 418
335 418
476 418
109 419
134 419
236 420
47 421
73 421
85 421
113 421
201 421
108 422
126 423
251 423
107 424
221 424
293 424
454 424
127 425
225 425
331 425
372 425
401 425
166 426
179 426
268 426
310 426
353 426
471 426
87 427
154 427
33 428
228 428
385 428
40 429
82 430
231 430
236 430
243 430
63 431
210 431
218 431
417 431
92 432
203 432
327 432
431 432
96 433
257 433
303 433
231 434
278 434
321 434
464 434
98 436
142 436
106 437
115 437
130 437
187 437
222 437
228 437
445 437
221 438
237 438
103 439
128 439
379 439
125 440
133 440
166 440
339 440
392 440
427 440
126 441
291 441
353 441
411 441
433 441
461 441
249 442
265 442
426 442
143 443
149 443
289 443
330 443
436 443
82 444
242 444
264 444
313 444
315 444
272 445
353 445
427 445
132 446
230 446
246 446
441 446
280 447
332 447
241 448
281 448
97 449
141 449
266 449
357 449
371 449
423 449
253 450
345 450
386 450
457 450
473 450
59 451
303 451
425 451
431 451
252 452
353 452
403 452
137 453
169 453
344 453
109 454
423 454
70 455
122 456
136 456
209 456
299 456
332 456
407 456
412 456
153 457
243 457
265 458
310 458
322 458
365 458
147 459
291 459
295 459
329 459
403 459
82 460
327 460
379 460
194 461
286 461
291 461
339 461
450 461
463 461
226 462
273 462
290 463
412 463
431 463
90 464
272 464
320 464
428 464
177 465
291 465
329 465
122 466
149 466
253 466
283 466
298 466
355 466
391 466
47 467
102 467
279 467
241 468
258 468
373 468
416 468
427 468
209 469
59 470
115 470
124 470
261 471
270 471
457 471
255 472
303 472
327 472
412 472
155 473
349 473
69 474
132 474
190 474
238 474
295 474
341 474
403 474
429 474
133 475
268 475
304 475
359 475
421 475
150 476
291 476
416 476
440 476
138 477
244 477
249 477
471 477
225 478
311 478
365 478
83 479
135 479
145 479
258 480
285 480
380 480
278 481
310 481
316 481
91 482
245 482
319 482
408 482
278 483
392 483
413 483
417 483
427 483
100 484
133 484
206 484
334 484
358 484
410 484
52 485
108 485
451 485
438 486
117 487
164 487
247 487
276 487
298 488
428 488
178 489
189 489
276 489
299 489
244 491
301 491
323 491
410 491
420 491
462 491
266 492
348 492
435 492
444 492
72 493
230 493
409 493
293 494
308 494
318 495
402 495
475 495
259 496
281 496
289 496
252 497
264 497
312 497
95 499
142 499
214 499
200 500
417 500
264 501
268 501
274 501
336 501
390 501
282 502
435 502
119 503
189 503
299 503
357 503
423 503
249 504
290 504
406 504
169 505
251 506
274 506
282 506
286 506
449 506
238 507
249 507
290 507
294 507
418 508
272 509
321 509
407 509
280 510
372 510
409 510
432 510
467 510
90 511
227 511
293 511
217 512
347 512
424 512
395 513
138 514
205 514
242 514
408 514
429 514
430 514
259 515
286 515
119 516
193 516
309 516
407 516
170 517
336 517
361 517
412 517
417 517
258 518
407 518
453 518
246 519
288 519
423 519
309 520
314 520
421 520
477 520
273 521
298 521
167 522
169 523
310 523
320 523
225 524
351 524
377 524
194 526
204 526
289 526
439 526
99 527
184 527
307 527
109 528
172 528
315 528
415 528
174 529
189 529
261 529
312 529
162 530
342 530
461 530
150 531
312 531
134 532
334 532
167 533
289 534
295 534
361 534
189 535
194 535
275 536
388 536
474 536
246 537
405 537
423 537
295 538
313 538
185 539
447 539
176 540
292 541
199 542
227 542
289 542
309 542
312 542
106 544
211 544
192 545
288 545
317 545
398 545
177 546
194 546
274 546
337 546
369 546
432 546
185 547
312 547
127 548
145 548
282 548
296 548
299 548
307 548
159 549
286 549
459 549
300 550
423 550
190 552
175 553
350 553
380 553
162 554
179 554
245 554
283 554
293 554
312 554
193 555
184 556
282 556
286 556
162 557
192 557
185 558
308 559
166 563
121 567
142 567
191 568
421 568
175 571
281 575
441 576
234 577
262 577
318 577
366 578
358 581
426 581
348 582
409 586
399 589
249 592
369 593
381 593
