262 43
277 43
290 44
305 44
246 46
231 50
216 53
278 54
287 54
298 54
268 55
308 55
206 56
257 56
322 57
246 58
336 58
195 59
235 60
349 60
182 62
221 64
209 67
284 67
291 67
298 67
308 67
317 67
363 67
330 68
267 69
192 71
254 71
340 71
241 73
231 74
353 74
364 76
175 77
215 77
303 78
274 79
292 79
317 80
326 80
329 81
333 81
350 81
381 81
162 82
326 82
337 82
264 83
191 84
393 84
254 85
297 85
300 85
348 85
150 86
354 86
292 88
361 88
406 88
177 89
299 89
168 90
222 90
312 90
375 91
136 92
210 92
321 92
200 94
229 95
155 96
267 96
333 96
340 96
252 97
279 97
338 97
387 97
186 98
226 99
242 99
339 99
235 100
209 101
238 101
311 101
141 102
369 102
171 103
212 103
221 103
404 103
216 104
351 104
358 104
195 106
215 107
381 107
413 107
134 108
236 108
336 108
153 109
203 109
290 109
389 109
246 110
270 110
344 110
341 111
260 112
293 112
207 113
221 113
142 114
177 114
209 114
224 114
235 115
288 115
369 115
214 116
227 116
238 116
401 116
189 117
210 117
163 118
234 118
283 119
348 119
384 119
310 120
157 121
171 121
130 122
168 122
173 122
257 122
270 122
334 122
349 122
223 123
249 123
418 123
201 124
237 124
279 124
295 125
149 126
402 126
116 127
376 127
233 128
306 128
166 130
209 130
318 130
409 130
172 131
205 131
195 132
228 132
329 132
102 133
131 133
391 133
175 134
341 134
156 135
235 135
258 135
278 135
361 135
368 135
244 136
270 136
223 137
296 137
422 137
215 138
231 138
288 138
227 139
407 139
323 140
379 140
149 142
190 142
308 142
107 143
134 143
192 143
332 143
279 144
166 145
344 145
249 146
264 146
288 146
393 146
437 146
205 147
320 147
421 147
124 148
202 148
358 148
182 149
197 150
368 150
403 150
137 151
219 151
131 152
167 152
179 152
191 152
219 153
240 153
269 153
330 153
90 154
150 154
279 154
292 154
412 154
431 154
251 155
381 155
457 155
183 156
208 156
306 156
349 156
106 157
219 157
317 157
191 158
170 159
326 159
141 160
174 160
234 160
362 160
392 160
443 160
156 161
264 161
286 162
350 162
259 163
274 163
322 163
250 164
394 164
404 164
237 165
384 165
397 165
425 165
92 166
360 166
311 167
335 167
401 167
426 167
432 167
329 168
416 168
418 168
222 169
422 169
457 169
110 170
346 170
355 170
388 170
144 171
189 171
357 171
210 172
262 172
353 172
275 173
348 173
411 173
431 173
158 174
251 174
300 174
336 174
342 174
386 174
434 174
163 175
291 175
365 175
444 175
203 176
305 176
331 176
355 176
411 176
440 176
80 177
165 177
190 177
240 177
343 177
346 177
377 177
429 177
326 178
333 178
355 178
115 179
170 179
196 179
311 179
349 179
357 179
376 179
131 180
234 180
253 180
400 180
420 180
93 181
164 181
192 181
199 181
223 181
357 181
148 182
183 182
266 182
275 182
411 182
419 182
422 182
428 182
395 183
180 184
328 184
365 184
423 184
165 185
324 185
393 185
424 185
293 186
356 186
358 186
447 186
348 187
352 187
118 188
160 188
208 188
305 188
388 188
411 189
428 189
80 190
167 190
185 190
345 190
356 190
380 190
354 191
382 191
98 192
260 192
317 192
367 192
414 192
133 193
237 193
248 193
418 193
439 193
170 194
274 194
280 194
378 194
396 195
411 195
181 196
374 196
443 196
460 196
144 197
168 197
173 197
220 197
360 197
430 197
299 198
346 198
108 199
189 199
352 199
407 199
366 200
393 200
430 200
152 201
207 201
261 201
270 201
272 202
434 202
135 203
141 203
180 203
259 203
310 203
409 203
87 204
253 204
66 205
116 205
272 205
345 205
401 205
157 206
227 206
259 206
379 206
407 206
149 207
218 207
265 207
138 208
289 208
102 209
297 209
329 209
356 209
462 209
195 210
208 210
390 210
273 211
305 211
255 212
397 212
76 213
128 213
144 213
247 213
448 213
150 214
239 214
272 214
336 214
363 214
137 215
373 215
97 216
313 216
405 216
417 216
161 217
183 218
212 218
223 218
270 218
278 218
284 218
86 219
117 220
125 220
148 220
411 220
205 221
262 221
322 221
346 221
383 221
431 221
175 222
242 222
106 223
159 223
298 223
420 223
263 224
307 224
62 225
193 225
258 225
336 226
371 226
167 227
314 228
359 228
397 228
434 228
56 229
78 229
137 229
378 229
415 229
426 229
466 229
108 230
184 230
225 230
282 230
446 230
286 231
342 231
434 231
121 232
143 232
213 232
70 233
176 233
209 234
435 235
333 236
386 236
194 237
244 237
252 237
257 237
297 237
322 237
353 237
370 237
255 238
454 238
123 239
238 239
429 240
65 241
114 241
231 241
273 241
285 241
394 241
415 241
134 242
175 242
248 242
396 242
458 242
100 243
304 243
320 243
345 243
374 243
111 244
207 244
222 244
263 244
391 244
439 244
99 245
114 245
185 245
190 245
353 245
422 245
109 246
147 246
316 246
125 247
370 247
444 247
71 248
103 248
295 248
301 248
357 248
82 249
268 249
276 249
317 249
49 250
169 250
247 250
274 250
364 250
405 250
300 251
321 251
340 251
376 251
395 251
466 251
97 252
332 252
400 252
232 253
239 253
138 254
347 254
381 254
413 254
452 254
98 255
223 255
264 255
288 255
299 255
372 255
378 255
191 256
262 256
296 256
306 256
342 256
346 256
67 257
171 257
172 257
270 257
395 257
217 258
317 258
388 258
95 259
98 259
130 259
152 259
338 259
268 260
286 260
386 260
396 260
248 261
325 261
354 261
380 261
420 261
180 262
238 262
85 263
170 263
198 263
210 263
255 263
283 263
294 263
245 264
300 264
348 264
75 265
99 265
190 265
228 265
249 266
259 266
345 266
404 266
167 267
264 267
380 267
385 267
444 267
54 268
142 269
159 269
269 269
322 269
122 270
219 270
384 270
85 271
262 271
312 271
371 271
294 272
383 272
392 273
428 273
239 274
383 274
466 274
100 275
268 275
186 276
211 276
414 276
66 277
174 277
244 277
341 277
92 278
330 278
232 279
433 279
196 280
202 280
339 280
358 280
397 280
151 281
204 281
214 281
255 281
411 281
168 282
199 282
362 282
451 282
73 283
110 283
128 283
159 283
243 283
419 283
54 284
81 284
108 284
138 284
197 285
319 285
92 286
163 286
214 286
232 286
161 287
222 287
250 287
293 287
457 287
116 288
148 288
256 288
336 288
348 288
189 289
416 289
181 290
444 290
112 291
148 291
219 291
367 291
421 291
103 292
164 292
188 292
237 292
263 292
269 292
389 292
405 292
409 292
435 292
309 293
324 293
171 294
194 294
198 294
205 294
230 294
87 295
90 295
48 296
127 296
147 296
206 296
341 296
112 297
296 297
461 297
59 298
215 298
116 299
376 299
446 299
101 300
247 300
353 300
406 300
131 301
179 301
266 301
239 302
243 302
298 302
395 302
424 302
144 303
228 303
367 303
418 303
70 304
432 304
41 305
101 305
120 305
183 305
197 305
206 305
237 305
437 305
126 306
143 306
164 306
165 306
234 306
265 306
270 306
326 306
405 306
107 307
168 307
132 308
223 308
225 308
227 308
286 308
415 308
104 309
127 309
230 309
424 309
451 309
65 310
93 310
156 310
207 310
412 310
435 310
88 311
128 311
258 311
398 311
410 311
312 312
114 313
157 313
359 313
373 313
89 314
195 314
218 314
439 314
140 315
326 315
387 315
110 316
114 316
255 316
120 317
132 317
154 317
54 318
137 318
157 318
184 318
312 318
402 318
97 319
150 319
221 319
426 319
437 319
184 320
339 320
92 321
423 321
71 322
119 322
136 322
412 322
110 323
244 323
299 323
351 323
378 323
175 324
459 324
81 325
394 325
112 326
152 326
164 326
286 326
314 326
402 326
421 326
328 327
64 328
219 328
255 328
128 329
170 329
46 330
364 330
98 331
271 331
447 331
309 332
353 332
416 332
270 333
234 334
266 334
438 334
123 335
143 335
195 335
318 335
174 336
183 336
84 337
273 337
331 337
35 338
103 338
232 338
276 338
311 338
366 338
402 338
106 339
194 339
274 339
56 340
158 340
383 340
74 341
214 341
284 341
426 341
138 342
431 342
93 343
192 344
229 344
280 344
397 344
412 344
439 345
453 345
111 346
193 346
271 346
300 346
48 347
135 347
172 347
253 348
90 349
198 349
358 349
66 350
168 350
266 350
282 350
333 350
245 351
278 351
343 351
370 351
87 352
183 352
191 352
199 352
262 352
386 352
411 352
171 353
222 353
312 353
322 353
404 354
413 354
109 355
248 355
298 355
437 355
100 356
239 356
279 356
114 357
244 357
413 357
345 358
444 358
87 359
108 359
182 359
218 359
279 359
399 359
38 360
173 360
436 360
126 361
133 361
152 361
373 361
104 362
309 362
343 362
360 363
142 364
176 364
325 364
357 364
56 365
97 365
401 365
157 366
225 366
84 367
89 367
350 367
433 367
449 367
102 368
130 368
211 368
361 368
150 369
321 369
142 370
204 370
273 370
330 370
389 370
31 371
285 371
375 371
419 371
98 372
171 372
245 372
346 372
118 373
223 373
401 373
449 373
49 374
190 374
201 374
215 374
259 374
322 374
333 374
347 374
349 374
128 375
236 375
326 375
349 375
96 376
116 376
165 376
299 376
306 376
330 376
438 376
125 377
285 377
352 377
423 377
104 378
301 378
72 379
240 379
100 380
255 380
329 380
181 381
453 381
85 382
144 382
364 382
377 382
391 382
349 383
408 383
100 384
153 384
202 384
307 384
41 385
62 385
227 385
291 385
107 386
139 386
207 386
328 386
201 387
300 387
122 388
132 388
144 388
439 388
210 389
138 390
269 390
304 390
365 390
408 390
116 392
175 392
198 392
206 392
290 392
298 392
397 392
233 393
322 393
427 393
212 394
238 394
292 394
327 394
114 395
226 395
276 395
156 396
169 396
283 396
126 397
135 397
226 397
82 398
189 398
239 398
369 398
50 399
90 399
204 399
382 399
116 400
216 400
247 400
413 400
81 401
291 401
90 402
112 402
133 402
180 402
228 402
99 403
106 403
298 404
313 404
163 405
207 405
261 406
300 406
398 406
286 407
384 407
116 408
296 408
431 408
60 409
155 409
223 409
325 409
328 409
170 410
187 410
201 410
108 411
117 411
128 411
293 411
44 412
117 412
301 412
312 412
319 412
347 412
400 412
145 413
296 413
139 414
167 414
185 414
350 414
99 415
238 415
305 415
387 415
417 415
74 416
145 416
193 416
260 416
151 417
196 417
281 417
291 417
332 417
362 417
86 418
115 418
326 418
336 418
339 418
105 419
296 419
376 419
109 420
319 420
143 421
190 421
281 421
419 421
129 422
271 422
308 422
83 423
131 423
176 423
239 423
110 424
254 424
325 424
66 426
167 426
405 426
84 428
341 429
359 429
391 429
422 430
88 431
94 431
129 431
293 431
334 431
364 431
83 432
137 432
298 432
331 432
350 432
133 433
163 433
300 433
316 433
321 433
356 433
160 434
186 434
204 434
247 434
40 435
113 435
199 435
224 435
349 435
117 436
141 436
149 436
333 436
83 437
176 437
348 437
392 437
408 437
92 438
96 438
290 438
315 438
424 438
62 439
100 439
147 439
157 439
264 439
298 439
382 439
159 440
52 441
203 441
229 441
152 442
178 442
197 442
222 442
234 442
299 442
338 442
260 444
393 444
82 445
234 445
316 445
123 447
321 447
412 447
43 448
97 448
354 448
226 449
276 449
323 449
208 450
321 450
74 451
233 451
290 451
300 451
332 451
384 451
223 452
341 452
256 453
369 453
187 454
285 454
311 454
216 455
399 455
165 456
234 456
271 456
214 457
183 459
58 460
227 460
324 460
248 461
345 461
121 462
154 463
202 463
402 463
231 464
282 464
372 464
386 464
315 465
215 466
345 466
46 467
222 467
281 467
336 467
113 468
79 469
196 469
240 469
304 469
325 469
351 469
105 470
278 470
297 470
348 471
357 471
143 472
337 472
201 473
216 473
358 473
292 474
316 474
390 474
100 475
65 476
223 476
342 476
162 477
259 477
359 477
376 477
334 478
354 478
91 479
131 479
219 479
221 480
251 480
195 481
202 481
361 481
53 482
111 482
164 482
276 482
290 482
328 482
85 483
176 485
198 485
251 485
262 485
347 485
47 486
79 486
164 487
73 488
103 488
272 488
144 489
181 489
223 489
382 489
242 490
265 490
363 490
162 491
286 491
69 492
216 493
181 494
185 494
260 494
93 495
263 495
233 496
295 497
63 498
176 498
163 500
260 500
328 502
352 502
105 504
149 504
180 504
194 504
220 504
185 505
250 505
278 506
306 506
141 507
98 508
130 508
179 508
181 508
271 508
287 508
168 509
172 509
211 509
232 509
316 509
92 512
192 512
118 513
246 514
274 514
73 515
203 515
300 515
166 516
250 518
266 518
323 518
169 519
171 519
186 519
144 520
154 520
179 520
219 520
254 520
261 521
312 521
103 522
161 522
277 522
161 524
176 524
238 524
134 526
185 527
91 528
123 528
178 528
229 528
291 528
305 528
78 531
162 531
215 532
248 532
114 534
261 535
158 536
173 536
194 537
311 537
104 538
170 538
176 538
279 538
297 538
146 539
231 539
187 542
124 544
137 544
172 545
222 545
248 545
323 545
286 547
112 548
208 549
265 550
195 551
191 552
199 552
305 554
153 555
232 556
142 557
250 557
269 557
118 558
127 558
225 558
292 558
215 561
111 562
192 562
207 562
179 565
186 565
278 565
172 567
158 568
246 569
144 572
236 572
218 574
208 576
193 577
155 581
173 583
