275 46
288 47
306 48
322 48
262 49
339 51
353 52
218 53
185 59
288 60
298 61
237 63
361 63
270 64
316 64
331 64
218 67
151 68
197 70
385 71
136 73
267 76
359 76
236 77
249 77
402 77
296 78
313 78
163 80
119 81
284 82
294 82
333 82
202 84
287 84
149 85
255 85
304 85
185 87
253 87
256 87
309 87
355 88
388 88
197 89
282 89
134 90
370 90
401 91
196 93
290 93
229 94
240 94
300 94
328 94
292 95
169 96
186 96
294 97
305 97
307 97
115 98
158 98
207 98
253 99
343 99
397 99
305 100
299 101
289 102
97 103
141 103
285 103
359 103
162 104
233 104
129 107
220 107
330 107
378 107
256 108
420 108
298 109
208 110
253 110
190 111
263 111
299 112
396 112
156 113
191 114
270 114
436 114
106 115
198 115
76 116
236 116
241 116
347 116
300 117
317 117
98 118
228 118
297 118
331 118
143 119
197 119
248 120
359 120
410 120
333 121
129 122
136 122
227 122
200 123
334 123
85 124
376 124
117 126
216 126
152 127
388 127
216 128
432 128
105 129
207 129
309 129
335 129
76 130
174 130
229 130
241 130
126 131
220 131
262 131
338 131
156 132
249 132
399 132
230 133
280 133
450 133
415 134
127 135
136 135
206 135
233 135
366 135
153 136
211 136
138 137
59 138
90 138
151 138
239 138
352 138
123 139
159 139
233 139
387 140
291 141
312 141
112 143
190 143
230 145
257 145
406 145
135 146
246 146
274 146
177 147
357 147
440 147
133 148
206 148
426 148
50 149
69 149
150 149
226 149
169 150
213 150
351 150
303 151
335 151
366 151
139 153
200 153
380 153
57 154
92 154
326 154
389 154
228 155
120 156
215 156
220 156
236 156
341 156
153 157
325 158
458 158
110 159
401 159
131 160
186 160
264 160
280 160
218 161
234 161
237 161
250 161
287 161
408 161
210 162
341 162
355 162
418 162
437 162
42 163
71 163
196 163
298 163
315 163
473 163
97 164
113 164
227 164
109 165
138 166
213 166
415 166
164 167
215 168
376 168
97 169
124 170
206 170
267 170
116 171
216 171
290 171
57 173
94 174
314 174
400 174
415 174
246 175
260 175
302 175
151 176
220 176
342 176
406 176
413 176
331 177
355 177
409 177
461 177
198 178
84 179
229 179
363 179
405 179
472 180
75 181
111 181
168 182
197 182
375 182
141 183
167 183
274 183
218 184
293 184
419 184
426 184
440 184
94 185
99 185
131 185
263 185
39 186
180 186
249 186
284 186
392 186
163 187
233 187
312 188
156 189
169 189
217 189
333 190
402 190
164 191
192 191
346 191
112 192
355 192
437 192
174 193
177 193
267 193
58 194
195 194
458 194
146 195
286 195
218 196
369 196
253 197
475 197
136 198
176 198
196 198
298 198
21 199
79 199
312 199
323 199
381 199
176 200
190 200
222 200
153 201
161 201
431 201
234 202
309 202
313 202
340 202
391 202
451 202
66 203
268 203
72 204
402 204
238 205
287 205
190 206
220 206
294 206
355 206
28 207
70 207
116 207
73 208
47 209
104 209
154 209
208 209
418 209
148 210
158 210
305 210
38 211
62 211
94 211
233 211
254 211
369 211
447 211
467 211
241 212
170 213
191 213
195 213
223 213
267 213
321 213
61 214
165 214
295 214
312 214
426 215
58 216
67 216
222 216
380 216
78 217
333 217
51 218
298 218
151 219
181 219
239 219
350 219
398 219
109 220
163 220
213 220
236 220
458 220
203 221
116 222
470 222
241 223
267 223
278 223
446 223
29 224
256 224
364 224
113 225
155 225
12 226
55 226
375 226
418 226
174 227
60 228
103 228
114 228
109 229
147 229
185 229
233 229
300 229
326 229
431 229
89 230
177 230
222 230
289 230
304 230
240 231
177 232
237 232
311 232
23 233
166 233
270 233
355 233
392 233
465 233
57 234
188 234
60 235
78 235
124 235
126 235
133 235
193 235
220 235
236 235
247 235
256 235
279 235
407 235
441 235
122 236
204 236
337 236
367 236
35 237
150 237
200 237
81 238
213 238
304 238
421 238
166 240
295 240
451 240
76 241
142 241
316 241
106 243
292 243
360 243
108 244
310 244
322 244
388 244
271 245
328 245
15 246
118 246
428 246
71 247
213 247
149 248
170 248
247 248
418 248
467 248
28 249
241 249
323 249
407 249
227 250
229 250
233 250
330 250
355 250
360 250
371 250
112 251
223 251
416 251
269 253
277 253
431 253
112 254
189 254
451 254
229 255
85 256
150 256
171 256
323 256
43 257
108 257
117 257
128 257
351 257
359 257
60 258
82 258
130 258
184 258
343 258
441 258
15 259
252 259
312 259
364 259
388 259
416 259
77 260
191 260
135 261
189 261
279 261
101 262
148 262
378 262
37 263
96 263
197 263
207 263
209 263
307 263
308 263
326 263
122 264
137 264
147 264
239 264
357 264
461 264
127 265
186 265
124 266
327 266
424 266
302 267
132 268
96 269
153 269
163 269
305 269
107 270
119 270
137 270
259 270
289 270
348 270
351 270
469 270
195 271
242 271
255 271
304 271
364 271
388 271
358 272
446 272
50 273
207 273
219 273
405 273
427 273
63 274
158 274
227 274
240 274
28 275
302 275
309 275
231 276
406 276
192 277
376 277
115 278
161 278
272 278
44 279
196 279
256 279
406 279
100 280
292 280
337 280
423 280
77 281
195 281
363 281
389 281
456 281
477 281
219 282
292 282
18 283
179 283
251 283
285 283
335 283
339 284
360 284
112 285
212 285
268 285
411 285
108 286
186 286
306 286
355 286
91 287
258 287
374 288
439 288
57 289
312 289
86 290
91 290
109 290
149 291
246 291
326 291
345 291
423 291
128 292
174 292
228 292
253 292
265 292
13 293
69 293
344 293
385 293
402 293
470 293
31 294
53 295
82 295
217 295
273 295
115 296
172 296
263 296
103 297
247 297
281 297
119 298
142 298
92 299
256 299
269 299
296 299
365 299
434 299
451 299
476 299
175 300
276 300
303 300
121 301
165 301
196 301
46 302
167 302
94 303
209 303
236 303
415 303
345 304
396 304
26 305
316 305
377 306
227 307
280 307
79 308
112 308
202 308
325 308
97 309
179 309
256 309
154 310
246 310
285 310
325 310
404 310
59 311
110 311
187 311
292 311
463 311
97 312
340 312
94 313
182 313
195 313
447 313
103 314
132 314
168 314
198 314
275 314
301 314
371 314
390 315
14 316
86 316
94 316
114 316
410 316
271 317
307 317
360 317
199 318
276 318
455 318
54 319
166 319
184 319
431 319
323 320
331 320
394 320
235 321
148 322
338 322
296 323
301 323
424 323
192 324
291 324
70 325
109 325
119 325
170 325
254 325
268 325
273 325
318 325
433 326
184 327
295 327
128 328
361 328
380 328
111 329
224 329
384 329
347 330
463 330
26 331
194 331
210 331
277 333
383 333
140 334
167 334
318 334
395 334
158 335
182 335
192 335
251 335
259 335
267 335
386 335
426 335
163 336
240 336
379 336
421 336
107 337
124 337
338 337
357 337
378 337
91 338
116 338
244 338
217 339
395 339
406 339
438 339
93 340
182 340
194 340
314 340
475 340
48 341
202 341
306 341
455 341
155 342
430 342
106 343
181 343
187 343
234 343
264 343
418 343
241 344
345 344
322 345
370 345
81 346
100 346
118 346
416 346
278 347
401 347
429 347
140 348
307 348
377 348
415 348
78 349
111 349
161 349
393 349
425 349
154 350
210 350
383 350
426 350
45 351
171 351
465 351
430 352
85 353
97 353
127 353
275 353
278 353
81 354
296 354
361 354
419 354
424 354
114 355
331 355
61 356
86 356
97 356
181 356
355 356
382 356
449 356
151 357
347 357
395 357
189 358
467 358
185 359
382 359
205 361
176 362
219 362
356 362
453 362
265 363
44 364
113 364
128 364
155 364
296 364
266 365
162 366
290 366
99 367
251 367
260 367
401 367
419 367
474 367
149 368
202 368
351 368
368 368
422 368
84 369
297 369
314 369
359 369
401 369
456 369
146 370
173 370
341 371
239 372
313 372
355 372
136 373
190 373
68 374
111 375
231 375
318 375
358 375
371 375
431 375
59 376
200 376
95 377
304 377
410 377
476 377
214 378
217 378
246 378
248 378
348 378
41 379
80 379
185 379
261 379
279 379
461 379
144 380
172 380
207 380
344 380
306 381
323 381
196 382
270 382
386 382
123 383
159 383
317 383
375 383
243 384
409 384
126 385
228 385
255 385
419 385
61 386
143 386
184 386
226 386
348 386
201 387
224 387
289 387
362 387
204 388
273 388
414 388
215 389
337 389
344 389
405 389
430 389
225 390
391 390
448 390
254 391
378 391
77 392
249 392
316 392
350 392
431 392
170 393
284 393
291 393
352 393
253 394
332 394
107 395
120 395
260 395
401 395
91 396
150 396
211 396
288 396
211 397
291 398
309 398
319 398
332 398
132 399
265 399
333 400
436 400
95 401
136 401
75 402
145 402
269 402
423 402
168 403
182 403
281 403
209 404
223 404
241 404
407 404
243 405
452 405
155 406
269 406
383 406
152 407
365 407
125 408
276 408
291 408
103 409
363 409
440 409
473 410
86 411
196 411
220 411
283 411
290 411
396 411
82 412
339 412
426 412
152 413
269 413
299 413
55 414
160 414
208 414
290 414
339 414
353 414
412 414
182 415
301 415
87 416
108 416
129 416
132 416
389 416
442 416
72 417
115 417
118 418
297 418
458 418
83 419
258 419
194 420
220 420
384 421
126 422
235 422
318 422
332 422
112 423
265 423
340 423
351 423
386 423
368 424
412 424
294 425
333 425
167 426
52 427
127 427
145 427
182 427
224 427
367 427
427 427
70 428
133 428
240 428
252 428
445 428
294 429
390 429
403 429
210 430
329 430
94 431
274 431
87 432
152 432
194 432
102 433
310 433
312 433
346 433
460 433
473 433
91 434
95 434
249 434
144 435
184 435
342 435
390 435
98 437
281 437
340 437
92 438
100 438
156 438
254 438
272 438
299 438
327 438
354 438
399 438
304 439
415 439
196 440
229 441
268 441
283 441
309 441
369 441
355 442
427 442
275 443
356 444
394 444
419 445
245 446
297 446
408 446
68 447
123 447
314 447
333 447
424 447
448 447
475 447
117 448
290 448
368 448
186 449
421 449
461 449
173 450
251 450
292 450
353 450
370 450
97 451
116 451
200 451
256 451
334 451
229 452
119 453
254 453
282 453
86 454
334 454
372 454
63 456
214 456
365 456
419 456
166 457
232 457
293 457
351 457
280 458
288 458
267 459
201 461
268 461
314 461
137 462
318 462
450 462
221 463
91 464
289 464
292 464
98 465
378 465
184 466
417 466
466 466
157 467
413 467
91 468
95 468
203 468
56 469
148 469
265 469
315 469
327 469
114 470
312 470
389 470
421 470
194 471
281 471
396 471
398 471
113 472
165 473
314 473
135 474
425 474
186 475
218 475
230 475
356 475
366 475
432 475
79 476
106 476
288 476
372 476
393 476
398 476
451 476
269 477
283 477
346 477
208 478
292 478
99 479
159 479
110 480
316 480
130 481
338 481
170 482
334 482
398 482
402 482
137 483
245 483
253 483
267 483
58 484
234 484
310 485
340 485
369 485
438 485
143 486
182 486
419 486
199 488
345 488
416 488
265 489
361 489
344 490
142 491
296 491
352 491
454 491
126 492
132 492
319 492
161 493
256 493
76 495
202 495
223 495
295 495
306 495
319 495
332 495
403 495
236 496
279 496
367 496
370 496
155 497
300 497
324 497
360 497
362 497
392 497
471 497
138 498
158 498
173 498
126 499
145 499
190 499
300 499
389 499
323 500
385 500
400 500
141 501
291 501
338 501
424 501
434 501
441 501
253 502
408 503
57 504
143 504
206 504
316 504
425 504
103 505
132 505
376 505
408 505
164 506
226 506
91 507
254 507
410 507
427 507
178 508
348 508
78 509
144 509
266 509
331 509
153 510
148 511
251 511
379 511
396 511
244 512
291 512
334 512
358 512
305 513
309 513
441 513
288 514
373 514
204 515
332 516
438 516
119 517
218 517
247 517
268 517
285 517
380 517
237 518
243 518
252 518
274 518
343 518
248 519
324 519
398 519
455 519
123 520
154 520
147 521
245 521
178 522
195 522
309 522
371 522
388 522
209 523
406 523
264 524
286 524
158 525
223 525
267 525
319 525
355 525
146 526
175 526
142 528
184 528
423 528
124 529
170 529
314 529
154 530
335 530
144 531
279 531
200 532
156 533
370 533
248 534
294 535
351 535
130 536
168 536
203 536
231 536
285 536
92 537
271 537
135 538
262 538
404 538
153 539
370 539
280 540
305 540
158 541
331 541
419 541
106 542
155 543
236 543
244 543
222 544
384 544
189 545
245 545
176 546
137 547
257 547
364 547
459 547
78 548
178 548
254 548
344 548
276 549
317 549
95 550
147 550
174 551
265 551
109 552
142 552
176 552
210 552
287 552
135 553
229 554
126 555
153 556
248 556
379 556
415 556
163 558
357 558
155 559
246 559
321 559
263 560
299 560
300 561
455 561
250 562
172 564
186 564
292 564
214 565
335 565
270 566
81 568
223 568
307 568
409 569
144 570
163 570
199 570
203 570
97 571
129 572
214 572
245 572
310 572
370 572
197 573
211 573
225 573
346 575
407 576
185 579
119 580
259 580
308 580
273 581
217 582
363 582
318 584
207 585
297 585
169 586
214 586
236 586
241 586
329 586
226 588
156 589
208 589
350 589
282 590
240 591
289 591
365 591
379 591
124 593
174 593
184 594
214 594
275 594
394 594
232 595
260 595
371 595
230 598
326 599
340 599
355 599
230 600
407 601
243 602
297 602
189 604
152 605
320 605
130 606
113 607
262 609
397 609
231 610
378 614
141 615
197 615
333 615
297 616
166 617
283 617
355 617
184 618
204 618
394 619
268 620
124 621
226 622
209 623
346 623
192 626
313 626
162 628
365 628
266 630
336 630
137 631
298 631
281 633
176 637
