270 69
286 69
298 71
316 72
335 73
276 82
212 83
253 83
233 84
295 87
393 87
313 90
328 91
408 93
354 96
247 100
267 100
229 102
368 102
215 103
294 104
312 105
186 106
163 108
333 109
394 109
404 110
144 114
260 114
422 114
233 117
286 118
312 118
126 119
216 120
430 121
325 122
329 122
358 122
183 123
188 123
207 123
441 124
375 125
161 126
177 126
163 128
148 129
261 130
396 130
274 131
400 131
459 131
407 132
261 133
281 133
300 133
231 134
273 134
316 134
335 135
133 136
318 136
343 137
211 138
202 139
336 139
362 139
208 140
378 140
114 141
188 141
190 143
376 143
384 143
386 144
244 147
262 147
272 148
284 148
311 148
230 149
446 149
265 150
273 150
281 150
307 150
316 150
406 150
146 152
424 152
125 154
192 155
203 155
464 155
175 159
106 160
377 160
381 160
171 162
245 163
219 164
307 164
150 167
410 167
203 168
352 168
193 169
197 169
144 170
343 170
443 170
352 171
366 172
175 173
271 175
284 175
387 175
278 176
111 177
272 177
454 177
99 178
297 178
306 178
392 178
279 179
468 180
188 181
398 181
401 181
151 183
344 183
190 184
375 186
135 187
75 188
433 188
438 188
142 189
391 189
119 190
129 190
259 190
208 191
298 191
106 192
191 193
319 193
338 193
61 194
324 194
335 194
450 196
172 197
86 199
156 199
156 200
118 201
147 203
272 203
467 203
215 204
293 205
428 205
138 206
228 206
238 206
311 206
193 207
223 207
130 208
348 208
397 208
74 210
173 211
443 212
374 213
376 213
117 214
166 214
54 215
268 216
281 216
156 217
231 217
238 217
250 217
398 217
453 217
97 218
216 218
257 218
316 218
220 219
241 219
312 219
206 220
223 220
338 220
411 220
459 221
146 222
128 223
135 223
189 224
365 224
84 225
122 225
433 225
474 226
113 227
117 227
267 229
440 229
109 230
111 230
254 230
295 230
389 230
99 232
162 232
251 232
108 233
235 233
209 234
340 234
344 235
91 236
140 236
360 236
192 237
408 237
460 237
91 239
271 240
301 240
424 240
265 241
319 241
422 241
311 242
377 242
419 242
158 243
334 244
66 246
107 246
155 246
398 246
437 246
469 246
216 247
223 247
237 247
336 247
393 247
435 247
214 250
270 250
445 251
53 252
86 252
258 252
278 252
284 252
296 252
307 252
195 253
129 254
420 256
452 256
112 258
421 258
337 259
388 259
397 260
68 261
246 261
98 262
140 262
232 262
168 263
220 263
469 263
227 264
296 264
367 264
363 265
129 266
202 266
442 266
55 267
331 267
338 269
81 270
385 270
418 270
185 271
427 271
43 272
351 272
257 273
268 273
284 273
351 273
242 274
108 275
253 275
400 275
367 276
370 276
455 276
217 277
318 277
437 278
65 279
224 279
439 279
95 280
136 280
338 280
461 280
134 281
335 281
332 282
338 282
387 283
423 283
78 285
119 285
286 285
351 286
427 286
473 286
438 287
44 288
250 288
260 289
227 290
295 290
306 290
367 290
406 291
29 293
114 293
229 293
449 293
190 294
325 294
383 294
135 295
339 295
139 296
341 297
420 297
81 298
392 298
458 299
78 300
173 300
357 300
62 301
307 301
266 302
316 302
125 303
204 303
251 303
253 303
426 303
317 304
366 304
312 305
195 307
231 307
326 307
115 308
157 308
408 309
411 309
468 309
344 310
386 310
109 311
54 312
219 312
219 313
103 314
265 314
423 314
275 315
415 315
420 315
475 315
46 316
102 316
178 316
242 316
318 316
106 317
206 317
254 317
394 317
68 318
368 318
97 319
133 319
332 319
451 319
167 320
402 321
378 323
432 323
153 324
347 324
407 324
88 325
355 325
36 326
181 326
281 326
300 326
461 326
190 327
299 327
80 328
180 329
314 329
388 329
60 330
315 330
368 330
52 331
248 331
444 331
111 332
212 332
330 332
24 333
395 333
469 333
173 334
105 335
291 336
172 337
278 337
344 337
379 337
45 338
231 338
105 339
137 339
274 339
259 340
406 340
361 341
454 341
94 343
191 343
220 343
124 344
312 344
158 345
327 345
393 345
459 345
151 346
299 346
368 346
415 346
88 347
33 348
179 348
443 348
177 349
179 349
239 349
418 349
243 350
343 351
381 351
401 351
267 352
77 353
466 353
82 354
428 356
197 357
357 357
395 357
423 357
297 358
310 358
250 359
324 359
429 359
476 359
453 360
98 361
336 362
406 362
432 362
104 363
332 363
429 363
125 364
238 364
268 364
369 364
41 366
94 366
122 366
210 367
40 368
148 368
177 368
229 369
394 369
416 369
180 370
255 370
41 371
305 371
116 372
314 372
329 372
441 372
462 372
221 373
304 373
317 373
198 374
315 375
276 376
340 376
400 376
111 378
268 379
362 379
131 380
136 380
194 380
383 380
407 380
78 382
211 382
468 382
191 383
236 383
157 384
258 384
354 384
256 385
389 385
432 385
452 385
105 386
186 387
206 387
362 387
46 388
308 388
415 388
229 389
359 389
476 389
107 390
128 390
167 390
439 390
284 391
395 392
71 393
101 393
128 393
372 393
69 394
123 394
267 394
275 394
347 394
144 395
148 395
341 395
240 396
460 396
220 397
353 398
353 399
355 400
401 400
382 401
251 402
315 402
443 402
235 403
299 403
467 404
157 405
193 405
231 405
89 406
269 406
405 407
215 408
426 408
427 408
56 409
233 409
329 409
389 409
284 410
365 410
446 410
58 411
173 411
319 411
245 412
91 413
191 413
229 413
306 413
342 413
115 414
212 414
150 415
412 415
468 415
370 416
241 417
391 417
107 418
172 418
52 419
49 420
129 420
393 420
109 421
282 421
22 422
417 422
85 423
321 423
351 423
455 423
476 423
204 424
240 424
164 425
299 425
379 425
42 426
399 426
402 426
125 427
66 428
42 430
65 430
333 430
14 431
67 431
122 431
198 431
265 431
294 431
339 431
118 432
252 432
424 432
219 434
441 434
160 435
236 435
342 435
248 436
319 436
385 436
118 437
177 437
217 437
308 437
463 437
35 438
404 439
233 440
290 440
326 441
345 441
263 442
351 442
427 442
135 443
179 443
235 443
365 443
387 443
350 444
387 444
76 445
153 445
193 445
416 445
152 446
175 446
389 446
110 447
232 447
368 447
445 447
135 448
275 448
91 449
117 449
248 449
290 449
471 449
217 450
261 450
333 450
25 451
53 451
165 451
205 451
382 451
356 452
110 453
132 453
165 453
289 453
301 453
391 454
68 455
232 455
290 455
403 455
418 455
90 456
147 456
359 456
362 457
450 457
131 458
344 458
418 458
462 458
262 459
434 460
217 461
277 461
346 461
373 461
148 462
217 462
393 462
248 463
43 464
64 464
294 464
384 464
18 465
173 465
233 465
465 466
87 467
145 468
175 468
295 468
421 468
311 470
123 471
264 471
280 471
384 471
434 471
334 472
436 472
453 472
59 473
83 473
249 473
35 474
189 474
342 474
336 476
10 477
138 477
155 478
283 478
405 478
79 479
202 479
345 479
468 479
119 480
205 480
300 480
439 480
172 481
267 481
284 481
425 481
99 482
171 483
456 483
220 484
405 484
116 485
253 485
28 486
95 486
328 486
206 487
237 487
361 487
406 487
91 489
206 489
272 489
307 489
473 489
140 490
155 490
187 490
423 490
71 491
75 491
293 491
438 491
51 492
388 492
253 493
72 494
94 494
334 494
202 495
423 495
23 496
239 496
272 496
460 496
474 496
68 498
127 499
154 499
223 499
47 500
110 501
126 501
204 501
65 502
259 502
261 502
274 502
276 502
298 502
319 502
321 502
365 502
381 502
243 503
341 503
439 503
109 504
172 504
242 505
109 506
450 506
478 506
125 507
382 507
18 508
138 508
326 508
359 508
306 509
330 509
424 509
59 510
360 510
205 511
421 511
62 512
123 514
153 514
168 515
171 515
465 515
263 517
438 517
171 518
288 518
187 519
226 519
313 519
291 520
478 520
37 522
122 522
154 522
247 522
248 522
375 522
420 523
453 523
80 525
324 525
412 525
383 526
134 527
138 527
152 527
274 527
294 528
339 528
346 528
266 529
354 529
435 529
383 530
466 530
54 531
171 531
249 531
411 531
209 533
231 533
73 534
99 534
152 534
170 534
28 535
120 535
276 535
302 535
409 535
187 537
401 537
452 537
435 538
399 539
152 540
50 541
382 541
401 541
433 541
214 543
259 543
311 543
376 543
387 543
434 543
397 544
117 545
236 545
465 545
67 546
170 546
390 546
286 547
100 548
340 548
343 548
82 549
136 549
193 549
349 549
448 549
362 550
407 550
152 551
347 551
263 552
216 554
423 554
42 555
316 557
465 557
115 558
152 558
173 558
193 558
266 558
393 559
97 560
305 560
367 560
99 561
171 561
414 561
364 562
411 562
416 563
441 563
59 564
243 564
312 564
93 566
294 566
34 567
78 567
223 568
314 569
477 569
156 570
158 570
274 570
327 570
401 570
461 570
337 572
383 572
436 572
75 574
438 574
115 575
178 575
372 575
398 575
96 576
369 576
376 576
355 577
367 577
391 578
112 579
163 579
308 579
417 580
264 581
287 581
423 581
256 582
421 582
162 583
475 583
51 584
71 584
182 584
206 584
323 584
184 585
235 587
297 587
331 587
453 587
403 588
407 588
127 589
341 589
273 590
208 591
354 591
234 592
388 592
148 594
186 595
273 595
314 595
440 595
106 596
127 596
144 596
190 596
238 596
295 597
439 597
89 598
168 598
214 598
64 599
255 599
188 600
429 600
282 601
327 602
468 602
337 603
373 603
83 605
360 605
245 606
347 606
417 606
129 607
454 607
107 608
268 608
310 608
155 609
290 609
175 610
401 610
199 611
223 611
387 613
73 615
252 615
323 615
434 615
477 615
375 617
280 618
302 619
340 619
354 619
471 620
181 622
234 622
417 622
107 625
135 625
92 626
403 626
268 627
312 627
436 627
161 628
212 628
462 628
391 630
245 631
321 632
378 632
278 633
447 633
367 634
87 635
346 635
113 636
218 636
413 637
144 638
196 638
289 638
