212 79
156 86
172 89
252 89
191 91
204 91
214 94
268 94
231 99
146 100
125 102
159 102
172 103
292 103
250 104
188 106
95 109
197 109
265 109
213 112
313 112
229 114
280 115
159 118
139 119
243 119
333 119
123 120
370 120
175 121
259 123
106 124
190 124
94 125
202 125
297 125
339 125
381 126
220 128
309 129
351 129
266 130
70 131
247 136
367 136
153 137
165 137
248 137
288 137
137 138
183 138
329 138
122 139
108 140
268 143
91 144
338 144
385 144
277 145
78 146
214 146
233 146
308 147
346 147
242 149
286 149
388 149
352 150
357 150
60 151
242 151
252 152
400 152
155 153
127 154
142 154
175 155
109 156
369 157
328 158
184 159
40 160
94 160
270 160
273 161
369 161
81 163
281 163
384 163
418 163
225 165
344 165
283 166
63 167
385 167
296 168
143 169
253 169
285 169
399 170
247 172
302 172
359 172
49 173
104 173
131 173
157 173
167 173
123 174
314 174
142 175
162 175
264 175
367 176
316 177
325 177
88 178
199 179
29 180
331 180
380 180
416 180
209 181
379 181
71 183
218 183
291 183
342 183
393 185
222 186
289 187
292 187
298 187
430 187
298 188
246 190
254 190
109 191
138 191
403 191
123 192
260 192
350 192
41 193
261 193
96 194
148 194
160 194
178 194
180 194
311 194
184 195
191 195
267 195
357 195
76 196
209 196
386 198
63 199
231 200
23 202
117 202
293 202
427 202
104 203
297 203
305 204
51 205
8 206
89 207
142 207
256 207
308 207
405 207
349 209
41 210
172 210
374 210
443 210
139 211
270 211
411 211
317 212
124 213
169 213
384 213
33 214
284 214
421 215
106 216
224 216
242 217
365 217
240 218
245 218
251 218
296 218
396 218
18 219
52 220
396 221
298 222
402 222
308 223
311 223
343 223
153 225
138 226
281 226
412 226
442 226
72 227
116 227
319 227
188 228
383 228
447 228
126 229
230 229
354 229
113 230
290 230
359 232
23 233
261 233
398 234
426 234
89 235
306 235
42 236
308 236
369 236
48 237
268 237
375 237
125 239
199 239
213 239
269 239
159 240
171 240
348 240
438 240
175 241
236 241
411 241
4 242
113 242
204 242
252 242
279 242
31 243
156 243
210 243
384 243
63 244
449 245
100 246
362 246
294 247
421 247
289 248
329 249
428 249
18 250
42 250
399 250
82 251
221 252
131 253
139 253
166 253
185 253
200 253
310 253
343 253
118 254
259 254
400 254
66 255
379 255
273 256
283 256
376 256
318 257
351 257
5 258
50 258
106 258
238 258
285 260
419 260
97 261
329 261
445 261
42 262
169 262
386 262
159 263
363 263
424 263
90 264
144 264
149 264
182 264
82 265
213 265
249 265
333 265
133 266
148 266
202 266
25 267
208 267
265 267
303 267
216 268
226 268
400 269
68 270
117 270
227 270
373 270
438 270
12 271
281 271
235 272
245 272
408 272
102 274
320 274
325 274
40 275
176 276
193 276
202 276
258 276
413 276
160 277
213 277
139 278
332 278
360 278
76 279
144 280
384 280
129 282
237 282
69 283
306 283
127 284
233 284
396 284
432 284
58 285
116 285
252 286
103 287
105 287
368 287
16 288
203 288
260 288
327 288
351 288
179 289
102 290
407 290
219 291
328 291
332 291
375 291
38 292
78 292
304 293
303 294
2 296
130 296
307 297
119 298
316 298
342 298
262 299
425 299
116 300
400 300
24 301
51 301
200 301
97 302
111 302
171 302
185 302
207 302
218 303
224 303
320 303
75 304
368 304
403 304
159 305
277 305
329 305
84 306
92 306
440 306
39 307
90 307
242 307
334 307
13 308
293 308
374 308
61 309
336 309
131 310
124 311
387 311
439 311
310 312
2 313
27 313
191 313
207 313
388 313
415 313
445 313
51 314
171 314
267 314
271 314
354 314
112 315
75 316
224 316
355 317
235 318
39 319
246 319
367 319
16 320
427 320
94 321
147 321
255 322
291 322
333 322
371 322
405 322
147 323
87 324
265 325
24 327
383 327
128 328
171 328
309 328
310 328
78 329
311 329
439 329
118 330
237 330
7 331
390 331
73 332
285 332
422 333
328 334
108 335
325 335
365 335
88 336
98 336
146 336
399 336
30 338
192 338
203 338
266 338
185 339
295 339
218 340
337 340
309 341
56 342
88 342
127 342
381 342
279 343
432 343
239 344
412 344
49 345
244 345
17 346
153 346
158 346
314 346
386 346
50 347
78 347
111 348
316 348
392 348
143 349
364 349
215 350
259 350
213 351
292 351
36 352
100 352
66 353
168 353
293 353
326 353
232 354
344 355
124 357
274 357
347 357
425 357
28 358
242 358
377 359
88 360
145 360
405 360
49 361
204 361
356 361
448 361
116 362
212 362
255 362
386 362
180 364
217 364
379 364
387 364
432 364
106 366
137 366
317 366
318 366
78 367
179 367
263 367
18 368
131 368
163 368
316 368
387 368
78 369
227 369
323 369
344 369
58 370
233 370
418 370
300 371
326 371
442 371
123 373
274 373
353 373
93 374
119 374
244 374
29 375
192 375
198 375
207 375
49 376
188 376
218 376
221 376
309 376
44 377
67 377
146 377
192 377
209 377
313 377
288 379
340 379
384 379
181 380
257 380
316 380
86 381
107 381
61 382
135 382
313 382
364 383
366 383
172 384
384 384
410 384
57 385
432 385
77 386
79 386
212 386
385 386
80 387
299 387
32 388
78 388
231 388
272 388
119 390
195 390
441 390
11 391
51 391
54 391
99 391
155 392
305 392
186 393
284 393
386 393
391 393
93 394
247 394
44 396
291 396
364 396
377 396
261 397
393 397
420 398
109 399
172 399
209 400
320 400
83 401
211 401
222 401
368 401
203 402
294 402
337 402
373 402
17 403
39 403
120 404
161 404
205 404
399 404
234 405
324 405
372 405
428 405
60 406
187 406
237 406
240 406
381 406
131 409
156 409
276 409
188 410
152 411
306 411
406 411
9 412
75 412
97 412
153 412
333 413
432 413
28 414
170 414
328 414
176 415
211 415
220 416
199 417
222 417
232 417
287 417
66 418
233 418
263 418
333 418
335 418
119 419
387 419
189 420
191 420
314 420
337 420
411 420
90 421
361 421
387 421
65 422
239 422
272 422
363 422
416 422
246 423
296 423
319 424
344 424
394 424
159 425
138 426
441 426
180 427
252 427
13 428
132 428
158 428
256 428
47 429
108 429
300 429
345 430
400 430
149 431
152 431
179 431
205 431
324 431
419 431
78 433
216 433
373 433
58 434
266 434
399 434
238 435
371 435
127 436
163 436
308 436
100 437
349 438
145 439
162 440
192 440
372 440
124 441
91 442
182 442
213 442
89 443
186 443
214 443
104 444
206 444
408 444
70 446
295 446
360 446
67 447
156 447
175 448
385 449
118 450
259 450
337 450
134 451
195 451
232 451
30 452
260 452
131 453
212 453
46 454
152 454
167 454
383 454
300 455
358 455
419 455
241 456
112 457
302 457
164 458
245 458
404 458
97 459
285 459
289 459
387 459
361 460
9 462
108 462
130 462
263 462
268 462
363 462
40 463
387 463
128 464
147 464
54 465
56 465
426 466
204 467
271 467
330 467
351 467
386 470
130 471
142 471
329 471
373 471
371 472
169 473
278 473
348 473
347 474
392 474
125 475
57 476
238 476
285 476
356 476
88 477
316 477
394 477
305 478
377 480
397 480
432 480
167 481
240 481
261 481
283 481
165 482
216 482
356 482
378 482
419 483
67 484
106 484
285 484
332 484
395 484
309 485
49 486
375 486
143 487
240 487
184 488
82 489
10 490
163 490
245 490
309 490
362 490
68 491
165 491
383 491
403 492
120 493
362 493
61 494
188 494
340 494
226 495
426 495
160 496
292 496
319 496
365 497
387 497
268 499
7 500
43 500
370 500
24 501
124 501
139 501
254 501
388 501
186 502
163 503
178 503
327 503
118 504
247 504
143 505
277 505
56 507
144 507
253 507
274 507
303 507
346 507
372 507
61 508
62 508
140 508
232 508
300 508
158 509
323 509
250 510
273 510
352 510
189 511
271 511
419 511
160 512
21 513
76 513
59 514
187 514
215 514
298 514
324 514
78 515
256 515
38 516
57 516
326 516
387 516
406 516
115 517
141 517
95 518
165 519
305 519
333 520
236 521
258 522
283 523
328 523
255 524
265 524
291 524
97 525
109 525
214 525
313 525
419 525
56 526
366 526
19 527
77 527
220 528
343 528
395 528
349 529
197 530
289 530
164 531
264 531
313 531
216 532
350 532
125 533
37 534
187 534
351 534
408 534
144 536
243 536
322 536
355 536
168 537
327 537
295 539
58 540
272 540
193 541
219 541
306 541
76 542
245 542
250 542
16 543
35 544
95 544
175 544
310 545
396 545
129 546
205 546
250 546
339 546
169 548
278 548
339 548
110 549
337 549
276 550
148 551
194 551
226 551
379 551
114 552
313 552
98 553
305 553
344 553
59 554
180 554
255 554
77 555
173 555
314 555
15 556
114 556
201 556
231 557
292 557
130 558
260 558
35 559
151 559
287 559
392 559
234 562
319 563
330 563
360 563
121 564
82 565
297 565
406 565
134 566
161 566
179 566
207 566
86 567
270 567
100 569
240 569
376 569
39 570
62 570
341 571
295 572
307 572
244 573
273 574
91 575
354 575
386 575
81 576
85 576
279 576
318 576
134 577
187 577
214 577
41 578
161 578
93 579
287 579
220 580
364 580
63 581
290 581
323 581
289 583
45 584
255 584
92 587
138 587
170 587
162 588
195 588
339 588
229 589
70 591
305 591
378 591
314 592
360 592
75 594
32 595
119 596
138 596
271 596
308 596
206 597
277 599
179 601
244 601
153 602
334 602
58 603
288 604
185 605
132 606
213 606
83 607
220 608
258 608
348 608
361 608
298 609
190 611
321 612
110 613
226 613
231 614
89 615
137 615
68 617
276 618
53 619
167 621
199 621
295 622
243 623
98 625
123 625
149 625
304 626
178 627
325 627
335 628
78 629
208 629
218 630
261 631
155 632
186 634
283 636
198 637
62 638
134 638
111 639
