180 2
214 3
260 4
406 4
443 4
164 5
278 5
291 5
364 5
255 6
370 6
416 7
203 8
305 9
319 9
230 10
379 10
191 12
337 12
386 12
145 13
428 13
218 14
395 15
178 16
294 16
438 16
137 17
270 17
283 17
349 17
238 18
253 18
304 18
405 18
312 20
164 22
216 22
368 22
447 22
203 23
419 23
328 24
268 25
380 25
194 26
342 27
256 28
391 28
430 28
180 29
240 29
278 29
294 29
350 29
440 29
224 30
140 31
306 31
317 32
450 33
410 34
166 35
208 35
331 35
366 35
126 36
248 36
259 36
268 37
239 38
282 38
226 39
381 39
424 39
191 40
468 40
189 41
346 41
391 41
151 42
305 42
321 42
142 43
397 43
313 44
319 44
112 45
176 45
358 45
399 45
435 45
206 46
364 46
444 46
166 47
337 47
374 47
251 48
272 48
365 48
408 48
239 49
259 49
286 49
290 49
381 50
413 50
128 51
157 52
221 52
299 52
187 53
316 53
349 53
422 53
428 54
464 54
184 55
423 55
364 56
386 56
174 57
330 58
332 58
437 59
135 60
257 60
267 60
280 60
365 60
247 61
342 61
114 62
448 62
373 63
159 64
196 64
239 64
403 64
221 66
321 66
356 66
144 67
184 67
225 67
356 68
184 69
211 69
424 69
218 70
334 70
469 70
169 71
210 71
133 72
262 72
397 72
168 73
273 73
283 73
365 73
370 73
288 74
299 74
196 75
248 75
310 75
368 75
119 76
158 76
236 76
448 76
236 77
318 77
229 78
358 78
414 78
154 79
186 79
221 79
229 79
412 79
461 80
106 82
337 82
386 82
468 82
141 83
209 83
269 83
173 84
176 84
261 84
249 85
277 85
304 85
397 85
478 85
309 86
404 86
294 87
357 87
192 88
314 88
236 89
239 89
409 90
448 90
123 91
328 91
219 92
420 92
379 93
269 94
340 94
178 95
256 95
355 96
147 97
247 97
284 97
285 97
437 97
438 97
105 98
393 98
310 99
365 100
216 101
192 102
132 103
328 103
375 103
93 104
122 104
129 104
191 104
341 104
414 104
188 105
261 105
451 105
210 106
270 106
355 106
160 107
184 107
204 107
286 107
157 108
225 108
247 108
153 109
178 109
427 109
466 109
118 110
362 110
388 110
143 111
146 111
173 112
345 113
440 113
136 114
210 114
369 114
398 114
441 114
107 115
404 115
250 116
259 116
268 117
332 117
351 117
190 118
278 118
405 118
128 119
188 119
230 119
452 119
359 120
409 121
412 121
417 121
88 122
316 122
475 122
123 123
218 123
342 123
369 123
150 124
425 124
349 125
369 125
113 126
433 126
460 126
171 127
201 127
258 127
323 127
397 127
201 129
277 129
287 129
438 129
249 130
381 130
406 130
102 131
238 131
161 132
193 132
230 132
235 132
260 132
298 132
389 133
473 134
94 135
126 135
181 135
218 136
313 136
414 136
371 137
416 137
454 137
215 138
354 138
147 139
174 139
208 139
324 139
324 140
109 141
249 141
330 141
401 141
429 141
247 142
265 142
335 142
253 143
266 144
281 144
293 144
468 144
101 145
138 145
438 145
345 146
158 147
400 147
130 148
220 148
309 148
183 150
418 150
86 151
452 151
173 152
317 152
121 153
423 153
250 155
260 155
390 155
273 156
324 156
281 157
344 157
169 158
230 158
239 158
264 158
290 158
76 159
161 159
162 159
274 159
192 160
220 160
398 160
468 161
103 162
153 162
308 162
330 162
181 163
382 163
407 163
440 163
127 164
148 164
154 164
302 164
342 164
183 165
206 165
310 165
91 166
345 166
389 166
315 167
339 167
205 168
447 168
144 169
394 169
117 170
372 170
249 171
263 171
275 171
352 171
421 171
190 172
225 172
325 172
269 173
283 173
401 173
461 173
77 174
183 174
242 174
271 174
135 175
157 175
218 175
292 175
106 176
179 176
223 176
435 176
155 177
209 177
299 177
302 177
470 177
341 178
384 178
199 179
412 180
151 181
173 181
391 181
312 182
312 184
120 185
191 185
221 185
237 185
246 185
261 185
354 185
450 185
91 186
189 186
243 186
253 186
379 186
469 186
140 187
192 187
280 187
331 187
428 187
210 188
232 188
291 188
355 188
364 188
290 189
213 190
297 190
82 192
436 192
295 193
411 193
479 193
133 194
199 194
156 195
198 195
346 195
71 196
346 196
100 197
173 197
246 197
257 197
271 197
311 197
218 198
423 198
463 198
241 199
268 199
278 199
269 200
358 200
448 200
97 201
122 201
231 201
280 201
360 201
383 201
64 202
145 202
209 202
231 202
325 202
381 203
142 204
368 204
201 206
333 206
434 206
223 207
301 207
372 207
156 208
352 208
81 209
86 209
109 209
334 209
254 210
312 210
474 210
154 211
262 211
355 211
224 212
243 212
269 212
358 212
154 213
191 213
232 213
270 213
395 213
214 214
359 214
423 214
76 215
99 215
104 215
129 215
447 215
187 216
211 216
347 216
165 217
286 217
403 217
165 218
381 218
458 218
368 219
406 219
146 220
181 221
204 221
408 221
203 222
436 222
92 224
117 224
438 224
235 225
360 225
378 225
414 225
440 225
90 226
141 226
276 226
357 226
65 227
219 227
320 227
470 227
137 228
424 228
133 229
343 229
380 229
89 230
279 230
326 230
447 230
175 231
403 231
210 232
282 232
347 232
421 232
80 233
129 233
365 233
150 234
184 234
243 234
312 234
478 234
238 235
258 235
369 235
204 236
232 236
333 236
389 236
296 237
313 237
332 237
430 237
460 238
354 239
299 240
158 241
165 241
95 242
143 242
278 242
373 242
415 242
219 243
338 243
379 243
68 244
195 244
326 244
442 244
282 245
344 245
383 245
398 245
158 246
176 246
447 246
108 247
155 247
246 247
209 248
233 248
289 248
310 248
425 248
189 249
226 249
251 249
331 249
471 249
151 250
238 250
259 250
309 250
366 250
84 251
119 251
136 251
205 251
387 251
224 252
372 252
406 252
58 253
208 253
316 253
131 254
269 254
332 254
335 254
391 254
183 255
372 255
455 255
111 256
132 256
394 256
434 256
376 257
72 258
278 258
200 259
322 259
478 259
419 260
441 260
247 261
342 261
360 261
462 261
84 262
241 262
125 263
256 263
361 263
107 264
403 264
192 265
219 265
234 265
326 265
446 265
141 266
143 266
173 266
194 266
287 266
291 266
427 267
267 268
366 268
469 268
143 269
57 270
99 270
124 270
350 270
386 270
78 271
336 272
388 272
412 272
120 273
139 273
183 273
154 274
170 274
275 274
460 275
166 276
205 276
250 276
307 276
201 277
302 277
393 277
70 278
133 278
239 278
305 278
321 278
323 278
357 278
375 278
392 278
440 278
153 279
258 279
281 279
96 280
150 280
422 280
178 281
225 281
242 281
285 281
296 281
398 281
89 282
194 282
233 282
470 283
132 285
145 285
212 285
258 285
264 285
299 285
378 285
450 285
159 286
330 286
214 287
217 287
287 287
377 287
107 288
301 288
346 288
475 288
146 289
365 289
127 290
62 291
170 291
286 291
433 291
186 292
303 292
417 292
457 292
84 293
241 293
290 293
367 293
387 293
417 293
101 294
336 294
382 294
75 296
252 296
308 296
289 297
323 297
384 297
200 298
355 298
373 298
444 298
230 299
426 299
138 300
180 300
258 300
391 300
100 301
276 301
312 302
264 303
297 303
161 304
217 304
241 304
342 304
471 304
281 305
360 305
117 306
294 306
92 307
131 307
194 307
262 307
329 307
92 308
175 308
295 308
398 308
458 308
246 309
396 309
417 309
437 309
284 310
302 310
380 310
134 311
286 311
423 312
156 313
264 313
157 314
318 314
64 315
250 315
82 316
204 316
232 316
86 317
170 317
188 317
103 318
154 318
407 318
428 318
451 318
351 319
277 320
278 321
339 321
370 321
433 321
472 321
338 322
123 323
434 323
79 324
164 325
181 325
266 325
456 325
183 326
293 326
81 327
199 327
376 327
241 328
254 328
392 328
326 329
360 329
312 330
345 330
419 330
94 331
118 331
282 331
340 331
361 331
464 331
90 332
238 332
444 332
348 333
378 333
254 334
312 334
345 334
70 335
239 335
400 335
403 335
150 336
209 337
429 337
63 339
163 339
192 339
271 339
273 339
351 339
397 339
450 339
87 340
287 340
300 340
313 340
406 340
132 341
432 341
206 342
288 342
300 342
354 342
406 343
476 343
271 344
162 345
221 345
354 345
373 345
147 346
201 346
235 346
190 347
275 347
353 347
375 347
456 347
234 348
103 349
125 349
291 350
292 350
75 351
254 351
255 351
266 351
341 351
249 352
442 352
159 353
377 353
361 354
411 354
347 355
390 355
97 357
184 357
249 357
347 357
366 357
470 357
139 358
450 359
94 360
198 360
211 360
296 360
312 360
327 360
352 360
116 362
134 362
151 362
473 363
66 364
267 364
354 364
374 364
391 364
397 364
417 364
84 365
166 365
179 365
348 365
87 366
111 366
134 367
355 367
114 368
281 368
315 368
85 369
419 369
244 370
339 370
462 370
207 371
222 371
360 371
380 371
363 372
445 372
103 373
106 373
257 373
361 373
146 374
224 374
302 374
430 374
429 375
80 376
288 376
338 376
103 377
125 377
237 377
342 377
363 377
105 378
191 378
158 379
174 379
283 379
292 379
364 379
104 380
273 380
472 380
287 381
410 381
453 381
100 382
251 382
294 382
100 383
439 383
231 384
349 384
351 384
373 384
398 384
72 385
90 385
102 385
169 385
373 385
459 385
184 386
199 386
418 386
118 387
267 387
298 387
216 388
443 388
479 388
92 389
90 390
243 390
66 391
150 391
306 391
425 391
199 392
228 392
333 392
354 392
401 392
259 393
305 393
431 393
111 394
332 394
356 394
211 395
285 395
381 395
132 396
161 396
293 396
358 396
455 396
277 397
223 398
253 398
366 398
100 399
176 399
387 400
390 400
464 401
127 402
192 403
273 403
420 403
251 404
322 404
470 404
142 405
214 405
374 405
353 406
72 407
168 407
98 408
153 408
265 408
329 408
447 408
242 409
477 409
304 410
292 411
117 413
232 413
454 413
299 414
388 414
390 414
261 415
286 415
342 415
366 415
62 416
135 416
160 417
289 417
82 418
203 418
305 418
434 418
255 419
108 420
177 420
276 420
311 420
370 420
224 421
281 421
418 421
440 421
442 421
470 421
249 422
351 422
421 423
272 424
71 426
126 426
194 426
358 426
171 427
246 427
98 428
217 428
265 428
365 428
147 429
334 429
411 429
295 430
366 430
389 430
433 430
116 431
388 431
233 432
342 433
388 433
417 433
184 434
209 434
288 434
306 434
316 434
419 434
439 434
86 435
320 435
279 436
397 436
401 436
113 437
329 437
470 437
136 438
378 438
286 439
351 439
202 440
228 440
425 440
446 440
252 441
268 441
381 441
477 441
203 442
228 442
359 443
385 443
411 443
267 444
391 446
100 447
171 447
193 447
221 447
249 447
367 447
414 447
127 448
149 448
215 448
242 448
250 448
129 449
170 449
126 450
223 450
464 450
94 451
211 451
308 451
320 451
337 451
371 451
401 451
297 453
348 453
88 454
475 454
117 455
246 455
285 455
386 455
440 455
185 456
144 457
162 457
204 457
236 458
275 458
392 458
109 459
364 459
275 460
394 460
78 461
202 461
266 462
280 462
365 462
418 462
456 462
198 463
262 463
176 464
218 465
256 466
95 468
127 468
471 468
150 469
214 469
342 469
249 470
257 470
322 470
340 470
437 470
167 471
343 471
288 472
304 472
312 472
358 472
160 473
205 473
335 474
408 474
279 475
356 475
414 475
237 476
407 476
450 476
197 477
231 477
369 477
112 478
231 478
149 479
376 479
419 479
174 480
178 481
262 481
138 482
173 482
389 482
424 482
100 483
254 484
346 485
472 485
128 486
169 486
254 486
211 487
254 487
336 487
389 487
346 488
353 488
438 488
311 489
326 489
339 489
399 489
302 490
314 490
119 491
194 491
201 491
190 492
338 492
267 493
278 493
151 494
414 494
197 495
242 495
383 495
179 496
457 496
103 497
230 498
425 499
218 502
471 502
129 503
160 503
441 504
331 505
362 505
478 505
251 506
320 506
352 506
391 506
193 507
277 507
326 507
331 507
212 508
310 508
370 508
405 508
447 508
268 509
200 510
320 510
334 510
454 510
106 511
249 511
287 511
163 512
190 512
259 512
175 513
176 513
237 513
238 513
416 513
158 516
429 516
466 516
141 517
336 520
447 520
126 521
340 522
354 522
279 524
324 524
393 524
119 525
396 525
208 526
225 526
231 526
270 526
283 526
300 526
308 526
195 527
197 527
229 527
235 527
287 527
173 528
172 529
161 530
186 530
411 530
431 530
192 531
142 532
166 532
362 534
380 534
453 535
348 536
377 536
130 537
226 537
330 537
236 538
212 539
261 539
334 539
389 539
472 539
220 540
315 540
238 541
301 541
305 541
194 542
316 542
177 543
253 543
289 543
319 543
387 543
176 544
205 544
389 544
191 545
403 545
157 546
187 546
197 546
207 547
410 547
337 548
371 548
424 548
390 549
333 550
369 550
439 551
141 552
227 553
271 553
454 553
270 555
280 556
282 556
290 556
265 557
267 557
297 558
326 560
174 562
158 563
210 563
348 564
366 564
402 564
388 565
145 566
417 566
236 567
431 569
263 571
284 573
299 573
319 574
327 574
339 574
355 575
184 578
199 578
212 578
368 578
168 579
380 579
237 581
401 582
258 583
396 583
408 583
273 585
315 585
331 585
300 586
359 586
215 591
202 592
242 594
258 596
299 596
323 596
353 596
373 596
275 597
333 599
220 606
337 607
252 608
302 611
321 611
255 612
285 612
