334 7
345 7
356 7
367 9
379 9
394 12
411 15
302 17
361 17
295 18
311 19
369 20
322 21
381 21
389 24
407 25
350 28
271 29
287 29
298 29
368 30
419 30
426 30
316 31
258 32
307 33
323 33
384 34
436 34
332 35
391 36
446 37
288 39
348 39
410 40
353 41
256 42
272 42
305 42
361 42
243 43
374 43
422 43
295 44
331 44
227 45
322 45
342 45
460 45
339 46
381 46
391 48
433 48
397 50
300 52
445 52
282 53
410 53
258 54
273 54
319 54
245 55
369 55
232 56
420 56
209 58
381 58
458 58
430 60
196 61
467 61
348 62
397 63
291 64
304 64
244 65
254 65
271 65
310 65
440 66
230 67
284 67
373 67
321 68
362 68
410 68
338 70
341 72
424 72
258 74
385 74
433 74
459 74
274 75
292 75
355 75
366 75
244 76
304 76
396 76
321 78
226 79
207 80
373 80
407 80
443 80
263 81
475 81
333 82
436 84
348 85
183 86
421 86
459 86
361 87
393 87
427 87
269 88
291 88
311 88
230 89
301 89
249 90
406 90
218 91
374 91
416 91
439 91
208 92
321 92
338 93
382 93
474 94
191 95
416 95
355 96
391 96
449 96
274 97
373 97
226 98
258 98
426 98
366 99
306 100
459 100
175 101
285 101
324 102
435 102
205 103
339 103
191 104
258 104
403 104
382 105
237 107
354 107
174 108
294 108
413 108
207 109
224 109
251 109
269 109
450 109
197 110
281 110
317 110
375 111
380 111
396 111
162 112
332 113
382 114
438 114
439 115
281 116
379 116
179 117
223 117
235 117
437 117
210 118
250 118
293 118
388 118
464 118
356 119
160 120
317 121
366 121
194 122
404 122
452 122
257 123
242 124
266 124
333 124
375 124
180 125
224 126
477 126
339 127
383 127
287 128
426 128
164 129
225 129
299 129
460 129
352 130
392 130
442 130
314 131
168 132
187 132
258 132
153 133
272 133
424 133
466 133
142 134
326 134
367 134
232 135
405 135
452 135
218 136
335 136
255 138
409 138
199 139
217 139
273 139
295 139
432 139
152 140
303 140
475 140
248 141
317 141
344 141
353 141
384 142
464 142
441 143
364 144
393 144
419 144
168 145
210 145
167 146
262 146
209 147
326 147
153 149
189 149
335 149
382 149
474 149
297 150
353 150
451 150
177 151
307 151
251 152
409 152
167 153
434 153
234 154
263 154
365 154
458 154
132 155
425 155
202 156
277 156
418 156
151 157
190 157
396 157
324 158
346 158
188 159
379 159
118 160
131 161
468 161
227 162
312 162
364 162
215 163
430 163
160 164
337 164
101 165
213 166
280 166
356 166
458 166
146 167
291 168
395 168
117 169
131 169
196 169
380 170
255 171
330 171
423 171
372 172
392 172
449 173
206 174
356 174
408 174
269 175
318 175
431 175
119 176
201 176
192 177
399 177
147 178
277 178
108 179
287 179
292 179
371 179
384 179
438 179
178 180
132 181
304 181
418 181
461 181
252 182
477 182
90 183
164 183
211 183
236 183
358 183
120 184
264 185
399 186
80 187
147 187
217 187
280 187
325 187
365 187
370 187
420 187
204 188
431 188
107 189
185 189
452 189
132 190
236 190
424 190
100 191
193 191
298 191
334 191
173 192
369 192
164 193
246 193
247 193
358 193
397 193
221 194
226 194
368 194
121 195
199 195
215 195
312 195
384 195
418 195
91 197
270 197
284 197
143 198
353 198
111 199
290 199
465 199
170 200
325 200
253 201
299 201
446 201
81 202
157 202
242 202
237 203
281 203
362 203
227 204
242 204
347 204
430 204
197 205
217 205
252 205
256 205
415 205
71 206
455 206
476 206
144 207
94 208
120 208
354 208
371 208
386 208
402 208
185 209
266 209
318 209
461 209
113 210
235 210
166 211
346 211
86 212
440 212
244 213
361 213
397 213
153 214
428 215
56 216
226 216
238 216
281 216
302 216
144 217
197 217
451 217
98 218
189 218
251 218
337 218
373 218
388 218
123 219
359 219
165 220
214 220
261 220
282 220
475 220
71 221
173 221
242 222
343 222
415 222
460 222
299 223
200 224
422 224
113 225
151 225
271 225
88 226
230 226
62 227
327 227
382 227
445 227
466 227
219 228
42 229
138 229
404 229
254 230
281 230
292 230
356 230
335 231
432 231
55 232
176 232
192 232
198 232
78 233
375 233
129 234
234 234
261 234
340 234
472 234
96 235
167 235
160 236
226 236
323 236
396 236
419 237
385 238
238 239
272 239
441 239
43 240
65 240
90 240
117 240
366 240
147 241
364 242
210 243
246 243
192 244
351 244
372 244
392 244
426 244
106 245
183 245
252 245
315 245
57 246
134 246
221 246
357 246
448 246
466 246
79 247
176 247
283 247
356 247
371 247
169 248
228 248
262 249
378 249
49 250
126 250
160 250
324 250
414 250
31 251
155 251
304 251
211 252
289 252
440 252
474 252
184 253
241 253
311 253
343 253
178 254
271 254
385 254
456 254
90 255
200 255
41 256
147 256
388 256
421 256
66 257
113 257
150 257
250 257
139 258
214 258
135 259
343 259
380 259
408 259
374 260
451 260
374 262
403 262
468 262
32 263
81 263
173 263
282 263
56 264
164 264
192 264
263 264
301 264
340 264
408 264
102 265
179 265
321 265
389 265
441 265
144 266
203 266
415 266
128 267
239 267
456 267
306 268
82 269
212 269
271 269
344 269
70 270
144 270
212 271
447 271
49 272
149 272
221 272
419 272
463 273
24 274
113 274
293 274
262 275
330 275
366 275
383 275
87 276
141 276
245 276
352 277
434 277
159 278
179 278
230 278
280 278
315 278
20 279
420 279
37 280
158 280
168 280
194 280
336 280
452 280
56 281
300 281
374 281
104 282
205 282
469 282
127 283
250 283
269 283
15 284
440 284
279 285
98 286
378 286
423 286
75 287
140 287
158 287
185 287
217 287
344 287
288 288
270 289
473 289
69 290
119 290
149 290
306 290
428 290
323 291
44 292
93 292
115 292
193 292
461 292
25 293
216 293
337 293
349 293
381 293
88 294
178 294
244 294
399 294
368 295
385 295
387 295
138 296
258 296
293 296
109 297
170 297
278 299
341 299
419 299
449 299
395 300
405 300
60 301
103 301
212 301
326 301
373 301
38 302
160 302
228 302
356 302
383 302
388 302
79 303
127 303
249 303
265 303
297 303
312 303
262 304
438 304
233 305
280 305
54 306
186 306
473 306
360 307
457 307
96 308
198 308
333 308
32 309
179 309
346 309
394 309
74 310
146 310
182 310
206 310
299 310
319 311
165 312
365 313
444 313
44 314
170 314
185 314
249 314
251 314
380 314
429 314
261 315
269 316
285 316
317 316
414 316
462 316
138 317
220 317
88 318
399 318
450 318
5 319
63 319
237 319
479 319
24 320
256 320
383 320
418 321
195 322
203 322
238 322
320 322
187 323
204 323
319 323
336 323
419 323
39 324
58 324
371 324
466 324
104 325
272 325
433 325
67 326
128 326
153 326
356 326
365 326
401 326
436 326
59 327
144 327
63 328
208 328
223 328
227 328
306 328
400 328
454 328
78 329
136 329
148 329
240 329
257 329
361 330
377 330
472 330
32 331
325 331
343 331
386 331
224 332
427 332
13 333
139 333
287 333
441 333
174 334
304 334
357 334
376 334
118 335
207 335
277 335
407 335
207 336
310 336
357 336
47 337
94 337
295 337
307 337
68 338
258 338
371 338
457 338
346 339
138 340
225 340
325 340
115 341
227 341
57 342
166 342
476 342
23 343
48 343
366 343
448 343
363 344
372 344
378 344
205 345
277 346
463 346
6 347
38 347
160 347
242 347
424 347
435 347
182 348
314 348
335 348
55 349
106 349
259 349
374 349
81 350
287 350
299 350
398 350
225 352
349 352
382 352
365 353
154 354
181 354
373 354
434 354
441 354
451 354
339 355
372 357
24 358
242 358
300 358
316 358
72 359
146 359
122 360
199 360
355 360
388 360
94 361
176 361
321 361
433 362
370 363
240 364
259 364
287 364
383 364
469 364
211 365
242 365
331 365
457 365
107 366
238 366
12 368
111 369
171 369
384 369
423 369
86 370
149 370
275 371
304 371
334 371
192 372
29 373
221 373
418 373
395 374
458 374
7 375
238 375
354 375
57 376
318 376
346 376
357 377
426 377
81 378
243 378
330 378
341 378
402 378
258 379
268 379
275 379
137 380
178 380
289 380
335 380
337 380
102 381
184 381
444 381
21 382
49 382
389 382
349 383
113 384
125 384
51 385
257 385
277 385
375 385
319 386
435 386
207 387
291 387
362 387
418 387
433 387
70 388
252 388
18 389
156 389
270 389
302 389
330 389
461 389
40 391
337 391
403 391
408 391
237 392
132 393
375 393
388 393
449 393
85 394
168 394
350 394
8 395
196 395
350 395
69 396
113 397
154 397
437 397
59 398
89 399
290 399
338 399
468 399
405 400
26 401
270 401
305 402
353 402
189 403
367 403
95 404
379 404
48 405
144 405
219 405
116 406
235 406
354 406
410 406
416 406
423 406
456 406
58 407
103 407
143 407
304 407
199 408
251 408
270 409
415 409
121 410
185 410
308 411
389 411
407 411
15 412
415 412
473 412
73 413
138 414
195 414
302 414
316 414
355 414
421 414
441 414
286 415
329 415
367 415
340 416
459 416
94 417
136 417
215 417
128 419
244 419
342 419
395 419
174 420
226 420
477 420
31 421
3 422
410 423
447 423
263 424
300 424
369 424
427 425
226 426
232 426
240 426
257 426
315 426
87 427
281 427
328 427
221 428
52 429
102 429
146 429
23 430
382 432
425 432
164 433
341 433
439 433
76 434
302 434
67 435
116 435
398 435
411 435
90 436
198 436
254 436
297 436
409 436
277 438
357 438
386 438
10 440
432 440
104 441
134 441
371 441
429 441
103 442
157 442
477 442
35 443
100 443
230 443
327 443
349 443
359 443
401 443
465 444
2 445
435 445
172 446
386 446
417 446
127 447
357 447
376 447
388 447
448 447
60 448
92 448
113 448
191 448
375 448
433 448
152 449
249 449
268 449
437 450
22 452
308 453
433 453
122 454
322 455
349 455
180 456
238 456
244 456
48 457
142 458
160 458
266 458
456 458
287 459
391 459
437 459
9 460
77 460
110 460
211 460
471 460
197 461
380 461
260 462
217 463
260 463
337 463
379 463
241 464
305 464
102 465
133 465
238 465
283 465
32 467
169 467
317 467
366 467
462 468
61 469
147 469
335 469
371 469
374 469
383 470
393 470
426 470
431 470
92 471
185 471
210 471
277 471
364 471
101 472
124 472
219 472
253 472
299 472
95 474
164 474
204 474
230 474
443 474
13 475
49 476
336 476
81 477
102 477
153 477
349 477
203 478
273 478
316 479
291 480
428 480
170 481
190 481
352 482
37 483
76 483
224 483
331 483
349 483
414 483
471 483
68 485
267 485
362 485
395 485
447 485
130 486
135 487
264 489
421 490
263 491
285 491
400 491
404 491
21 492
53 492
91 492
154 492
218 492
330 492
49 493
393 493
465 493
12 494
123 494
390 494
305 495
327 495
455 495
192 496
281 496
48 497
93 497
100 497
122 497
175 497
231 497
205 498
253 498
355 498
428 498
78 499
129 499
230 499
394 499
411 499
126 500
235 500
254 500
339 500
36 501
137 501
366 501
440 501
471 502
167 503
276 503
130 504
226 504
299 505
317 505
383 505
386 505
102 507
219 507
399 507
17 508
39 508
48 508
158 508
190 508
4 509
292 509
367 509
436 509
265 510
346 510
86 512
145 512
148 513
215 513
335 513
353 513
405 513
423 513
442 514
307 516
328 517
330 517
467 517
75 518
172 518
177 518
164 519
346 519
60 520
414 520
25 521
44 521
235 521
11 522
437 522
454 522
111 523
199 523
227 523
324 523
136 525
277 525
369 525
253 526
299 526
358 526
423 526
103 527
400 527
89 528
357 528
150 529
318 529
95 530
186 530
335 530
459 530
230 531
305 531
433 531
69 532
440 532
140 533
241 533
56 534
267 534
14 535
126 535
210 535
306 535
346 535
38 536
173 536
156 537
376 537
447 537
107 538
422 538
467 538
329 539
390 539
89 540
284 540
341 540
398 540
96 541
194 541
297 541
366 541
71 542
164 542
259 542
477 542
234 543
225 544
410 544
115 545
125 545
152 545
322 545
316 546
347 546
457 546
95 547
139 548
246 548
126 549
8 550
54 551
231 551
274 551
414 551
22 552
36 552
113 552
337 552
382 552
445 552
105 553
201 553
281 553
305 553
466 553
74 554
140 554
393 554
401 554
122 555
372 555
413 555
104 556
259 556
179 557
361 557
421 557
163 559
452 559
115 560
155 560
323 560
416 560
428 560
476 560
143 562
248 562
347 562
281 563
177 564
21 566
311 567
464 567
31 568
269 568
397 568
422 568
43 569
56 569
76 569
210 569
385 569
111 570
412 570
138 571
300 571
370 571
175 573
424 573
450 573
158 574
255 574
357 574
421 574
346 576
333 577
474 577
246 578
456 578
190 579
272 579
154 580
184 580
302 580
436 580
89 581
173 581
181 581
308 581
53 582
61 582
210 582
232 582
45 583
463 583
80 584
118 584
100 585
388 585
293 586
97 587
398 587
158 588
175 588
371 588
270 589
417 589
472 589
149 590
433 591
446 591
360 592
452 592
38 593
154 593
336 593
250 594
175 595
328 595
50 596
258 596
320 596
221 597
65 598
81 598
209 598
240 598
375 599
275 600
388 600
461 600
291 601
137 602
143 602
118 603
416 603
129 604
406 604
432 604
164 605
176 605
186 605
147 606
470 606
200 607
356 607
61 609
370 609
221 610
314 610
340 610
479 610
233 612
255 612
82 613
104 613
453 613
391 615
412 615
460 615
125 616
274 616
146 618
293 618
404 618
158 620
303 620
182 621
200 621
322 621
216 623
425 623
339 625
349 625
436 625
237 626
82 627
248 627
362 627
448 627
263 628
375 628
103 629
474 629
461 630
393 631
127 633
286 633
293 634
197 635
408 635
152 636
305 636
215 637
419 637
432 637
167 638
