137 2
363 2
288 3
232 4
467 4
332 5
168 6
418 6
476 6
396 8
267 9
70 11
157 12
205 13
373 13
316 14
52 16
255 17
356 17
109 18
192 18
143 19
454 19
473 19
293 21
431 21
334 22
235 23
175 24
408 24
41 25
87 26
129 26
391 26
320 27
374 27
221 28
277 29
313 30
211 32
160 33
14 34
113 34
197 35
261 35
477 35
462 36
407 38
444 38
248 39
392 39
424 39
146 40
344 40
63 41
373 41
327 42
236 44
188 45
315 45
166 46
339 46
130 47
134 47
45 48
175 48
281 48
295 48
86 49
129 49
227 49
335 49
169 52
180 52
193 53
437 53
214 54
267 54
382 54
422 54
116 55
458 55
473 55
403 56
202 57
100 58
368 58
74 59
347 59
247 60
318 62
147 63
200 63
102 64
182 64
139 65
307 65
294 66
22 67
56 70
281 70
129 71
393 72
423 72
270 73
409 73
441 73
164 74
471 74
213 75
85 76
256 76
379 76
87 77
349 77
362 77
310 78
333 79
165 81
178 82
237 83
308 83
196 84
64 85
298 85
104 86
138 87
196 87
39 88
225 88
422 88
434 89
450 89
476 90
381 91
466 91
87 93
317 93
371 93
260 94
29 95
208 95
330 95
304 97
415 98
124 99
199 99
349 99
359 100
436 100
339 101
20 102
147 102
446 102
74 103
168 103
409 103
422 103
438 103
454 103
180 105
275 105
332 105
471 105
192 106
225 106
384 106
389 106
109 107
172 109
180 109
368 109
262 110
133 111
165 111
300 111
59 112
99 113
210 113
300 113
353 114
4 115
164 115
201 116
408 116
440 116
391 117
429 117
461 117
339 118
412 118
427 118
143 120
372 120
40 121
87 121
328 121
188 122
233 122
272 122
166 123
117 124
134 125
306 125
258 127
180 128
156 129
209 129
75 130
109 130
238 130
445 130
173 131
292 131
374 131
390 131
398 131
417 131
27 132
236 132
265 132
460 132
474 132
72 133
106 133
201 133
194 134
276 134
355 134
89 135
238 135
332 135
257 136
134 137
197 137
239 137
271 137
76 138
218 138
321 138
102 139
260 139
96 140
159 140
196 140
205 142
398 142
49 143
8 144
177 144
231 144
233 144
121 145
293 146
403 146
439 146
86 147
117 147
371 147
230 148
282 148
397 149
450 149
460 149
144 150
193 150
360 150
477 150
41 151
48 151
221 151
372 152
109 154
193 154
254 154
325 154
345 154
60 155
329 155
394 155
413 155
130 156
96 157
178 157
71 158
346 158
399 158
202 159
53 160
232 160
300 160
59 161
94 162
148 162
284 162
426 162
451 162
22 163
163 163
395 163
415 163
119 164
168 164
377 164
468 164
351 165
141 168
224 168
265 169
83 170
336 170
235 171
319 171
40 172
357 172
6 174
104 174
151 174
181 174
202 174
286 174
302 174
241 175
253 175
291 175
126 176
176 176
390 176
64 177
102 177
430 177
447 177
464 177
408 178
419 178
276 179
341 179
372 179
30 180
352 180
91 181
228 181
334 181
191 182
312 182
136 184
160 184
219 184
24 186
222 186
229 186
262 186
321 186
78 188
227 188
48 189
347 189
225 190
248 190
304 190
404 190
100 191
149 191
224 192
372 192
424 192
289 193
458 193
233 194
307 194
473 194
140 196
192 196
322 196
332 196
273 197
325 197
338 197
12 199
63 199
87 199
313 201
181 202
36 203
74 203
129 203
249 203
297 203
190 204
100 205
381 205
392 205
413 205
76 206
25 207
41 207
365 207
433 207
443 207
285 208
349 208
203 209
241 209
335 210
467 210
88 212
228 212
273 212
48 213
135 213
228 213
320 213
111 215
305 215
69 216
85 217
219 217
258 217
399 217
414 217
45 219
50 219
64 219
124 219
151 219
177 219
122 220
340 220
381 220
425 220
433 220
33 221
262 221
274 221
368 221
65 222
324 222
330 222
7 223
96 223
258 223
464 223
144 224
210 224
116 226
185 227
48 228
52 228
162 228
235 228
345 228
234 229
258 230
25 231
381 231
402 231
424 231
130 232
286 232
294 232
444 233
106 234
198 234
277 234
454 234
245 235
329 235
362 235
95 236
349 236
62 237
318 237
467 237
78 238
188 238
210 238
224 238
327 238
18 239
84 239
142 240
165 240
187 240
93 241
262 241
33 242
117 242
410 242
215 243
304 243
389 243
421 243
432 244
193 245
252 245
8 246
204 246
284 246
364 246
375 246
443 246
155 247
106 248
242 248
271 248
86 249
234 249
456 249
48 250
328 250
55 251
124 251
343 251
354 251
475 251
145 252
195 253
168 255
312 255
384 255
416 255
20 257
40 257
405 257
427 257
443 257
97 258
185 258
251 258
260 258
69 259
219 259
136 260
158 260
460 260
209 262
273 262
286 263
12 264
52 264
109 264
471 264
364 265
375 265
69 266
74 266
350 266
174 267
336 267
198 268
390 268
29 269
262 269
227 270
323 270
402 270
51 271
100 271
417 271
440 271
5 273
304 273
252 274
449 274
83 275
187 275
65 276
288 276
116 277
209 277
238 277
458 277
94 279
192 279
472 279
21 280
352 280
362 280
41 281
134 281
240 281
373 281
94 282
174 282
338 282
398 282
271 283
330 283
83 284
289 285
14 288
88 288
167 288
189 288
256 288
429 288
78 289
296 289
51 290
31 291
101 291
301 291
451 291
120 292
138 294
288 294
353 294
242 295
374 295
390 295
404 295
465 295
176 296
344 296
380 296
68 297
276 297
305 297
332 297
364 297
414 297
100 298
421 298
4 299
267 299
433 299
423 300
68 301
128 301
428 301
49 302
160 302
23 303
302 303
441 303
118 304
236 304
260 304
62 305
294 305
453 305
141 307
182 307
38 308
200 308
412 308
82 309
465 309
103 310
125 310
282 310
354 310
365 310
221 311
248 311
473 311
328 312
341 312
385 312
16 313
314 313
158 314
394 314
56 315
441 315
478 315
146 316
194 316
269 316
116 317
137 317
170 318
184 319
307 319
294 320
459 321
28 322
70 322
92 322
185 322
228 322
261 322
9 323
253 323
321 323
204 324
291 324
337 325
350 325
361 325
437 325
471 325
45 326
131 326
271 326
372 326
145 327
110 328
279 328
382 328
407 328
246 330
415 330
448 330
217 331
62 332
172 332
194 332
20 333
455 333
270 335
394 335
33 336
81 336
122 336
100 337
316 337
337 337
466 337
139 338
152 338
165 338
208 338
306 338
348 338
324 339
361 339
187 340
375 340
368 341
441 341
476 341
55 342
286 342
298 342
10 343
94 345
114 345
265 345
387 345
456 345
146 346
422 346
225 347
180 348
200 349
27 350
343 350
73 351
326 351
395 351
45 352
154 352
314 352
129 353
210 353
220 353
224 353
442 353
468 353
245 354
416 354
3 355
173 355
368 355
88 356
191 356
230 356
67 357
285 357
425 357
19 359
105 359
239 361
380 361
187 363
352 363
40 364
273 364
434 364
261 365
164 366
427 366
16 367
59 368
233 368
313 368
419 369
262 370
78 371
135 371
176 371
210 371
413 371
295 372
334 373
368 374
379 374
424 375
159 376
196 376
31 377
94 377
230 379
466 380
9 381
90 383
128 383
434 383
71 384
157 384
174 384
224 384
280 385
440 385
140 386
205 386
326 386
415 386
456 386
180 387
250 387
366 387
46 388
316 388
24 389
252 389
476 389
4 391
347 392
423 392
167 393
331 393
424 393
105 394
84 395
153 395
169 395
202 395
296 395
464 395
167 396
407 396
444 396
59 397
121 397
185 397
426 397
221 398
2 399
37 399
427 399
133 400
270 400
85 402
166 402
329 402
468 403
147 405
201 405
359 405
342 406
416 406
52 407
229 407
453 407
15 408
67 408
289 408
309 408
474 408
96 409
114 409
31 410
365 410
379 410
162 411
387 411
178 412
341 413
399 413
128 414
179 414
299 414
61 415
77 415
370 415
199 416
359 416
478 416
94 417
325 417
462 417
381 419
24 420
238 420
399 420
422 420
109 421
177 422
219 422
252 422
214 423
5 424
42 424
58 424
133 424
160 424
387 424
168 425
344 425
124 426
280 426
363 427
380 427
403 427
430 427
467 427
19 428
86 428
197 428
437 428
446 428
249 429
290 429
325 429
140 430
70 431
305 431
427 431
223 433
313 433
108 434
358 434
94 436
122 436
338 436
400 436
471 436
158 437
261 437
32 438
138 439
408 439
238 440
269 440
451 440
328 442
415 442
197 443
220 444
473 444
73 446
142 446
283 446
324 446
12 447
47 447
88 447
121 447
155 447
174 447
314 447
244 448
399 448
455 448
50 449
292 449
374 449
382 449
303 450
376 450
136 451
327 451
367 452
26 453
227 453
438 454
476 454
59 455
256 455
202 456
397 456
152 457
177 457
340 457
427 457
95 459
367 459
118 460
265 460
368 460
461 460
479 460
280 461
68 462
6 463
39 463
23 464
133 464
234 464
316 466
335 466
99 467
150 467
212 467
324 467
396 467
441 467
121 468
440 468
82 469
180 469
309 469
163 470
51 471
114 471
244 471
159 473
294 473
414 473
460 473
80 474
134 474
193 474
276 474
351 474
370 474
441 474
64 475
17 476
257 477
33 478
202 479
342 479
200 481
221 481
443 481
97 482
110 482
114 482
117 482
151 482
355 482
395 482
411 483
78 485
123 485
331 485
358 485
412 485
463 485
13 486
61 486
228 486
320 486
373 486
292 487
365 489
384 489
208 490
378 490
440 490
205 491
431 491
226 492
233 493
393 493
76 494
153 494
219 494
391 494
39 495
54 495
114 495
171 495
371 495
213 496
458 496
189 498
24 499
438 499
7 500
109 500
171 502
172 502
195 502
235 502
246 502
335 502
431 502
88 503
282 503
139 504
224 504
401 504
455 504
74 505
209 505
224 505
295 505
311 505
83 507
91 508
108 508
194 508
396 508
435 508
470 508
112 509
124 509
158 509
233 509
277 509
413 509
59 510
48 511
304 511
321 512
373 513
177 514
453 514
19 516
140 516
389 516
209 517
160 518
346 518
32 519
73 520
310 520
385 521
407 521
111 522
230 524
298 524
334 524
361 524
428 524
58 525
239 525
399 526
466 526
446 527
43 528
129 528
159 528
144 529
195 529
254 529
82 530
422 530
10 531
169 531
408 531
357 532
113 533
391 533
207 534
68 535
440 535
455 535
475 535
97 536
360 536
38 537
417 537
220 538
132 539
314 539
341 539
365 539
400 539
20 540
150 540
381 541
83 542
114 543
184 543
186 543
232 543
295 543
469 543
335 544
432 544
447 544
52 545
279 546
410 546
263 547
249 548
354 548
158 549
181 549
390 549
34 550
138 550
298 550
331 550
373 550
140 551
206 551
324 551
131 552
152 552
68 553
99 553
424 553
219 554
436 554
68 555
325 555
403 555
82 556
314 556
341 556
464 556
13 557
122 557
230 558
312 558
449 558
294 559
279 560
377 560
30 561
284 561
101 562
195 562
152 563
416 564
479 564
208 565
309 565
394 565
257 566
80 567
180 567
217 567
368 567
347 568
127 569
213 569
327 569
399 569
457 569
4 570
438 570
85 571
196 571
229 571
365 571
137 572
189 572
406 572
23 573
327 573
47 574
289 574
339 574
354 574
380 574
389 574
377 575
418 575
180 576
303 576
310 576
451 576
66 577
111 577
197 578
276 578
339 578
471 578
428 579
89 580
242 580
255 580
263 580
352 580
149 581
215 581
247 581
394 581
260 582
348 584
329 585
406 585
181 586
289 586
365 586
388 586
442 586
162 587
461 587
41 588
356 588
15 589
189 589
382 589
118 590
135 590
314 590
339 590
341 590
362 590
420 590
396 592
73 593
98 593
181 593
263 593
380 593
150 594
201 594
212 595
332 595
373 595
433 595
244 596
305 596
355 596
453 596
56 597
164 597
195 597
228 597
214 598
4 600
34 600
108 600
296 600
352 600
473 600
289 601
321 601
343 601
385 601
410 601
281 603
363 603
423 604
54 605
134 605
266 605
443 605
189 606
400 608
465 608
375 609
154 610
196 610
214 610
223 610
236 610
252 610
24 611
297 611
329 611
348 611
95 612
111 615
180 615
284 615
366 615
412 615
320 616
432 616
453 617
66 618
16 619
268 620
466 620
40 621
133 621
335 621
386 621
305 622
361 622
6 623
251 623
423 623
477 623
204 624
237 624
404 624
150 625
170 625
294 625
463 625
97 627
183 627
221 627
349 627
438 627
323 629
24 632
118 632
275 632
341 632
371 632
413 632
454 632
15 633
132 634
427 635
470 635
259 636
68 638
331 638
80 639
153 639
218 639
236 639
