300 46
313 46
327 46
289 47
339 47
355 47
348 48
367 48
383 50
397 54
404 56
415 58
278 60
246 61
257 61
293 62
306 62
332 63
232 65
352 65
368 67
378 67
440 68
400 71
406 76
257 78
264 78
312 78
278 79
285 79
247 80
307 80
237 81
343 81
325 82
463 82
358 83
227 85
217 86
372 87
428 87
476 87
382 88
438 88
206 90
201 91
335 91
301 92
345 92
396 92
447 92
276 95
284 95
312 96
406 96
266 97
177 98
413 98
459 98
341 99
251 100
236 102
372 103
427 103
218 105
473 105
381 106
387 106
150 108
207 108
437 108
201 109
302 110
397 110
315 111
405 111
188 112
282 112
291 112
325 112
275 113
337 113
262 114
257 115
356 116
420 116
456 117
246 118
327 118
425 118
169 119
371 119
266 121
231 122
384 122
223 123
444 123
153 124
398 125
316 126
325 126
199 127
280 127
287 127
468 127
140 128
300 128
195 129
257 129
304 129
408 129
416 131
182 132
247 132
358 132
393 132
123 134
423 134
432 134
116 135
233 135
372 135
213 136
348 136
391 136
223 137
383 137
445 137
106 138
216 138
328 138
392 138
162 139
215 140
150 141
253 141
329 141
401 142
455 142
290 143
277 144
298 144
303 144
258 145
419 145
192 146
249 146
265 146
322 146
468 146
134 147
334 147
182 148
240 148
234 149
354 149
387 150
169 151
434 151
364 152
215 154
373 154
444 154
401 155
206 156
142 158
193 158
310 158
413 158
282 159
293 159
325 159
328 159
260 160
267 160
318 160
196 161
177 162
248 162
337 162
354 162
426 162
374 163
193 165
231 165
367 165
371 165
154 166
169 166
384 166
436 166
224 167
375 167
166 168
475 168
217 169
98 170
128 170
196 170
453 170
172 171
398 171
291 172
315 172
229 173
276 173
304 173
326 173
266 174
325 174
256 175
308 175
417 175
469 175
131 176
186 177
379 177
423 177
211 178
245 178
176 179
365 179
430 179
440 180
223 181
348 181
160 182
125 183
153 183
300 183
386 183
213 184
301 184
313 184
395 185
170 186
181 186
243 186
273 186
405 186
453 186
125 187
178 187
201 187
274 187
132 188
416 188
259 190
333 190
466 190
251 191
476 191
319 192
228 193
340 193
344 193
163 194
360 194
311 195
343 195
373 195
435 195
114 196
326 196
93 197
126 197
420 197
277 198
285 199
295 199
388 199
397 199
423 199
146 200
197 201
341 201
268 202
405 202
453 202
258 203
460 204
183 205
245 205
335 205
341 205
418 205
324 206
389 206
172 207
467 207
348 208
360 208
472 208
132 209
232 209
311 209
117 210
190 210
264 210
428 210
479 210
110 211
385 211
438 211
221 212
293 212
303 212
379 212
163 213
214 213
399 213
286 214
275 215
391 215
90 216
195 216
360 216
410 216
145 217
200 218
272 218
460 218
78 219
134 219
187 219
138 220
142 220
314 220
423 220
249 221
323 221
153 222
162 222
239 222
336 222
164 223
174 223
226 223
350 223
362 223
470 223
167 224
326 224
353 224
362 224
400 224
434 224
135 225
300 225
370 225
440 225
126 226
292 226
335 226
378 226
116 227
284 227
337 227
157 228
214 228
407 228
151 229
173 229
274 229
385 230
455 231
418 232
193 233
155 234
235 234
105 235
138 235
318 235
330 235
387 235
246 236
264 236
299 236
339 236
405 236
323 237
464 237
171 238
223 238
434 238
469 238
186 239
254 239
340 239
370 240
169 241
475 241
213 242
282 242
122 243
164 243
204 243
225 243
331 243
396 243
240 244
272 244
410 244
447 244
239 245
87 246
151 246
312 246
231 248
457 248
191 249
337 249
372 249
349 250
112 251
137 251
323 251
329 251
372 251
300 252
308 252
404 252
179 253
197 253
283 253
428 253
138 254
248 254
290 254
399 254
209 255
281 255
412 255
243 256
384 256
391 256
468 256
275 258
437 258
198 259
319 259
399 259
132 260
232 261
265 261
339 262
445 262
350 263
451 263
286 264
305 264
330 264
357 264
412 264
219 265
254 265
283 265
317 265
368 265
377 265
419 266
456 266
196 268
114 269
140 269
241 269
280 269
428 269
462 269
175 270
385 270
433 270
233 273
271 273
471 273
62 274
79 275
443 275
260 276
338 277
410 277
302 278
311 278
357 278
451 278
475 278
154 279
151 280
382 280
420 281
118 282
187 282
292 282
420 282
214 283
266 283
359 283
395 283
435 283
147 284
440 285
460 285
269 286
192 287
406 287
432 287
321 288
468 288
344 289
353 289
110 290
258 290
334 290
105 291
136 291
229 291
362 291
372 291
382 291
310 292
472 292
196 293
390 293
434 293
167 294
301 294
425 294
275 295
328 295
330 295
198 296
279 296
294 296
478 296
94 297
157 297
182 297
441 297
82 298
218 298
225 298
403 299
428 299
152 300
270 300
341 300
361 300
415 300
443 300
251 301
286 301
92 302
323 302
329 302
348 302
369 302
250 303
410 303
453 303
159 304
227 304
234 305
384 305
75 306
317 306
339 306
457 306
175 307
90 309
107 309
395 309
434 309
461 309
199 310
306 310
269 311
299 312
349 312
444 312
135 313
335 313
360 313
479 313
355 314
373 314
408 314
357 315
429 316
187 317
260 317
378 317
451 317
284 318
107 319
114 319
201 319
215 319
260 319
102 320
389 320
478 320
235 321
124 322
309 322
419 323
291 325
356 325
394 325
400 325
462 325
177 326
339 326
344 326
150 327
247 327
299 327
202 328
448 328
331 329
368 329
225 330
380 330
431 330
470 330
117 331
190 333
319 333
422 333
175 334
230 334
457 334
111 335
201 335
211 335
144 336
414 336
168 337
195 337
479 337
441 338
56 339
81 339
188 339
274 339
303 339
336 339
348 339
359 339
398 339
426 339
187 341
366 341
325 342
98 343
135 343
183 343
267 343
315 343
430 343
230 344
380 344
114 345
183 345
247 345
466 345
158 346
133 347
316 347
406 347
451 347
281 349
276 350
310 350
347 351
392 351
177 352
187 352
239 352
270 352
354 352
412 352
427 352
64 353
126 353
151 353
337 353
475 353
328 354
441 354
218 355
173 356
272 356
321 356
461 356
374 357
235 358
270 359
315 359
380 359
143 361
352 361
418 361
448 361
173 362
250 362
404 362
435 362
306 363
229 364
264 364
338 364
367 364
417 364
193 365
389 365
411 366
453 366
179 367
209 367
326 367
244 368
283 368
470 368
164 369
257 370
296 370
426 371
224 372
238 372
402 372
419 374
441 374
343 375
373 375
438 375
459 375
473 375
265 376
291 376
310 376
202 378
275 378
361 378
385 378
124 379
234 379
334 379
217 381
248 381
191 382
328 382
391 382
479 382
174 383
285 383
143 384
229 384
257 384
319 384
425 385
452 385
87 386
114 386
212 386
267 386
427 386
241 387
399 387
437 387
358 388
469 388
349 389
374 389
297 390
367 390
312 391
343 391
406 391
132 392
188 392
371 392
427 392
163 393
199 393
339 393
105 394
442 394
455 394
306 395
252 396
384 396
221 397
408 397
471 397
125 398
288 398
388 398
428 399
330 400
383 400
446 400
179 401
251 401
302 401
316 401
460 401
393 402
263 403
357 403
346 404
233 406
175 407
195 407
247 407
418 407
479 407
108 408
211 408
79 410
283 410
373 410
398 410
466 410
230 411
259 411
216 412
378 412
437 412
243 413
336 413
452 413
132 414
236 414
308 414
365 414
422 414
89 415
170 415
216 415
321 415
356 415
70 417
202 417
242 417
406 417
472 417
230 418
295 418
147 419
423 419
457 419
187 421
349 421
89 422
262 422
306 422
317 422
405 422
413 422
85 423
225 423
412 423
426 423
441 423
390 424
433 424
343 426
86 427
240 427
280 427
376 427
56 428
213 428
367 428
225 429
261 429
413 429
195 430
304 430
447 430
118 431
156 431
357 431
467 431
428 432
75 434
98 434
212 434
238 434
328 434
416 434
83 435
448 435
220 436
356 436
423 436
268 437
288 437
313 437
472 437
340 438
426 438
430 438
300 439
371 439
381 439
93 441
111 441
325 441
191 442
231 442
401 442
66 444
159 444
164 444
256 444
265 444
354 444
301 445
463 446
325 447
442 447
60 448
143 448
175 448
266 448
276 448
339 448
433 448
242 449
118 450
122 450
389 451
82 452
243 452
372 452
420 453
104 455
154 455
340 455
215 456
253 456
443 456
180 457
354 457
239 458
407 458
453 458
265 459
309 459
375 459
469 459
78 460
392 460
209 461
299 461
411 461
131 462
175 462
341 462
181 463
241 463
417 463
238 464
247 464
250 464
395 464
423 464
70 465
172 465
221 465
244 466
359 466
326 467
427 467
251 468
263 468
310 468
397 468
128 469
163 469
298 470
381 470
147 471
195 471
110 472
344 472
474 472
63 473
433 473
436 473
363 474
388 474
409 474
462 474
286 475
232 476
249 476
259 476
451 476
275 478
366 478
438 478
478 478
191 480
347 480
417 480
312 481
327 481
390 481
100 482
216 483
163 484
366 484
228 485
300 485
121 486
239 486
200 487
287 487
137 489
154 489
229 489
313 489
327 489
333 489
353 489
374 489
275 490
374 490
236 491
341 491
433 491
471 491
301 492
401 492
250 494
338 494
357 494
440 494
457 494
375 495
404 495
275 496
331 496
335 496
384 496
210 497
394 497
289 498
212 499
360 499
156 500
235 500
158 501
179 501
316 501
444 501
195 502
219 502
248 502
463 502
164 503
478 503
391 505
201 506
343 506
208 507
429 507
464 507
194 508
145 509
248 509
275 509
369 509
197 510
356 510
395 510
303 511
320 511
330 511
348 511
433 511
260 512
376 512
248 513
354 514
455 514
200 515
219 515
275 516
290 516
437 516
174 517
403 517
140 519
385 519
219 520
249 520
306 521
187 522
272 522
442 522
370 523
409 523
233 525
323 525
342 525
355 525
470 525
154 526
422 526
436 526
264 527
275 527
308 527
217 528
126 529
200 529
248 529
278 529
377 529
392 529
447 529
357 530
312 532
329 532
427 532
151 533
475 534
170 535
368 536
165 537
297 537
384 537
455 538
259 539
435 539
148 541
250 541
371 541
409 541
115 542
282 542
347 542
235 543
390 543
162 544
263 544
299 544
336 544
200 545
216 545
414 546
318 547
355 548
142 549
183 549
326 549
296 550
345 551
384 551
198 552
233 552
286 553
302 553
418 553
121 556
472 556
435 557
286 558
335 559
406 559
418 559
412 560
478 560
374 561
443 561
235 562
305 562
316 562
353 562
137 563
165 565
182 565
328 565
375 565
421 565
461 565
258 566
263 566
342 566
400 566
311 567
360 567
152 569
310 569
219 570
430 570
201 571
386 571
475 571
349 573
165 574
242 574
334 574
104 575
186 575
444 575
220 576
305 576
376 577
313 578
438 578
454 578
206 579
273 579
305 579
321 579
361 579
134 580
296 580
264 582
416 582
344 583
189 585
307 586
477 586
210 588
329 588
470 588
428 589
440 589
138 590
303 590
153 591
236 591
449 591
351 592
391 592
464 592
285 593
194 594
170 597
319 597
401 597
264 599
363 599
288 600
374 602
433 602
446 602
154 604
216 604
246 604
235 605
335 605
469 605
182 606
203 606
272 606
382 606
254 607
297 608
318 608
390 609
160 610
345 610
396 610
208 611
188 613
281 613
409 613
354 614
446 614
305 615
418 615
426 615
214 616
264 616
435 616
451 616
460 616
245 617
196 618
337 618
366 618
220 619
228 620
318 622
205 624
322 624
296 625
441 627
358 630
244 632
368 633
272 634
387 635
228 636
