244 24
214 25
270 26
278 26
202 29
225 32
259 32
166 34
196 34
248 34
321 35
309 37
298 38
279 39
214 40
234 40
181 41
274 41
143 43
149 43
198 46
277 46
336 46
164 48
323 48
242 49
135 50
231 50
308 51
188 52
290 52
220 54
362 57
122 58
173 58
207 58
250 58
340 58
355 59
144 60
323 60
305 62
164 63
231 64
138 65
281 65
296 65
191 66
106 67
127 67
267 67
345 67
356 68
150 70
247 70
212 71
372 71
270 73
175 74
234 74
303 74
316 74
200 75
285 75
90 76
333 76
143 78
225 78
249 79
269 79
346 79
387 79
276 81
104 83
120 83
364 83
152 84
180 84
205 84
207 84
241 85
304 86
347 86
227 87
284 87
317 87
190 88
274 89
335 89
90 90
160 92
164 92
223 92
82 93
103 93
232 93
366 93
139 94
402 94
203 95
177 96
374 97
113 98
150 98
217 98
299 98
122 99
272 99
288 99
310 99
327 99
153 100
322 100
389 100
62 102
163 102
237 102
253 102
185 103
349 103
396 103
86 104
100 104
126 105
352 106
359 106
197 107
234 107
207 108
369 108
150 109
69 110
289 111
306 111
323 111
252 112
378 112
140 113
332 113
107 114
164 115
389 115
84 116
127 116
142 116
199 116
349 116
247 117
147 118
190 119
360 119
409 119
96 120
54 121
274 121
289 121
285 122
366 122
419 122
143 123
176 123
257 123
266 123
205 125
85 126
118 126
241 126
328 126
428 126
66 127
340 127
386 127
435 127
225 128
127 129
183 129
400 129
42 130
211 130
310 130
355 131
412 131
111 133
305 133
72 134
143 135
239 135
260 135
370 135
168 136
198 136
318 136
88 138
321 138
327 138
384 138
431 138
187 139
107 140
109 140
218 140
79 142
127 142
348 142
397 142
54 143
119 143
248 144
405 144
149 145
228 145
267 145
283 145
102 146
170 146
294 146
306 146
411 146
44 147
190 147
84 148
417 148
304 149
325 149
326 149
67 150
136 150
216 150
376 150
159 151
204 152
388 152
434 153
56 154
79 156
258 156
354 156
406 156
244 157
245 157
279 157
301 157
443 157
450 157
180 158
121 159
219 159
269 159
312 159
100 160
144 160
377 162
428 162
165 163
293 163
330 163
135 164
42 165
65 165
112 166
194 167
262 167
274 168
403 168
442 168
226 169
352 169
152 170
292 171
317 172
53 173
76 173
171 173
365 173
26 174
100 174
121 174
226 174
373 174
193 175
207 175
423 175
456 175
331 176
95 177
162 177
222 178
246 179
262 180
343 180
433 180
278 181
39 182
64 182
180 182
222 182
237 182
297 182
355 182
88 183
148 183
207 183
313 183
30 186
407 186
100 187
206 187
378 187
446 187
54 188
90 188
323 188
116 189
164 189
133 190
340 190
74 191
189 191
459 191
232 192
258 192
424 192
92 193
97 193
155 193
274 193
296 194
41 195
218 195
308 196
35 197
170 197
260 197
359 197
90 199
322 200
442 200
116 201
139 201
253 201
349 201
375 201
59 202
202 202
259 202
270 203
334 203
76 204
185 204
281 204
343 204
401 204
453 204
229 205
242 205
301 205
422 205
22 206
153 206
211 206
297 207
127 208
213 209
220 209
294 209
99 210
203 210
315 210
361 210
394 210
459 210
32 211
45 211
246 211
438 211
167 212
214 212
64 213
200 213
426 213
412 214
252 215
267 215
372 215
136 216
242 216
276 216
332 216
407 216
409 216
113 217
22 218
89 218
408 218
450 218
72 219
184 219
219 219
290 219
349 219
151 220
313 220
125 223
173 223
435 223
49 224
360 224
410 224
412 224
225 225
30 226
373 226
409 226
419 226
441 226
81 227
87 227
164 227
208 227
235 227
248 227
259 227
276 227
97 228
119 228
334 228
342 228
357 228
136 229
289 229
298 229
195 230
58 231
73 231
294 231
336 231
88 232
423 232
109 233
149 233
350 233
228 234
257 234
392 234
347 235
458 235
310 236
32 237
230 237
256 237
263 237
271 237
346 237
121 238
219 238
282 238
439 238
330 239
366 239
204 240
216 240
74 242
54 243
157 243
305 243
358 243
42 244
90 244
56 245
110 245
150 245
347 245
44 246
422 246
452 246
174 247
128 248
185 248
232 248
358 248
83 249
268 249
373 249
394 249
177 250
285 250
63 252
168 252
210 252
409 252
52 253
143 253
329 253
300 254
273 256
344 256
373 256
466 256
361 257
411 257
420 257
33 258
72 258
111 258
166 258
172 258
196 258
355 259
87 260
153 260
229 260
302 260
353 260
125 261
182 261
191 261
252 261
358 261
137 262
237 262
265 262
451 262
179 263
215 264
256 264
46 265
431 266
137 267
98 268
184 268
201 268
341 268
408 268
16 269
165 269
377 269
110 271
327 271
33 272
70 272
190 272
297 272
247 273
121 274
148 274
375 274
388 274
444 274
216 275
231 275
265 275
88 276
417 276
109 277
276 277
310 277
275 278
174 279
312 279
358 279
201 280
259 280
214 281
22 282
429 282
42 283
290 283
328 283
458 283
58 284
186 285
75 286
97 286
158 286
253 286
305 286
370 286
409 286
123 287
124 288
221 288
224 288
344 288
14 289
140 290
150 290
272 290
277 290
443 290
32 291
292 291
62 292
111 292
206 292
394 292
423 292
50 293
283 293
138 294
67 296
164 296
196 296
363 296
401 296
455 297
228 298
83 299
306 299
252 300
262 300
103 301
182 301
245 301
350 301
378 301
150 302
226 302
41 303
124 303
179 303
217 303
282 303
437 303
295 304
323 304
416 304
465 304
178 305
291 306
71 307
142 307
201 307
18 308
71 308
93 308
394 308
112 309
136 309
336 310
52 311
252 311
263 311
32 312
152 312
186 312
300 312
370 312
225 313
347 313
427 313
451 313
86 314
158 314
231 314
125 315
274 315
309 315
170 316
177 316
216 316
59 317
151 317
220 318
253 318
412 318
59 319
101 319
202 319
336 319
359 320
388 320
438 320
258 321
354 322
464 322
75 323
21 324
113 324
186 324
129 325
163 325
38 326
268 326
301 326
400 326
422 326
148 327
345 327
146 328
378 328
427 328
90 329
207 329
218 329
228 329
384 329
450 329
215 330
219 330
243 330
406 330
16 331
202 331
276 331
311 331
332 331
358 332
167 333
287 333
432 334
48 335
196 335
338 335
66 336
262 336
458 336
119 337
298 337
394 338
415 338
81 339
242 339
258 339
27 340
98 341
131 341
141 341
152 341
248 341
444 341
128 342
180 342
232 342
220 343
283 343
377 343
109 344
315 344
207 345
287 345
39 346
237 346
294 346
56 347
357 347
19 348
141 348
166 348
244 348
249 348
383 348
428 349
88 350
192 350
260 350
409 350
121 351
364 351
390 351
396 353
123 354
313 354
454 354
134 355
182 355
209 355
213 355
439 355
153 357
233 357
65 358
273 358
347 358
48 359
80 359
247 359
295 359
375 359
423 359
171 362
325 362
332 362
27 363
197 363
113 364
144 364
254 364
303 364
164 365
357 365
410 365
83 366
92 366
202 366
307 366
450 366
126 367
266 367
209 368
225 368
42 369
74 369
290 369
335 369
183 370
432 370
214 371
232 371
312 371
376 371
456 371
176 372
367 372
210 373
247 374
378 374
55 375
69 375
152 375
343 375
37 376
204 377
275 377
348 377
459 377
87 378
135 378
299 378
320 378
424 378
248 380
263 380
103 381
166 381
393 381
444 381
90 382
143 382
195 382
356 382
410 382
119 383
218 383
385 384
328 385
187 386
335 386
375 387
158 388
180 388
46 389
314 389
242 390
438 390
454 390
134 391
212 391
385 391
76 392
248 392
73 393
296 394
404 394
205 395
26 396
174 396
233 396
150 397
224 397
426 397
58 398
111 398
320 398
300 399
91 400
338 400
396 400
108 401
199 401
411 401
187 403
283 403
159 404
168 404
204 404
450 404
202 405
236 405
24 406
189 408
326 408
50 409
162 409
269 409
308 409
417 409
435 409
144 411
213 411
387 411
104 412
69 413
290 413
346 413
87 414
384 414
341 415
312 417
405 417
241 418
291 418
120 419
257 420
360 420
208 421
225 421
274 421
355 421
391 421
444 421
362 422
335 423
47 424
63 424
429 424
31 425
84 425
353 426
190 427
243 429
256 429
317 429
337 429
374 429
224 430
261 430
299 430
358 431
363 431
98 432
233 432
170 433
359 433
378 433
417 433
202 434
340 434
359 434
117 435
436 435
278 436
379 436
44 437
223 438
247 438
263 438
394 438
400 438
60 439
152 440
324 441
184 442
94 443
111 443
167 443
221 443
262 443
263 443
290 443
190 444
347 444
383 444
440 444
364 445
57 446
203 446
219 446
234 446
75 447
58 450
183 450
368 450
108 451
164 451
408 451
443 451
199 452
233 453
133 454
198 454
346 454
429 454
332 456
152 457
308 457
391 457
171 458
279 458
373 458
138 459
325 460
197 461
293 461
72 462
89 462
179 462
239 463
56 464
133 464
415 464
354 466
397 466
232 467
157 468
184 468
277 468
378 469
196 470
247 470
120 472
292 472
209 473
438 473
106 475
155 475
209 475
329 475
422 475
177 476
253 476
90 477
312 478
103 481
194 481
119 482
137 482
385 482
227 483
288 484
221 485
310 485
407 485
181 486
381 486
274 488
76 489
172 489
250 490
90 491
166 491
173 491
206 493
150 494
373 494
122 496
147 496
308 496
139 497
194 497
328 497
109 498
169 498
191 498
367 498
169 500
222 500
343 500
289 501
268 502
419 502
90 503
158 505
244 505
216 508
190 509
236 509
397 509
422 509
287 510
413 510
92 511
140 511
351 511
358 512
379 512
342 513
108 514
166 514
156 515
236 515
263 516
324 516
382 516
149 518
154 518
304 519
282 520
329 520
175 523
203 523
413 523
127 524
230 524
149 525
305 525
341 525
381 526
280 527
323 528
362 528
109 529
255 529
300 529
317 529
170 530
195 531
400 531
275 533
303 533
313 533
142 535
216 537
125 538
164 538
361 539
282 540
246 541
276 541
383 542
140 543
188 543
249 543
298 546
209 547
360 548
234 550
268 550
337 551
302 552
318 553
202 554
223 555
172 557
196 557
307 557
359 558
382 558
149 559
248 559
165 562
188 562
283 562
334 562
215 563
240 565
308 565
355 566
185 568
378 568
231 570
257 570
276 571
327 571
180 573
204 573
299 574
226 575
194 580
218 580
323 580
265 581
290 582
316 586
210 587
283 588
268 597
