419 1
141 2
254 2
336 2
370 2
318 3
348 3
399 3
360 4
386 4
431 4
169 6
245 6
306 6
201 7
233 9
448 11
273 12
285 12
193 13
222 13
152 15
406 15
216 16
475 16
260 17
332 17
420 17
255 19
366 19
380 19
325 20
343 20
351 20
391 20
177 21
246 21
314 21
437 21
335 22
290 23
199 24
298 24
138 25
168 25
273 25
446 25
235 26
194 27
401 27
462 29
262 30
417 30
220 31
154 32
179 34
213 34
249 34
366 34
433 35
302 37
314 37
320 37
331 37
348 37
446 38
388 39
375 40
139 41
170 41
234 41
165 42
189 42
285 42
402 42
454 42
267 43
385 43
424 43
184 46
374 46
421 46
254 47
154 48
308 48
431 48
477 49
242 50
344 50
421 50
163 51
286 51
238 52
358 52
450 52
234 53
326 53
228 54
381 54
178 55
274 56
316 57
391 57
202 58
380 58
401 58
426 58
258 59
302 59
436 60
471 60
390 61
173 62
225 62
291 62
158 63
413 63
185 64
219 64
381 64
190 65
247 65
127 66
282 66
326 66
334 66
347 66
358 66
448 66
461 67
311 68
369 68
316 69
149 70
236 70
264 70
379 70
387 71
430 71
176 72
372 74
438 74
401 75
475 75
194 76
223 76
292 76
250 77
220 78
284 78
450 78
479 78
406 80
415 80
129 81
241 81
356 81
369 81
161 82
276 82
289 82
374 82
464 82
212 83
329 83
440 83
266 84
379 84
426 84
432 84
181 85
319 85
386 85
152 86
234 87
255 87
311 87
412 87
257 89
313 89
402 90
446 90
474 90
172 91
298 91
409 92
479 92
168 93
288 93
138 94
191 95
216 95
337 95
244 96
351 96
372 96
425 96
459 96
420 97
161 98
383 98
440 98
317 99
387 100
279 101
125 102
209 102
239 102
395 102
399 102
177 103
183 103
266 103
303 103
473 103
312 104
359 104
154 105
234 106
432 106
450 106
173 107
148 108
340 108
358 108
410 108
420 108
227 109
291 109
167 110
196 110
333 110
422 110
462 110
365 111
117 112
213 112
222 112
408 112
384 113
248 114
281 114
316 114
420 114
443 114
189 115
275 115
273 116
396 116
133 117
306 117
267 119
408 119
209 120
155 121
298 121
224 122
352 122
180 123
328 123
334 123
343 123
362 123
437 124
458 124
237 125
373 125
196 126
322 126
283 127
466 127
116 128
145 128
219 128
419 128
256 129
401 129
170 130
275 132
427 132
440 132
189 133
453 133
206 134
299 134
344 134
474 134
111 135
227 135
297 135
352 135
137 136
246 136
269 136
358 136
106 138
459 138
329 139
384 139
435 139
157 140
179 140
410 140
238 143
286 143
126 144
197 144
258 144
339 144
368 145
395 145
307 147
421 147
447 147
185 148
281 148
118 149
403 149
143 150
248 151
344 151
210 152
302 152
335 152
231 153
265 153
163 154
328 155
382 155
458 155
431 156
277 158
295 158
412 158
131 159
178 160
438 160
222 161
390 161
126 163
237 163
245 163
258 163
199 164
364 164
154 165
286 165
345 166
474 166
250 167
400 167
248 168
268 168
359 168
361 168
365 168
216 169
444 170
479 171
233 172
283 172
329 172
378 172
423 172
119 173
264 173
377 173
465 173
167 174
302 174
142 175
320 176
190 177
207 179
469 179
111 181
138 181
295 181
386 181
244 182
345 182
355 182
181 183
226 183
315 183
429 183
439 183
455 183
253 185
338 185
129 186
440 186
157 188
361 188
202 189
237 189
262 189
309 189
471 189
245 191
430 191
442 191
350 192
372 192
172 193
267 193
123 194
275 194
326 194
354 194
371 194
221 195
289 195
405 195
306 196
353 196
358 196
411 196
460 197
429 198
145 199
347 199
239 200
250 200
331 200
342 200
393 200
375 201
309 202
446 202
477 202
264 203
247 204
259 204
461 204
141 205
431 205
212 206
337 206
412 206
299 207
188 208
302 208
318 208
365 208
233 210
257 210
336 210
394 210
166 211
265 212
107 213
183 213
450 213
298 214
412 214
479 214
465 215
206 216
245 216
317 216
229 218
376 218
181 219
268 219
306 219
333 219
244 220
279 220
130 221
297 221
312 221
413 221
154 222
393 222
260 223
450 223
285 224
431 224
335 225
374 226
239 227
254 227
185 228
221 228
198 229
165 230
265 230
275 230
396 230
149 231
176 231
316 232
447 232
123 233
172 233
298 234
372 234
216 235
237 235
337 235
170 236
207 237
193 238
318 238
282 240
338 240
413 240
467 240
254 241
393 241
320 243
364 243
449 243
111 244
166 244
267 247
137 248
351 248
360 248
370 248
189 249
210 249
231 249
447 249
466 249
343 250
272 251
322 251
340 251
412 251
469 252
294 253
403 253
430 253
157 254
307 254
416 254
323 255
363 255
182 256
250 256
134 257
386 257
204 258
468 259
125 260
448 260
264 261
279 261
228 262
374 262
328 263
152 265
176 265
400 265
370 266
121 267
292 267
315 268
392 268
427 269
220 270
245 270
427 270
473 270
199 271
304 271
378 271
149 272
246 272
405 272
278 273
376 273
269 274
319 274
259 275
338 275
359 276
394 276
214 277
291 277
445 277
167 278
141 279
197 279
367 280
411 281
420 281
477 281
350 282
369 282
234 283
278 283
169 284
274 284
427 284
160 285
190 285
386 285
207 286
254 286
267 287
442 288
477 288
359 290
460 290
134 293
210 293
378 293
423 293
154 294
336 294
234 296
184 297
266 297
338 297
195 298
266 298
350 298
314 300
402 300
146 301
371 301
194 302
457 302
228 303
436 303
126 304
193 304
198 304
320 304
166 305
188 306
317 307
339 307
144 308
172 308
243 308
416 308
259 309
180 310
360 310
405 310
221 311
393 311
162 313
375 313
330 314
452 315
285 316
302 317
303 317
135 318
428 318
472 318
219 319
240 320
389 321
316 322
344 322
364 322
211 323
245 323
257 323
407 324
351 325
415 325
293 326
334 327
447 327
274 328
181 329
304 329
354 329
468 329
147 330
229 330
399 330
418 330
264 331
377 331
330 332
202 333
351 333
254 334
431 334
273 335
284 335
271 338
368 338
136 339
245 339
246 339
410 339
441 339
222 340
170 341
192 341
335 341
303 342
411 342
272 343
461 343
350 344
355 346
390 346
214 347
265 347
303 347
157 348
180 348
234 348
291 348
329 348
452 348
433 350
375 351
151 352
322 352
324 352
343 352
404 352
402 353
426 354
280 355
323 356
447 356
141 357
172 358
201 358
252 358
311 358
364 358
466 358
221 360
327 361
263 362
300 362
413 362
240 363
386 364
416 364
160 365
268 365
190 366
316 366
343 366
459 366
154 367
291 369
285 370
331 370
404 370
149 372
177 372
225 372
240 372
371 372
427 373
253 374
319 374
361 375
298 376
399 376
349 379
389 379
172 380
240 380
463 380
204 381
442 381
271 382
162 383
284 383
326 384
412 384
478 384
328 385
427 386
190 387
255 388
375 388
312 389
457 389
222 391
325 393
347 393
449 393
214 394
172 395
277 395
392 396
479 396
334 397
356 397
210 398
326 398
202 399
223 399
159 400
202 400
410 401
437 401
378 402
393 402
230 404
315 404
463 404
187 405
394 405
457 406
284 407
423 408
171 409
364 409
211 412
246 413
349 413
411 413
306 414
341 414
387 414
193 416
269 416
472 416
311 417
298 418
324 418
272 419
279 420
369 420
175 421
235 421
260 422
247 424
269 424
214 425
395 425
449 425
330 429
352 429
359 429
394 429
435 430
194 431
365 431
464 434
234 435
414 436
214 440
302 440
371 440
429 443
327 444
199 446
479 446
276 447
294 447
354 447
401 447
296 448
304 448
258 449
409 450
236 451
430 451
376 453
393 453
439 453
446 453
221 455
301 455
363 457
207 460
313 460
322 461
401 462
427 462
311 463
463 463
275 464
447 464
290 465
382 465
352 466
370 467
399 467
337 468
219 469
336 470
398 475
388 477
340 478
439 478
455 478
355 479
472 479
229 481
262 482
278 482
299 482
317 484
340 484
332 485
441 494
473 495
265 496
454 496
310 498
289 499
352 499
359 499
329 500
384 500
415 503
409 504
430 507
318 510
456 511
371 517
359 518
396 518
400 518
378 520
420 520
439 524
458 524
