260 15
215 18
267 19
314 21
230 24
279 25
168 26
243 27
327 27
177 29
214 30
248 31
291 31
372 33
187 34
266 37
230 38
350 39
310 40
158 42
165 45
319 45
176 46
245 47
288 48
360 48
395 48
128 52
149 55
339 55
415 55
371 56
219 57
304 57
164 59
377 61
90 62
430 62
186 63
315 63
105 65
197 67
355 68
245 69
290 69
150 71
251 71
440 71
327 72
412 72
220 73
294 73
461 73
390 74
165 75
304 75
264 76
337 76
88 77
175 77
368 77
112 79
187 79
348 82
399 82
205 83
281 83
136 84
320 86
225 87
354 87
63 88
236 88
243 88
326 89
161 90
296 90
78 91
337 92
94 93
177 93
186 95
259 95
391 95
194 96
203 98
267 98
311 98
281 100
47 101
51 101
145 101
347 101
459 101
65 103
229 106
401 106
90 107
324 107
382 107
110 108
169 108
244 108
295 108
333 109
464 109
256 111
471 111
182 112
150 113
264 113
270 113
195 115
310 115
346 116
416 116
206 118
281 118
44 119
448 119
67 120
77 120
215 120
225 120
320 121
420 121
293 123
236 124
356 124
383 124
163 129
307 130
396 131
186 132
368 132
35 133
192 133
413 133
348 134
53 135
206 135
284 135
69 136
321 136
226 137
377 139
299 140
471 140
32 145
415 145
308 146
479 147
61 150
70 150
222 151
397 151
282 152
450 152
91 153
319 153
205 154
292 154
26 155
120 155
237 155
37 157
251 160
157 161
379 161
465 162
412 163
180 164
188 165
267 166
440 167
206 168
74 169
90 170
121 170
25 171
101 171
452 171
129 172
430 174
403 176
252 177
372 178
173 179
435 180
463 180
189 181
202 183
419 183
383 184
58 185
101 185
45 186
88 186
353 186
474 186
117 187
453 188
18 189
224 189
428 190
13 191
174 192
360 193
192 195
279 197
405 197
330 200
149 201
76 202
92 202
105 202
418 203
447 203
342 204
389 204
175 205
236 205
278 205
212 206
473 206
14 207
25 207
252 208
355 208
261 210
6 211
323 212
407 213
437 214
108 215
123 216
334 216
99 217
227 217
373 217
158 218
82 219
295 219
383 219
68 221
186 221
242 221
390 221
460 222
354 223
262 224
422 224
272 226
21 227
399 227
13 228
367 229
478 229
331 230
98 231
126 231
140 231
155 231
111 232
410 233
443 233
171 234
343 234
378 234
296 235
256 236
307 236
217 237
451 237
226 239
238 240
394 240
58 241
360 241
327 242
27 243
34 243
48 243
432 243
99 244
468 244
112 245
125 245
141 245
152 245
7 246
294 246
164 247
254 247
371 247
172 249
182 249
195 249
412 249
345 250
268 251
479 251
227 252
359 255
448 255
27 256
76 256
64 257
130 257
425 257
399 259
308 260
336 260
136 261
143 261
166 261
183 261
370 261
7 262
153 262
202 262
214 262
52 263
460 263
472 263
346 264
411 264
43 265
227 266
290 266
437 266
36 268
323 268
23 270
335 271
360 271
423 271
193 272
264 272
9 273
134 273
149 273
177 273
165 274
82 275
70 276
434 277
347 278
456 278
60 279
416 279
324 280
462 280
123 283
135 283
116 284
141 284
151 284
263 284
335 284
165 285
424 285
446 285
22 287
209 287
402 287
88 288
469 288
9 289
345 290
255 291
282 293
325 293
413 293
61 294
192 294
216 295
357 295
445 295
51 296
125 296
113 297
422 298
37 299
243 299
336 300
458 300
145 301
314 302
140 303
349 303
218 304
163 307
284 307
440 307
472 307
67 308
155 309
335 310
419 310
365 311
262 313
452 314
121 315
345 315
213 316
23 317
384 317
406 317
148 318
357 318
432 318
11 319
329 319
174 320
296 320
255 323
74 324
395 324
467 324
43 326
274 326
341 326
134 328
26 329
452 329
219 330
350 330
204 331
231 331
326 331
111 332
378 332
243 333
357 334
432 334
253 335
95 336
265 337
182 338
275 338
27 340
37 340
343 340
444 340
467 341
370 342
391 342
226 343
109 344
141 344
237 344
203 345
215 346
57 347
358 347
376 347
11 348
337 348
260 349
227 350
458 350
2 352
84 352
321 352
352 352
112 353
41 354
279 354
411 354
465 354
368 355
138 356
239 356
441 356
220 357
247 357
290 357
28 358
417 358
209 359
61 360
397 360
118 361
262 361
179 362
153 363
478 363
10 365
314 365
277 366
384 366
457 366
98 367
139 368
241 369
292 369
196 370
436 370
68 371
466 371
257 372
414 372
28 373
184 373
393 373
443 373
209 374
262 374
304 374
166 375
152 376
275 377
475 378
316 379
124 380
140 380
284 380
453 380
207 383
109 384
411 384
184 385
197 385
391 386
171 387
248 387
297 387
467 387
31 389
101 389
332 389
157 390
268 390
309 390
25 391
146 391
55 392
400 392
279 393
84 394
446 394
135 395
182 396
254 396
292 398
329 398
349 398
464 399
72 401
162 401
304 401
391 401
374 402
91 403
121 403
456 403
34 404
141 405
318 405
184 407
216 407
267 407
341 407
462 407
109 408
201 408
363 408
130 409
192 409
21 410
172 410
232 410
388 410
74 411
309 411
332 411
15 412
44 414
66 414
449 414
93 415
358 416
115 417
420 417
381 418
36 419
136 419
227 419
304 419
321 419
460 419
477 419
185 420
345 420
74 421
29 422
106 422
164 422
175 422
240 422
330 424
369 424
451 425
96 426
151 426
392 427
135 428
474 428
88 429
45 430
122 430
325 431
200 432
219 432
81 433
235 433
343 433
447 433
72 434
183 435
363 435
108 436
158 437
170 437
63 438
472 438
392 439
98 440
147 440
337 440
357 441
135 443
443 443
199 444
86 446
220 446
238 446
384 446
48 447
120 447
252 447
404 447
172 448
422 448
78 449
388 449
470 449
268 450
108 452
61 453
374 453
453 453
135 454
147 455
212 455
358 455
95 457
48 459
233 460
238 460
125 461
256 461
446 461
85 462
119 462
215 462
386 462
424 462
264 463
347 465
368 465
107 466
77 467
197 467
150 468
396 469
31 470
417 470
478 470
68 471
99 471
223 472
357 472
461 472
242 473
381 473
136 474
295 474
402 475
425 475
62 476
89 476
256 476
122 477
153 478
182 479
269 479
15 480
40 480
388 480
449 480
139 482
236 482
173 483
279 483
73 485
104 485
312 485
329 485
162 486
221 486
287 486
353 486
439 486
210 487
416 487
152 488
226 488
462 488
27 489
234 489
193 490
243 490
252 490
60 491
120 491
182 492
265 492
52 493
87 493
302 494
142 495
171 495
364 495
314 496
385 496
73 498
107 498
161 498
340 498
451 498
473 498
41 499
279 499
321 500
153 501
186 502
195 502
347 502
96 503
123 503
291 503
63 504
224 504
31 505
115 505
144 505
248 505
436 505
212 506
353 506
57 507
239 507
256 507
458 507
84 508
136 508
172 508
304 508
333 508
22 510
161 510
268 510
200 511
465 511
105 512
314 513
280 514
339 514
360 514
406 514
15 515
71 515
123 515
186 515
41 516
94 516
448 517
178 518
319 518
472 518
142 519
237 519
117 520
224 520
246 521
292 521
172 522
214 522
255 522
345 522
478 522
85 523
167 523
434 523
455 523
132 524
206 524
324 524
264 525
104 526
159 526
383 527
418 527
188 528
273 529
154 530
401 530
464 531
145 532
176 532
329 532
367 532
444 532
95 533
227 533
351 533
115 535
334 535
311 536
36 537
203 537
428 537
166 538
453 538
136 539
85 540
375 540
411 540
476 540
157 541
195 541
184 542
298 542
339 543
359 543
124 544
245 545
459 545
100 546
266 546
415 546
438 546
229 547
172 549
213 549
325 549
347 549
399 549
20 550
72 550
384 550
93 551
115 551
135 551
366 551
165 552
203 553
284 553
424 553
144 554
190 554
448 554
472 554
351 555
310 556
106 557
332 557
426 557
87 558
159 558
182 559
224 559
391 559
410 560
454 560
258 561
175 562
249 562
315 562
376 562
100 563
264 563
336 563
363 563
55 564
433 564
114 565
240 565
276 566
354 566
343 568
25 569
192 569
228 569
400 569
418 569
283 570
464 570
322 571
203 572
308 572
89 574
255 575
389 575
445 575
471 575
248 576
293 576
372 576
184 577
216 577
271 577
31 579
452 579
83 580
478 580
162 581
197 582
332 582
116 583
279 584
365 584
394 584
348 585
414 585
179 586
461 586
265 587
130 588
208 588
232 588
276 588
380 588
222 589
110 590
190 590
254 591
92 592
71 594
338 594
356 594
204 595
455 595
322 596
421 597
116 598
372 598
267 599
219 600
156 601
276 601
246 602
294 602
405 602
170 603
442 603
467 603
44 604
201 604
185 605
126 606
218 606
253 606
358 606
473 606
84 607
232 607
389 607
317 608
23 609
410 609
450 609
112 611
151 611
169 611
199 612
357 612
218 613
262 613
305 613
337 613
378 613
416 613
432 613
139 614
236 614
458 614
82 615
185 616
280 617
294 617
138 619
361 619
96 620
202 620
221 621
331 621
465 621
378 622
396 622
184 623
247 623
405 623
321 624
120 626
167 626
354 626
270 627
287 627
309 627
228 628
257 628
449 629
83 630
299 630
346 630
241 631
187 634
270 634
121 636
338 636
205 637
236 638
369 638
