322 2
209 5
256 5
307 5
122 7
163 7
239 8
471 8
282 9
456 10
387 11
109 12
402 12
418 12
227 13
350 13
368 13
432 13
271 14
334 14
442 14
145 15
190 15
323 16
91 18
454 18
259 19
308 19
215 20
295 21
128 22
469 22
172 23
238 24
282 25
374 26
401 26
119 28
197 28
265 28
387 28
419 28
155 29
352 30
183 31
223 31
329 31
344 31
439 31
311 33
454 33
320 34
248 35
98 36
137 36
461 36
476 36
294 37
387 37
165 39
201 39
405 39
270 40
374 40
420 40
229 41
366 42
120 43
182 45
448 46
252 49
286 49
304 49
107 50
164 52
471 52
367 54
383 54
124 57
340 57
88 59
196 59
302 60
178 61
448 61
225 63
288 63
462 64
395 65
73 66
106 66
346 66
372 66
386 67
477 67
169 68
229 72
204 73
281 73
304 73
372 76
453 76
88 78
184 79
417 81
427 81
78 83
473 83
203 84
240 84
103 85
402 87
438 87
223 89
257 89
455 89
67 90
370 90
87 91
246 92
384 92
420 92
115 94
209 94
237 95
472 97
344 99
444 100
214 101
415 103
240 104
94 105
428 105
456 106
349 109
141 110
227 111
414 111
473 111
274 112
452 112
76 114
358 114
368 114
426 114
213 117
382 117
99 118
464 118
177 119
198 121
252 122
281 122
115 123
231 123
367 123
376 123
165 124
246 124
415 124
60 125
338 125
352 125
386 126
477 126
268 127
310 127
327 127
186 128
74 129
441 129
129 130
214 130
233 130
406 131
97 132
202 132
339 132
455 132
172 134
144 135
278 135
192 136
350 136
364 136
385 136
248 137
327 137
465 137
87 138
118 138
213 138
60 139
398 139
158 143
183 143
227 143
260 143
129 144
451 144
368 145
74 146
152 146
174 146
329 146
340 146
378 146
245 147
98 148
360 148
198 149
276 149
392 149
466 150
63 152
333 152
141 153
262 153
207 154
346 154
443 154
227 155
156 156
452 156
85 157
109 157
179 158
249 158
365 158
196 159
277 159
286 159
376 159
132 160
239 160
213 161
269 162
331 163
402 163
350 164
433 164
469 164
99 165
360 166
63 167
120 167
256 167
137 169
423 170
448 170
86 171
243 171
274 171
311 174
405 174
436 174
462 174
190 175
263 175
52 176
99 177
423 177
130 179
148 179
391 179
72 180
249 180
402 181
440 181
110 182
159 183
347 183
450 183
272 184
414 184
317 185
123 187
81 188
99 188
422 188
432 189
256 190
466 190
149 192
103 193
404 193
69 194
443 194
279 195
415 195
453 196
477 196
36 197
166 197
428 198
266 199
140 200
156 200
348 200
182 201
388 201
230 202
294 202
249 203
357 203
399 203
464 203
326 205
369 205
450 205
199 206
364 206
220 207
378 208
150 209
172 209
242 209
338 209
274 210
315 210
346 211
386 211
189 212
233 212
301 213
397 213
143 214
466 214
122 215
208 215
444 215
247 216
258 216
288 216
361 216
183 217
221 217
161 218
452 218
274 219
374 219
40 220
318 221
330 221
415 222
463 222
199 223
237 223
301 223
343 223
385 223
133 224
449 224
174 225
255 225
286 225
355 225
226 226
51 227
147 228
436 228
31 229
206 229
248 229
276 229
368 229
188 230
240 230
306 230
199 231
378 231
213 232
299 233
387 233
415 233
459 233
322 234
159 235
339 235
445 235
252 236
290 236
352 236
397 236
312 237
242 238
283 238
226 239
452 239
470 239
62 241
217 241
133 242
173 242
438 242
251 243
330 244
340 244
464 244
147 245
270 245
351 245
200 246
292 247
421 247
83 248
283 248
302 248
30 249
106 249
255 249
312 249
123 250
140 250
323 250
451 250
409 251
432 251
7 252
52 252
185 252
272 252
339 252
160 254
231 254
205 255
260 256
351 256
20 258
113 258
294 258
424 258
91 259
220 259
250 259
309 259
408 259
466 259
43 260
149 260
316 260
391 260
193 261
326 261
369 261
60 262
445 262
238 263
450 263
157 264
177 264
210 264
274 264
338 264
129 265
141 266
432 266
231 267
263 267
348 267
407 267
477 267
292 270
374 270
50 271
170 271
188 271
207 271
251 271
358 271
303 272
310 272
334 272
399 272
461 272
285 273
83 274
105 274
224 274
419 274
23 275
151 275
315 275
43 276
329 276
351 276
425 276
442 276
404 277
64 278
132 278
120 279
242 279
198 280
340 280
391 281
458 281
470 281
296 282
361 282
35 283
178 283
282 283
307 283
398 283
212 285
381 286
144 287
92 288
319 289
444 290
173 291
467 291
24 292
111 292
304 292
391 292
151 293
290 293
362 293
138 295
371 295
450 295
414 298
309 300
117 302
477 302
13 303
84 303
147 303
384 303
465 303
36 304
101 304
316 304
443 304
290 305
191 307
111 308
128 309
379 310
26 311
397 311
455 311
473 312
303 313
313 314
443 314
20 316
157 316
293 316
386 316
404 317
319 318
333 318
464 318
374 320
41 321
412 322
449 322
62 323
284 323
13 324
182 324
363 324
198 326
340 326
152 328
468 328
454 329
229 330
419 330
35 331
56 331
161 331
351 331
130 332
189 333
325 334
441 335
75 336
478 337
335 338
393 338
460 338
187 339
127 340
29 341
51 341
357 341
446 342
196 343
143 344
67 345
170 346
467 346
158 347
210 349
339 350
453 351
432 352
314 353
344 353
180 354
192 354
224 354
252 354
290 354
323 354
444 355
471 355
329 356
43 357
392 358
458 359
16 362
97 362
149 362
222 362
347 362
406 362
475 362
75 363
379 363
33 364
236 364
289 364
323 364
391 364
133 365
269 365
306 365
56 366
207 367
254 367
113 368
454 368
464 368
160 369
366 369
396 369
269 370
30 371
143 371
346 372
205 373
334 373
445 373
51 374
220 374
307 374
7 375
127 375
276 375
160 376
255 376
468 376
236 377
332 378
87 379
474 379
106 380
435 380
174 381
398 381
448 381
458 381
64 382
343 382
385 382
22 384
158 384
221 384
259 384
45 385
123 385
281 385
366 385
376 385
138 386
302 386
322 386
347 386
78 388
291 388
312 388
352 388
204 389
244 389
477 389
341 390
462 391
157 392
265 392
387 392
455 392
90 395
34 397
111 397
327 397
353 397
137 398
69 399
222 399
245 399
206 400
281 400
365 400
457 401
48 402
469 402
7 403
30 405
135 406
155 406
307 406
121 407
258 408
64 410
475 410
334 411
247 412
461 412
211 413
269 413
2 414
80 416
58 419
136 419
156 419
348 419
450 420
478 420
175 421
359 421
17 422
437 422
38 423
466 424
80 426
455 426
236 427
257 427
58 428
153 428
138 429
388 429
35 432
269 432
442 432
78 435
244 435
353 436
475 437
457 438
139 440
12 442
204 442
400 442
166 443
183 443
232 443
255 443
363 443
310 444
476 445
266 446
280 446
433 446
35 447
337 447
447 447
170 448
292 448
377 448
392 448
79 449
211 450
243 450
331 450
56 451
462 451
8 452
326 452
418 452
192 454
83 455
314 456
405 456
435 456
36 458
219 459
451 459
12 461
283 461
422 461
104 462
264 462
296 462
175 463
397 463
361 464
408 464
331 465
228 466
38 467
203 467
470 467
10 468
350 468
322 469
454 470
269 471
313 471
238 472
302 472
166 473
184 473
284 473
413 474
247 475
340 475
386 476
426 476
460 476
329 477
367 477
401 477
43 478
68 478
193 478
221 478
167 481
257 481
318 481
270 482
286 482
358 482
449 483
351 484
237 485
465 485
173 486
418 486
432 486
158 487
402 487
207 488
299 489
338 489
33 490
181 490
215 491
103 492
472 492
67 493
247 493
436 493
453 493
162 495
221 495
324 495
409 495
77 496
109 496
259 496
272 496
193 497
47 498
424 498
463 499
233 500
348 500
201 501
85 502
311 502
447 502
56 503
175 503
381 503
25 504
209 504
300 504
118 505
342 505
288 506
334 506
467 506
93 507
245 507
402 507
417 507
182 508
254 508
270 509
359 511
222 512
321 512
52 513
354 513
442 513
455 513
312 514
84 517
200 517
475 517
142 519
267 519
243 520
278 520
291 520
344 520
169 521
254 521
371 521
124 523
325 523
146 524
212 524
465 524
361 525
454 525
181 527
150 528
78 529
471 529
311 530
349 530
447 530
225 531
262 531
402 533
159 534
197 535
339 535
126 536
239 536
286 536
57 537
202 537
383 537
171 538
324 538
367 539
358 540
213 541
179 542
442 542
461 542
299 543
350 544
142 545
341 545
72 546
246 547
260 547
272 547
284 547
152 549
191 549
332 549
450 549
390 550
416 551
121 554
92 555
155 555
207 555
371 555
357 556
228 557
59 558
130 558
171 558
315 559
343 559
242 560
301 560
287 561
107 563
464 563
261 564
75 565
190 565
447 565
472 565
271 566
387 566
370 570
378 570
158 571
237 571
262 573
462 573
101 575
168 575
443 575
418 579
190 581
271 581
78 582
382 584
400 584
367 585
455 585
421 586
468 588
97 589
441 589
110 591
260 592
183 593
280 594
403 596
387 597
200 600
369 600
99 601
152 601
446 601
465 601
427 602
210 604
237 604
287 605
167 606
271 606
366 608
124 609
185 609
380 609
315 611
332 613
409 614
423 614
457 614
297 615
96 616
154 616
251 616
226 617
265 617
273 617
447 617
470 617
169 619
191 623
364 624
121 625
349 625
377 625
144 626
201 626
317 626
333 626
213 628
399 628
448 628
156 629
413 629
427 629
237 630
246 630
256 630
391 633
168 634
281 634
290 634
178 636
304 637
