280 75
310 76
262 77
329 77
345 81
215 84
202 87
300 88
368 88
267 90
286 90
250 91
322 91
342 94
219 96
152 99
357 100
285 102
244 103
264 103
274 103
299 103
372 103
313 104
331 105
394 106
218 107
183 109
201 109
168 110
150 114
248 114
410 114
272 115
310 115
281 116
362 116
301 117
332 117
135 118
200 118
223 118
347 118
374 119
426 120
210 121
122 122
390 122
146 127
261 128
274 128
292 128
242 130
405 130
417 130
337 131
132 132
217 134
205 135
429 135
380 136
118 138
151 138
303 138
400 140
270 141
258 143
134 144
244 144
233 145
291 145
361 146
315 147
424 147
209 148
219 148
123 150
440 150
380 151
159 154
394 154
273 155
404 155
287 156
295 156
258 157
107 158
240 158
311 158
141 159
228 159
417 161
167 163
217 163
431 165
277 169
300 169
269 170
312 170
452 170
83 171
188 171
241 171
252 171
410 174
174 177
423 177
74 178
106 178
161 181
272 181
198 182
259 182
294 182
301 182
387 182
434 182
241 184
401 186
180 187
343 187
452 187
88 188
273 190
113 191
296 191
165 193
260 193
243 194
193 195
309 195
71 199
280 199
290 199
403 201
176 202
352 203
62 205
199 206
258 206
415 206
82 207
369 207
245 208
315 208
166 209
276 209
188 210
297 210
429 210
332 212
341 213
392 214
438 215
48 218
285 218
67 219
245 219
263 219
274 219
363 219
174 220
295 220
410 220
308 221
375 222
323 223
195 224
167 225
457 225
60 226
427 226
388 227
187 228
261 230
279 230
443 230
111 231
250 231
289 231
37 232
304 232
73 233
347 234
405 234
324 236
379 236
171 238
214 238
335 238
434 238
462 240
69 241
271 241
30 242
262 242
283 242
299 242
245 243
46 244
182 244
203 245
233 245
158 246
446 246
115 247
314 247
427 247
221 250
322 250
268 252
445 252
22 253
130 253
291 253
297 253
334 253
107 254
256 254
373 254
463 255
210 256
239 256
344 256
401 257
452 257
37 258
314 258
428 258
126 259
176 259
227 259
356 259
89 261
146 263
326 263
274 264
51 265
420 265
262 266
290 266
118 267
248 267
303 267
444 267
31 268
347 268
68 269
213 269
233 270
316 270
136 271
97 273
431 273
328 274
358 274
407 274
218 275
459 275
130 277
438 277
22 278
264 278
275 278
413 278
213 279
292 279
300 279
92 282
470 282
401 283
103 285
231 285
381 285
406 286
424 286
448 286
202 287
55 289
223 289
431 289
141 291
268 291
413 291
87 293
396 293
101 295
214 295
461 295
123 296
239 297
378 297
447 299
404 301
426 301
205 302
61 303
79 303
116 304
155 304
230 304
390 305
371 306
416 308
135 310
460 310
476 311
176 312
362 312
402 312
115 313
380 313
149 314
95 315
167 316
423 316
441 316
75 317
37 318
408 318
205 319
392 320
185 321
231 321
371 321
253 322
33 323
308 323
110 324
452 324
471 324
198 325
214 325
358 325
161 326
313 326
418 326
434 326
226 329
476 329
384 330
52 332
424 332
288 334
206 335
30 336
239 336
296 337
373 339
170 340
218 340
434 340
308 341
450 341
468 341
415 342
185 344
315 345
283 346
382 346
398 346
439 346
67 348
169 348
250 348
275 348
51 349
320 349
476 349
230 350
294 350
424 352
196 354
211 354
388 354
181 355
460 355
227 356
372 356
407 356
304 358
357 358
448 360
153 361
467 361
89 362
345 362
142 363
285 363
380 364
238 365
310 366
364 366
128 367
223 367
207 368
468 368
383 369
293 370
100 371
153 371
22 373
320 373
86 374
370 374
453 374
247 377
191 378
357 378
387 378
32 379
219 379
234 380
164 381
205 381
402 381
477 381
374 383
459 383
282 384
304 384
113 386
390 386
85 387
16 388
124 388
233 388
218 389
139 393
98 394
30 395
394 395
449 396
125 397
217 397
309 397
364 397
232 398
296 398
349 399
377 399
151 403
321 403
397 403
11 404
231 404
204 405
378 405
66 407
27 408
262 408
217 409
335 409
411 409
380 413
425 413
307 414
471 414
123 415
293 415
351 415
456 415
231 416
151 417
205 418
397 419
80 420
63 421
234 421
337 421
22 422
176 422
266 422
365 422
442 422
219 423
288 423
251 424
206 425
381 425
150 428
458 428
396 429
322 430
405 431
122 432
273 432
136 434
209 434
256 434
303 434
472 435
240 436
351 436
384 436
368 438
445 439
79 441
282 442
417 442
119 443
405 443
241 448
368 448
432 448
476 448
295 449
460 449
77 450
262 450
94 452
394 453
420 453
309 456
448 456
149 457
407 457
431 458
368 459
135 460
160 462
380 462
477 462
216 463
464 463
180 464
78 465
365 466
148 467
93 468
287 468
406 471
109 472
120 472
222 472
419 472
432 472
394 473
136 474
380 475
450 475
466 475
362 476
92 477
199 482
281 482
390 482
74 484
409 484
434 484
360 485
421 485
176 486
302 486
311 486
465 486
452 487
330 489
94 492
166 492
190 493
339 495
424 496
285 499
437 499
180 500
323 500
409 500
194 501
110 502
454 503
349 504
92 505
331 508
437 508
301 509
318 510
89 511
173 511
285 512
197 513
358 513
420 513
437 515
405 517
454 517
464 518
240 520
285 520
302 520
138 522
419 522
151 523
215 524
334 524
201 525
437 525
353 526
371 526
166 528
190 528
260 528
109 529
329 529
180 530
219 531
236 533
154 535
127 536
384 536
141 538
400 540
433 540
96 541
198 541
413 541
114 544
157 544
378 544
130 547
143 547
332 547
449 548
189 549
414 550
220 553
356 553
392 553
175 554
207 554
318 554
427 554
373 556
340 557
238 558
305 561
446 561
99 562
117 563
259 563
149 565
406 565
247 570
138 571
421 571
305 577
399 577
157 579
288 579
376 579
410 585
126 586
245 586
107 588
276 588
406 594
258 595
110 596
130 598
315 598
415 599
171 600
114 601
271 601
349 601
381 602
290 604
333 604
158 605
213 607
196 609
410 609
390 612
313 613
119 614
140 614
237 614
284 615
294 615
170 616
368 616
360 621
178 622
211 622
253 622
330 623
128 624
230 624
276 624
310 626
294 627
374 627
184 628
347 629
137 632
221 632
337 633
197 634
249 635
256 636
365 636
271 637
317 638
288 639
