377 1
438 2
313 3
335 3
392 3
326 4
400 4
452 4
282 5
298 5
343 5
263 6
354 7
412 7
464 8
420 9
369 10
381 11
439 13
388 14
477 14
318 15
351 15
402 15
448 15
289 16
303 16
331 16
457 17
251 18
274 18
341 18
359 18
367 20
418 20
468 20
424 21
381 23
396 26
477 26
289 27
305 27
321 27
442 27
341 28
260 29
274 29
331 29
248 30
352 30
408 30
455 31
415 33
235 34
371 34
424 34
465 35
381 36
430 37
478 38
220 39
293 40
317 40
399 40
278 41
306 41
336 41
409 41
443 41
200 42
265 42
343 42
355 42
398 42
241 43
293 43
452 43
309 44
342 45
393 45
431 45
229 46
372 46
415 46
243 47
253 47
314 47
317 48
382 48
463 48
272 49
288 49
428 49
244 50
288 50
344 50
350 50
434 50
219 51
277 51
305 51
326 51
338 51
264 52
279 52
345 52
471 52
265 53
325 53
204 54
248 54
319 54
356 54
361 54
413 54
318 55
356 55
365 55
397 55
435 55
443 55
408 56
191 57
330 57
232 58
258 58
358 58
372 58
255 59
281 59
252 60
277 60
284 60
315 60
335 60
457 60
218 61
291 61
303 61
370 61
324 62
418 62
464 62
336 63
387 63
427 64
275 65
296 65
324 65
333 65
398 65
406 65
259 66
354 66
379 66
197 67
348 67
364 67
417 67
247 68
271 68
301 68
305 68
308 68
408 68
436 68
238 69
405 69
414 69
476 69
266 70
326 70
184 71
228 71
260 71
270 71
217 72
347 72
451 72
381 73
408 73
286 74
302 74
312 74
284 75
293 75
333 75
394 75
404 75
426 75
268 76
322 76
345 76
391 76
460 76
170 77
264 77
239 78
251 78
356 78
262 79
336 79
405 79
468 79
224 80
305 80
312 80
376 80
399 80
434 80
187 81
307 81
411 81
425 81
207 82
370 82
202 83
241 83
290 83
296 84
204 85
260 85
319 85
383 85
387 85
422 85
450 85
477 85
272 86
305 86
421 86
226 87
290 87
304 87
403 87
459 87
239 88
306 88
341 88
420 88
166 89
232 89
236 89
303 89
360 89
385 89
396 89
206 90
296 90
379 90
212 91
221 91
275 91
372 91
427 91
412 92
435 92
467 92
180 93
201 93
252 93
203 94
259 94
268 94
271 94
281 94
323 94
371 94
395 94
412 94
311 95
336 95
239 96
256 96
283 96
299 96
310 96
382 96
390 96
444 96
226 97
409 97
412 97
226 98
246 98
349 98
407 98
479 98
189 99
391 99
426 99
165 100
230 100
397 100
437 100
455 100
178 101
207 101
255 101
363 101
291 102
369 102
405 102
276 103
281 103
295 103
315 103
409 103
245 104
267 104
310 104
371 104
417 104
222 105
253 105
275 105
279 105
306 105
413 105
151 106
240 106
324 106
422 106
438 106
468 106
224 107
336 107
420 107
189 108
377 108
259 109
348 109
387 109
388 109
410 109
448 109
209 110
237 110
286 110
397 110
416 111
268 112
293 112
296 113
363 113
400 113
407 113
194 114
254 114
285 114
369 114
434 114
459 114
230 115
271 115
277 115
283 115
370 115
317 116
242 117
293 117
414 117
436 117
279 118
303 118
327 118
410 118
146 119
182 119
238 119
297 119
371 119
394 119
469 119
218 120
302 120
381 120
172 121
287 121
423 121
447 121
138 122
167 122
205 122
245 122
248 122
276 122
288 122
310 122
342 122
394 122
403 122
233 123
261 123
453 123
171 124
191 124
196 124
364 124
396 124
431 124
296 125
357 125
169 126
223 126
229 126
231 126
331 126
357 126
210 127
363 127
461 127
478 127
145 128
301 128
403 128
172 129
174 129
180 129
303 129
324 129
368 129
372 129
381 129
384 129
421 129
438 129
213 130
283 130
413 130
169 131
276 131
278 131
334 131
399 131
195 132
223 132
235 132
253 132
263 132
268 132
345 132
165 133
246 133
382 133
387 133
469 133
236 134
291 134
302 134
391 134
448 134
230 135
275 135
177 136
297 136
301 136
350 136
354 136
383 136
194 137
209 137
217 137
304 137
340 137
396 137
225 138
294 138
389 138
186 139
318 139
353 139
363 139
379 139
402 139
204 140
236 140
325 140
382 140
410 140
478 140
245 141
261 141
278 141
293 141
336 141
403 141
136 142
158 142
194 142
240 142
284 142
398 142
437 142
395 143
418 143
420 143
275 144
288 144
396 144
461 144
167 145
169 145
176 145
239 145
304 145
307 145
227 146
228 146
351 146
445 146
173 147
211 147
304 147
312 147
336 147
351 147
375 147
423 147
321 148
334 148
403 148
143 149
172 149
199 149
275 149
158 150
268 150
380 150
409 150
244 151
332 151
391 151
178 152
184 152
204 152
210 152
263 152
301 152
314 152
339 152
366 152
474 152
254 153
259 153
278 153
325 153
459 153
126 154
163 154
295 154
318 154
371 154
397 154
411 154
427 154
438 154
143 155
172 155
256 155
304 155
345 155
228 156
237 156
243 156
384 156
400 156
423 156
465 156
158 157
323 157
360 157
408 157
424 157
436 157
209 158
217 158
221 158
235 158
273 158
420 158
240 159
317 159
113 160
226 160
230 160
358 160
449 160
137 161
193 161
328 161
345 162
263 163
282 163
307 163
349 163
351 163
144 164
252 164
293 164
343 164
362 164
383 164
171 165
226 165
435 165
457 165
156 166
241 166
302 166
373 166
132 167
202 167
215 167
314 167
347 167
353 167
138 168
157 168
303 168
319 168
398 168
146 169
157 169
168 169
289 169
297 169
329 169
330 169
411 169
424 169
427 169
116 171
187 171
268 171
445 171
464 171
156 172
260 172
276 172
144 173
287 173
338 173
384 173
423 173
288 174
357 174
388 174
156 175
171 175
226 175
257 175
362 175
372 175
103 176
164 176
242 176
270 176
306 176
453 176
133 177
187 177
208 177
246 177
340 177
373 177
125 178
276 178
350 178
413 178
434 178
146 179
195 179
264 179
267 179
413 179
138 180
155 180
185 180
257 180
259 180
365 180
476 180
156 181
195 181
324 181
360 181
385 181
403 181
259 182
270 182
278 182
457 182
90 183
116 183
141 183
248 183
264 183
307 183
144 184
243 184
283 184
304 184
408 184
167 185
234 185
309 185
339 185
354 185
384 185
419 185
443 185
133 186
144 186
201 186
221 186
256 186
259 186
262 186
293 187
347 187
380 187
398 187
192 188
315 188
410 188
159 189
325 189
328 189
352 189
388 189
404 189
104 190
402 190
433 190
186 191
317 191
146 192
179 192
248 192
295 192
328 192
333 192
365 192
470 192
94 193
237 193
250 193
255 193
263 193
305 193
404 193
422 193
139 194
174 194
218 194
301 194
453 194
132 195
140 195
241 195
274 195
362 195
376 195
429 195
115 196
381 196
407 196
413 196
441 196
135 197
164 197
204 197
289 197
321 197
342 197
478 197
157 198
171 198
193 198
278 198
368 198
391 198
428 198
152 199
181 199
293 199
314 199
399 199
107 200
285 200
359 200
174 201
184 201
231 201
321 201
372 201
433 201
448 201
258 202
354 202
247 203
296 203
299 203
327 203
329 203
356 203
388 203
423 203
437 203
216 204
301 204
80 205
194 205
271 205
302 205
351 205
119 206
164 206
196 206
208 206
324 206
337 206
454 206
92 207
411 207
141 208
192 208
195 208
283 208
362 208
381 208
398 208
415 208
183 209
440 209
474 209
153 210
299 210
315 210
337 210
344 210
370 210
436 210
170 211
219 211
232 211
293 211
323 211
383 211
187 212
369 212
440 212
159 213
250 213
318 213
84 214
106 214
133 214
64 215
210 215
265 215
380 215
394 215
180 216
303 216
350 216
156 217
275 217
76 218
212 218
337 218
408 218
411 218
428 218
447 218
132 219
195 219
219 219
391 219
399 219
97 220
212 220
282 220
311 220
321 220
385 220
407 220
468 220
148 221
185 221
235 221
328 221
357 221
360 221
381 221
116 223
245 223
364 223
399 223
455 223
178 224
346 224
352 224
170 225
257 225
311 225
330 225
65 226
86 226
295 226
361 226
438 226
109 227
218 227
352 227
410 227
136 228
164 228
265 228
422 228
126 229
144 229
172 229
185 229
212 229
420 229
443 229
132 230
139 230
156 230
390 230
408 230
228 231
230 231
272 231
356 231
377 231
134 232
152 232
176 232
201 232
330 232
76 233
98 233
124 233
193 233
207 233
240 233
338 233
364 233
404 233
462 233
133 234
246 234
285 234
304 234
337 234
375 234
391 234
186 235
415 235
131 236
394 236
410 236
431 236
143 237
178 237
309 237
314 237
325 237
69 238
233 238
288 238
311 238
379 238
172 239
261 239
290 239
346 239
399 239
312 240
333 240
347 240
368 240
429 240
469 240
191 241
270 241
292 241
366 241
393 241
108 242
185 242
215 242
220 242
258 242
351 242
435 242
130 243
164 243
393 243
60 244
84 244
135 244
158 244
198 244
203 244
234 244
247 244
353 244
386 244
420 244
243 245
248 245
258 245
316 245
331 245
352 245
386 245
454 245
90 246
157 246
302 246
390 246
409 246
210 247
321 247
325 247
146 248
201 248
354 248
475 248
189 249
206 249
282 249
372 249
52 250
75 250
93 250
99 250
258 250
286 250
364 250
404 250
442 250
87 251
179 251
208 251
232 251
402 251
413 251
118 252
167 252
181 252
195 252
222 252
308 252
323 252
340 252
345 252
360 252
427 252
430 252
87 253
143 253
200 253
225 253
230 253
342 253
351 253
469 253
142 254
234 254
271 254
291 254
379 254
104 255
242 255
265 255
395 255
101 256
178 256
126 257
237 257
238 257
420 257
87 258
124 258
163 258
365 258
460 258
130 259
131 259
342 259
400 259
431 259
437 259
447 259
64 260
240 260
266 260
282 260
314 260
369 260
411 260
42 261
168 261
222 261
346 261
104 262
247 262
292 262
154 263
159 263
263 263
300 263
351 263
475 263
211 264
38 265
145 265
197 265
203 265
337 265
357 265
54 266
106 266
287 266
370 266
372 266
387 266
464 266
149 267
185 267
223 267
244 267
263 267
314 267
320 267
321 267
72 268
120 268
254 268
357 268
359 268
406 268
418 268
432 268
159 269
205 269
234 269
238 269
406 269
98 270
248 270
256 270
381 270
408 270
452 270
141 271
159 271
173 271
235 271
335 271
428 271
109 272
194 272
394 272
112 273
272 273
347 273
440 273
90 274
167 274
290 274
295 274
300 274
308 274
362 274
404 274
164 275
348 275
355 275
470 275
164 276
215 276
264 276
325 276
350 276
116 277
222 277
301 277
310 277
330 277
337 277
399 277
60 278
84 278
211 278
261 278
326 278
351 278
428 278
41 279
129 279
144 279
194 279
265 279
342 279
382 279
397 279
398 279
413 279
458 279
88 280
196 280
219 280
246 280
102 281
148 281
160 281
278 281
311 281
313 281
391 281
404 281
414 281
186 282
242 282
370 282
445 282
125 283
152 283
236 283
239 283
297 283
362 284
430 284
135 285
232 285
201 286
230 286
360 286
387 286
402 286
440 286
75 287
204 287
265 287
318 287
438 287
477 287
175 288
207 288
260 288
346 288
388 288
418 288
91 289
117 289
135 289
221 289
234 289
316 289
411 289
51 290
157 290
251 290
296 290
299 290
320 290
331 290
363 290
373 290
391 290
141 291
374 291
393 291
427 291
202 292
392 292
214 293
435 293
465 293
69 294
158 294
213 294
273 294
312 294
396 294
400 294
406 294
109 295
249 295
259 295
267 295
318 295
422 295
46 296
86 296
194 296
222 296
350 296
401 296
415 296
365 297
378 297
131 298
269 298
274 298
285 298
335 298
246 299
141 300
148 300
185 300
453 300
59 301
299 301
301 301
385 301
135 302
264 302
374 302
410 302
152 303
160 303
238 303
256 303
270 303
296 303
304 303
353 303
470 303
375 304
382 304
101 305
147 305
280 305
298 305
362 305
397 305
124 306
177 306
274 306
291 306
430 306
39 307
76 307
135 307
219 307
417 307
241 308
321 308
338 308
53 309
203 309
211 309
235 309
292 309
367 309
456 309
69 310
445 310
263 311
277 311
282 311
309 311
415 311
206 312
234 312
301 312
316 312
353 312
382 312
398 312
118 313
141 313
224 313
401 313
430 313
475 313
89 314
166 314
259 314
323 314
373 314
415 314
210 315
274 315
411 315
461 315
387 316
308 317
44 318
139 318
280 318
341 319
123 320
187 320
222 320
260 320
294 320
433 320
27 321
184 321
273 321
275 321
288 321
393 321
409 321
423 321
477 321
131 322
199 322
216 322
274 322
303 322
59 323
96 323
113 323
194 323
207 323
326 323
358 323
108 324
119 324
241 324
312 324
365 324
378 324
389 324
449 324
102 325
372 325
402 325
465 325
79 326
121 326
230 326
278 326
119 327
143 327
286 327
341 327
382 327
421 327
127 328
136 328
150 328
265 328
275 328
93 329
102 329
121 329
132 329
203 329
204 329
299 329
421 329
453 329
34 330
127 330
181 330
212 330
275 330
396 330
419 330
159 331
232 331
292 331
363 331
439 331
72 332
220 332
353 332
415 332
431 332
81 333
114 333
257 333
387 333
417 333
423 333
47 334
173 334
213 334
224 334
328 334
396 334
466 334
99 335
197 335
276 335
377 335
394 335
406 335
435 335
67 336
117 336
139 336
227 336
242 336
301 336
86 337
94 337
147 337
240 337
391 337
111 338
307 338
314 338
95 339
103 339
141 339
231 339
136 340
194 340
253 340
422 340
439 340
457 340
122 341
168 341
205 341
342 341
364 341
189 342
253 342
392 342
83 343
217 343
297 343
311 343
365 343
388 343
435 343
33 344
59 344
176 344
198 344
257 344
410 344
470 344
213 345
355 345
379 345
432 345
446 345
82 346
161 346
314 346
412 346
99 347
134 347
165 347
190 347
276 347
314 347
381 347
163 348
224 348
413 348
239 349
269 349
426 349
200 350
274 350
288 350
300 350
331 350
394 350
399 350
110 351
210 351
286 351
310 351
367 351
413 351
450 351
225 352
253 352
342 352
458 352
48 353
87 353
171 353
310 353
76 354
302 354
399 354
160 355
184 355
186 355
201 355
364 355
383 355
419 355
22 356
209 356
357 356
382 356
437 356
118 357
123 357
389 357
395 357
95 358
142 358
289 358
316 358
86 359
150 359
205 359
225 359
235 359
249 359
274 359
403 359
415 359
442 359
473 359
39 360
202 360
252 360
317 360
319 360
346 360
111 361
142 361
146 361
386 361
97 362
131 362
179 362
372 362
433 362
454 362
463 362
146 363
160 363
328 363
67 364
162 364
330 364
351 364
378 364
394 364
90 365
110 365
271 365
170 366
231 366
288 366
409 366
433 366
44 367
174 367
198 367
220 367
357 367
105 368
112 368
160 368
235 368
297 368
302 368
370 368
405 368
412 368
426 368
340 369
367 369
58 370
63 370
244 370
309 370
336 370
346 370
445 370
219 371
269 372
78 373
111 373
137 373
386 373
425 373
462 373
95 374
99 374
190 374
344 374
358 374
370 374
407 374
432 374
146 375
158 375
222 375
301 375
317 375
429 375
331 376
404 376
283 377
367 377
415 377
50 378
72 378
76 378
103 378
108 378
184 378
293 378
312 378
384 378
421 378
168 379
252 379
322 379
397 379
411 379
422 379
450 379
238 380
371 380
189 381
218 381
348 381
358 381
381 381
399 381
56 382
79 382
90 382
208 382
237 382
334 382
353 382
366 382
122 383
156 383
165 383
168 383
304 383
70 384
123 384
187 384
221 384
320 384
322 384
132 385
220 385
233 385
360 385
423 385
439 385
84 386
291 386
300 386
374 386
437 386
44 387
434 387
464 387
50 388
55 388
112 388
135 388
384 388
409 388
450 388
34 389
180 389
186 389
398 389
425 389
150 390
200 390
202 390
316 390
348 390
349 390
381 390
282 391
390 391
55 392
153 392
181 392
206 392
230 392
290 392
327 392
86 393
172 393
247 393
262 393
306 393
411 393
416 393
423 393
425 393
99 394
111 394
126 394
203 394
211 394
314 394
389 394
133 395
201 395
297 395
368 395
130 396
197 396
391 396
62 397
72 397
131 397
361 397
369 397
374 397
439 397
468 397
280 398
350 398
385 398
410 398
79 399
226 399
227 399
334 399
47 400
209 400
217 400
412 400
414 400
433 400
21 401
326 401
351 401
402 401
427 401
87 402
131 402
136 402
146 402
310 402
324 402
343 402
112 403
117 403
295 403
303 403
357 403
90 404
136 404
157 404
170 404
238 404
384 404
454 404
101 405
120 405
222 405
254 405
325 405
362 405
399 405
414 405
71 406
122 406
129 406
236 406
319 406
327 406
337 406
137 407
204 407
377 407
40 408
185 408
223 408
375 408
235 409
84 410
100 410
348 410
355 410
386 410
410 410
442 410
472 410
273 411
305 411
321 411
112 412
128 412
148 412
212 412
285 412
103 413
124 413
157 413
308 414
362 414
230 415
250 415
398 415
458 415
58 416
91 416
109 416
290 416
379 416
399 416
99 417
133 417
207 417
299 417
155 418
194 418
322 418
336 418
344 418
363 418
374 418
475 418
30 419
160 419
375 419
124 420
173 420
385 420
432 420
401 421
411 422
427 422
209 423
295 423
304 423
348 423
399 423
445 423
49 424
80 424
233 424
308 424
352 424
132 425
264 425
346 425
464 425
154 426
207 426
284 426
383 426
401 426
318 427
347 427
385 427
119 428
143 428
124 429
341 429
347 429
359 429
167 430
210 430
220 430
283 430
313 430
370 430
108 431
133 431
185 431
341 431
376 431
412 431
436 431
38 432
72 432
108 432
216 432
239 432
347 432
108 433
332 433
341 433
413 433
424 433
210 434
235 434
328 434
359 434
411 434
65 435
135 435
296 435
348 435
387 435
421 435
98 436
159 436
200 436
329 436
385 436
386 436
98 437
202 437
230 437
276 437
359 437
225 438
256 438
296 438
356 438
97 439
203 439
215 439
330 439
424 439
435 439
317 440
384 440
419 440
472 440
113 441
363 441
93 442
128 442
225 442
251 442
291 442
343 442
400 442
429 442
459 442
387 443
104 444
188 444
250 444
313 444
343 444
101 445
227 445
259 445
413 445
118 446
151 446
325 446
419 446
166 447
260 447
271 447
286 447
292 447
48 448
116 448
249 448
376 448
414 450
447 450
79 451
101 451
341 451
364 451
429 451
204 452
223 452
319 452
460 452
104 454
139 454
176 454
219 454
266 454
309 454
358 454
424 454
106 455
241 455
243 455
408 455
117 456
215 456
288 456
310 456
323 456
326 456
332 456
340 456
35 457
154 457
303 457
377 457
111 458
280 458
349 458
431 458
97 459
100 459
218 459
403 459
426 459
65 460
293 460
299 460
320 460
390 460
97 461
116 461
131 461
167 461
192 461
223 461
226 461
405 461
449 461
98 462
258 462
283 462
287 462
365 462
113 463
431 464
53 465
236 465
300 465
345 465
246 466
253 466
276 466
418 466
82 467
89 467
203 467
206 467
303 467
157 468
210 468
233 468
332 468
391 468
404 468
453 468
310 469
336 469
376 469
122 470
293 470
334 470
350 470
360 470
42 471
197 471
317 471
329 471
434 471
176 472
233 472
276 472
423 472
471 472
231 473
252 473
72 474
143 474
229 474
108 475
298 475
110 476
205 476
394 476
63 477
420 477
425 477
432 477
277 478
349 478
407 479
409 479
330 480
341 480
476 480
162 481
179 481
289 481
314 481
323 481
343 481
349 481
383 481
219 482
229 482
254 482
357 482
395 482
408 482
436 482
461 482
52 483
94 483
200 483
266 483
359 483
367 483
375 483
122 484
198 484
93 485
110 485
344 485
387 485
90 486
129 486
169 486
176 486
351 486
393 486
239 487
267 487
269 487
306 487
344 487
396 487
104 488
164 488
180 488
259 488
283 488
325 488
200 489
235 489
266 489
79 490
91 490
198 490
270 490
382 490
385 490
455 490
224 491
258 491
266 491
413 491
445 491
110 492
143 492
153 492
250 492
370 492
383 492
119 493
313 493
169 494
172 494
228 494
230 494
320 494
352 494
469 494
64 495
264 495
277 495
55 496
82 496
163 496
227 496
299 496
402 496
138 497
337 497
387 497
107 498
109 498
188 498
291 498
373 498
417 498
104 499
211 499
224 499
316 499
432 499
194 500
315 500
360 500
363 500
97 501
111 501
170 501
195 501
318 501
459 501
244 502
293 502
107 503
299 503
378 503
406 503
89 504
152 504
247 504
251 505
275 505
374 505
391 505
393 505
266 506
76 507
216 507
242 507
266 507
307 507
340 507
172 508
233 508
253 508
291 508
330 508
397 508
211 509
357 509
425 509
107 510
139 510
182 510
226 510
257 510
304 510
440 510
467 510
60 511
126 511
150 511
238 511
379 511
390 511
399 511
413 511
160 512
169 512
183 512
235 512
308 512
396 512
212 513
283 513
284 513
355 513
367 513
333 514
372 514
388 514
434 514
93 515
115 515
128 515
204 515
323 515
209 516
227 516
352 516
456 516
92 517
114 517
153 517
203 517
226 517
274 517
332 517
211 518
298 518
341 518
159 519
253 519
268 519
354 519
403 519
189 520
295 520
189 521
276 521
369 521
440 521
199 522
218 522
219 522
433 522
66 523
151 523
191 523
234 523
274 523
386 523
358 524
380 524
414 524
186 525
234 525
312 525
140 526
158 526
243 526
385 526
392 526
417 526
470 526
131 528
266 528
268 528
330 528
347 528
436 528
128 529
177 529
210 529
286 529
448 529
175 530
237 530
423 530
109 531
198 531
266 531
401 531
93 532
151 532
167 532
176 532
300 532
138 533
438 533
164 534
337 534
363 534
370 534
477 534
150 535
396 535
453 535
131 536
387 536
193 537
195 537
225 537
235 537
258 537
322 537
366 537
418 537
137 538
152 538
397 538
410 538
422 538
436 538
132 539
249 539
367 539
179 540
182 540
239 540
290 540
357 540
396 540
461 540
185 541
230 541
235 541
381 541
198 542
204 542
271 542
348 542
391 542
440 542
86 543
125 543
141 543
267 543
389 543
397 543
403 543
470 543
243 544
282 544
70 545
101 545
216 545
254 545
419 545
112 546
189 546
222 546
339 546
398 546
443 546
201 547
238 547
263 547
275 547
367 547
185 548
229 548
268 548
312 548
411 548
414 548
365 549
157 550
189 550
227 550
163 551
173 551
207 551
245 551
448 551
135 552
228 552
250 552
301 552
328 552
176 553
232 553
378 553
394 553
429 553
475 553
156 554
227 554
254 554
377 554
165 555
398 555
399 555
140 556
204 556
286 556
388 556
226 557
250 557
350 557
418 557
173 558
407 558
439 558
364 559
459 559
338 560
415 560
312 561
314 561
342 561
71 562
90 562
118 562
239 562
395 562
208 563
273 563
340 563
106 564
217 564
325 565
470 565
127 566
285 566
423 566
183 567
212 567
261 567
271 567
301 567
447 567
135 568
229 568
319 568
371 568
384 568
399 568
154 569
170 569
147 570
289 570
399 570
247 571
267 571
433 571
356 572
257 573
304 573
410 573
267 574
269 574
284 574
344 574
459 574
278 575
398 575
475 575
237 577
420 577
261 578
321 578
438 578
91 579
221 579
333 579
115 580
200 581
307 581
147 582
334 582
131 583
139 583
164 583
298 583
315 583
394 583
446 583
468 583
180 584
252 584
260 585
291 585
213 586
342 586
387 586
282 587
372 587
455 587
370 588
381 588
276 589
355 589
228 590
354 590
374 590
387 590
401 590
414 590
220 591
256 591
298 591
342 591
225 592
321 592
332 592
391 592
429 592
476 592
201 593
294 593
330 593
197 594
228 594
317 594
362 594
210 595
240 595
366 595
231 596
306 596
439 596
462 596
241 597
323 597
120 598
138 599
227 599
373 599
292 600
357 600
380 600
153 601
275 601
358 601
445 601
473 601
164 602
371 602
401 602
389 603
176 604
415 605
187 607
206 608
336 608
463 609
240 610
298 610
321 610
222 611
232 611
352 611
313 612
435 613
468 613
364 614
376 614
262 615
166 617
387 617
442 617
476 617
186 618
275 618
395 618
285 619
454 620
199 621
215 622
296 623
307 623
405 623
233 625
322 625
418 626
332 627
340 627
245 628
429 629
181 631
257 631
352 631
440 631
192 632
366 632
376 632
271 634
385 635
283 636
408 636
222 637
397 637
