137 2
363 2
288 3
232 4
467 4
332 5
168 6
418 6
476 6
396 8
267 9
70 11
157 12
205 13
373 13
316 14
52 16
255 17
356 17
109 18
192 18
143 19
454 19
473 19
293 21
431 21
334 22
235 23
175 24
408 24
41 25
87 26
129 26
391 26
320 27
374 27
221 28
277 29
313 30
211 32
160 33
14 34
113 34
197 35
261 35
477 35
462 36
407 38
444 38
248 39
392 39
424 39
146 40
344 40
63 41
345 41
373 41
93 42
327 42
329 42
269 43
316 43
236 44
188 45
315 45
349 45
382 45
167 46
415 46
182 47
286 47
330 47
45 48
281 48
295 48
86 49
94 49
129 49
173 49
227 49
320 49
395 50
435 50
327 51
414 51
169 52
325 52
258 53
338 53
400 53
437 53
116 54
214 54
267 54
283 54
348 54
382 54
422 54
116 55
191 55
458 55
473 55
403 56
417 56
202 57
344 57
357 57
253 58
368 58
74 59
298 59
347 59
124 60
128 60
247 60
252 60
329 60
332 60
369 60
176 61
379 61
381 61
111 62
126 62
318 62
147 63
102 64
182 64
199 64
304 64
428 64
307 65
419 65
182 66
241 66
294 66
349 66
22 67
307 67
400 67
262 68
395 68
131 69
138 69
56 70
115 70
121 70
128 70
281 70
97 71
129 71
153 71
369 71
89 72
306 72
393 72
423 72
270 73
345 73
363 73
409 73
441 73
99 74
164 74
295 74
471 74
126 75
213 75
85 76
99 76
197 76
256 76
261 76
379 76
114 77
153 77
265 77
349 77
362 77
159 78
310 78
340 78
346 78
107 79
333 79
135 80
256 80
282 80
297 80
326 80
180 81
59 82
174 82
178 82
198 82
210 82
51 83
135 83
237 83
438 83
196 84
60 85
64 85
93 85
298 85
300 85
429 85
83 86
104 86
139 86
105 87
138 87
400 87
412 87
39 88
225 88
271 88
421 88
422 88
91 89
190 89
224 89
249 89
434 89
450 89
48 90
192 90
330 90
476 90
103 91
109 91
268 91
381 91
431 91
466 91
165 92
305 92
87 93
234 93
277 93
317 93
371 93
406 93
98 94
260 94
29 95
52 95
161 95
163 95
194 95
208 95
232 95
244 95
261 95
113 96
210 96
266 96
358 96
304 97
414 97
42 99
78 99
96 99
124 99
199 99
233 99
46 100
93 100
98 100
294 100
208 101
243 101
268 101
292 101
303 101
20 102
147 102
279 102
446 102
74 103
409 103
422 103
438 103
454 103
428 104
437 104
180 105
261 105
275 105
332 105
416 105
471 105
125 106
218 106
225 106
389 106
413 106
109 107
240 107
107 108
132 108
157 108
368 109
262 110
316 110
415 110
133 111
165 111
274 111
59 112
137 112
150 112
180 112
308 112
99 113
158 113
210 113
300 113
433 113
248 114
353 114
4 115
141 115
175 115
185 115
197 115
271 115
51 116
187 116
201 116
440 116
71 117
219 117
265 117
305 117
391 117
429 117
461 117
123 118
235 118
253 118
315 118
339 118
412 118
106 119
143 120
195 120
372 120
402 120
40 121
87 121
328 121
364 121
143 122
188 122
233 122
272 122
389 122
166 123
376 123
117 124
222 124
306 125
390 125
125 126
134 126
164 126
186 126
238 127
258 127
262 127
342 127
408 127
166 128
208 128
53 129
156 129
192 129
209 129
333 129
75 130
445 130
173 131
231 131
292 131
301 131
354 131
374 131
390 131
398 131
417 131
27 132
236 132
258 132
406 132
437 132
460 132
474 132
94 133
106 133
128 133
423 133
194 134
276 134
355 134
202 135
332 135
118 136
131 136
356 136
408 136
134 137
393 137
218 138
254 138
321 138
384 138
260 139
263 139
353 139
413 139
96 140
159 140
379 140
198 141
251 142
49 143
197 143
336 143
394 143
8 144
47 144
177 144
233 144
304 144
426 144
91 145
121 145
128 145
139 146
251 146
293 146
439 146
70 147
86 147
266 147
371 147
424 147
48 148
85 148
282 148
359 148
397 149
450 149
460 149
144 150
193 150
310 150
360 150
436 150
477 150
41 151
161 151
221 151
381 151
238 152
243 152
264 152
272 152
137 153
140 153
250 153
338 153
109 154
325 154
347 154
380 154
388 154
137 155
373 155
130 156
196 156
246 156
273 156
178 157
238 157
243 157
303 157
306 157
88 158
202 159
343 159
358 159
55 160
167 160
232 160
300 160
346 160
59 161
94 162
148 162
284 162
353 162
417 162
426 162
439 162
451 162
22 163
395 163
415 163
422 163
434 163
119 164
168 164
284 164
341 164
377 164
402 164
416 164
468 164
138 165
184 165
351 165
156 167
141 168
98 169
218 169
265 169
298 169
409 169
83 170
146 170
188 170
292 170
336 170
70 171
185 171
319 171
40 172
55 172
107 172
216 172
424 172
218 173
308 173
412 173
6 174
151 174
202 174
211 174
302 174
136 175
180 175
241 175
253 175
291 175
126 176
158 176
176 176
390 176
64 177
102 177
150 177
430 177
447 177
464 177
292 178
356 178
408 178
419 178
65 179
228 179
276 179
372 179
30 180
352 180
91 181
116 181
228 181
437 181
62 182
90 182
191 182
310 183
136 184
158 184
160 184
161 184
198 184
205 184
134 185
402 185
24 186
117 186
262 186
295 186
321 186
128 187
215 187
325 187
78 188
48 189
121 189
179 189
230 189
155 190
248 190
294 190
304 190
404 190
436 190
100 191
149 191
204 191
55 192
372 192
419 192
424 192
289 193
355 193
458 193
233 194
303 194
355 194
473 194
165 195
289 195
139 196
140 196
192 196
334 196
411 196
424 196
92 197
110 197
150 197
190 197
273 197
325 197
338 197
406 197
108 198
225 198
326 198
12 199
63 199
82 199
87 199
167 199
240 199
336 199
73 200
178 200
218 201
313 201
181 202
182 202
36 203
129 203
249 203
280 203
297 203
100 205
150 205
381 205
392 205
413 205
76 206
205 206
25 207
154 207
365 207
433 207
443 207
129 208
182 208
285 208
241 209
275 209
335 210
467 210
353 211
165 212
191 212
228 212
273 212
48 213
123 213
135 213
189 213
320 213
431 213
164 214
436 214
111 215
123 215
305 215
261 216
85 217
140 217
219 217
258 217
399 217
414 217
343 218
431 218
64 219
124 219
177 219
340 220
381 220
420 220
425 220
433 220
33 221
135 221
163 221
249 221
368 221
324 222
7 223
96 223
192 223
420 223
464 223
76 224
144 224
210 224
241 224
321 224
353 224
184 225
116 226
271 226
356 226
162 227
185 227
344 227
52 228
162 228
269 228
345 228
234 229
258 230
25 231
253 231
332 231
347 231
381 231
402 231
424 231
130 232
176 232
269 232
286 232
294 232
332 233
444 233
106 234
196 234
198 234
277 234
279 234
454 234
245 235
247 235
362 235
62 237
318 237
343 237
467 237
78 238
224 238
18 239
256 239
354 239
142 240
144 240
165 240
187 240
189 240
93 241
135 241
163 241
262 241
264 241
33 242
117 242
190 242
402 242
410 242
413 242
215 243
304 243
345 243
389 243
421 243
279 244
282 244
332 244
432 244
92 245
135 245
438 245
8 246
103 246
204 246
284 246
330 246
364 246
375 246
443 246
97 247
155 247
189 247
302 247
106 248
242 248
271 248
411 248
86 249
108 249
135 249
456 249
48 250
328 250
339 250
84 251
95 251
124 251
343 251
354 251
433 251
475 251
145 252
174 252
218 252
100 253
166 253
181 253
198 253
431 254
94 255
112 255
148 255
197 255
267 255
312 255
352 255
384 255
407 255
416 255
247 256
20 257
40 257
242 257
266 257
290 257
401 257
405 257
427 257
443 257
97 258
124 258
185 258
251 258
261 258
271 258
58 259
69 259
219 259
80 260
136 260
158 260
236 260
309 260
358 260
460 260
360 261
103 262
209 262
258 262
348 262
436 262
99 263
245 263
266 263
286 263
311 263
12 264
42 264
109 264
241 264
471 264
73 265
153 265
364 265
375 265
74 266
350 266
174 267
324 267
336 267
198 268
390 268
29 269
44 269
80 269
262 269
273 269
204 270
227 270
323 270
402 270
51 271
96 271
100 271
146 271
417 271
440 271
5 273
55 273
261 273
304 273
420 273
252 274
416 274
449 274
83 275
121 275
187 275
299 275
65 276
170 276
282 276
288 276
116 277
209 277
357 277
426 277
458 277
94 279
188 279
472 279
21 280
60 280
110 280
157 280
348 280
352 280
362 280
435 280
41 281
58 281
134 281
240 281
310 281
373 281
438 281
174 282
201 282
308 282
338 282
398 282
129 283
160 283
271 283
330 283
87 284
114 284
122 284
412 284
43 285
153 285
314 285
210 286
228 286
406 286
108 287
14 288
75 288
88 288
167 288
189 288
256 288
309 288
429 288
296 289
409 289
159 290
207 290
31 291
101 291
451 291
92 292
120 292
190 292
311 292
369 292
423 292
215 293
49 294
138 294
154 294
288 294
353 294
399 294
208 295
242 295
374 295
390 295
404 295
465 295
159 296
176 296
344 296
380 296
68 297
276 297
332 297
364 297
414 297
376 298
421 298
4 299
198 299
267 299
433 299
146 300
295 300
82 301
118 301
211 301
284 301
217 302
407 302
23 303
302 303
441 303
73 304
177 304
260 304
436 304
62 305
198 305
227 305
294 305
453 305
148 306
200 306
369 306
86 307
119 307
150 307
152 307
182 307
225 307
318 307
38 308
200 308
412 308
43 309
82 309
86 309
198 309
465 309
103 310
125 310
282 310
305 310
354 310
365 310
221 311
248 311
473 311
139 312
223 312
288 312
328 312
341 312
385 312
16 313
165 313
314 313
143 314
158 314
375 314
394 314
46 315
56 315
78 315
231 315
239 315
309 315
394 315
441 315
478 315
126 316
194 316
269 316
285 316
433 316
116 317
137 317
317 317
152 318
170 318
392 318
111 319
170 319
307 319
88 320
137 320
304 320
278 321
459 321
28 322
70 322
92 322
185 322
228 322
261 322
421 322
9 323
253 323
321 323
402 323
64 324
67 324
139 324
144 324
204 324
291 324
128 325
162 325
253 325
293 325
337 325
350 325
361 325
380 325
437 325
471 325
45 326
131 326
372 326
145 327
207 327
215 327
320 327
110 328
187 328
279 328
382 328
407 328
268 329
287 329
426 329
246 330
392 330
415 330
448 330
88 331
217 331
315 331
62 332
172 332
185 332
194 332
271 332
281 332
394 332
20 333
78 333
253 333
268 333
455 333
103 334
170 334
210 334
381 334
387 334
189 335
201 335
394 335
33 336
81 336
122 336
149 336
214 336
320 336
385 336
75 337
100 337
177 337
316 337
337 337
466 337
134 338
139 338
152 338
165 338
208 338
282 338
306 338
348 338
324 339
361 339
76 340
157 340
187 340
214 340
259 340
267 340
375 340
368 341
404 341
427 341
441 341
476 341
55 342
174 342
286 342
298 342
10 343
209 343
64 344
79 344
237 344
261 344
404 344
94 345
114 345
123 345
387 345
395 345
456 345
146 346
422 346
42 347
225 347
180 348
77 349
200 349
257 349
27 350
101 350
343 350
73 351
326 351
395 351
45 352
154 352
314 352
414 352
129 353
130 353
220 353
442 353
468 353
141 354
245 354
291 354
394 354
416 354
3 355
173 355
227 355
368 355
438 355
88 356
98 356
191 356
53 357
67 357
133 357
140 357
285 357
295 357
425 357
64 358
201 358
228 358
279 358
19 359
105 359
151 359
192 359
214 359
43 360
423 360
188 361
239 361
380 361
89 362
127 362
131 362
183 362
409 362
107 363
123 363
145 363
187 363
352 363
40 364
273 364
434 364
87 365
133 365
390 365
412 365
437 365
164 366
317 366
16 367
80 367
100 367
336 367
59 368
129 368
233 368
313 368
383 368
419 369
181 370
211 370
262 370
408 370
78 371
103 371
135 371
210 371
285 371
119 372
198 372
295 372
317 372
179 373
334 373
65 374
114 374
150 374
177 374
368 374
363 375
424 375
427 375
439 375
159 376
196 376
330 376
31 377
57 377
94 377
138 377
299 377
306 377
326 377
403 377
161 378
180 378
187 378
352 378
383 378
230 379
286 379
357 379
399 379
227 380
466 380
9 381
75 381
177 381
64 382
149 382
384 382
389 382
90 383
120 383
128 383
133 383
434 383
71 384
147 384
157 384
174 384
190 384
224 384
378 384
102 385
110 385
112 385
155 385
280 385
371 385
382 385
406 385
423 385
140 386
205 386
326 386
401 386
415 386
456 386
250 387
366 387
46 388
199 388
316 388
339 388
399 388
24 389
317 389
476 389
84 390
4 391
172 391
343 391
347 392
377 392
409 392
135 393
139 393
273 393
310 393
347 393
424 393
44 394
105 394
179 394
372 394
71 395
84 395
153 395
169 395
202 395
230 395
246 395
296 395
464 395
407 396
413 396
444 396
59 397
121 397
185 397
335 397
392 397
48 398
221 398
379 398
2 399
37 399
72 399
427 399
133 400
270 400
361 401
378 401
420 401
85 402
166 402
329 402
365 402
124 403
202 403
357 403
468 403
163 404
232 404
380 404
49 405
147 405
191 405
201 405
359 405
187 406
342 406
416 406
52 407
79 407
83 407
85 407
174 407
409 407
453 407
15 408
67 408
121 408
130 408
172 408
252 408
289 408
309 408
438 408
474 408
96 409
114 409
134 409
398 409
425 409
31 410
146 410
161 410
229 410
379 410
162 411
73 412
178 412
220 413
341 413
386 413
399 413
420 413
128 414
242 414
299 414
338 414
340 414
439 414
61 415
77 415
323 415
429 415
149 416
199 416
359 416
478 416
94 417
105 417
181 417
325 417
462 417
109 418
142 418
342 418
63 419
129 419
381 419
24 420
238 420
259 420
399 420
422 420
52 421
109 421
434 421
177 422
219 422
252 422
381 422
413 422
115 423
130 423
196 423
344 423
5 424
42 424
58 424
105 424
160 424
354 424
44 425
344 425
392 425
124 426
146 426
203 426
280 426
53 427
184 427
363 427
380 427
403 427
432 427
467 427
19 428
86 428
134 428
197 428
408 428
420 428
446 428
249 429
290 429
325 429
92 430
140 430
70 431
120 431
305 431
329 431
349 431
368 431
427 431
84 432
218 432
352 432
313 433
108 434
180 434
358 434
178 435
258 435
415 435
94 436
122 436
163 436
338 436
407 436
471 436
44 437
108 437
158 437
261 437
32 438
335 438
381 438
124 439
138 439
408 439
61 440
211 440
238 440
243 440
269 440
376 440
451 440
146 441
372 441
419 441
154 442
301 442
313 442
328 442
384 442
415 442
61 443
108 443
197 443
225 443
93 444
220 444
473 444
237 445
317 445
383 445
397 445
73 446
283 446
324 446
401 446
12 447
47 447
88 447
121 447
155 447
174 447
314 447
376 447
435 447
88 448
143 448
239 448
244 448
301 448
351 448
399 448
455 448
44 449
65 449
123 449
292 449
374 449
382 449
303 450
418 450
55 451
136 451
157 451
398 451
293 452
367 452
26 453
84 453
227 453
104 454
368 454
438 454
476 454
51 455
59 455
256 455
63 456
202 456
361 456
397 456
86 457
152 457
177 457
340 457
393 457
57 458
300 458
411 458
78 459
98 459
129 459
224 459
367 459
114 460
265 460
298 460
396 460
461 460
479 460
280 461
68 462
246 462
270 462
332 462
380 462
6 463
39 463
23 464
47 464
133 464
234 464
385 464
419 464
360 465
97 466
237 466
316 466
99 467
150 467
212 467
243 467
324 467
396 467
441 467
54 468
82 469
92 469
180 469
280 469
309 469
405 469
131 470
147 470
163 470
51 471
71 471
114 471
244 471
361 471
375 471
289 472
259 473
269 473
294 473
414 473
460 473
92 474
98 474
134 474
193 474
254 474
276 474
351 474
370 474
404 474
430 474
441 474
64 475
17 476
312 476
148 477
257 477
427 477
33 478
49 478
117 478
296 478
392 478
342 479
90 480
386 480
52 481
88 481
192 481
200 481
221 481
424 481
443 481
97 482
110 482
151 482
219 482
227 482
395 482
79 483
109 483
168 483
309 483
411 483
53 484
55 484
164 484
78 485
123 485
331 485
358 485
463 485
13 486
61 486
228 486
67 487
184 487
199 487
275 487
292 487
366 488
398 488
142 489
353 489
94 490
378 490
440 490
54 491
158 491
205 491
318 491
400 491
91 492
141 492
228 492
120 493
233 493
242 493
317 493
347 493
393 493
408 493
76 494
153 494
228 494
231 494
301 494
39 495
43 495
54 495
116 495
138 495
171 495
371 495
290 496
458 496
181 497
293 497
91 498
159 498
168 498
189 498
342 498
422 498
24 499
250 499
438 499
7 500
109 500
169 500
119 501
125 501
214 501
386 501
172 502
335 502
233 503
313 503
362 503
139 504
327 504
401 504
455 504
74 505
224 505
311 505
381 505
112 506
200 506
41 507
144 507
263 507
290 507
358 507
91 508
108 508
194 508
298 508
435 508
470 508
103 509
124 509
158 509
229 509
233 509
277 509
302 509
317 509
339 509
413 509
47 510
59 510
93 510
109 510
185 510
295 510
354 510
42 511
48 511
54 511
152 511
316 511
375 511
51 512
321 512
69 513
346 513
370 513
373 513
98 514
165 514
177 514
354 514
453 514
106 515
286 515
19 516
140 516
168 516
389 516
171 517
201 517
209 517
92 518
139 518
160 518
343 518
346 518
32 519
81 519
93 519
213 519
227 519
73 520
133 520
310 520
385 521
407 521
111 522
185 522
229 522
335 522
115 523
164 523
347 523
89 524
206 524
230 524
298 524
318 524
334 524
361 524
428 524
58 525
216 525
239 525
157 526
194 526
284 526
304 526
399 526
412 526
466 526
269 527
395 527
446 527
43 528
129 528
304 528
320 528
103 529
132 529
144 529
195 529
254 529
260 529
328 529
82 530
422 530
425 530
436 530
10 531
169 531
325 531
408 531
188 532
245 532
384 532
113 533
172 533
228 533
230 533
356 533
391 533
407 533
207 534
349 534
369 534
68 535
204 535
440 535
455 535
475 535
97 536
126 536
202 536
38 537
261 537
284 537
417 537
214 538
220 538
307 538
321 538
100 539
132 539
286 539
314 539
341 539
365 539
400 539
20 540
150 540
179 540
429 540
167 541
381 541
396 541
83 542
264 542
279 542
349 542
430 542
112 543
114 543
172 543
186 543
192 543
232 543
295 543
320 543
332 543
469 543
335 544
421 544
432 544
447 544
52 545
99 545
314 545
339 545
369 545
279 546
297 546
410 546
207 547
222 547
263 547
203 548
249 548
354 548
371 548
158 549
181 549
214 549
230 549
234 549
385 549
390 549
426 549
34 550
128 550
373 550
140 551
206 551
324 551
90 552
190 552
174 553
197 553
424 553
189 554
219 554
249 554
310 554
360 554
436 554
68 555
274 555
330 555
403 555
82 556
167 556
192 556
341 556
362 556
464 556
13 557
49 557
122 557
128 557
226 557
353 557
369 557
151 558
173 558
230 558
312 558
359 558
449 558
205 559
216 559
220 559
294 559
394 559
112 560
120 560
193 560
279 560
357 560
377 560
30 561
151 561
244 561
355 561
101 562
108 562
140 562
195 562
307 562
337 562
152 563
297 563
351 564
355 564
416 564
479 564
208 565
224 565
394 565
242 566
257 566
280 566
107 567
167 567
180 567
217 567
105 568
347 568
383 568
127 569
164 569
327 569
340 569
457 569
4 570
381 570
414 570
438 570
85 571
210 571
229 571
265 571
365 571
103 572
137 572
189 572
256 572
309 572
406 572
23 573
98 573
119 573
155 573
344 573
359 573
434 573
47 574
215 574
289 574
339 574
380 574
418 575
310 576
353 576
451 576
66 577
111 577
168 578
197 578
215 578
276 578
322 578
421 578
471 578
159 579
287 579
349 579
428 579
89 580
95 580
242 580
255 580
263 580
289 580
352 580
370 580
149 581
215 581
302 581
394 581
147 582
259 582
88 583
369 583
118 584
153 584
333 584
348 584
322 585
329 585
368 585
406 585
425 585
181 586
289 586
302 586
365 586
442 586
162 587
461 587
41 588
15 589
116 589
153 589
176 589
189 589
382 589
118 590
129 590
135 590
201 590
312 590
314 590
341 590
420 590
136 591
156 592
396 592
73 593
98 593
196 593
263 593
150 594
201 594
267 594
88 595
212 595
332 595
373 595
433 595
197 596
204 596
244 596
305 596
309 596
355 596
453 596
56 597
91 597
164 597
191 597
228 597
258 597
398 597
246 598
393 598
332 599
4 600
34 600
108 600
118 600
341 600
473 600
289 601
321 601
343 601
385 601
410 601
281 603
363 603
423 604
54 605
134 605
266 605
443 605
189 606
400 608
465 608
375 609
154 610
196 610
214 610
223 610
236 610
252 610
24 611
297 611
329 611
348 611
95 612
111 615
180 615
284 615
366 615
412 615
320 616
432 616
453 617
66 618
16 619
268 620
466 620
40 621
133 621
335 621
386 621
305 622
361 622
6 623
251 623
423 623
477 623
204 624
237 624
404 624
150 625
170 625
294 625
463 625
97 627
183 627
221 627
349 627
438 627
323 629
24 632
118 632
275 632
341 632
371 632
413 632
454 632
15 633
132 634
427 635
470 635
259 636
68 638
331 638
80 639
153 639
218 639
236 639
