331 1
155 2
195 2
471 2
373 3
101 6
308 6
366 7
454 7
263 9
138 11
356 11
178 12
423 12
218 13
91 14
293 14
398 14
133 15
168 17
339 18
247 19
285 19
123 20
466 20
324 21
376 21
204 22
275 22
436 23
452 23
72 24
236 24
305 24
264 25
364 25
418 26
411 27
148 28
299 28
107 30
191 31
325 33
392 33
221 34
247 35
464 35
136 36
376 36
320 37
52 38
101 38
443 38
422 39
177 40
275 40
153 41
169 41
278 41
89 42
222 42
231 42
399 42
121 43
237 43
221 44
370 45
381 45
84 46
122 46
166 46
228 46
262 46
354 46
355 46
463 46
472 46
278 47
298 47
143 48
179 49
192 49
338 50
129 51
178 51
203 51
254 51
279 51
284 51
382 51
443 51
117 52
154 52
161 52
306 52
365 52
427 52
108 53
194 53
65 54
121 54
199 54
242 54
275 54
329 55
377 55
381 55
136 56
195 56
203 56
269 56
312 56
322 56
402 56
152 57
177 57
264 57
271 57
290 57
207 58
239 58
151 59
172 59
258 59
460 59
146 60
231 60
381 60
49 61
102 61
310 61
444 61
123 62
137 62
165 62
254 62
290 62
304 62
137 63
179 63
182 63
230 64
245 64
368 64
178 65
225 65
90 66
343 66
352 66
283 67
37 68
162 68
328 68
165 69
211 69
219 69
217 70
242 70
250 70
333 70
478 70
305 72
318 72
469 72
144 73
146 73
75 74
201 74
211 74
258 74
357 74
395 74
114 75
154 75
320 75
380 75
227 76
267 76
373 76
144 77
191 77
171 78
308 78
437 78
105 79
225 79
254 79
305 79
252 81
363 82
296 83
328 83
417 83
59 84
98 84
119 84
136 84
179 85
211 85
339 85
385 85
390 86
398 86
91 87
289 88
385 88
388 88
402 88
204 89
272 89
377 89
163 90
327 90
362 90
381 90
455 90
328 91
461 91
105 92
124 92
245 92
265 92
276 92
411 92
442 92
230 93
428 93
327 94
348 94
83 95
276 95
316 95
364 95
426 95
90 96
187 96
250 96
272 96
431 96
305 97
74 98
79 98
216 99
339 99
341 99
362 99
410 99
108 100
395 100
26 101
358 101
378 101
327 102
391 102
66 103
143 103
251 103
274 103
103 104
251 104
459 104
60 105
113 105
292 105
477 105
23 106
377 106
440 106
285 107
445 107
334 108
352 108
231 109
327 109
406 109
430 109
194 110
250 110
323 110
273 111
427 111
91 112
117 112
396 112
413 112
172 113
179 113
314 113
384 113
88 114
164 115
269 115
327 115
362 115
46 116
274 116
350 116
427 116
255 118
340 118
431 118
83 119
115 119
452 120
69 121
186 121
240 121
150 122
201 122
225 122
34 123
108 123
169 123
221 123
197 124
228 124
356 124
389 124
405 124
439 124
48 125
73 125
84 125
153 125
334 125
418 125
28 126
70 126
81 126
104 126
207 126
370 126
131 127
195 127
324 127
421 128
151 129
66 130
136 130
165 130
413 130
306 131
172 132
312 132
210 133
254 133
22 134
202 134
299 134
401 134
426 134
59 135
64 135
92 135
228 135
53 136
189 136
288 136
439 136
450 136
465 136
95 137
433 137
476 137
74 138
100 138
122 138
199 138
203 138
362 138
53 139
160 139
232 139
237 139
160 140
203 140
238 140
274 140
397 140
424 140
434 140
138 141
346 141
62 142
82 142
134 142
206 142
240 142
114 143
221 143
334 143
53 144
63 144
108 144
258 144
322 144
43 145
182 145
199 145
218 145
126 146
142 146
307 146
39 147
46 147
96 147
194 147
214 147
77 148
447 148
226 149
245 149
35 150
103 150
137 151
148 151
189 151
202 151
84 152
168 152
291 152
68 153
137 153
168 153
470 153
30 154
210 154
222 154
366 154
379 154
397 154
64 155
126 155
235 155
351 155
402 155
139 156
168 156
278 156
330 156
267 157
418 157
427 157
54 158
119 158
177 158
239 158
438 158
315 159
421 159
59 160
186 160
227 160
101 161
187 161
114 162
116 162
152 162
430 162
187 163
459 163
12 164
18 164
119 164
252 164
110 165
294 165
298 165
383 165
232 166
346 166
369 166
423 166
425 166
436 166
209 167
354 167
476 167
252 168
424 168
435 168
437 168
44 169
237 169
339 169
409 169
41 170
108 170
320 170
197 171
227 171
113 172
132 172
273 172
420 172
432 172
45 173
73 173
95 173
163 173
224 173
261 174
336 174
442 174
81 175
268 175
295 176
330 176
339 176
417 176
184 177
203 177
236 177
250 177
317 177
437 177
455 177
294 178
430 178
33 179
93 179
180 180
405 180
71 181
78 181
113 181
212 181
362 181
377 181
382 181
169 182
239 182
349 182
377 182
391 182
474 182
339 183
340 183
346 183
43 184
101 184
176 184
227 184
240 184
258 184
268 184
303 184
417 184
27 185
172 185
311 185
18 186
111 186
142 186
238 186
408 186
65 187
71 187
93 187
216 187
266 187
287 187
268 188
424 188
61 189
65 189
134 189
433 189
438 189
57 190
198 190
224 190
15 191
162 191
191 191
256 191
279 191
395 191
397 191
95 192
248 192
319 192
446 192
297 193
398 193
245 194
93 195
95 195
166 195
211 195
366 195
405 195
120 196
282 196
353 196
370 196
381 196
462 196
114 197
122 197
163 197
339 197
385 197
41 198
150 198
276 198
383 198
386 198
99 199
120 199
267 199
394 199
412 199
40 200
47 200
184 200
203 200
240 200
317 200
369 200
472 200
85 201
253 201
280 201
77 202
117 202
143 202
174 202
228 202
379 202
388 202
81 203
288 203
323 203
426 203
157 204
191 204
230 204
265 204
307 204
436 204
28 205
130 205
222 205
260 205
310 205
328 205
345 205
354 205
105 206
239 206
300 206
396 206
441 206
185 207
222 207
272 207
295 207
366 207
183 208
283 208
336 208
354 208
123 209
204 209
217 209
452 209
63 210
133 210
283 210
288 210
373 210
381 210
96 211
121 211
185 211
253 211
337 211
436 211
107 212
325 212
338 212
157 213
187 213
287 213
399 213
433 213
165 214
209 214
382 214
467 214
92 215
271 215
158 216
280 216
410 216
204 217
301 217
310 217
362 217
368 217
96 218
123 218
188 218
260 218
313 218
338 218
346 218
400 218
478 218
215 219
226 219
372 219
423 219
438 219
49 220
327 220
423 220
147 221
441 221
215 222
261 222
285 222
288 222
360 222
383 222
404 222
135 223
175 223
248 223
294 223
375 223
83 224
186 224
275 224
337 224
376 224
394 224
411 224
152 225
194 225
281 225
320 225
349 225
453 225
32 226
106 226
109 226
243 226
295 226
79 227
132 227
142 227
308 227
402 227
461 227
168 228
409 228
62 229
126 229
213 229
332 229
414 229
181 230
204 230
233 230
317 230
418 230
173 231
355 231
26 232
105 232
134 232
174 232
176 232
256 232
305 232
431 232
55 233
198 233
286 233
358 233
365 233
81 234
172 234
230 234
347 234
478 234
240 235
308 235
378 235
438 235
151 236
219 236
230 236
323 236
397 236
167 237
200 237
244 237
315 237
439 237
100 238
261 238
393 238
270 239
320 239
370 239
387 239
290 240
314 240
43 241
104 241
461 241
119 242
87 243
185 243
275 243
408 243
64 244
129 244
258 244
419 244
99 245
105 245
142 245
288 245
376 245
39 246
142 246
177 246
334 246
349 246
149 247
198 247
327 247
355 247
416 247
421 247
427 247
86 248
185 248
218 248
310 248
360 248
367 248
424 248
98 249
136 249
391 250
110 251
267 251
301 251
348 251
384 251
174 252
405 252
445 252
113 253
145 253
212 253
238 253
192 254
218 254
349 254
417 254
451 254
54 255
80 255
180 255
182 255
183 255
263 255
25 256
162 256
438 256
103 257
182 257
208 257
410 257
465 257
329 258
337 258
127 259
160 259
197 259
232 259
346 259
164 260
198 260
225 260
81 261
205 261
246 261
274 261
362 261
373 261
425 261
428 261
47 262
120 262
173 262
253 262
299 262
71 263
86 263
94 263
270 263
293 263
432 263
267 264
274 264
371 264
52 265
185 265
289 265
359 265
363 265
188 266
50 267
93 267
205 267
237 267
259 267
41 268
91 268
141 268
238 268
262 268
191 269
54 270
159 270
187 270
210 270
231 270
269 270
279 270
367 270
410 270
463 270
428 271
435 271
108 272
310 272
340 272
400 272
29 273
135 273
233 273
353 273
361 273
51 274
83 274
372 274
396 274
76 275
134 275
222 275
248 276
263 276
295 276
75 277
232 277
66 278
73 278
193 278
382 278
51 279
72 279
248 279
410 279
235 280
259 280
280 280
325 280
395 280
452 280
209 281
240 281
314 281
355 281
48 282
426 282
98 283
263 283
359 283
404 283
94 284
163 284
211 284
241 284
273 284
287 284
466 284
44 285
72 285
141 285
181 285
256 285
299 285
320 285
338 285
251 286
272 286
308 286
39 287
66 287
128 287
354 287
435 287
117 288
291 288
351 288
368 288
137 289
248 289
259 289
70 290
148 290
226 290
273 290
380 290
411 290
132 291
198 291
219 291
236 291
423 291
43 292
61 292
98 292
101 292
449 292
138 293
170 293
203 293
428 293
440 293
132 294
284 294
433 294
459 294
107 295
149 295
262 295
272 295
410 295
236 296
270 296
396 296
438 296
29 297
79 297
232 297
323 298
330 298
335 298
410 298
474 298
120 299
297 299
316 299
345 299
405 299
53 300
206 300
260 300
267 300
348 300
407 300
51 301
182 301
233 301
236 302
243 302
306 302
449 302
142 303
160 303
363 303
422 303
92 304
130 304
43 305
127 305
153 305
379 305
105 306
138 306
222 306
231 306
281 306
306 306
407 306
102 307
133 307
146 307
243 307
254 307
264 307
394 307
43 308
116 308
308 308
311 308
464 308
126 309
140 309
293 309
439 309
66 310
403 310
106 311
263 311
268 311
326 311
338 311
89 312
191 312
308 312
431 312
445 312
98 313
211 313
63 314
360 314
385 314
406 314
146 315
414 315
166 316
271 316
48 317
116 317
256 317
288 317
422 317
106 318
114 318
125 318
321 318
203 319
110 320
126 320
239 320
458 320
277 321
298 321
375 321
402 321
53 322
147 322
179 322
221 322
247 322
434 322
28 323
62 323
140 323
168 323
377 323
157 324
349 324
108 325
237 325
246 325
316 325
56 326
218 326
228 326
299 326
319 326
343 326
72 327
266 327
85 328
161 328
388 328
60 329
77 329
93 329
356 329
419 329
453 329
96 330
134 331
189 331
367 331
385 331
44 332
55 332
113 332
169 332
172 332
177 332
231 332
331 332
370 332
370 333
431 333
65 334
151 334
252 334
368 334
278 335
307 335
314 335
330 335
88 336
204 336
336 336
467 336
180 337
194 337
104 338
297 338
76 339
123 339
153 339
231 339
313 339
387 339
62 340
159 340
174 340
352 340
60 341
101 341
104 341
218 341
271 341
365 341
388 341
417 341
447 341
43 342
81 342
222 342
239 342
271 342
31 343
99 343
171 343
356 343
395 343
161 344
273 344
51 345
191 345
223 345
282 345
400 345
42 346
211 346
233 346
366 346
401 346
293 347
303 347
317 347
330 347
381 347
258 348
459 348
67 349
79 349
115 349
125 349
225 349
380 349
49 350
228 350
283 350
469 350
73 351
126 351
140 351
151 351
170 351
323 351
325 351
410 351
24 352
95 352
132 352
226 352
275 352
343 352
114 353
205 353
250 353
272 353
337 353
347 353
221 354
46 355
222 355
235 355
248 355
389 355
393 355
202 356
180 357
182 357
201 357
268 357
315 357
363 357
418 357
448 357
107 358
40 359
74 359
161 359
207 359
229 359
238 359
309 359
341 359
65 360
150 360
298 360
114 361
195 361
258 361
413 361
457 361
100 362
142 362
281 362
285 362
310 362
325 362
334 362
430 362
259 363
338 363
254 364
349 364
407 364
82 365
233 365
384 365
469 366
33 367
118 367
296 367
438 367
57 368
173 368
225 368
366 368
409 368
212 369
416 369
330 370
248 371
269 371
448 371
476 371
89 372
291 372
305 372
418 372
422 372
148 373
202 373
319 373
438 373
28 374
51 374
183 374
218 374
280 374
377 374
279 375
330 375
352 375
71 376
107 376
110 376
127 376
284 376
196 377
332 377
353 377
227 378
232 378
242 378
407 378
144 379
164 379
253 379
428 379
459 379
44 380
270 380
280 380
354 380
360 380
313 381
446 381
84 382
281 382
364 382
401 382
297 383
389 383
410 383
85 384
204 384
216 384
232 384
331 384
440 384
109 385
112 385
179 385
223 385
258 385
100 386
433 386
454 386
472 386
225 387
314 387
348 387
36 388
57 388
156 388
234 388
306 388
372 388
426 388
132 389
211 389
236 389
326 389
402 389
458 389
86 390
223 390
297 390
359 390
419 390
290 391
297 391
377 391
401 391
285 392
212 393
247 393
30 394
218 394
336 395
357 395
416 395
282 396
382 396
241 397
426 397
443 397
466 397
167 398
190 398
259 398
265 398
276 398
335 398
218 399
290 399
329 399
406 399
410 399
106 400
123 400
127 401
146 401
165 401
168 401
262 401
382 401
83 402
164 402
196 402
193 403
307 403
366 403
120 404
182 404
329 404
472 404
60 405
128 405
233 405
340 405
384 405
450 405
38 406
391 406
118 407
158 407
320 407
433 407
205 408
367 408
271 409
292 409
331 409
126 410
159 410
253 410
199 411
323 411
479 411
97 412
134 412
416 412
225 413
353 413
373 413
156 414
313 414
351 414
398 414
400 414
138 415
307 415
319 415
394 415
171 416
223 416
228 416
460 416
235 417
419 417
316 418
49 419
356 419
444 419
192 420
263 420
324 420
87 422
115 422
125 422
147 422
216 422
308 422
346 422
380 422
119 423
236 423
285 423
314 423
94 424
356 424
383 424
63 425
166 425
404 426
468 426
94 427
163 427
210 427
258 427
319 427
40 428
184 428
205 428
287 428
339 428
389 428
434 428
284 429
372 429
104 430
120 430
228 430
302 430
303 430
93 431
131 431
161 431
233 431
394 431
77 432
239 432
139 433
160 433
300 433
89 434
116 434
166 434
334 434
344 434
389 434
202 435
281 435
339 435
379 435
475 435
57 436
95 436
228 436
271 436
313 436
399 436
176 437
455 437
111 438
246 439
296 439
407 439
374 440
390 441
411 441
475 441
71 442
172 442
167 443
222 443
323 443
440 443
128 444
261 444
376 444
440 444
241 445
247 445
253 445
293 445
128 446
337 446
356 446
189 447
389 447
103 448
137 448
372 448
397 448
314 449
324 449
389 449
435 449
461 449
42 450
85 450
93 450
96 450
127 450
164 450
142 451
164 451
248 451
261 451
179 452
246 452
253 452
258 452
260 452
278 452
340 452
176 453
231 453
268 453
390 453
443 453
60 454
97 454
119 454
287 454
330 454
334 455
354 455
396 455
463 455
120 456
172 456
343 456
354 456
390 456
322 457
409 457
94 458
132 458
251 458
256 458
363 458
270 459
173 461
335 461
427 461
101 462
151 462
306 462
333 462
279 463
324 463
447 463
142 464
164 464
219 464
220 464
261 464
109 465
171 465
270 465
463 465
191 466
368 466
328 467
349 467
134 468
173 468
182 468
355 468
408 468
413 468
273 469
213 470
326 470
334 470
387 470
389 470
427 470
107 471
329 471
365 471
386 471
139 472
241 472
269 472
66 473
165 473
369 473
425 473
138 474
342 474
413 474
427 474
465 474
125 475
150 475
205 475
231 475
61 476
117 476
232 476
276 476
321 476
342 476
272 477
325 477
337 477
407 477
137 478
177 478
230 478
264 478
321 478
447 478
96 479
152 479
295 479
82 480
258 480
360 481
106 483
290 483
339 483
352 483
381 483
253 484
433 484
169 485
195 485
353 485
357 485
315 486
403 486
426 486
438 486
466 486
127 487
219 488
280 488
327 488
70 489
195 489
310 489
324 489
335 490
436 490
344 491
412 491
334 492
375 492
445 492
140 493
187 494
330 494
397 494
243 495
464 496
212 497
169 498
176 498
421 498
114 499
185 499
270 499
348 499
428 499
247 500
107 501
133 501
238 501
270 501
358 501
190 502
343 502
368 502
295 503
353 503
230 504
183 505
197 505
198 505
272 505
161 506
248 506
323 506
440 506
262 507
264 507
352 507
169 508
417 508
350 509
460 509
95 510
164 510
331 510
393 510
119 511
365 511
283 512
339 512
436 512
220 513
311 514
334 514
362 514
162 515
197 515
324 515
405 515
172 517
382 517
282 518
420 518
432 518
155 519
181 519
211 519
416 519
438 519
328 520
343 520
410 520
477 521
102 522
147 522
342 522
398 522
271 523
321 523
204 524
411 525
234 526
349 526
376 526
299 527
321 527
334 527
346 527
428 527
337 528
432 528
266 529
165 531
192 531
221 531
134 532
293 532
399 532
388 533
404 533
107 534
362 534
216 535
407 535
287 536
388 536
343 537
350 537
358 538
367 538
418 538
442 538
334 540
394 540
435 540
148 541
307 541
371 541
415 541
438 541
176 542
328 542
203 543
337 543
344 543
231 545
408 545
245 546
275 546
388 546
350 547
353 547
362 547
420 547
439 547
459 547
135 548
196 548
419 549
351 550
374 551
379 551
433 551
217 552
289 553
426 554
478 554
337 555
342 556
179 557
235 557
345 557
408 557
209 558
399 558
254 559
280 560
338 560
357 560
474 560
332 563
226 565
247 565
266 565
307 565
372 568
416 568
465 568
248 573
347 573
239 574
321 574
297 575
433 577
363 578
234 579
226 581
378 583
261 584
335 584
310 585
250 587
285 587
396 588
218 589
352 589
447 589
237 595
323 595
413 595
365 596
295 598
221 602
254 604
312 604
282 606
398 606
245 607
295 615
