317 1
133 2
235 2
308 2
172 3
326 3
415 3
127 4
222 4
334 4
344 4
89 5
400 6
160 7
371 7
357 8
117 9
212 9
379 11
429 11
78 13
187 14
266 14
434 14
104 15
250 15
302 15
134 16
278 16
177 17
237 17
292 17
332 17
396 17
317 18
164 19
214 19
349 20
449 20
365 21
126 22
155 23
205 24
417 24
86 25
422 25
147 27
189 28
427 28
262 29
381 29
110 30
255 30
338 30
297 31
274 32
281 32
177 33
265 33
311 33
322 33
352 33
437 33
102 34
129 35
220 35
230 35
246 35
296 35
400 35
203 36
410 36
126 37
165 37
369 37
418 40
449 40
89 41
125 41
154 41
174 41
279 41
332 41
368 41
371 41
374 41
192 42
197 42
213 42
274 42
344 42
144 43
262 43
379 43
112 44
225 44
363 44
380 44
87 45
110 45
123 45
180 45
205 45
297 45
306 45
217 46
244 46
338 46
183 47
234 47
268 47
348 47
427 47
252 48
255 48
261 48
273 48
279 48
394 48
85 49
334 49
395 49
75 50
188 50
215 50
102 51
127 51
259 51
365 51
436 51
103 52
136 52
165 52
216 52
306 52
198 53
320 53
200 54
234 54
288 54
157 55
213 55
404 55
446 55
121 56
127 56
185 56
334 56
377 56
414 56
105 57
109 57
191 57
197 57
58 58
87 58
186 58
230 58
238 58
318 58
455 58
141 59
146 59
184 59
342 59
351 59
372 59
386 59
104 60
168 60
218 60
228 60
302 60
386 60
173 61
218 61
397 61
89 62
289 62
351 62
383 62
144 63
274 63
366 63
428 63
459 63
250 64
289 64
295 64
362 64
142 65
152 65
171 65
257 65
391 65
89 66
132 66
169 66
248 66
371 66
388 66
94 67
120 67
159 67
204 67
311 67
365 67
247 68
303 68
369 68
394 68
409 68
132 69
147 69
228 69
233 69
270 69
289 69
322 69
380 69
189 70
268 70
323 70
367 70
445 70
178 71
239 71
96 72
163 72
185 72
223 72
249 72
332 72
390 72
149 73
341 73
347 73
356 73
101 74
116 74
176 74
289 74
370 74
379 74
89 75
120 75
156 75
298 75
307 75
198 76
265 76
278 76
366 76
62 77
211 77
237 77
256 77
278 77
308 77
161 78
267 78
290 78
302 78
355 78
402 78
81 79
301 79
352 79
133 80
165 80
247 80
344 80
361 80
369 80
426 80
108 82
376 82
378 82
109 83
198 83
309 83
464 83
113 84
237 84
317 84
373 84
188 85
231 85
286 85
319 85
393 85
470 85
123 86
154 86
280 86
327 86
349 86
360 86
362 86
392 86
441 86
180 87
221 87
223 87
416 87
47 88
170 88
284 88
357 88
187 89
307 89
329 89
331 89
474 89
367 90
370 90
91 91
171 91
284 91
91 92
207 92
235 92
301 92
63 93
85 93
143 93
200 93
261 93
269 93
356 93
364 93
370 93
405 93
449 93
109 94
171 94
251 94
299 94
343 94
430 94
228 95
239 95
305 95
338 95
85 96
195 96
310 96
327 96
380 96
163 97
243 97
291 97
357 97
386 97
410 97
461 97
317 98
387 98
273 99
299 99
329 99
415 99
101 100
186 100
306 100
362 100
101 101
241 101
299 101
394 101
435 101
93 102
152 102
180 102
228 102
341 102
466 102
225 103
288 103
332 103
390 103
91 104
121 104
217 104
345 104
49 105
69 105
97 105
318 105
147 106
259 106
290 106
356 106
375 106
422 106
266 107
279 107
282 107
346 107
221 108
274 108
292 108
348 108
90 109
113 109
248 109
255 109
303 109
345 109
402 109
207 110
292 110
314 110
169 111
276 111
408 111
58 112
138 112
196 112
278 112
39 113
113 113
248 113
318 113
107 114
282 114
387 114
389 114
433 114
369 115
412 115
173 116
331 116
370 116
93 117
104 117
164 117
266 117
108 118
187 118
188 118
271 118
78 119
98 119
180 119
184 119
202 119
221 119
235 119
238 119
289 119
360 119
370 119
421 119
89 120
217 120
264 120
463 120
126 121
150 121
333 121
401 121
312 122
340 122
380 122
443 122
49 123
247 123
296 123
212 124
292 124
396 124
28 125
119 125
175 125
205 125
315 125
153 126
237 126
338 126
428 126
65 127
338 128
356 128
392 128
475 128
40 129
154 129
199 129
326 129
392 129
453 129
87 130
134 130
228 131
351 131
415 131
437 131
154 132
264 132
342 132
108 133
258 133
275 133
283 133
293 133
339 133
360 134
399 134
400 134
124 135
166 135
112 136
304 136
375 136
381 136
296 137
397 137
76 138
84 138
214 138
249 138
382 138
385 138
147 139
186 139
315 139
426 139
99 140
366 140
380 140
206 141
238 141
448 141
48 142
312 142
73 143
116 143
152 143
297 143
410 143
430 143
142 144
228 144
275 144
470 144
68 145
134 145
198 145
283 145
394 145
82 146
99 146
176 146
267 146
329 146
288 147
106 148
143 148
259 148
356 148
375 148
417 148
371 149
381 149
436 149
88 150
152 150
107 151
140 151
252 151
305 151
364 151
39 152
157 152
314 152
379 152
403 152
125 153
167 153
216 153
459 153
58 154
189 154
246 154
340 154
368 154
83 156
240 156
310 156
368 156
372 156
212 157
301 157
353 157
388 157
442 157
99 158
325 158
379 158
88 159
326 159
386 159
468 159
53 160
75 160
104 160
178 160
287 160
317 160
358 160
429 160
161 161
205 161
220 161
233 161
248 161
256 161
274 161
26 162
117 162
118 162
130 162
195 162
265 162
296 162
375 162
413 162
139 163
140 163
333 163
134 164
350 164
115 165
132 165
155 165
158 165
271 165
362 165
93 166
258 166
306 166
359 166
399 166
405 166
410 166
153 167
208 167
312 167
414 167
452 167
115 168
225 168
272 168
366 168
402 168
246 169
91 170
107 170
127 170
155 170
159 170
230 170
250 170
360 170
63 171
107 171
149 171
152 171
255 171
374 171
382 171
421 171
125 172
167 172
188 172
223 172
341 172
358 172
377 172
389 172
459 172
40 173
319 173
426 174
438 174
443 174
56 175
128 175
393 175
411 175
84 176
263 176
365 176
239 177
275 177
276 177
197 178
231 178
268 178
145 179
217 179
240 179
272 179
288 179
377 179
432 179
227 180
234 180
259 180
269 180
274 180
295 180
324 180
329 180
30 181
268 181
163 182
195 182
350 182
52 183
96 183
177 183
213 183
372 183
419 183
109 184
223 184
233 184
308 184
417 184
450 184
470 184
115 185
401 185
430 185
72 186
220 187
251 187
372 187
118 188
150 189
207 189
212 189
347 189
370 189
436 189
25 190
175 190
405 190
413 190
43 191
140 191
227 191
110 192
154 192
156 192
276 192
286 192
334 192
372 192
375 192
392 192
18 193
69 193
136 193
352 193
455 193
204 194
246 194
267 194
315 194
436 194
293 195
405 195
268 196
61 197
106 197
213 197
268 197
396 197
421 197
131 198
167 198
200 198
235 198
240 198
248 198
332 198
357 198
382 198
87 199
291 200
321 200
410 200
412 200
44 201
287 201
308 201
440 201
107 202
340 202
376 202
59 203
102 203
197 203
292 203
398 203
33 204
54 204
219 204
220 204
301 204
460 204
150 205
283 205
358 205
393 205
54 206
127 206
178 206
213 206
237 206
256 206
87 207
119 207
369 207
75 208
278 208
339 208
86 209
288 209
358 209
398 209
167 210
253 210
273 210
59 211
293 211
61 212
74 212
322 212
326 212
329 212
414 212
58 213
88 213
189 213
235 213
305 213
338 213
356 213
215 214
367 214
401 214
429 214
446 214
102 215
109 215
177 215
269 215
275 215
322 215
388 215
142 216
202 216
311 216
74 217
233 217
281 217
362 217
421 217
115 218
117 218
202 218
230 218
431 218
21 219
78 219
163 219
248 219
340 219
353 219
358 219
426 219
68 220
202 220
266 220
294 220
375 220
403 220
94 221
221 221
305 221
242 222
388 222
452 222
46 223
183 223
228 223
275 223
285 223
323 223
331 223
470 223
54 224
111 224
232 224
246 224
348 224
198 225
264 225
332 225
345 225
135 226
175 226
339 226
112 227
247 227
350 227
360 227
419 227
439 227
14 228
65 228
157 228
209 228
221 228
305 228
433 228
454 228
262 229
301 229
377 229
48 230
91 230
280 230
41 231
226 231
329 231
363 231
383 231
473 231
64 232
86 232
108 232
280 232
391 232
405 233
436 233
61 234
244 234
285 234
338 234
340 234
438 234
91 235
67 236
94 236
96 236
107 236
169 236
184 236
264 236
320 236
381 236
105 237
151 237
302 237
383 237
440 237
441 237
283 238
304 238
415 238
218 239
223 239
392 239
32 240
113 240
127 240
243 240
283 240
357 240
474 240
57 241
68 241
143 241
200 241
376 241
81 242
182 242
212 242
217 242
246 242
287 242
324 242
343 242
439 242
156 243
199 243
205 243
228 243
258 243
57 244
102 244
166 244
183 244
232 244
421 244
267 245
415 245
136 246
145 246
166 246
203 246
252 246
301 246
346 246
417 246
444 246
142 247
183 247
206 247
222 247
362 247
376 247
394 247
396 247
409 247
458 247
129 248
328 248
393 248
62 249
122 249
212 249
217 249
260 249
373 249
78 250
184 250
265 250
359 250
363 250
424 250
246 251
266 251
430 251
127 252
135 252
234 252
322 252
384 252
97 253
254 253
339 253
250 254
47 255
100 255
123 255
331 255
106 256
214 256
21 257
88 257
132 257
139 257
151 257
293 257
351 257
363 257
62 258
393 258
466 258
44 259
130 259
161 259
181 259
298 259
339 259
349 259
46 260
53 260
76 260
118 260
182 260
357 260
124 261
153 261
212 261
280 261
292 261
375 261
409 261
429 261
69 262
226 262
235 262
269 262
69 263
89 263
185 263
251 263
278 263
434 263
445 263
236 264
356 264
179 265
181 265
196 265
388 265
390 265
392 265
57 266
87 266
89 266
108 266
184 266
215 266
381 266
407 266
469 266
67 267
192 267
245 267
265 267
291 267
314 267
331 267
334 267
42 268
113 268
133 268
361 268
412 268
413 268
67 269
85 269
208 269
225 269
258 269
371 269
58 270
60 270
63 270
343 270
357 270
394 270
51 271
430 271
96 272
276 272
337 272
473 272
128 273
156 273
342 273
349 273
51 274
347 274
107 275
161 275
258 275
292 275
435 275
83 276
124 276
135 276
167 276
283 276
425 276
440 276
453 276
234 277
268 277
326 277
394 277
105 278
221 278
290 278
298 278
327 278
408 278
174 279
244 279
255 279
321 279
356 280
375 280
50 281
96 281
127 281
179 281
108 282
150 282
233 282
81 283
207 283
338 283
379 283
478 283
392 284
250 285
295 285
306 285
412 285
32 286
58 286
189 286
234 286
374 286
432 286
445 286
99 287
119 287
145 287
201 287
205 287
219 287
221 287
267 287
354 287
300 288
287 289
314 289
322 289
398 289
96 290
119 290
163 290
265 290
300 290
51 291
75 291
99 291
218 291
278 291
395 291
461 291
24 292
237 292
269 292
368 292
74 293
96 293
207 293
217 293
45 294
52 294
118 294
120 294
278 294
296 294
297 294
417 294
54 295
113 295
184 295
186 295
195 295
269 295
338 295
382 295
446 295
75 296
196 296
371 296
205 297
230 297
248 297
256 297
379 297
386 297
74 298
137 298
257 298
315 298
68 299
91 299
313 299
354 299
92 300
310 300
393 300
402 300
73 301
60 302
181 302
201 302
248 302
286 302
50 303
195 303
209 303
249 303
265 303
291 303
41 304
70 304
223 304
432 304
104 305
290 305
331 305
369 305
469 305
40 306
141 306
214 306
265 306
86 307
163 307
196 307
305 307
417 307
71 308
182 308
195 308
271 308
361 308
382 308
402 308
97 309
114 309
247 309
386 309
68 310
278 310
54 311
60 311
120 311
308 311
36 312
66 312
349 312
438 312
454 312
79 313
201 313
205 313
299 313
157 314
174 314
204 314
221 314
243 314
377 314
469 314
208 315
250 315
130 316
330 316
63 317
266 317
294 317
314 317
30 318
172 318
298 318
78 319
79 319
104 319
189 319
229 319
368 319
434 319
52 320
57 320
224 320
267 320
144 321
303 321
383 321
141 322
177 322
416 322
121 323
151 323
235 323
287 323
362 323
309 324
388 324
399 324
25 325
50 325
205 325
259 325
319 325
472 325
259 326
276 326
343 326
215 327
311 327
322 327
96 328
303 328
71 329
96 329
138 329
196 329
232 329
455 329
158 330
107 331
153 331
170 331
253 331
304 331
416 331
123 332
249 332
42 333
94 333
278 333
311 333
377 333
379 333
437 333
125 334
188 334
196 334
205 334
224 334
272 334
267 335
277 335
142 336
159 336
174 336
438 336
250 337
252 337
293 337
317 337
351 337
402 337
419 337
91 338
133 338
219 338
223 338
303 338
314 338
398 338
424 338
433 338
59 339
162 339
237 339
428 339
456 339
160 340
181 340
200 340
203 340
248 340
264 340
83 341
102 341
207 341
473 341
111 342
159 342
205 342
298 342
334 342
282 343
317 343
416 343
98 344
231 344
254 344
259 344
92 345
118 345
320 345
185 346
304 346
369 346
375 346
428 346
455 346
113 347
133 347
214 347
160 348
165 348
181 348
249 348
404 348
431 348
434 348
154 349
162 349
250 349
326 349
376 349
394 349
399 349
345 350
75 351
120 351
176 351
415 351
52 352
91 352
179 352
119 353
182 353
232 353
296 353
104 354
126 354
237 354
145 355
204 355
265 355
357 355
401 355
111 356
228 356
461 356
68 357
159 357
479 357
143 358
362 358
367 358
430 358
146 359
196 359
394 359
93 360
130 360
164 360
184 360
258 360
375 360
62 361
168 361
177 361
223 361
256 361
284 361
338 361
387 361
105 362
114 362
317 362
421 362
433 362
116 363
137 363
256 363
272 363
414 363
416 363
149 364
183 364
325 364
34 365
210 365
280 365
407 365
94 366
140 366
163 366
196 366
246 366
252 366
272 366
345 366
216 367
276 367
364 367
371 367
380 367
120 368
267 368
303 368
461 368
78 369
161 369
374 369
107 370
183 370
346 370
360 370
409 370
414 370
134 371
171 371
175 371
193 371
241 371
331 371
154 372
160 372
229 372
54 373
156 373
164 373
276 373
360 373
390 373
92 374
428 374
232 375
293 375
376 375
219 376
436 376
127 377
276 377
393 377
171 378
199 378
322 378
339 378
397 378
91 379
97 379
124 379
143 379
149 379
278 379
374 379
404 379
464 379
94 380
170 380
252 380
269 380
46 381
217 381
218 381
254 381
273 381
340 381
440 381
450 381
107 382
154 382
190 382
313 382
39 383
86 383
260 383
417 383
424 383
475 383
364 384
390 384
404 384
60 385
160 385
201 385
387 385
103 386
114 386
224 386
184 387
335 387
358 387
431 387
435 387
248 388
365 388
332 389
383 389
424 389
108 390
232 390
269 390
373 390
302 391
91 392
117 392
148 392
361 392
405 392
109 393
115 393
125 393
288 393
343 393
355 393
440 393
72 394
82 394
143 394
172 394
251 394
330 394
445 394
100 395
203 395
279 395
327 395
140 396
160 396
173 396
262 396
135 397
214 397
271 398
370 398
399 398
126 399
318 399
340 399
352 399
371 399
392 399
60 400
89 400
102 400
238 400
370 400
138 401
156 401
265 401
344 401
381 401
437 401
322 402
407 402
463 402
143 403
189 403
341 403
478 403
48 404
82 404
160 404
281 404
243 405
271 405
303 405
380 406
76 407
110 407
149 407
213 407
224 407
132 408
192 408
239 408
304 408
357 408
387 408
460 408
218 409
226 410
235 410
280 410
357 410
422 410
211 411
277 411
338 411
363 411
379 411
433 411
450 411
99 412
152 412
196 412
221 412
268 412
163 413
300 413
364 413
394 413
407 413
126 414
209 414
61 415
124 415
138 415
211 415
368 415
384 415
411 415
91 416
181 416
257 416
320 416
330 416
128 417
186 417
168 419
238 419
273 419
276 419
340 419
124 420
177 420
210 420
340 420
431 420
247 421
368 421
109 422
160 422
236 422
309 422
473 422
309 423
395 423
123 424
218 424
268 424
200 425
84 426
144 426
259 426
269 426
389 426
459 426
148 427
219 427
306 427
131 428
289 428
295 428
343 428
351 428
354 428
419 428
154 429
182 429
285 429
392 429
295 430
322 430
364 430
429 430
130 431
185 432
282 432
438 432
187 433
258 433
318 433
419 433
115 434
247 434
274 434
342 434
404 434
205 435
319 435
172 436
213 436
257 436
307 436
421 436
224 437
234 437
260 437
377 437
403 437
240 438
302 438
366 438
144 439
146 439
204 440
217 440
377 440
395 440
406 440
152 441
301 442
458 442
331 443
427 443
79 444
382 444
391 444
432 444
157 445
396 445
130 446
184 446
400 446
352 447
328 448
338 448
345 448
374 448
395 448
117 449
159 449
194 449
267 450
294 450
327 450
365 450
414 450
170 451
194 451
285 451
327 451
396 451
200 452
210 452
250 452
324 452
367 452
96 453
128 453
181 453
190 453
224 453
238 453
348 454
128 455
195 455
346 455
383 455
81 456
152 456
364 456
160 457
336 457
347 457
161 459
189 459
382 459
332 460
443 460
452 460
138 461
306 461
353 461
364 462
373 463
398 463
117 464
194 464
327 464
414 464
432 464
330 465
210 466
264 466
277 466
347 466
224 467
100 468
154 468
160 468
173 468
240 468
250 468
195 469
290 469
84 470
156 470
198 471
344 471
399 471
119 474
144 474
180 474
328 474
382 474
312 475
174 478
176 478
299 478
341 478
399 478
145 479
171 479
414 480
362 481
369 481
442 481
164 482
185 482
260 482
274 482
166 483
178 483
200 483
212 483
227 483
234 483
346 483
382 483
155 484
398 484
178 487
185 487
280 487
288 487
253 488
255 488
312 488
127 489
204 489
297 489
338 489
137 490
277 490
148 493
405 497
161 498
179 498
212 498
362 498
375 498
163 499
212 500
251 500
273 500
325 500
202 501
291 501
208 502
187 503
216 503
232 503
253 503
206 504
225 504
275 504
130 505
144 505
218 505
112 506
121 506
169 506
216 507
226 508
151 509
254 510
169 511
191 511
161 512
163 512
280 513
211 514
376 514
217 515
185 516
202 516
249 516
389 516
168 517
242 517
253 518
275 518
221 519
259 519
290 520
320 520
345 524
141 525
362 526
175 528
235 528
198 530
251 531
303 536
291 538
329 538
310 539
176 542
200 544
272 544
233 545
253 546
