419 1
141 2
254 2
336 2
370 2
318 3
348 3
399 3
360 4
386 4
431 4
169 6
245 6
306 6
201 7
233 9
448 11
273 12
285 12
193 13
222 13
152 15
406 15
216 16
475 16
260 17
332 17
420 17
255 19
366 19
380 19
325 20
343 20
351 20
391 20
177 21
246 21
314 21
437 21
335 22
290 23
199 24
298 24
138 25
168 25
273 25
446 25
235 26
194 27
401 27
462 29
262 30
417 30
220 31
154 32
179 34
213 34
249 34
366 34
433 35
302 37
314 37
320 37
331 37
348 37
446 38
388 39
375 40
139 41
170 41
198 41
234 41
367 41
285 42
402 42
454 42
267 43
167 44
190 46
421 46
254 47
154 48
172 48
215 48
308 48
431 48
391 49
477 49
174 50
242 50
297 50
344 50
286 51
358 52
362 52
450 52
326 53
188 54
381 54
178 55
193 55
274 56
390 56
195 57
316 57
391 57
166 58
202 58
401 58
426 58
195 59
258 59
302 59
377 59
436 60
471 60
366 61
183 62
225 62
291 62
158 63
193 63
413 63
185 64
219 64
190 65
247 65
127 66
282 66
326 66
334 66
347 66
358 66
448 66
461 67
369 68
316 69
372 69
149 70
236 70
264 70
379 70
203 71
387 71
391 71
430 71
176 72
377 72
178 73
438 74
301 75
307 75
379 75
401 75
475 75
194 76
223 76
292 76
250 77
450 78
479 78
169 80
193 80
387 80
415 80
129 81
241 81
333 81
356 81
369 81
370 81
423 81
161 82
217 82
276 82
289 82
338 82
374 82
397 82
464 82
212 83
329 83
341 83
377 83
266 84
337 84
379 84
426 84
432 84
181 85
220 85
227 85
319 85
386 85
405 85
152 86
427 86
234 87
311 87
218 88
276 88
327 88
226 89
257 89
338 89
355 89
393 89
395 89
389 90
402 90
431 90
446 90
474 90
172 91
212 91
298 91
409 92
435 92
479 92
168 93
250 93
288 93
373 93
427 93
138 94
191 95
216 95
337 95
347 95
255 96
351 96
372 96
390 96
405 96
459 96
325 97
420 97
161 98
383 98
440 98
229 99
234 99
240 99
253 99
317 99
365 99
431 99
243 100
276 100
345 100
387 100
227 101
125 102
209 102
229 102
239 102
338 102
382 102
395 102
399 102
415 102
439 102
177 103
183 103
266 103
303 103
412 103
473 103
260 104
325 104
154 105
203 105
332 105
212 106
233 106
234 106
252 106
328 106
432 106
450 106
173 107
241 107
264 107
322 107
413 107
148 108
267 108
324 108
340 108
358 108
410 108
291 109
167 110
196 110
333 110
432 110
434 110
462 110
365 111
117 112
222 112
337 112
376 112
252 113
362 113
384 113
387 113
201 114
244 114
281 114
316 114
381 114
408 114
420 114
443 114
189 115
269 115
275 115
431 115
350 116
385 116
396 116
434 116
133 117
306 117
329 117
425 117
280 118
390 118
231 119
267 119
405 119
408 119
431 119
206 120
155 121
298 121
434 121
224 122
268 122
352 122
420 122
180 123
181 123
272 123
323 123
328 123
334 123
343 123
362 123
363 123
437 124
458 124
237 125
279 125
373 125
427 125
173 126
196 126
360 126
362 126
385 126
405 126
283 127
319 127
436 127
466 127
116 128
145 128
162 128
219 128
323 128
419 128
424 128
246 129
256 129
169 130
170 130
359 130
306 131
262 132
275 132
399 132
426 132
182 133
189 133
324 133
453 133
206 134
299 134
344 134
354 134
474 134
111 135
170 135
227 135
253 135
255 135
352 135
430 135
137 136
162 136
242 136
246 136
269 136
336 136
358 136
396 137
106 138
173 138
337 138
345 138
361 138
374 138
459 138
181 139
329 139
383 139
384 139
157 140
179 140
361 140
410 140
439 140
323 141
349 141
200 142
369 142
385 142
238 143
286 143
373 143
126 144
197 144
258 144
316 144
179 145
184 145
385 145
393 145
395 145
398 145
270 146
170 147
307 147
412 147
421 147
447 147
281 148
341 148
118 149
333 149
403 149
143 150
162 150
253 150
270 150
338 150
357 150
376 150
389 150
168 151
248 151
279 151
344 151
351 151
182 152
188 152
210 152
302 152
335 152
231 153
265 153
334 153
437 153
163 154
161 155
375 155
382 155
458 155
262 156
387 156
431 156
434 156
277 158
295 158
345 158
412 158
131 159
163 159
253 159
425 159
161 160
178 160
320 160
438 160
216 161
222 161
227 161
390 161
167 162
239 162
314 162
126 163
213 163
236 163
237 163
247 163
258 163
407 163
199 164
354 164
154 165
191 165
286 165
311 165
181 166
345 166
474 166
400 167
420 167
242 168
268 168
331 168
359 168
365 168
435 168
216 169
345 169
178 170
304 170
339 170
430 170
444 170
479 171
233 172
283 172
329 172
423 172
119 173
264 173
346 173
369 173
377 173
382 173
465 173
167 174
192 174
246 174
251 174
274 174
302 174
142 175
220 175
259 175
416 175
426 175
226 176
320 176
190 177
308 177
174 178
248 178
264 178
283 178
422 178
424 178
207 179
405 179
469 179
277 180
328 180
406 180
111 181
138 181
283 181
295 181
301 181
386 181
193 182
244 182
345 182
355 182
365 182
181 183
226 183
315 183
356 183
455 183
191 185
193 185
253 185
270 185
338 185
129 186
409 186
440 186
223 187
319 187
398 187
157 188
178 188
336 188
361 188
202 189
237 189
309 189
471 189
373 190
408 190
412 190
162 191
196 191
417 191
430 191
442 191
372 192
172 193
231 193
267 193
123 194
197 194
313 194
326 194
354 194
394 194
179 195
221 195
289 195
279 196
306 196
382 196
411 196
417 196
247 197
367 197
396 197
460 197
263 198
340 198
407 198
429 198
145 199
347 199
404 199
415 199
431 199
239 200
342 200
393 200
186 201
323 201
375 201
271 202
413 202
431 202
446 202
477 202
438 203
247 204
259 204
285 204
343 204
359 204
393 204
399 204
424 204
461 204
141 205
311 205
409 205
431 205
212 206
284 206
412 206
174 207
271 207
299 207
313 207
188 208
272 208
318 208
325 208
365 208
375 208
196 209
251 209
268 209
391 209
233 210
311 210
336 210
394 210
166 211
264 211
272 211
335 211
285 212
337 212
355 212
387 212
107 213
183 213
245 213
450 213
298 214
345 214
412 214
479 214
169 215
465 215
182 216
206 216
245 216
317 216
341 216
366 216
376 216
254 217
437 217
229 218
266 218
286 218
376 218
181 219
182 219
268 219
329 219
333 219
193 220
279 220
430 220
130 221
166 221
297 221
413 221
154 222
193 222
379 222
393 222
275 223
314 223
402 223
450 223
431 224
335 225
356 225
377 225
413 225
374 226
171 227
239 227
254 227
310 227
221 228
270 228
281 228
198 229
338 229
339 229
347 229
265 230
275 230
396 230
149 231
377 231
384 231
255 232
308 232
316 232
318 232
367 232
437 232
447 232
123 233
172 233
191 233
315 233
189 234
250 234
298 234
372 234
216 235
237 235
337 235
346 235
193 236
165 237
207 237
299 237
324 237
355 237
430 237
193 238
241 238
318 238
274 239
282 239
353 239
282 240
338 240
375 240
413 240
437 240
467 240
213 241
236 241
254 241
261 241
352 241
393 241
205 243
320 243
364 243
430 243
449 243
111 244
166 244
309 244
357 244
260 245
299 245
363 245
365 245
250 246
287 246
267 247
137 248
226 248
351 248
370 248
189 249
210 249
231 249
252 249
447 249
466 249
209 250
340 250
322 251
340 251
362 252
469 252
287 253
294 253
403 253
430 253
157 254
243 254
307 254
332 254
366 254
416 254
301 255
356 255
363 255
182 256
250 256
277 256
287 256
329 256
134 257
359 257
204 258
387 258
202 259
301 259
354 259
380 259
468 259
125 260
209 260
219 260
346 260
448 260
256 261
264 261
279 261
228 262
278 262
328 263
272 264
152 265
176 265
205 265
400 265
357 266
370 266
121 267
292 267
320 267
411 267
212 268
294 268
315 268
324 268
235 269
220 270
233 270
256 270
284 270
427 270
473 270
199 271
304 271
377 271
378 271
149 272
246 272
306 272
352 272
371 272
278 273
280 273
319 274
258 275
259 275
338 275
398 275
237 276
333 276
359 276
389 276
394 276
214 277
218 277
291 277
445 277
167 278
289 278
386 278
141 279
197 279
319 279
333 279
371 279
168 281
252 281
362 281
391 281
411 281
477 281
246 282
291 282
307 282
350 282
369 282
208 283
234 283
278 283
304 283
335 283
169 284
310 284
326 284
375 284
427 284
160 285
190 285
251 285
327 285
386 285
207 286
254 286
270 286
333 286
177 287
267 287
324 287
204 288
238 288
246 288
283 288
442 288
477 288
189 289
403 289
359 290
397 290
460 290
209 291
330 291
366 291
379 291
214 292
319 292
338 292
134 293
180 293
210 293
225 293
364 293
378 293
423 293
154 294
209 294
248 294
331 294
336 294
204 295
221 295
361 295
192 296
234 296
316 296
184 297
250 297
266 297
287 297
312 298
350 298
364 298
227 299
238 299
252 299
402 300
146 301
206 301
371 301
214 302
275 302
294 302
375 302
457 302
209 303
228 303
278 303
291 303
436 303
126 304
198 304
257 304
320 304
351 304
398 304
165 305
235 305
306 305
335 305
201 306
346 306
363 306
311 307
339 307
144 308
172 308
198 308
243 308
387 308
416 308
233 310
360 310
219 311
221 311
235 311
308 311
373 311
393 311
397 311
381 312
392 312
162 313
187 313
343 313
375 313
161 314
330 314
354 314
386 314
224 315
241 315
452 315
202 316
285 316
290 316
319 316
303 317
135 318
171 318
194 318
236 318
438 318
472 318
192 319
219 319
245 319
266 319
424 319
240 320
320 320
200 321
271 321
389 321
207 322
263 322
344 322
364 322
211 323
257 323
340 323
358 324
368 324
407 324
440 324
428 325
172 326
293 326
400 326
422 326
437 326
308 327
334 327
447 327
224 328
258 328
274 328
402 328
181 329
354 329
468 329
147 330
184 330
229 330
339 330
399 330
403 330
418 330
223 331
247 331
327 331
368 331
377 331
411 331
262 332
330 332
381 332
168 333
202 333
377 333
388 333
254 334
284 335
406 335
270 336
320 336
383 336
171 337
214 337
345 337
188 338
250 338
368 338
434 338
136 339
245 339
353 339
441 339
222 340
364 340
169 341
170 341
192 341
194 341
205 341
235 341
328 341
335 341
423 341
303 342
411 342
165 343
172 343
272 343
373 343
406 343
439 343
461 343
274 344
347 344
191 346
355 346
390 346
438 346
214 347
265 347
340 347
157 348
180 348
234 348
263 348
291 348
329 348
452 348
279 349
424 349
434 349
420 350
433 350
375 351
423 351
435 351
151 352
322 352
343 352
347 352
404 352
352 353
362 353
199 355
280 355
374 355
225 356
244 356
447 356
141 357
440 357
172 358
197 358
201 358
252 358
311 358
364 358
417 358
466 358
166 360
180 360
221 360
434 360
262 361
347 361
408 361
300 362
331 362
372 362
386 362
413 362
240 363
317 363
287 364
310 364
350 364
386 364
160 365
268 365
435 365
190 366
343 366
429 366
459 366
154 367
315 367
350 367
276 368
287 368
297 368
312 368
354 368
285 370
329 370
331 370
380 370
404 370
359 371
378 371
149 372
177 372
225 372
354 372
371 372
366 373
425 373
427 373
436 373
439 373
253 374
319 374
332 375
361 375
286 376
399 376
416 376
251 377
300 377
355 377
270 378
349 379
389 379
172 380
240 380
354 380
437 380
463 380
204 381
324 381
334 381
389 381
442 381
254 382
260 382
271 382
162 383
284 383
436 383
324 384
335 384
353 384
412 384
423 384
478 384
257 385
364 385
268 386
288 386
388 386
425 386
190 387
255 388
375 388
427 388
230 389
287 389
312 389
360 389
408 389
427 389
457 389
337 390
368 390
292 391
325 391
395 391
279 392
287 392
399 392
291 393
333 393
347 393
449 393
214 394
404 394
172 395
277 395
317 395
357 395
411 395
392 396
396 396
479 396
407 397
311 398
326 398
287 399
159 400
202 400
293 400
300 400
312 400
420 400
251 401
410 401
437 401
291 402
338 402
378 402
389 402
391 402
294 403
368 403
230 404
253 404
315 404
331 404
399 404
463 404
187 405
303 406
390 406
457 406
284 407
350 408
423 408
171 409
263 409
364 409
251 410
291 410
294 410
211 412
246 413
276 413
318 413
349 413
411 413
341 414
387 414
193 416
257 416
312 416
340 416
361 416
472 416
311 417
245 418
298 418
324 418
279 420
297 420
352 420
369 420
175 421
235 421
260 422
399 422
331 423
247 424
263 424
214 425
343 425
449 425
264 426
272 426
362 427
245 428
257 428
299 428
302 428
330 429
336 429
340 429
352 429
358 429
359 429
394 429
435 430
194 431
369 431
289 432
316 432
330 432
298 433
305 433
277 434
330 434
464 434
234 435
262 435
344 435
391 435
389 436
414 436
297 438
321 438
337 438
256 439
348 439
214 440
249 440
303 440
305 440
326 440
371 440
429 443
434 443
327 444
199 446
340 446
432 446
479 446
276 447
354 447
296 448
301 448
304 448
258 449
304 449
320 449
415 449
421 449
437 449
312 450
409 450
236 451
283 451
433 451
435 451
376 453
393 453
415 453
446 453
288 454
221 455
363 457
403 457
419 457
308 459
207 460
420 460
322 461
426 461
432 461
404 462
411 462
427 462
311 463
420 463
463 463
275 464
447 464
290 465
382 465
352 466
370 467
399 467
409 467
219 469
436 469
296 470
316 470
336 470
433 470
404 472
316 473
404 474
316 475
401 476
429 476
285 477
293 477
388 477
424 477
439 478
455 478
355 479
435 479
472 479
295 480
305 480
422 480
229 481
262 482
278 482
299 482
317 484
340 484
332 485
441 494
473 495
265 496
454 496
310 498
289 499
352 499
359 499
329 500
384 500
415 503
409 504
430 507
318 510
456 511
371 517
359 518
396 518
400 518
378 520
420 520
439 524
458 524
