292 16
221 18
344 19
277 20
260 23
327 23
206 26
317 27
350 30
193 32
241 32
393 32
297 33
374 33
328 36
228 37
180 39
282 39
346 42
213 44
272 44
404 45
395 47
169 48
201 48
258 48
305 49
338 50
354 50
378 50
331 51
343 51
160 52
244 53
322 55
214 56
180 57
282 57
347 58
414 59
436 60
333 61
400 62
312 63
389 63
229 64
359 64
378 64
258 65
353 65
197 66
342 66
162 67
340 68
293 69
328 70
149 71
111 72
184 72
329 72
242 74
276 74
425 74
442 74
315 75
357 75
408 75
395 77
456 77
204 78
371 78
172 79
267 79
326 80
351 80
130 81
353 81
406 81
259 82
289 82
293 82
427 82
302 83
435 83
225 84
296 84
318 84
336 84
428 84
422 86
172 87
404 87
317 88
443 89
274 90
388 90
427 90
186 91
298 91
318 91
238 92
364 92
378 92
151 93
179 93
351 94
464 94
116 95
209 95
303 95
307 97
408 97
257 98
403 98
415 98
334 99
424 99
180 100
225 100
143 101
184 101
191 101
310 101
172 102
184 103
290 104
440 104
446 104
270 105
315 105
421 105
100 106
163 106
284 106
375 106
399 106
431 106
213 107
365 107
459 107
281 108
298 108
349 108
130 109
238 109
318 109
414 109
422 110
477 110
332 111
179 112
286 113
229 114
255 114
310 115
414 115
157 116
180 116
125 117
189 117
309 117
392 117
285 118
314 118
414 118
271 119
368 119
450 119
410 120
426 120
219 121
242 121
466 121
348 122
118 123
134 123
138 123
200 123
335 123
380 124
148 125
176 125
284 125
434 125
477 125
382 126
390 126
283 127
324 128
379 128
228 129
253 130
106 131
275 131
296 131
373 131
144 132
246 133
457 133
141 134
347 134
410 134
139 135
385 135
333 136
387 136
70 137
95 138
425 138
291 139
379 139
437 139
475 140
145 141
148 141
206 141
276 141
290 141
369 141
123 142
317 142
119 143
150 143
448 143
168 144
132 145
198 146
264 146
355 146
153 147
340 147
138 148
467 148
128 149
324 149
182 150
315 150
397 150
414 150
213 151
292 151
388 152
430 152
79 153
366 153
375 153
400 153
105 154
205 154
311 154
134 155
273 155
225 156
285 156
241 157
361 157
71 158
172 158
378 158
394 158
336 159
350 159
389 159
255 160
327 160
381 161
402 162
459 162
95 163
146 163
308 163
415 163
213 164
271 164
335 164
358 164
191 165
294 165
395 165
471 166
228 167
431 167
158 168
247 168
328 168
344 168
84 169
58 170
204 170
265 171
449 171
113 172
310 172
325 172
357 172
330 173
391 173
359 174
218 175
238 175
281 175
288 175
403 175
129 176
165 176
179 177
277 177
50 178
196 178
254 178
345 178
437 178
464 178
284 180
328 180
395 180
475 180
270 181
295 181
320 181
350 181
375 181
143 182
209 182
363 182
367 182
370 182
73 183
245 183
340 183
390 183
447 183
99 184
224 184
372 185
38 186
158 186
323 186
343 186
397 186
409 186
121 187
284 187
370 187
388 187
358 188
171 189
258 189
336 189
368 189
375 189
379 189
372 190
423 190
354 191
374 191
457 191
114 192
198 192
316 192
381 192
295 193
376 194
149 195
183 195
232 195
249 195
398 195
54 196
82 196
106 196
213 196
334 196
470 196
308 197
394 197
269 198
318 198
310 199
442 199
161 200
405 200
213 201
329 201
75 202
126 202
228 202
238 202
310 202
277 203
437 203
87 204
142 204
189 204
239 204
417 204
420 204
97 205
106 205
302 205
364 205
116 206
209 206
36 207
235 207
254 207
374 207
381 207
457 207
169 208
291 208
204 209
224 209
101 210
391 210
267 211
329 211
418 211
422 211
60 212
113 212
99 213
318 213
349 213
401 213
82 214
182 214
197 214
423 214
469 214
91 215
147 215
308 215
344 215
282 216
336 217
409 217
421 217
96 218
218 218
228 218
407 218
413 218
437 218
131 219
296 219
101 220
377 220
420 220
160 221
222 221
350 221
451 221
254 222
273 222
384 222
48 223
330 223
394 223
219 224
286 224
326 224
75 225
104 225
106 225
83 226
140 226
439 226
265 227
318 227
459 227
153 228
358 228
184 229
214 229
247 229
310 229
334 229
417 229
419 229
303 230
369 230
379 231
433 231
39 233
216 233
442 233
166 234
236 234
415 234
419 234
326 235
471 235
67 236
133 236
150 236
290 236
383 236
407 236
414 236
193 237
330 238
93 239
105 239
215 239
406 239
423 239
109 240
178 240
241 240
261 240
156 241
232 241
390 241
321 242
432 242
30 243
285 243
334 243
370 243
176 244
456 244
84 245
232 245
201 246
220 246
256 246
296 246
308 246
318 246
129 247
149 247
191 247
347 247
171 248
234 248
399 248
419 248
147 249
153 249
223 249
56 250
124 250
157 250
379 250
440 250
201 251
225 251
271 251
292 251
299 251
309 251
358 251
468 251
194 252
206 252
100 253
223 254
250 254
314 254
171 255
287 255
303 255
411 255
132 256
198 256
231 256
293 256
389 256
286 257
426 257
448 257
160 258
184 258
114 259
182 259
264 259
368 259
75 260
130 260
181 260
185 260
236 260
317 260
329 260
337 260
244 261
45 262
163 262
196 262
479 262
224 263
278 263
305 263
187 264
348 264
401 265
282 266
284 266
419 266
140 267
231 267
320 267
385 267
293 268
440 268
133 269
228 269
462 269
147 270
188 270
361 270
36 272
111 272
168 272
236 272
268 272
123 273
147 273
300 274
322 274
337 274
379 274
88 275
252 275
287 275
189 276
205 276
234 276
314 276
445 276
62 277
154 277
209 277
428 277
394 278
154 279
264 279
309 279
349 279
475 279
186 280
310 280
150 281
339 281
367 281
277 282
404 282
428 283
430 283
160 284
28 285
121 285
142 285
178 285
227 285
439 285
80 286
225 286
344 286
407 286
450 286
100 287
193 287
212 287
251 287
415 287
231 288
262 288
319 288
358 288
390 288
51 289
88 289
141 289
211 289
369 289
207 290
255 290
411 290
132 291
140 291
173 291
423 291
170 292
256 292
284 292
325 292
22 293
153 293
188 293
300 293
373 293
414 293
88 294
312 294
315 294
470 294
159 295
234 295
246 295
257 296
318 296
93 297
111 297
170 297
126 298
253 298
268 298
287 298
306 298
307 298
336 298
45 299
71 299
196 299
216 299
251 299
257 299
132 300
171 300
202 300
225 300
246 300
327 300
396 300
411 300
97 301
117 301
137 301
162 301
169 301
243 301
309 301
356 301
379 301
433 301
135 302
476 302
43 303
280 303
313 303
93 304
327 304
429 304
117 305
197 305
262 305
275 305
277 305
415 305
462 305
105 306
144 306
221 306
327 306
343 306
355 306
429 306
434 306
95 307
194 307
298 307
360 307
83 308
239 309
367 309
105 310
132 310
145 310
382 310
399 311
415 311
422 311
221 312
233 312
249 312
317 312
331 312
335 312
62 313
242 313
180 314
188 314
449 314
37 315
468 315
241 316
298 316
160 317
413 317
338 318
369 318
420 318
121 319
330 319
336 320
352 320
404 320
436 320
238 321
57 322
206 322
239 322
258 322
402 322
454 322
226 323
354 323
369 323
371 323
386 323
393 323
418 323
425 323
324 324
145 325
232 325
340 325
405 325
159 326
212 326
235 326
429 326
104 327
190 327
390 327
78 328
364 328
405 328
441 328
27 329
304 329
396 329
224 330
289 330
355 330
425 330
51 332
240 332
123 333
158 333
230 333
275 333
370 333
460 333
220 334
339 334
396 334
402 335
187 336
209 336
304 336
400 336
72 337
204 337
391 337
103 338
231 338
406 338
89 339
143 339
317 339
352 340
44 341
239 341
257 341
18 342
173 342
221 342
446 342
121 343
290 343
466 343
156 344
205 344
276 344
434 344
208 345
407 345
411 346
82 347
306 347
366 347
141 348
329 348
399 348
410 348
187 349
204 350
427 350
260 351
362 351
60 352
98 352
119 352
347 352
404 352
451 352
37 353
170 353
218 353
364 353
227 354
297 355
138 356
282 356
325 356
370 356
373 356
417 356
471 356
232 357
156 358
228 358
261 358
454 359
368 360
73 361
428 362
219 363
300 363
358 363
413 363
46 364
53 364
96 364
175 364
320 364
442 364
29 365
308 365
340 365
374 365
400 365
124 366
239 366
299 366
115 367
165 367
203 367
243 367
256 367
389 367
199 368
137 369
249 369
124 370
476 370
77 371
428 371
163 372
168 372
373 372
460 372
178 373
285 373
45 374
50 374
95 374
140 374
223 374
250 374
412 374
143 375
195 375
271 375
282 375
307 376
334 376
446 376
18 377
51 377
132 377
271 377
279 377
354 377
65 378
148 379
185 379
389 379
47 380
167 380
190 380
207 380
95 381
323 381
398 381
478 381
372 382
195 383
161 384
169 384
259 384
80 385
131 385
187 385
295 386
74 387
190 387
225 387
414 387
446 387
465 387
68 388
135 388
147 388
251 388
293 388
209 389
346 389
27 390
316 390
365 390
430 390
44 391
81 391
258 391
266 391
96 392
138 392
181 392
383 392
316 393
266 395
161 396
194 396
448 396
77 397
232 397
336 397
123 398
248 398
277 398
109 399
415 399
466 399
146 400
69 401
184 402
286 402
345 402
41 403
170 403
296 403
305 403
94 405
313 405
359 405
379 405
139 406
19 407
260 407
379 407
410 407
431 407
57 408
218 408
323 408
333 408
39 409
362 409
395 409
107 410
152 410
240 410
48 411
77 411
350 411
362 411
200 412
139 413
388 413
60 414
322 414
354 414
450 414
471 414
79 415
123 415
173 415
340 415
377 415
57 416
92 416
337 416
221 417
275 417
366 417
407 417
60 418
69 418
347 418
64 419
249 419
287 419
366 419
429 419
11 420
188 420
320 420
374 420
389 420
32 421
41 421
352 421
397 421
108 422
158 422
73 423
55 425
139 425
231 425
365 425
373 425
305 426
360 426
175 427
210 427
372 427
424 427
46 428
259 428
355 428
367 428
393 428
57 429
90 430
123 430
471 430
339 431
397 431
64 432
80 433
107 433
194 433
237 433
360 433
381 433
216 434
351 434
387 434
399 434
26 435
71 435
269 435
375 435
455 435
50 436
73 436
349 436
352 436
339 437
396 437
420 437
72 438
76 438
178 438
390 438
332 439
440 439
47 440
70 440
160 440
88 441
225 441
244 441
202 442
252 442
283 442
360 442
391 442
470 442
248 443
145 444
451 444
108 445
126 446
268 446
299 446
309 446
68 448
354 448
152 449
246 449
368 449
188 450
262 450
333 450
43 451
233 451
339 451
435 451
211 452
388 452
241 453
87 454
413 454
140 455
166 455
128 456
138 456
445 456
180 457
219 457
290 457
259 458
265 458
133 459
306 459
146 460
269 460
429 460
109 461
199 461
158 462
35 463
406 463
229 464
376 464
136 465
65 466
88 466
189 466
461 467
267 468
279 468
207 469
151 470
174 470
283 470
350 470
312 472
356 472
395 472
113 473
244 473
433 473
196 474
238 474
300 474
89 475
215 475
459 475
364 476
25 477
248 478
256 478
259 478
387 479
408 479
264 480
58 481
262 481
357 481
452 481
39 482
202 482
423 482
371 483
191 485
200 485
277 485
350 485
370 485
118 486
229 486
95 487
177 487
189 487
303 487
367 487
186 488
146 489
341 489
446 489
167 490
75 491
385 491
416 491
174 492
320 492
217 494
268 494
328 494
180 495
242 495
124 496
177 496
30 497
196 497
288 498
471 498
99 499
315 499
390 499
53 500
156 500
251 500
297 500
307 500
395 500
406 500
172 501
378 501
463 501
78 502
434 502
105 504
371 504
390 504
209 505
339 505
133 506
231 506
349 506
365 506
423 508
187 509
378 509
457 509
139 510
280 510
331 510
84 511
168 512
112 513
218 513
250 513
299 513
315 513
445 514
391 515
45 516
118 516
189 517
410 517
354 518
381 518
68 519
147 519
196 519
229 519
266 519
161 520
201 520
179 521
277 521
299 521
91 522
434 522
124 523
255 524
340 524
467 525
97 526
212 526
254 526
158 527
216 528
249 528
377 528
104 529
246 529
262 529
383 529
215 530
325 530
396 530
458 530
202 531
310 531
316 531
388 531
215 532
417 532
47 533
138 533
296 533
61 534
218 534
253 534
344 534
196 535
243 535
306 535
380 535
386 535
171 536
232 537
280 537
308 537
76 538
295 538
300 538
116 539
278 539
238 540
251 540
258 540
312 540
318 540
407 540
441 540
149 541
365 541
269 542
308 542
354 542
372 543
202 544
294 544
400 544
472 544
379 545
89 546
191 547
323 547
341 547
423 547
161 548
271 548
281 548
302 548
133 549
226 549
300 549
104 551
215 551
457 551
398 552
215 553
380 553
394 553
381 554
412 554
204 555
260 555
388 555
363 557
390 557
147 558
284 558
350 558
362 558
404 558
117 559
179 559
213 559
79 560
334 560
437 560
173 562
266 562
280 562
296 562
303 562
470 564
230 565
283 565
387 565
420 565
128 566
126 568
131 568
98 569
246 569
411 569
196 570
284 570
372 570
460 570
139 571
187 571
205 571
145 573
314 573
363 573
112 574
161 574
146 575
165 575
343 575
446 575
182 576
221 576
172 577
187 577
332 577
351 577
437 577
138 578
184 578
279 578
420 579
281 580
406 580
259 581
151 582
293 582
294 582
205 583
306 583
474 583
72 584
84 584
394 585
383 586
466 586
174 587
220 587
325 587
100 588
308 588
121 589
147 590
192 590
235 590
451 590
167 591
174 591
361 591
144 593
261 593
283 593
316 593
116 594
279 594
290 594
312 594
348 594
428 594
327 595
122 596
165 596
183 596
285 596
414 596
158 597
296 597
303 598
305 598
316 598
398 600
248 603
224 604
256 604
379 604
471 604
362 606
270 607
459 607
289 608
98 609
111 609
306 609
324 610
340 610
123 611
434 611
443 611
157 613
401 614
415 614
143 615
174 615
191 616
204 618
391 618
249 619
220 620
263 620
236 621
285 622
301 622
378 622
324 623
337 623
100 624
106 624
361 624
467 624
116 625
129 627
449 627
140 629
435 629
153 631
166 631
173 631
409 631
246 632
422 632
257 633
392 633
277 634
184 635
217 637
200 638
309 638
329 639
