244 24
214 25
270 26
278 26
202 29
225 32
259 32
166 34
196 34
248 34
321 35
309 37
298 38
279 39
214 40
234 40
181 41
143 43
149 43
251 43
198 46
243 46
246 46
336 46
164 48
323 48
269 49
276 49
135 50
231 50
259 51
277 51
308 51
188 52
249 52
256 52
290 52
220 54
362 57
122 58
173 58
207 58
340 58
355 59
144 60
323 60
305 62
164 63
251 63
231 64
276 64
138 65
267 65
281 65
296 65
191 66
245 66
106 67
127 67
345 67
356 68
272 69
150 70
247 70
212 71
372 71
175 74
234 74
303 74
316 74
200 75
271 75
277 75
285 75
90 76
333 76
143 78
225 78
254 79
346 79
387 79
140 82
174 82
104 83
120 83
328 83
364 83
205 84
331 84
241 85
335 85
208 86
304 86
153 87
227 87
284 87
317 87
327 87
123 88
190 88
205 88
130 89
239 89
274 89
336 89
90 90
184 90
264 90
350 90
151 91
341 91
358 91
164 92
82 93
103 93
352 93
366 93
245 94
402 94
195 95
203 95
210 95
167 96
177 96
340 97
353 97
374 97
113 98
147 98
150 98
299 98
124 99
272 99
288 99
310 99
136 100
206 100
216 100
334 100
389 100
62 102
253 102
150 103
171 103
185 103
238 103
396 103
86 104
100 104
134 104
217 104
126 105
167 105
184 105
194 105
132 106
138 106
349 106
197 107
171 108
175 108
369 108
150 109
348 109
69 110
138 110
173 110
181 110
274 110
199 111
207 111
239 111
289 111
306 111
215 112
252 112
324 112
378 112
177 113
333 113
107 114
216 115
233 115
389 115
84 116
137 116
202 116
349 116
196 117
331 117
357 117
171 118
190 119
341 119
409 119
96 120
203 120
54 121
92 121
274 121
289 121
303 121
398 121
99 122
314 122
419 122
136 123
143 123
176 123
257 123
266 123
90 124
205 125
367 125
118 126
241 126
328 126
428 126
66 127
96 127
340 127
386 127
435 127
225 128
95 129
150 129
183 129
42 130
100 130
211 130
93 131
355 131
412 131
133 133
146 133
151 133
305 133
72 134
128 134
279 134
154 135
239 135
260 135
294 135
98 136
148 136
168 136
198 136
318 136
327 138
431 138
98 139
187 139
364 139
81 140
107 140
218 140
382 140
79 142
127 142
348 142
392 142
397 142
54 143
90 143
153 143
248 144
393 144
405 144
149 145
228 145
267 145
283 145
102 146
170 146
294 146
306 146
358 146
411 146
44 147
190 147
379 147
383 147
98 148
417 148
326 149
67 150
136 150
148 150
216 150
385 151
130 152
204 152
340 152
388 152
434 153
56 154
125 154
370 154
361 155
79 156
145 156
149 156
258 156
354 156
406 156
244 157
279 157
301 157
362 157
443 157
450 157
180 158
269 158
107 159
123 159
219 159
312 159
100 160
367 161
377 162
428 162
165 163
202 163
222 163
233 163
275 163
293 163
330 163
120 164
135 164
42 165
65 165
95 165
217 165
259 165
194 167
210 167
265 168
274 168
403 168
442 168
95 169
224 169
235 169
352 169
113 170
152 170
100 171
292 171
317 172
53 173
76 173
171 173
365 173
26 174
121 174
139 174
217 174
373 174
193 175
423 175
456 175
331 176
162 177
388 178
106 179
246 179
244 180
259 180
343 180
433 180
225 181
39 182
64 182
89 182
106 182
180 182
297 182
355 182
124 183
148 183
223 183
313 183
97 184
216 184
30 186
97 186
370 186
407 186
206 187
231 187
446 187
54 188
323 188
164 189
239 189
116 190
133 190
340 190
74 191
189 191
459 191
110 192
383 192
424 192
92 193
155 193
220 193
262 193
272 193
274 193
250 194
296 194
41 195
218 195
395 195
238 196
249 196
308 196
35 197
170 197
359 197
112 198
229 198
216 200
322 200
442 200
66 201
77 201
116 201
271 201
375 201
406 201
64 202
156 202
202 202
259 202
330 202
334 203
77 204
122 204
156 204
185 204
281 204
453 204
53 205
229 205
242 205
359 205
422 205
22 206
70 206
153 206
249 206
90 207
297 207
104 208
213 209
265 209
348 209
354 209
45 210
258 210
315 210
361 210
394 210
459 210
32 211
42 211
76 211
263 211
438 211
167 212
242 212
64 213
76 213
146 213
153 213
200 213
335 214
359 214
53 215
252 215
372 215
136 216
241 216
242 216
276 216
332 216
409 216
113 217
22 218
69 218
77 218
89 218
273 218
450 218
184 219
219 219
267 219
290 219
329 219
349 219
418 219
80 220
261 220
304 221
334 221
147 222
153 222
263 222
321 222
125 223
142 223
173 223
318 223
435 223
49 224
360 224
47 225
133 225
154 225
30 226
42 226
329 226
343 226
373 226
409 226
441 226
164 227
208 227
226 227
235 227
276 227
280 227
52 228
97 228
334 228
48 229
136 229
262 229
289 229
141 230
195 230
357 230
58 231
73 231
330 231
88 232
128 232
276 232
423 232
109 233
337 233
57 234
358 234
392 234
458 235
134 236
310 236
32 237
130 237
230 237
141 238
282 238
439 238
45 239
330 239
366 239
69 240
139 240
204 240
216 240
59 241
123 241
145 241
278 241
402 241
61 242
74 242
430 242
124 243
305 243
42 244
90 244
364 244
378 244
397 244
52 245
110 245
143 245
264 245
313 245
347 245
362 245
389 245
144 246
189 246
243 246
391 246
452 246
275 247
232 248
241 248
358 248
411 248
52 249
83 249
274 249
156 250
177 250
285 250
140 251
381 251
46 252
63 252
210 252
329 253
300 254
429 254
279 255
124 256
265 256
273 256
313 256
344 256
368 256
466 256
46 257
52 257
280 257
33 258
72 258
111 258
166 258
196 258
267 258
411 258
434 258
355 259
87 260
130 260
229 260
390 260
419 260
144 261
182 261
252 261
372 261
392 261
237 262
272 262
388 262
451 262
67 263
139 263
243 263
255 263
294 263
382 263
417 263
215 264
267 265
128 266
418 266
430 266
255 267
377 267
73 268
98 268
201 268
341 268
384 268
408 268
422 268
16 269
165 269
284 269
377 269
403 269
406 269
436 269
390 270
416 270
79 271
110 271
160 271
278 271
327 271
358 271
33 272
68 272
129 272
190 272
297 272
394 272
242 273
128 274
388 274
406 274
444 274
216 275
231 275
388 275
394 275
72 276
88 276
246 276
278 276
417 276
109 277
176 277
310 277
252 278
346 278
377 278
406 278
53 279
139 279
156 279
417 279
46 280
56 280
201 280
391 280
22 282
59 282
429 282
290 283
328 283
458 283
58 284
69 284
178 285
186 285
75 286
97 286
158 286
204 286
245 286
253 286
261 286
304 286
370 286
409 286
123 287
198 288
224 288
290 288
317 288
344 288
14 289
70 289
278 289
150 290
161 290
272 290
289 290
443 290
32 291
242 291
274 291
111 292
259 292
278 292
394 292
423 292
283 293
138 294
263 294
76 295
214 296
235 296
266 296
363 296
401 296
169 297
209 297
455 297
293 298
83 299
238 299
306 299
230 300
237 300
244 300
253 300
78 301
103 301
350 301
378 301
150 302
212 302
226 302
299 302
320 302
59 303
124 303
226 303
251 303
282 303
437 303
43 304
273 304
323 304
416 304
465 304
71 305
163 305
286 305
63 306
291 306
51 307
142 307
164 307
280 307
301 307
18 308
49 308
71 308
93 308
204 308
394 308
112 309
195 309
163 310
336 310
182 311
209 311
32 312
60 312
186 312
370 312
347 313
427 313
451 313
86 314
158 314
162 314
307 314
125 315
309 315
231 316
281 316
68 317
151 317
183 317
185 317
279 317
188 318
198 318
412 318
80 319
101 319
181 319
336 319
289 320
359 320
388 320
438 320
298 321
302 322
417 322
464 322
45 323
52 323
323 323
431 323
21 324
113 324
186 324
129 325
163 325
320 325
38 326
70 326
268 326
301 326
400 326
313 327
345 327
440 327
146 328
378 328
427 328
90 329
228 329
314 329
384 329
403 329
450 329
219 330
243 330
294 330
356 330
16 331
202 331
332 331
74 332
320 332
60 333
167 333
287 333
66 334
425 334
432 334
59 335
196 335
338 335
68 336
262 336
299 336
313 336
458 336
48 337
72 337
119 337
80 338
394 338
415 338
81 339
296 339
27 340
57 341
98 341
131 341
152 341
278 341
428 341
431 341
444 341
180 342
232 342
220 343
283 343
291 343
350 343
377 343
49 344
61 344
74 344
109 344
204 345
423 345
39 346
295 346
401 346
413 346
56 347
327 347
357 347
19 348
78 348
141 348
166 348
244 348
304 348
383 348
282 349
78 350
88 350
192 350
260 350
121 351
300 351
303 351
364 351
390 351
419 351
396 353
313 354
454 354
56 355
134 355
182 355
213 355
406 355
420 356
75 357
153 357
233 357
320 357
273 358
283 358
347 358
68 359
247 359
290 359
375 359
405 359
423 359
171 362
325 362
332 362
27 363
197 363
113 364
144 364
209 364
254 364
303 364
164 365
357 365
390 365
410 365
92 366
307 366
450 366
126 367
266 367
378 367
225 368
42 369
74 369
290 369
335 369
183 370
432 370
221 371
312 371
369 371
456 371
176 372
216 374
247 374
55 375
69 375
152 375
343 375
37 376
230 377
233 377
275 377
348 377
369 377
459 377
87 378
135 378
299 378
320 378
379 378
424 378
361 379
224 380
263 380
103 381
166 381
210 381
444 381
143 382
195 382
224 382
356 382
365 382
410 382
119 383
229 383
370 383
328 385
96 386
187 386
203 386
335 386
225 387
83 388
158 388
180 388
223 388
46 389
228 389
237 389
314 389
242 390
273 390
438 390
454 390
134 391
213 391
220 391
230 391
76 392
114 392
248 392
372 392
201 393
296 394
404 394
26 396
174 396
233 396
399 396
150 397
224 397
426 397
58 398
256 398
320 398
300 399
74 400
91 400
338 400
108 401
127 401
142 401
149 401
199 401
411 401
213 402
154 403
195 403
168 404
319 404
450 404
294 405
313 405
358 405
24 406
264 406
125 407
189 408
287 408
326 408
50 409
124 409
162 409
269 409
417 409
435 409
134 411
144 411
158 411
213 411
104 412
142 412
150 412
201 412
252 412
69 413
346 413
87 414
384 414
181 416
312 417
405 417
194 418
232 418
241 418
291 418
120 419
281 419
210 420
257 420
294 420
208 421
225 421
274 421
391 421
444 421
370 422
237 423
335 423
47 424
63 424
133 424
429 424
31 425
84 425
152 425
127 426
353 426
190 427
207 427
234 427
145 428
137 429
243 429
317 429
337 429
374 429
149 430
201 430
207 430
215 430
224 430
261 430
299 430
227 431
239 431
296 431
98 432
147 433
170 433
310 433
417 433
298 434
340 434
359 434
117 435
436 435
204 436
208 436
278 436
379 436
44 437
147 437
215 437
232 437
247 438
400 438
60 439
139 439
303 439
131 440
152 440
154 440
220 440
223 440
165 441
304 441
324 441
163 442
184 442
94 443
111 443
263 443
290 443
347 444
383 444
440 444
179 445
364 445
57 446
219 446
75 447
190 448
58 450
163 450
210 450
368 450
108 451
408 451
443 451
325 452
170 453
133 454
217 454
429 454
228 455
354 455
152 457
308 457
391 457
171 458
279 458
373 458
138 459
234 459
263 459
177 460
237 460
325 460
194 461
226 461
293 461
72 462
89 462
165 462
179 462
228 462
190 463
213 463
56 464
133 464
175 464
177 464
415 464
235 465
161 466
397 466
232 467
157 468
277 468
193 469
378 469
196 470
247 470
216 471
120 472
213 472
231 472
292 472
438 473
194 474
222 474
226 474
106 475
155 475
329 475
422 475
90 477
207 477
209 477
215 477
312 478
170 479
186 480
347 480
103 481
193 481
194 481
119 482
164 482
172 482
300 482
366 482
385 482
182 483
227 483
287 483
311 483
144 484
310 485
407 485
168 487
295 487
300 487
274 488
76 489
250 490
301 490
90 491
173 491
176 492
158 493
179 493
282 493
357 494
373 494
167 495
122 496
159 496
139 497
183 497
284 497
328 497
109 498
316 498
126 499
144 499
159 499
222 500
343 500
192 501
288 501
289 501
320 501
268 502
419 502
90 503
158 503
184 504
198 504
287 504
128 505
244 505
309 506
123 507
288 508
190 509
397 509
422 509
287 510
413 510
92 511
150 511
122 512
167 512
214 512
358 512
379 512
124 513
342 513
108 514
124 515
236 515
294 515
263 516
301 516
317 516
324 516
170 517
299 517
310 517
192 518
256 521
264 521
204 522
268 522
175 523
255 523
413 523
127 524
207 524
211 524
149 525
262 525
305 525
341 525
219 526
381 526
202 527
280 527
323 528
362 528
109 529
265 529
300 529
170 530
195 531
239 531
400 531
268 533
275 533
303 533
142 535
205 536
248 536
125 538
164 538
361 539
383 542
140 543
188 543
217 545
298 546
209 547
268 547
243 548
360 548
253 549
243 551
337 551
220 553
228 553
258 553
318 553
202 554
280 554
203 556
289 556
172 557
196 557
237 558
359 558
382 558
149 559
165 562
188 562
283 562
334 562
215 563
240 565
308 565
355 566
185 568
378 568
231 570
257 570
276 571
327 571
180 573
204 573
299 574
226 575
194 580
218 580
323 580
265 581
290 582
316 586
210 587
283 588
268 597
