205 3
153 4
247 4
423 5
96 6
477 6
141 9
190 9
304 11
398 11
279 13
457 13
357 15
345 17
174 18
117 19
263 19
337 21
325 22
253 23
472 23
204 24
158 25
102 26
232 28
308 28
454 28
378 29
291 30
366 30
424 30
443 30
189 31
391 31
143 32
87 33
343 33
135 34
268 34
130 37
80 38
251 38
329 38
72 39
475 39
125 41
133 41
318 41
68 42
116 42
147 42
200 43
431 43
450 43
466 43
138 44
216 44
222 44
371 44
402 45
62 46
418 46
293 47
314 47
209 48
355 48
381 49
97 50
220 50
338 50
137 52
165 53
213 53
229 53
258 53
392 53
220 54
225 54
475 55
138 56
234 56
454 56
304 57
365 57
379 57
435 57
148 58
359 58
404 58
341 59
389 59
297 60
70 61
79 61
121 61
278 63
389 64
61 65
110 65
167 65
200 66
474 66
128 67
231 67
240 67
267 68
441 68
460 68
145 69
204 69
405 69
430 69
307 70
373 70
397 71
233 72
337 72
90 73
399 73
314 74
351 74
130 75
158 75
180 75
322 75
124 76
138 76
207 77
220 77
380 77
445 77
286 78
290 78
397 78
160 79
299 79
75 80
415 80
471 80
98 81
375 81
389 81
162 82
399 82
409 82
265 83
276 83
363 83
235 84
154 85
246 86
203 87
227 87
239 87
331 87
346 87
207 89
297 89
311 89
438 89
178 90
51 91
194 91
220 91
235 91
450 91
249 92
260 92
438 92
456 92
110 93
254 93
412 94
207 95
239 95
283 95
163 96
386 96
476 96
112 97
119 98
365 98
405 98
347 99
239 100
257 100
430 100
309 101
333 101
206 102
194 103
294 103
140 104
204 104
436 105
123 106
414 106
84 107
60 108
90 108
175 108
203 108
226 108
442 108
266 109
390 109
415 109
371 110
55 111
89 111
101 111
402 111
464 111
163 112
339 112
416 112
49 113
323 113
355 113
420 113
433 113
81 114
217 114
296 114
203 115
269 115
278 115
310 115
472 115
239 116
264 116
266 117
143 118
210 118
224 118
257 118
197 119
280 119
405 119
421 119
77 120
244 120
97 121
218 121
124 122
126 122
419 122
180 123
387 123
290 124
309 124
112 125
116 125
126 125
328 125
353 125
373 125
430 125
303 126
419 126
82 127
108 127
434 127
61 128
158 128
437 129
51 130
461 130
201 131
282 131
447 131
112 132
137 132
157 132
272 132
262 133
227 134
477 134
148 135
158 135
247 135
216 136
226 136
295 136
328 136
79 137
171 137
237 137
39 138
232 138
343 138
356 138
112 139
391 139
106 140
118 140
198 140
226 140
377 140
402 140
423 140
129 141
210 141
191 142
428 142
176 143
183 143
151 144
158 144
231 144
411 144
62 145
445 145
104 146
178 146
194 146
295 146
298 146
106 148
152 148
166 148
258 148
431 148
456 148
463 148
474 148
146 149
179 149
198 149
271 149
140 150
160 150
49 151
243 151
309 151
320 151
334 151
353 151
128 152
169 152
292 152
298 152
368 152
386 152
438 152
93 153
304 153
86 154
169 154
216 154
225 154
318 154
97 155
103 155
121 155
240 155
412 155
402 156
411 156
239 157
96 158
158 158
318 158
423 158
439 158
115 160
185 160
193 160
359 161
258 162
285 162
300 162
312 162
384 162
441 162
64 163
140 163
186 163
264 163
149 164
341 164
384 164
141 165
248 165
453 165
94 167
129 167
344 167
383 167
231 168
401 168
472 169
44 170
165 170
383 170
330 171
395 171
140 172
364 172
369 172
204 173
417 173
344 174
352 174
111 175
124 175
192 175
271 175
285 175
72 176
300 176
315 176
429 176
352 177
248 178
327 178
63 179
442 179
101 180
156 180
363 180
452 181
126 182
222 182
133 183
136 183
169 183
350 183
90 184
154 184
343 185
371 185
405 185
48 186
118 186
331 186
354 186
360 186
356 187
375 187
465 187
203 188
267 188
77 189
152 189
196 189
256 189
274 189
290 189
370 189
420 189
43 190
128 190
240 190
353 190
364 190
478 190
303 191
310 191
184 192
318 192
326 192
435 193
99 195
150 195
333 195
223 196
374 196
400 196
347 197
165 198
250 198
400 198
453 198
210 199
56 200
214 201
231 201
153 202
214 203
277 203
416 203
189 204
294 204
474 204
81 205
141 205
207 205
230 205
264 205
357 205
371 205
109 206
223 206
432 206
331 207
352 207
45 208
239 208
318 208
208 209
215 209
225 209
290 209
327 209
385 209
125 211
127 211
318 211
447 211
70 212
302 212
230 213
131 214
195 214
317 214
415 214
89 215
117 215
123 215
349 215
461 215
224 216
259 216
394 216
160 217
222 217
425 217
184 218
232 218
234 218
247 218
339 218
234 219
362 219
472 219
108 220
158 220
218 220
321 220
55 221
233 221
356 221
102 222
237 222
165 223
308 223
330 223
374 223
439 223
48 224
97 224
144 224
293 225
331 225
411 225
208 226
337 226
189 227
279 227
298 227
155 228
456 228
69 229
352 229
388 229
38 230
88 230
241 230
426 230
205 231
216 231
299 231
176 232
33 233
353 234
361 234
397 234
289 235
344 235
291 236
322 236
328 236
406 236
470 236
59 237
289 237
442 237
267 238
372 238
94 239
252 239
351 239
302 240
334 240
116 241
121 241
274 241
277 241
278 241
434 241
192 242
200 243
268 243
295 243
55 244
148 244
49 245
135 245
348 245
459 245
170 246
237 246
402 246
222 247
88 248
312 248
397 248
54 249
146 249
270 249
237 250
363 250
63 251
414 251
144 252
224 252
325 252
474 252
214 253
276 253
80 254
108 254
129 254
286 254
437 254
163 255
277 255
378 255
408 255
447 255
110 256
177 256
224 256
85 257
172 257
200 257
123 258
140 258
199 258
226 258
342 258
54 259
70 259
89 259
183 259
302 259
388 259
412 259
424 259
459 259
193 260
209 260
213 260
73 261
145 261
418 261
41 262
69 262
100 262
187 262
223 262
258 262
216 263
467 263
132 264
140 264
150 264
262 264
359 264
73 265
175 266
182 266
326 266
366 266
402 266
124 267
170 267
187 267
208 267
287 267
72 268
265 268
167 269
179 269
192 269
49 270
380 270
406 270
415 270
440 270
97 271
99 271
145 271
212 271
429 271
203 272
343 272
454 272
129 273
131 273
161 273
256 273
417 273
433 273
70 274
148 274
53 275
57 275
67 275
128 275
241 275
305 275
120 276
224 276
392 276
406 276
55 277
147 277
207 277
323 277
66 278
178 278
466 278
93 279
273 279
401 280
424 280
284 281
407 281
102 282
341 282
375 283
479 283
41 284
294 284
57 286
452 286
79 287
129 287
158 287
228 287
233 287
307 287
419 287
165 288
392 288
212 289
173 290
163 291
264 291
314 291
363 291
430 291
466 292
184 293
42 294
67 294
144 294
162 294
277 294
340 294
407 294
171 295
21 296
289 296
376 296
438 296
88 297
114 297
172 297
178 297
353 298
333 299
220 300
232 300
242 300
389 300
213 301
256 302
304 302
422 302
449 302
342 303
151 304
188 304
368 305
460 305
52 306
98 306
29 307
72 307
85 307
90 307
403 307
429 307
195 308
166 309
175 309
182 309
274 310
286 310
176 311
383 311
438 311
173 312
189 312
330 312
112 313
235 313
356 313
62 314
187 314
216 314
302 314
413 314
471 314
163 315
191 315
195 316
90 317
310 317
15 318
84 318
396 318
419 318
86 319
154 319
371 319
424 319
36 320
90 320
122 320
268 320
292 320
346 320
352 321
366 322
54 323
72 323
109 323
173 323
458 324
221 325
236 325
280 325
328 325
334 325
433 325
205 326
400 326
137 327
307 327
360 327
413 327
466 327
249 328
387 328
99 329
109 329
287 329
377 329
191 330
343 330
63 331
83 331
83 332
97 332
100 332
156 332
262 332
293 332
377 333
446 333
381 334
424 334
473 334
118 335
123 335
325 335
329 335
374 335
176 336
211 336
274 336
15 337
142 337
301 337
360 337
73 339
115 339
170 339
326 340
341 340
34 341
51 341
136 341
335 341
412 341
437 341
458 341
256 343
322 343
358 343
159 344
292 344
371 344
420 345
197 346
207 346
220 346
469 346
270 347
320 347
395 347
401 347
83 348
186 348
151 349
233 349
350 349
385 349
123 350
371 350
407 350
42 351
61 351
178 351
246 351
304 351
448 351
475 351
376 352
431 352
17 353
97 354
171 354
283 354
346 354
103 355
142 355
111 357
313 357
413 357
91 358
99 358
200 358
211 358
399 358
458 358
101 359
136 359
161 359
73 360
187 360
267 360
296 360
144 361
229 361
41 362
48 362
81 362
240 363
26 364
74 364
155 364
466 364
61 365
68 365
381 365
128 366
136 366
251 366
356 366
424 366
42 367
413 367
105 368
113 368
127 368
98 369
283 369
81 370
267 370
310 370
359 370
434 370
101 371
339 371
412 371
73 372
113 372
182 372
222 372
94 373
339 373
391 373
478 373
370 374
56 375
159 375
167 375
78 376
439 376
462 376
233 377
253 377
278 377
335 377
30 378
54 378
400 378
295 379
375 379
446 379
100 380
285 381
318 381
337 381
402 381
66 382
83 382
118 382
147 382
199 382
115 383
286 383
426 383
470 383
265 384
312 384
106 385
342 385
354 385
383 385
411 385
207 386
213 386
406 386
20 387
119 387
191 387
330 387
345 387
426 387
89 388
249 388
285 388
125 389
200 389
226 389
274 389
89 390
141 390
461 390
74 391
138 391
394 391
401 391
414 391
436 391
355 392
121 393
182 393
278 393
105 394
329 394
356 394
372 394
14 395
287 395
176 396
258 396
289 396
102 397
163 397
235 397
307 398
400 398
404 398
455 398
57 399
283 399
297 399
304 399
326 399
379 399
473 399
31 400
106 400
209 400
325 400
441 400
113 401
158 401
168 401
343 401
104 402
264 402
307 402
267 403
296 403
390 404
91 405
114 405
396 405
152 406
172 406
194 406
243 406
381 406
465 406
70 407
124 407
245 407
250 407
449 407
223 408
290 408
350 409
369 409
404 409
412 409
431 409
43 410
288 410
20 411
92 411
316 411
332 411
431 411
87 414
115 414
220 414
295 414
97 415
100 415
164 415
316 415
361 415
414 415
457 415
15 416
309 416
405 416
95 417
138 417
405 417
441 417
474 417
60 418
315 418
376 418
225 419
393 419
399 419
134 420
358 420
11 421
34 421
207 421
265 421
423 421
95 422
158 422
287 423
341 423
373 423
413 423
91 424
311 424
317 424
396 424
415 424
466 424
248 425
257 426
431 426
76 427
127 427
204 427
448 427
120 428
240 428
303 428
372 428
271 429
296 429
319 430
396 430
48 431
253 431
173 432
200 432
69 433
220 433
249 433
333 433
427 433
146 434
301 434
402 434
238 435
392 435
474 435
246 436
407 436
431 436
458 436
87 437
436 437
39 438
113 438
306 438
371 438
219 439
165 440
307 440
310 440
353 440
391 440
58 441
193 441
273 441
136 442
415 442
445 442
161 444
467 444
30 445
325 445
130 446
190 446
215 446
237 446
256 446
371 446
400 446
85 447
338 447
416 447
74 448
288 448
451 448
117 449
155 450
356 450
389 450
402 450
186 451
411 451
418 451
433 452
36 453
149 453
234 453
253 454
438 454
68 455
459 455
24 456
119 456
340 456
433 456
477 456
290 457
358 457
177 459
206 459
307 459
142 461
325 461
392 461
433 461
117 462
271 462
172 464
342 464
439 465
227 466
406 466
48 467
91 467
167 467
457 467
359 468
377 468
109 469
305 469
394 469
101 470
442 470
86 471
111 471
126 471
284 471
420 471
23 472
91 472
263 472
414 472
243 473
431 473
457 473
158 474
66 475
93 475
193 475
220 475
324 475
416 475
475 475
42 476
359 476
305 477
378 477
81 478
431 478
93 479
343 479
414 479
120 480
35 481
323 481
81 482
111 482
144 482
149 482
238 482
279 482
415 483
446 483
463 483
478 483
212 484
257 484
108 485
178 485
351 485
300 486
379 486
146 487
208 487
50 490
108 490
127 490
129 490
433 491
273 492
467 492
90 493
168 493
228 493
333 493
136 494
450 494
201 495
295 495
419 495
64 496
104 496
124 496
340 496
360 496
398 496
89 498
246 498
270 498
317 498
435 498
146 500
192 501
240 501
293 501
377 501
470 501
56 503
265 503
452 503
351 504
116 505
122 506
336 507
395 507
437 507
49 508
76 509
181 509
287 509
313 509
419 509
112 510
145 510
262 510
41 511
355 511
469 511
68 512
114 512
138 512
148 512
177 512
230 512
324 512
100 513
259 513
334 513
454 513
115 514
153 514
374 514
112 515
121 515
411 515
352 516
427 516
88 517
224 517
167 518
281 518
392 518
58 519
88 519
306 519
121 521
365 521
415 521
162 523
218 523
424 523
454 523
116 524
129 524
243 524
470 524
272 525
363 525
111 526
323 526
428 526
136 527
188 527
206 527
391 527
394 527
40 528
199 528
432 528
105 529
384 529
70 530
152 530
173 530
367 530
218 531
392 531
415 531
128 532
294 532
96 533
257 533
388 533
389 533
125 535
192 535
225 535
336 536
417 536
140 537
187 537
288 537
313 537
455 537
470 537
224 538
200 539
267 539
137 540
188 540
427 540
229 541
414 541
419 541
422 541
191 542
211 542
245 542
112 543
358 543
377 543
388 543
403 543
410 544
422 544
473 544
158 545
283 545
361 545
437 545
72 546
155 547
168 547
188 547
353 547
182 548
306 548
400 548
101 549
185 549
329 549
183 550
232 550
399 550
202 551
218 551
405 551
431 551
476 551
145 552
187 552
237 552
194 553
273 553
162 554
175 554
294 556
396 556
439 556
373 557
479 557
116 558
225 558
252 558
341 558
384 558
224 560
317 560
396 560
465 560
335 562
217 563
374 563
152 564
132 565
284 566
426 566
277 567
370 567
184 568
233 568
406 568
440 568
186 569
209 569
214 569
246 569
305 569
355 569
221 570
240 570
276 570
479 570
121 571
235 571
345 571
385 571
463 572
164 573
219 573
416 573
171 574
202 574
330 574
154 575
424 575
227 576
231 576
200 577
429 577
109 578
428 579
144 580
183 580
191 580
227 580
270 580
294 580
346 580
404 580
165 581
218 581
205 582
316 582
347 582
93 583
130 583
265 583
384 583
329 584
408 584
416 584
439 584
440 584
215 585
275 586
360 586
177 587
416 587
426 587
215 589
270 590
282 590
457 590
250 591
352 591
112 592
184 592
254 592
256 592
306 592
407 592
478 592
247 593
421 593
426 593
222 594
225 594
249 594
379 594
328 596
95 597
135 597
249 597
329 597
423 597
374 598
168 599
230 599
400 599
166 600
269 600
268 601
243 602
289 602
446 602
118 603
160 603
367 603
420 603
315 604
468 605
259 607
389 607
212 608
233 608
337 608
175 610
459 610
141 611
208 611
353 612
407 612
200 615
377 615
159 617
321 617
450 617
241 618
426 619
395 620
288 621
343 622
364 622
218 623
388 623
145 624
313 624
132 625
171 627
250 627
282 627
334 627
382 627
411 627
207 628
308 628
161 630
273 630
328 631
268 633
298 634
345 634
186 635
261 637
392 638
