279 2
388 3
430 3
461 3
312 4
444 4
345 5
414 6
403 7
238 8
268 10
382 10
229 11
374 11
296 12
328 13
198 14
222 16
436 17
463 17
359 18
420 18
252 19
447 19
403 21
284 22
346 22
310 23
379 26
182 27
209 27
233 28
460 28
333 29
442 29
426 30
255 31
275 31
329 32
411 32
294 33
363 33
325 34
392 37
465 38
216 39
375 40
440 40
456 40
387 41
423 41
236 42
311 42
344 42
370 43
421 43
280 44
371 45
386 47
208 48
332 49
357 49
375 49
185 51
438 51
292 52
327 52
383 52
222 53
377 54
446 54
462 54
432 55
244 56
390 56
421 56
321 57
428 57
175 59
412 59
421 60
429 60
280 61
315 62
208 63
392 63
351 64
399 64
404 65
231 66
376 66
389 66
393 66
446 66
170 67
289 67
425 67
472 67
201 68
403 68
435 68
340 69
459 69
248 70
268 70
407 71
418 72
402 73
163 74
220 74
299 74
328 74
423 74
409 75
261 76
369 76
193 77
238 78
414 78
290 79
353 79
426 79
255 80
318 80
217 82
313 82
380 82
449 82
478 82
463 83
182 85
209 85
210 85
340 85
269 86
304 86
311 86
370 86
217 87
280 88
438 88
421 89
407 91
357 92
169 94
255 94
390 94
233 95
321 95
459 95
262 96
473 96
479 96
256 97
291 97
232 98
343 98
375 98
214 99
221 99
162 100
247 100
253 100
192 101
441 103
158 104
419 104
186 105
305 105
330 105
430 105
209 106
245 106
274 106
402 106
448 106
222 107
351 108
386 108
148 109
466 110
180 111
244 111
249 111
218 112
258 112
264 113
320 113
473 113
367 114
146 115
236 115
200 116
407 116
284 117
336 117
398 117
419 118
433 118
212 120
240 120
307 120
447 120
386 121
178 122
293 122
192 123
237 123
272 123
216 124
165 125
458 125
322 126
327 126
370 126
247 127
470 127
479 128
328 129
344 129
348 129
231 131
437 131
261 132
308 132
340 132
405 132
426 132
207 133
331 133
394 133
448 133
282 134
349 135
182 136
381 137
307 139
162 140
219 141
285 141
367 142
162 143
269 143
281 143
301 143
190 144
436 144
452 144
290 145
348 145
407 145
420 146
472 146
239 147
147 148
161 148
260 148
395 148
208 149
303 150
351 150
320 151
348 151
232 152
304 152
375 152
161 153
274 154
173 155
175 155
341 155
333 156
336 156
249 157
297 157
449 157
408 159
420 159
433 159
468 159
324 160
229 161
306 161
378 161
224 163
213 164
215 164
367 164
379 164
155 165
193 165
209 166
217 166
378 166
322 167
279 168
237 169
158 170
239 170
335 170
373 170
435 170
213 171
442 172
148 173
238 173
292 173
390 173
416 173
455 173
181 174
253 174
360 174
308 175
400 175
404 175
434 175
271 176
327 176
375 177
395 177
472 177
173 178
221 178
224 178
393 178
204 179
346 180
204 181
199 182
245 182
298 182
222 183
318 183
132 184
313 185
224 186
234 186
428 186
468 186
436 187
231 188
357 188
411 188
162 189
352 190
384 190
251 192
190 193
325 193
449 193
229 194
208 195
281 196
362 196
377 196
215 197
232 197
265 197
341 197
377 197
396 197
464 198
391 199
423 199
428 199
410 200
417 200
324 201
141 203
273 203
314 203
393 203
440 203
201 204
283 204
200 206
330 206
452 207
252 208
238 210
343 210
348 210
373 210
175 211
464 211
147 212
470 212
163 213
216 213
287 213
360 213
411 214
429 214
434 214
475 214
167 216
194 216
306 216
230 218
296 218
392 218
443 218
193 220
160 221
273 221
458 221
314 222
330 222
167 224
188 224
254 224
332 224
373 226
467 226
130 227
184 227
224 227
239 227
312 227
473 227
317 229
261 230
295 230
343 230
402 230
412 231
436 231
478 231
173 232
190 232
201 232
288 232
338 232
359 232
392 232
430 232
168 233
442 233
298 234
301 234
328 234
200 235
309 235
316 235
215 236
141 237
178 237
181 237
190 238
167 239
343 239
465 239
268 240
355 240
376 240
430 241
220 242
324 242
348 242
179 243
234 243
282 243
399 243
421 244
273 245
414 245
433 245
187 246
210 246
233 246
366 246
414 246
130 247
298 247
225 248
391 248
459 248
177 249
221 249
259 249
190 250
256 250
295 250
419 250
317 251
424 251
173 252
266 252
356 252
427 252
468 252
166 253
429 253
444 253
219 255
293 255
332 255
168 256
217 256
194 257
201 257
207 257
405 257
440 257
231 258
273 258
290 258
352 258
407 258
190 259
414 259
452 259
178 260
184 260
263 260
234 261
276 261
422 261
401 262
214 263
215 263
310 263
376 263
233 264
368 264
460 264
178 265
201 265
277 265
322 265
350 266
402 266
256 267
340 267
410 267
283 268
433 268
178 269
241 270
306 270
361 270
366 270
133 271
181 271
191 271
256 271
421 271
469 271
212 272
244 272
428 272
206 273
262 273
391 273
161 274
170 274
331 274
428 274
473 274
411 275
449 275
353 277
400 277
157 278
171 278
385 278
431 278
426 279
207 280
245 280
247 280
302 280
377 281
201 282
218 282
296 282
330 282
417 283
255 284
317 284
436 284
181 285
421 285
462 285
234 286
272 286
147 288
172 288
218 288
292 288
368 288
327 289
341 289
435 289
444 289
171 291
269 292
334 292
193 293
418 293
195 294
310 295
348 296
357 296
285 297
209 298
137 299
326 299
330 299
474 299
347 300
358 300
246 301
238 302
335 302
387 302
411 302
194 304
196 304
342 304
156 305
441 305
460 305
331 306
423 306
425 307
264 309
281 309
421 309
197 310
302 310
217 311
376 311
399 311
410 311
175 312
439 312
164 313
354 313
417 313
324 314
393 314
412 314
166 315
232 315
435 315
299 316
466 316
177 317
246 317
321 317
343 317
420 317
188 318
364 318
260 319
405 319
420 319
452 319
240 321
270 321
249 322
281 322
299 322
208 323
296 323
379 324
384 324
316 325
165 326
335 326
476 326
187 327
387 327
425 327
274 329
359 330
397 330
160 331
327 331
379 331
207 332
334 332
240 333
294 333
331 333
347 333
204 334
273 334
397 334
442 334
459 334
258 335
337 335
208 336
276 336
341 336
361 336
373 336
203 337
330 337
257 338
426 338
351 339
240 340
256 340
281 341
219 342
276 342
325 342
323 343
348 343
152 344
271 344
341 344
345 344
367 344
385 344
411 344
254 345
280 345
307 345
397 345
427 346
462 346
210 347
266 347
283 347
379 347
224 348
368 348
211 349
321 349
346 349
378 349
198 350
236 350
237 350
409 350
305 351
321 351
344 351
379 351
209 352
338 352
390 352
393 352
443 352
169 353
229 353
317 353
223 354
205 355
253 355
322 355
426 355
186 357
393 357
202 358
207 359
290 359
402 359
137 360
305 360
359 360
423 360
252 361
274 364
284 364
139 365
175 365
282 365
162 366
330 366
392 366
443 366
306 367
227 368
290 368
328 368
399 368
215 369
318 369
381 369
421 369
466 369
354 370
394 370
194 371
289 371
320 371
344 371
348 371
187 372
356 372
302 373
384 373
176 375
204 375
395 375
174 377
258 377
366 377
154 378
194 378
378 378
229 379
375 381
438 381
211 382
243 382
466 383
215 384
231 385
415 385
185 386
193 386
314 386
398 386
161 389
297 389
338 389
368 389
238 390
354 390
204 391
278 391
285 391
456 391
143 393
338 393
348 393
222 394
318 394
250 395
431 395
190 396
178 398
351 398
378 398
155 399
308 400
402 400
254 401
194 402
278 402
346 402
407 402
247 403
451 403
323 404
325 404
428 404
375 405
221 406
404 406
430 406
440 406
323 409
366 409
247 410
284 410
353 410
307 411
320 411
341 411
352 412
408 412
458 412
435 413
158 414
207 414
255 414
417 414
449 414
175 415
274 415
387 415
349 416
479 416
261 418
313 418
406 418
295 419
274 420
299 420
357 420
435 420
192 421
234 421
301 421
308 421
428 421
271 423
444 423
259 424
315 424
436 424
305 425
150 426
319 426
376 427
472 427
368 428
215 429
310 429
159 430
255 431
327 431
336 431
455 432
220 433
245 434
295 434
307 434
357 434
392 434
176 435
306 435
332 436
387 437
403 437
240 438
295 438
197 439
302 439
309 439
339 439
326 440
414 440
429 441
436 441
447 441
431 442
251 443
243 445
374 445
470 445
219 446
296 446
307 447
414 449
463 449
357 451
348 452
413 452
437 452
425 453
242 455
338 456
392 456
461 456
202 457
298 457
307 457
247 458
316 458
259 459
453 461
276 462
224 463
178 464
445 464
251 465
374 466
238 467
255 467
364 468
475 468
355 470
412 470
446 470
334 472
246 473
277 473
365 474
295 475
301 475
316 475
324 475
264 477
433 478
221 479
395 479
175 480
184 480
403 482
238 483
424 483
465 483
378 485
271 486
266 487
269 487
200 488
241 488
253 489
423 489
359 490
407 490
296 491
344 492
410 492
213 493
255 493
317 493
476 494
277 495
330 495
429 495
448 496
264 499
269 500
279 500
430 500
387 501
472 501
230 502
296 502
246 504
253 506
370 506
402 506
467 506
422 507
199 508
355 508
241 509
325 509
460 509
264 511
393 511
411 511
428 511
334 512
216 514
311 514
265 515
300 515
290 516
449 516
436 517
233 518
426 518
261 519
429 519
240 522
360 524
402 524
327 525
395 525
437 525
470 526
337 527
271 529
208 531
383 531
278 532
285 533
421 533
369 535
411 535
299 536
451 536
225 539
237 539
322 541
384 543
256 544
437 544
269 546
432 547
280 549
469 549
457 550
420 553
452 554
304 556
330 556
402 556
359 557
443 557
255 558
336 558
349 559
381 559
281 566
