150 1
164 1
237 3
113 4
259 4
380 4
127 5
226 5
283 6
300 7
398 8
211 9
317 9
456 9
95 10
353 11
417 11
201 12
336 12
187 14
374 15
150 17
168 17
259 17
274 17
288 17
442 18
400 19
304 20
133 21
119 23
226 23
323 24
342 24
107 26
469 26
372 27
188 29
93 30
395 30
250 32
264 32
283 32
420 32
437 32
174 33
273 33
300 33
84 34
148 35
158 35
320 35
341 35
366 35
234 36
451 36
136 39
215 39
461 39
121 40
150 41
347 42
356 42
398 42
195 43
110 44
176 44
411 44
306 47
260 48
284 48
344 48
355 48
331 49
355 49
234 50
247 50
445 50
91 51
370 51
130 53
222 54
470 54
78 55
126 55
141 55
209 55
387 55
336 56
402 56
158 57
417 57
194 58
290 59
338 60
135 61
185 61
277 61
109 62
175 62
305 62
325 62
442 62
316 63
258 64
360 64
155 66
158 66
248 66
454 66
93 67
209 67
379 67
147 68
239 68
397 69
225 70
141 71
147 71
186 71
422 73
121 74
291 74
307 74
320 74
342 75
122 76
144 76
272 76
445 76
250 77
161 79
208 79
360 79
411 79
133 80
232 80
380 80
110 81
85 82
460 82
142 84
170 85
402 85
437 85
244 86
266 86
282 86
329 86
73 87
215 87
304 87
446 88
352 89
403 89
407 90
424 91
187 94
468 94
372 95
117 96
144 96
300 96
394 97
406 97
259 98
276 98
169 99
224 99
233 99
246 99
406 99
134 100
83 101
324 101
406 101
419 101
454 102
107 103
204 103
71 104
311 105
353 105
437 105
146 107
296 107
95 108
286 108
377 108
260 109
392 109
476 109
173 110
223 110
129 111
84 112
241 112
213 114
407 114
111 116
299 116
317 116
150 117
283 117
339 117
401 117
432 118
474 118
364 119
74 120
197 120
245 121
271 122
94 125
179 125
295 125
396 125
435 125
134 126
306 126
376 126
223 127
396 127
416 127
59 128
264 128
167 129
251 129
325 129
339 129
472 129
117 130
132 130
391 130
246 131
203 132
360 132
398 134
442 134
391 135
73 136
254 136
104 137
131 137
152 137
159 137
186 137
384 137
130 139
214 139
283 139
409 139
302 140
363 140
378 140
466 140
172 141
259 141
264 141
320 141
369 142
403 142
407 142
257 143
342 143
443 143
233 144
410 144
413 144
92 145
139 145
204 146
358 146
392 146
157 147
158 147
111 148
155 149
281 149
380 149
384 149
407 149
418 149
458 149
194 150
306 150
426 150
135 151
156 152
398 152
419 153
97 154
226 154
239 154
431 154
321 155
338 155
472 155
176 156
389 156
129 157
165 158
241 158
348 158
454 159
146 160
213 161
270 161
381 161
294 162
319 162
92 163
148 163
316 164
399 164
246 165
76 166
103 166
193 166
287 166
310 166
477 166
137 167
315 167
188 168
233 168
299 168
172 169
220 169
333 169
445 169
103 170
344 170
63 171
172 171
422 171
83 172
274 172
205 173
308 173
382 173
264 174
365 174
457 174
124 176
195 176
250 176
82 177
159 177
281 177
430 177
445 179
111 180
172 180
236 180
318 180
332 180
225 181
349 182
411 182
461 182
91 184
164 185
299 185
124 186
144 186
430 186
308 187
365 187
375 187
164 188
208 188
274 188
298 188
302 189
442 189
257 190
391 190
292 191
113 192
135 192
242 192
283 192
412 193
78 194
329 194
346 194
87 195
190 195
310 195
114 196
198 196
228 196
363 196
146 197
279 197
296 197
121 199
376 199
432 199
473 199
209 200
265 200
292 200
91 201
314 201
367 201
383 201
394 201
426 201
68 202
131 202
389 202
222 203
387 204
249 205
318 205
160 206
294 206
339 206
455 206
104 207
193 207
424 207
189 208
298 208
353 208
414 208
74 209
210 209
278 209
304 209
319 209
202 210
223 210
307 210
403 210
221 211
469 211
89 212
392 212
145 213
264 213
124 214
284 214
363 214
175 215
236 215
314 215
422 215
168 216
207 216
104 218
248 218
313 218
394 218
412 218
451 218
165 219
196 219
203 219
319 219
340 219
411 219
430 219
63 220
288 220
300 220
414 220
129 222
177 222
183 222
368 222
277 223
306 223
464 223
208 224
291 224
72 225
85 225
169 225
186 225
263 225
296 225
382 225
401 225
440 225
151 226
215 226
289 226
430 226
52 227
179 227
101 228
193 228
401 228
477 228
296 229
343 229
115 230
203 230
325 230
404 230
434 230
284 231
411 231
457 232
318 233
163 234
131 235
212 235
274 235
370 235
431 235
69 236
104 236
86 237
168 237
172 237
320 238
391 238
440 238
180 239
198 239
218 239
256 239
122 240
149 240
202 240
425 240
177 241
259 241
241 242
333 242
235 243
281 243
294 243
445 243
476 243
60 244
71 244
278 244
361 244
371 244
374 244
190 245
242 245
247 245
325 245
424 245
93 246
159 246
305 246
392 246
134 247
315 247
109 248
259 248
342 248
384 248
324 249
404 249
463 249
219 250
354 250
51 251
149 251
121 252
205 253
244 253
301 253
77 254
176 254
388 254
396 254
426 254
250 255
284 255
323 255
335 255
94 256
374 256
272 257
379 257
399 257
63 258
113 258
134 258
161 258
226 258
425 258
477 258
255 259
345 260
412 261
259 262
268 262
272 262
309 262
329 262
457 262
183 263
209 263
274 263
297 263
82 264
152 264
245 264
123 265
269 265
392 265
283 266
327 266
379 266
430 266
346 267
366 267
393 267
171 268
247 268
402 268
48 269
98 269
372 269
233 270
349 270
377 270
474 270
112 271
194 271
249 271
322 271
359 271
445 271
222 272
331 272
363 272
133 273
255 273
378 273
386 273
155 274
259 274
305 274
186 275
282 275
354 275
416 275
68 276
103 276
266 276
346 277
400 277
82 278
241 279
375 279
429 279
344 280
348 280
354 280
399 280
438 281
53 282
218 282
360 282
467 282
173 283
331 283
345 283
380 283
396 283
120 284
201 284
140 285
216 285
321 285
255 286
287 286
89 287
44 288
84 288
276 288
280 288
449 288
69 289
88 289
421 289
190 290
237 291
242 291
272 291
107 292
156 292
233 292
305 292
128 293
102 294
224 294
76 295
86 295
334 295
358 295
378 295
393 295
38 296
436 296
462 296
121 298
274 298
297 298
56 299
174 299
198 299
218 299
312 299
409 299
89 300
285 300
30 301
143 301
309 301
66 303
164 304
215 304
218 304
242 304
472 304
246 305
263 305
375 305
449 305
185 306
285 306
346 306
418 306
44 307
93 307
103 307
213 307
360 307
385 307
204 308
219 308
271 308
79 309
112 309
286 309
92 310
134 310
207 310
454 310
97 311
257 311
394 311
300 312
95 313
252 313
280 313
320 313
329 313
429 313
111 314
269 314
314 314
148 315
195 315
317 315
35 316
51 316
67 316
100 316
300 316
168 317
217 317
279 317
97 318
462 318
230 319
410 319
438 319
101 320
161 321
355 321
370 321
64 322
139 322
198 322
212 322
259 322
338 323
158 324
255 324
104 325
190 325
223 325
384 325
204 326
239 326
289 326
325 327
468 327
30 328
124 328
153 328
162 328
178 328
228 328
284 328
113 329
144 329
225 329
312 329
73 330
93 330
130 330
417 330
39 331
55 331
397 331
97 332
210 332
278 333
113 334
164 334
310 334
153 335
308 335
448 335
348 336
359 336
109 337
184 337
198 337
216 337
258 337
268 337
32 338
88 338
104 338
163 338
167 338
215 338
265 338
369 338
139 339
250 339
46 340
82 340
111 340
93 341
325 341
61 342
127 342
275 342
284 342
315 342
95 343
185 343
231 343
293 343
453 343
179 344
383 344
429 344
192 345
300 345
316 345
87 346
121 346
200 346
219 346
275 346
292 346
90 347
154 347
205 347
261 347
305 347
105 348
117 348
286 348
297 348
42 349
92 349
191 349
98 350
206 350
301 350
358 350
55 351
75 351
474 351
148 352
211 352
20 353
128 353
314 353
231 354
100 355
106 355
409 355
191 356
209 356
283 357
152 358
331 358
371 358
179 359
456 359
34 360
85 360
248 360
282 360
431 361
436 361
114 362
66 363
250 363
306 363
390 363
48 364
99 365
128 365
143 365
207 365
310 366
225 367
243 367
349 367
372 367
440 367
160 368
181 369
254 369
263 369
276 370
285 370
313 370
62 371
252 371
308 371
332 371
78 372
437 372
222 373
284 373
42 374
242 374
304 374
292 375
319 375
122 376
257 376
283 376
290 376
366 376
139 377
197 377
269 377
332 377
437 378
269 379
295 379
59 380
156 380
273 380
91 381
174 381
216 382
313 382
273 383
72 384
381 385
448 385
292 386
311 386
344 386
103 387
196 387
237 387
248 387
466 387
370 388
426 388
33 389
53 389
267 389
287 389
319 389
320 389
298 390
85 391
214 391
258 391
395 391
435 391
134 392
284 393
424 394
64 395
153 395
257 395
266 395
271 395
308 395
237 396
242 396
245 396
263 396
255 397
414 397
260 398
38 399
195 399
435 399
115 400
278 400
341 401
100 402
148 402
168 402
27 403
411 403
443 403
205 404
352 404
405 404
310 405
382 405
50 406
83 406
177 406
235 406
464 406
148 407
236 407
260 407
278 407
361 407
379 407
411 407
428 407
374 408
419 409
132 410
439 410
290 411
322 411
386 411
416 411
33 412
391 412
443 412
57 413
99 413
163 413
113 414
143 414
438 414
237 415
426 415
379 416
426 416
181 417
334 417
393 418
378 419
398 419
131 420
83 421
135 421
167 421
421 421
133 422
350 423
396 423
34 424
69 425
209 425
218 425
441 425
125 426
223 426
268 426
453 426
123 427
150 427
229 427
382 427
391 427
397 427
43 428
97 428
111 428
470 428
132 429
150 429
381 429
147 430
240 430
393 430
167 431
123 432
136 432
217 432
403 432
406 432
56 433
206 433
30 434
414 434
318 435
413 435
146 436
384 436
432 436
135 437
216 437
344 437
82 438
127 438
187 438
252 438
287 438
97 440
370 440
209 441
417 441
111 442
197 442
230 442
97 443
112 443
422 443
260 444
271 444
295 444
347 444
360 444
82 445
263 445
440 445
99 446
332 446
429 446
67 447
81 447
85 448
246 448
405 448
98 449
30 450
209 450
443 450
141 451
155 451
47 452
113 452
127 452
306 452
418 452
461 452
80 453
323 453
332 454
358 454
375 454
171 455
328 456
64 457
103 457
86 460
259 460
193 461
81 462
143 462
66 463
162 463
180 463
199 463
397 464
418 464
161 465
283 465
297 465
106 466
249 466
273 466
157 467
230 467
92 468
108 468
264 468
48 469
132 469
270 469
430 469
179 470
242 470
313 470
332 470
427 470
403 471
262 472
357 472
380 472
146 473
326 473
332 473
88 474
203 474
452 474
199 475
240 475
423 475
168 476
187 476
410 476
134 477
430 477
64 478
241 479
281 479
34 480
402 480
130 481
291 481
353 482
50 483
250 483
146 484
190 484
388 484
87 485
441 485
464 485
123 486
210 486
416 486
71 488
343 488
344 488
351 488
354 489
360 489
378 489
219 490
297 490
321 490
332 490
357 490
108 491
363 491
403 491
262 493
353 493
455 493
91 495
232 495
302 495
340 495
54 496
127 496
132 496
336 496
429 496
180 497
359 497
394 498
407 498
439 498
157 499
160 500
163 500
115 501
134 501
292 501
39 502
191 502
330 502
403 502
440 502
134 504
144 505
306 505
330 505
381 505
469 505
59 506
132 506
346 506
155 507
97 508
292 508
301 508
408 508
419 508
441 508
426 509
333 510
338 510
289 511
320 511
360 513
44 514
143 514
289 514
436 514
196 515
359 515
260 516
121 517
216 517
303 517
346 517
365 517
433 517
393 518
205 519
415 519
422 519
438 519
455 519
272 521
337 521
432 521
106 522
158 522
343 523
146 524
240 524
249 524
431 524
202 525
214 525
349 525
418 525
143 526
228 526
380 526
231 527
345 527
211 528
70 529
285 529
341 529
349 529
412 529
415 529
469 529
90 530
157 530
206 530
130 531
160 531
408 531
114 532
177 532
263 532
364 532
293 533
409 533
151 535
198 536
78 537
175 537
187 538
306 538
334 538
140 539
231 539
318 539
186 540
142 541
334 541
359 541
380 541
122 542
133 542
169 542
272 542
255 543
358 543
395 543
406 543
477 543
135 544
239 544
280 544
453 544
103 545
170 546
174 546
227 546
229 546
232 546
87 547
186 547
126 548
166 548
214 548
327 548
334 548
351 548
290 549
135 550
208 550
153 551
205 551
371 551
168 552
441 552
195 553
269 553
307 553
358 553
362 553
143 554
163 554
219 554
112 555
170 555
225 555
249 555
236 557
314 558
431 558
191 559
415 559
213 560
461 560
97 561
177 561
202 561
282 561
264 562
394 562
189 565
242 565
123 566
378 566
170 567
185 567
193 567
191 568
174 569
219 569
293 569
418 569
252 570
355 570
148 571
315 571
447 571
104 572
335 572
202 575
269 575
132 576
380 576
187 577
406 577
235 578
167 579
430 579
287 581
463 581
113 582
184 582
142 583
195 584
212 584
249 584
305 585
368 585
320 586
360 586
396 586
179 587
259 587
119 588
336 588
346 588
451 588
273 589
412 589
224 590
200 593
379 593
237 594
434 595
198 596
287 596
154 598
401 598
135 599
304 599
421 599
252 600
360 600
347 601
451 601
183 602
320 602
216 603
194 604
268 604
231 607
441 607
288 608
376 609
167 610
147 611
307 611
205 613
456 613
354 614
421 614
253 615
266 617
330 617
220 618
179 619
408 619
230 621
439 621
282 623
240 624
293 624
192 625
155 626
305 626
202 627
365 627
419 627
251 628
322 628
346 628
165 631
214 631
402 634
