285 5
335 8
388 8
429 8
138 10
153 10
175 11
231 11
194 12
247 12
262 12
112 13
129 13
214 13
447 13
293 14
103 15
365 15
395 17
310 18
412 19
467 19
326 20
175 22
198 22
227 22
210 23
251 23
430 23
151 24
264 24
357 24
285 25
450 25
126 26
137 26
309 29
113 30
380 31
99 32
336 32
398 32
183 33
217 34
169 35
197 35
422 35
468 35
237 36
262 36
282 36
157 37
252 37
307 37
331 38
347 39
438 39
365 41
374 41
129 42
450 42
241 43
261 43
266 43
389 43
139 44
186 45
412 45
192 46
213 46
132 47
183 47
189 47
259 47
125 48
147 48
232 48
384 48
424 48
160 49
183 49
304 49
368 49
392 49
101 50
161 50
245 50
259 50
472 50
128 51
330 51
369 51
249 52
138 53
165 53
374 53
398 53
441 53
160 54
369 54
389 54
400 54
269 55
383 55
127 56
272 56
353 56
452 57
121 58
163 59
217 59
268 59
375 59
380 59
282 60
295 60
421 60
107 61
271 61
238 62
129 64
437 64
473 64
89 65
123 65
153 65
316 65
259 66
329 66
368 66
388 67
401 67
122 68
352 68
169 69
371 69
383 69
163 70
277 70
381 70
459 70
131 71
188 71
386 71
394 71
418 72
202 73
226 73
267 73
244 74
246 74
180 75
214 75
289 75
374 75
397 75
117 76
380 77
435 77
151 78
171 78
311 78
334 78
389 79
85 80
100 80
135 80
168 80
270 80
447 80
171 81
185 81
262 81
355 81
244 82
333 83
122 84
151 84
242 84
217 85
231 85
332 85
413 85
463 85
178 87
326 87
369 87
136 88
430 88
179 89
197 89
256 89
291 89
337 89
193 90
268 90
343 90
160 91
355 91
98 92
327 92
354 92
398 92
190 93
257 93
316 94
88 95
119 96
449 96
218 97
375 97
415 97
143 98
172 98
252 98
262 98
73 99
105 99
239 99
268 99
279 99
175 101
256 101
282 101
248 102
279 102
358 102
399 102
429 102
155 103
261 103
307 103
194 104
84 105
197 105
362 106
470 106
126 107
196 107
208 107
249 107
185 108
333 108
196 109
324 109
479 109
235 110
260 110
419 110
340 111
384 111
451 112
170 113
188 113
97 114
168 114
326 114
148 115
158 115
402 115
135 116
222 116
242 116
289 116
302 116
174 117
208 117
273 117
434 117
80 118
193 118
464 118
173 119
318 119
258 120
278 120
115 121
276 121
331 121
341 121
347 121
399 121
169 123
381 123
388 123
70 124
263 124
276 124
413 124
428 124
448 124
477 124
226 125
379 125
149 126
432 126
97 127
207 127
266 127
275 127
369 127
415 127
135 128
337 128
404 128
418 128
191 129
266 129
291 129
371 129
374 129
415 129
251 130
307 130
83 131
245 131
247 131
256 131
384 131
430 131
265 132
421 132
121 133
247 133
250 133
364 133
354 134
466 134
338 135
391 135
218 136
235 136
336 136
443 136
156 137
331 137
440 137
108 138
263 138
387 138
204 139
249 139
181 140
331 140
380 140
415 140
271 141
280 141
241 142
260 142
293 142
402 142
157 143
264 143
305 143
337 143
91 144
132 144
248 144
375 144
279 146
329 146
428 146
461 146
79 148
227 148
266 148
404 148
419 148
191 149
250 149
209 150
347 150
384 150
432 150
113 151
171 151
246 151
266 152
422 152
64 153
285 153
414 153
477 153
445 154
305 155
435 155
127 156
323 156
326 156
402 156
420 156
323 157
333 157
91 158
143 158
264 159
186 160
165 161
254 161
265 161
427 161
153 162
159 162
245 162
281 162
338 162
462 163
218 164
398 164
111 165
357 165
260 166
292 166
473 166
69 167
102 167
441 167
205 168
227 168
285 168
309 168
410 169
133 170
284 170
294 170
320 170
252 171
298 171
382 171
179 172
89 174
148 174
197 174
131 175
282 175
348 175
77 176
251 176
313 176
126 177
262 177
265 178
299 178
331 178
202 179
210 179
227 179
271 179
364 179
429 179
103 180
139 180
299 180
405 180
464 181
239 182
311 182
129 183
181 183
300 183
133 184
385 184
143 185
444 185
122 186
168 186
234 186
361 186
421 186
88 187
114 188
159 188
335 188
273 189
275 190
401 190
249 191
271 191
235 192
245 192
320 192
105 193
194 193
292 193
139 194
229 194
315 194
348 194
388 194
461 194
258 195
276 195
475 195
70 196
185 196
272 196
440 196
216 197
315 197
129 198
251 198
418 198
301 199
208 200
252 200
257 200
270 200
287 201
370 201
234 202
82 203
165 203
214 203
348 203
404 203
198 204
267 204
116 205
153 205
280 205
430 205
345 206
73 207
185 207
296 207
316 208
98 210
443 210
86 211
100 211
135 211
355 211
171 212
259 212
107 213
154 214
229 214
352 214
424 214
64 215
365 215
471 215
213 216
109 217
281 217
351 217
397 217
197 218
291 218
298 218
313 219
336 219
432 220
141 221
186 221
455 221
307 222
325 222
379 222
73 223
353 223
409 223
345 224
170 225
436 225
100 226
226 226
242 226
301 226
121 227
270 227
296 227
112 228
285 228
287 228
306 228
351 228
155 229
204 229
296 229
392 229
420 230
56 232
184 233
307 234
360 234
458 234
142 235
171 236
350 236
401 236
318 237
360 237
377 237
93 238
97 238
74 239
128 239
233 239
247 239
281 239
299 239
93 240
109 240
217 240
303 240
113 241
262 241
413 241
42 242
193 242
240 243
274 243
290 243
331 243
163 244
224 244
306 244
445 244
294 245
214 246
220 246
305 246
61 247
173 247
226 247
297 247
182 248
284 248
78 249
135 249
343 249
394 249
172 250
371 250
107 251
163 251
179 251
217 251
301 251
324 251
288 252
426 252
88 253
211 253
81 254
104 254
162 254
168 254
203 254
251 254
287 254
146 255
217 255
243 255
263 255
455 255
208 256
229 256
231 256
284 256
305 256
359 256
43 257
115 257
181 257
411 257
60 258
171 258
204 258
228 258
287 258
90 259
112 259
438 259
287 260
305 260
33 261
170 262
304 262
102 263
119 263
182 263
197 263
228 263
296 263
103 264
110 264
129 264
204 264
106 265
116 265
224 265
325 265
393 265
73 266
171 266
259 266
291 266
186 267
277 267
372 267
467 267
48 268
180 268
338 269
430 269
190 271
309 271
352 272
404 272
452 272
61 273
381 273
37 274
135 274
237 274
165 276
190 276
201 276
231 276
97 277
152 277
167 277
177 277
326 277
164 278
478 278
89 279
216 279
250 279
423 279
50 280
106 280
197 280
199 280
226 280
120 281
225 281
26 282
266 282
367 282
398 282
278 283
372 283
64 284
139 284
386 284
442 284
211 285
314 285
342 286
382 286
467 286
36 287
84 287
105 287
162 287
187 288
416 288
126 289
394 290
149 291
176 292
325 292
260 293
26 294
293 294
475 294
96 295
276 295
49 296
72 296
235 296
359 296
457 296
246 297
403 297
442 298
110 299
225 299
162 300
215 300
85 301
139 301
383 301
181 302
388 303
430 303
371 304
151 306
257 307
276 307
389 307
399 307
100 308
201 308
54 309
289 309
351 309
413 309
34 310
236 310
328 310
470 310
165 311
456 311
112 312
134 314
185 314
69 315
308 315
43 317
390 317
402 317
86 318
211 318
361 318
151 319
314 320
131 321
345 321
127 322
133 322
36 323
245 323
274 323
426 323
449 323
467 323
104 324
113 324
178 324
258 324
56 325
100 325
104 326
138 326
282 326
344 326
128 327
230 327
411 327
145 328
187 328
348 328
127 329
217 329
13 330
195 330
118 331
352 331
374 331
105 332
145 332
47 333
205 333
119 334
184 334
327 334
396 334
437 334
109 335
378 335
62 336
88 336
104 336
170 336
27 337
86 337
114 337
333 337
356 337
178 338
254 338
308 338
269 339
351 340
90 341
133 341
347 341
446 341
112 342
183 342
242 342
421 342
96 343
285 343
329 343
468 343
98 344
209 345
360 346
76 347
92 347
135 347
349 348
33 349
229 349
338 349
185 350
387 350
14 351
428 351
123 352
172 352
411 352
92 353
144 353
222 353
322 354
45 355
162 355
261 356
296 356
95 357
160 357
182 357
269 357
336 357
462 357
5 358
99 358
152 358
446 358
143 359
164 359
332 359
371 359
58 360
106 360
129 360
135 360
244 360
330 360
349 360
356 360
68 361
300 361
435 361
45 362
55 362
399 362
416 362
25 363
122 363
229 363
397 363
41 364
40 366
144 366
94 367
108 367
190 367
205 368
283 368
473 368
62 369
76 369
371 369
382 369
388 369
457 369
66 370
369 370
13 371
136 371
365 371
50 372
80 372
167 372
328 372
397 372
443 372
64 373
374 373
149 375
70 376
182 376
238 376
259 376
309 377
353 377
409 377
88 378
363 378
386 378
429 378
465 378
45 379
103 379
270 379
162 380
219 380
79 381
149 382
394 382
293 383
58 384
66 384
69 384
335 384
385 384
413 384
144 385
147 385
160 386
389 386
54 387
180 387
370 387
393 388
5 389
123 389
158 389
253 389
276 389
33 390
41 390
400 390
100 391
157 391
352 391
18 392
138 392
152 392
221 392
382 392
80 393
201 393
313 395
125 396
258 396
128 398
135 398
436 398
54 399
157 399
184 399
333 399
458 399
477 399
77 400
96 400
146 400
240 400
351 400
389 400
172 401
423 401
345 402
405 402
117 403
289 403
332 404
11 405
42 405
77 405
246 405
327 405
368 405
444 405
29 406
135 406
270 406
386 406
60 407
343 407
153 408
426 409
205 410
230 410
188 411
276 411
348 411
356 411
465 411
114 412
278 412
323 412
304 413
331 415
25 416
172 416
408 416
39 417
92 417
122 418
213 418
350 418
360 419
448 419
6 421
74 421
371 421
274 423
291 423
333 423
391 423
113 424
150 424
436 424
54 425
138 425
221 425
283 426
422 426
195 427
325 427
176 429
405 429
90 431
263 432
456 432
127 433
145 433
351 433
237 434
476 434
7 435
142 435
208 435
252 435
73 436
303 436
395 436
125 437
439 437
142 438
248 438
292 438
347 438
369 438
409 438
121 439
125 439
136 439
160 439
461 440
49 441
263 441
424 441
25 442
86 442
103 443
37 444
160 445
311 445
300 446
67 448
447 448
91 449
121 449
140 449
185 451
73 452
333 452
428 452
8 453
104 453
306 453
366 453
196 454
306 454
315 454
413 454
23 455
48 455
62 455
239 455
305 456
468 456
173 457
146 458
264 458
349 458
36 459
127 460
303 460
399 460
68 461
301 461
208 462
472 462
47 463
52 464
182 464
284 464
153 465
308 465
365 465
382 465
52 466
111 466
320 466
80 467
415 467
7 468
133 468
22 469
52 469
320 470
54 471
450 471
96 472
226 472
339 472
78 473
317 473
39 474
158 474
289 475
197 476
247 476
434 476
314 477
416 477
137 478
266 480
278 480
9 481
83 481
168 481
27 482
54 483
404 483
43 484
214 484
321 484
407 484
121 485
371 485
429 485
210 486
273 486
209 487
239 488
374 488
379 488
425 488
176 489
212 489
223 489
263 489
333 489
368 489
397 489
245 490
395 490
418 490
261 491
429 491
433 491
10 492
74 492
103 492
156 492
240 492
304 493
466 493
285 494
388 494
143 495
329 495
352 495
391 495
449 495
29 496
62 496
88 496
187 497
108 499
389 499
170 500
203 500
227 500
270 500
78 501
363 501
409 501
132 502
212 502
197 503
207 503
376 503
402 503
46 504
206 504
225 504
320 504
382 504
384 504
436 504
32 505
16 506
65 506
99 506
343 506
393 506
412 506
177 507
385 507
158 508
233 508
307 508
407 508
413 508
214 509
222 509
361 509
448 509
235 510
423 510
284 511
384 511
399 511
142 512
256 512
260 512
295 512
432 512
360 513
123 514
248 515
466 515
17 516
54 516
201 516
264 516
269 516
276 516
328 517
430 517
200 518
373 518
398 518
421 518
432 518
228 519
254 519
390 519
40 520
75 520
223 522
221 523
317 523
116 524
165 524
353 524
202 525
292 525
99 526
22 527
61 529
140 529
277 529
341 529
123 530
371 530
390 530
250 531
444 531
461 531
82 533
215 533
266 533
403 534
230 535
46 536
300 536
189 537
224 537
333 537
222 538
224 539
234 539
356 540
232 542
286 543
320 543
135 544
417 544
455 544
234 545
154 546
211 546
239 546
183 548
117 549
346 549
372 549
142 550
221 550
268 550
201 551
304 552
83 553
166 553
216 553
232 553
432 553
230 554
390 554
105 555
127 555
199 557
177 558
231 558
244 558
444 558
255 559
289 559
321 559
152 561
271 561
346 561
410 561
49 562
93 563
426 563
154 564
213 564
146 565
374 565
114 566
331 566
348 566
74 567
126 567
324 567
354 567
356 567
360 567
459 568
312 569
168 570
230 571
478 571
59 572
398 572
436 572
129 573
287 573
301 573
321 573
86 574
148 574
159 574
247 574
123 575
163 575
173 575
336 575
176 576
190 576
255 576
105 578
214 578
268 578
362 579
64 580
160 580
194 580
320 580
349 580
388 580
136 581
94 582
179 582
193 583
350 583
323 584
145 585
183 585
425 585
72 586
116 586
151 586
202 586
403 586
446 586
131 587
135 587
178 587
234 587
297 587
161 588
239 588
281 589
134 590
148 590
162 590
183 590
258 590
324 590
105 591
339 591
342 591
356 591
184 592
374 592
161 594
392 594
466 594
125 595
146 595
317 595
335 596
215 597
143 598
168 599
175 599
308 600
357 600
93 601
118 602
182 602
430 602
148 603
378 603
235 604
249 604
266 604
279 605
293 605
327 606
195 607
448 607
128 609
104 610
157 610
205 610
349 611
366 611
394 611
168 613
221 613
306 614
385 614
235 615
437 615
338 616
252 617
285 617
113 618
146 618
188 618
267 618
354 620
426 620
198 621
397 621
123 623
322 624
128 625
218 625
368 625
164 626
236 628
301 628
415 628
356 629
385 629
181 631
256 631
290 631
139 632
274 632
344 634
198 635
152 637
