260 15
215 18
267 19
314 21
230 24
279 25
168 26
243 27
327 27
177 29
214 30
248 31
291 31
372 33
187 34
266 37
230 38
350 39
310 40
158 42
274 42
165 45
319 45
176 46
360 48
395 48
128 52
149 55
339 55
415 55
371 56
304 57
164 59
377 61
90 62
430 62
186 63
315 63
275 64
105 65
197 67
355 68
150 71
440 71
327 72
412 72
220 73
294 73
461 73
390 74
165 75
304 75
337 76
88 77
175 77
368 77
112 79
187 79
348 82
399 82
205 83
434 84
377 85
354 87
63 88
236 88
243 88
156 89
326 89
78 91
337 92
94 93
177 93
362 93
186 95
413 96
203 98
267 98
311 98
47 101
51 101
145 101
347 101
459 101
375 102
65 103
229 106
401 106
90 107
324 107
110 108
244 108
295 108
333 109
464 109
256 111
471 111
135 112
182 112
363 115
346 116
416 116
206 118
44 119
448 119
67 120
77 120
215 120
225 120
420 121
104 124
330 124
383 124
244 125
153 128
163 129
261 129
176 130
307 130
396 131
186 132
368 132
35 133
348 134
53 135
69 136
321 136
81 137
377 139
299 140
471 140
242 142
340 143
155 144
32 145
257 145
168 147
269 147
479 147
186 148
61 150
70 150
222 151
397 151
450 152
91 153
107 153
319 153
26 155
120 155
237 155
359 155
37 157
251 160
157 161
379 161
465 162
180 164
188 165
273 165
267 166
348 167
440 167
206 168
74 169
25 171
101 171
323 171
452 171
129 172
289 172
138 173
362 174
430 174
159 176
304 176
403 176
372 178
173 179
435 180
463 180
189 181
265 182
313 182
278 184
101 185
322 185
45 186
88 186
474 186
129 187
453 188
18 189
224 189
13 191
174 192
192 195
320 196
279 197
372 197
405 197
286 198
265 199
149 201
76 202
131 202
167 203
299 203
418 203
447 203
41 205
61 205
194 205
204 205
223 205
236 205
278 205
212 206
473 206
14 207
25 207
6 211
407 213
437 214
108 215
281 215
123 216
141 216
227 217
373 217
158 218
295 219
383 219
301 220
68 221
242 221
58 222
460 222
314 223
354 223
262 224
422 224
218 226
21 227
13 228
478 229
236 230
331 230
98 231
126 231
134 231
140 231
155 231
284 231
410 233
443 233
171 234
378 234
296 235
256 236
307 236
217 237
451 237
68 239
226 239
238 240
319 240
58 241
276 241
360 241
27 243
34 243
432 243
99 244
468 244
112 245
125 245
152 245
7 246
294 246
164 247
371 247
195 249
212 249
378 249
412 249
308 250
345 250
268 251
479 251
227 252
102 255
359 255
392 255
448 255
27 256
88 257
130 257
295 257
425 257
399 259
308 260
143 261
166 261
183 261
7 262
153 262
202 262
214 262
52 263
277 263
460 263
472 263
346 264
227 266
290 266
437 266
36 268
242 268
23 270
101 271
116 271
335 271
360 271
423 271
193 272
264 272
9 273
134 273
177 273
165 274
311 274
82 275
70 276
236 277
378 277
434 277
456 278
60 279
416 279
324 280
462 280
252 281
386 282
123 283
135 283
116 284
141 284
151 284
185 284
221 284
299 284
335 284
165 285
368 285
424 285
446 285
229 286
22 287
209 287
311 287
402 287
469 288
9 289
78 290
345 290
255 291
377 292
282 293
325 293
413 293
61 294
192 294
165 295
216 295
230 295
297 295
357 295
390 295
445 295
51 296
125 296
177 296
113 297
399 298
422 298
37 299
336 300
458 300
145 301
94 302
314 302
140 303
349 303
218 304
186 306
390 306
163 307
199 307
229 307
284 307
440 307
472 307
67 308
177 308
155 309
299 309
335 310
419 310
365 311
378 311
262 313
315 314
452 314
121 315
345 315
213 316
23 317
277 317
384 317
406 317
106 318
148 318
225 318
357 318
432 318
11 319
203 319
329 319
174 320
238 320
296 320
186 321
255 323
74 324
467 324
148 326
274 326
424 327
134 328
26 329
289 329
452 329
63 331
181 331
194 331
326 331
111 332
243 333
299 334
357 334
411 334
432 334
253 335
95 336
46 337
265 337
167 338
182 338
275 338
27 340
37 340
79 340
343 340
402 340
444 340
467 341
109 344
195 346
57 347
430 347
11 348
337 348
260 349
458 350
157 351
305 351
2 352
84 352
352 352
112 353
279 354
411 354
465 354
239 356
441 356
220 357
247 357
28 358
417 358
197 359
209 359
61 360
397 360
118 361
86 362
337 362
153 363
478 363
10 365
314 365
277 366
384 366
457 366
98 367
232 367
77 369
241 369
292 369
325 369
196 370
436 370
364 371
466 371
257 372
414 372
28 373
184 373
393 373
443 373
229 374
262 374
304 374
110 375
166 375
333 375
152 376
374 376
275 377
354 377
400 377
475 378
316 379
124 380
284 380
453 380
88 381
346 381
109 384
235 384
411 384
432 384
391 386
171 387
248 387
297 387
369 387
467 387
31 389
332 389
356 389
268 390
309 390
25 391
146 391
400 392
423 392
341 393
84 394
114 394
446 394
135 395
381 395
182 396
49 397
210 397
407 397
230 398
292 398
329 398
349 398
102 399
464 399
434 400
72 401
162 401
391 401
91 403
121 403
456 403
34 404
141 405
421 405
184 407
216 407
267 407
341 407
462 407
201 408
363 408
405 408
130 409
192 409
21 410
172 410
232 410
282 410
388 410
309 411
15 412
248 413
44 414
449 414
93 415
420 417
381 418
36 419
227 419
321 419
460 419
477 419
185 420
74 421
29 422
164 422
175 422
240 422
404 422
269 423
369 424
451 425
96 426
392 427
135 428
474 428
88 429
415 429
122 430
200 432
219 432
81 433
235 433
247 433
447 433
306 434
183 435
363 435
403 435
108 436
158 437
170 437
270 437
63 438
472 438
98 440
147 440
357 441
443 443
199 444
295 444
190 445
86 446
220 446
384 446
120 447
252 447
302 447
326 447
404 447
172 448
78 449
470 449
164 450
268 450
108 452
61 453
282 453
453 453
313 454
212 455
337 455
358 455
95 457
48 459
197 459
187 460
233 460
298 460
125 461
176 461
256 461
446 461
161 462
424 462
264 463
326 463
304 465
347 465
368 465
107 466
197 467
150 468
281 469
396 469
31 470
417 470
478 470
99 471
312 471
334 471
168 472
223 472
357 472
461 472
242 473
136 474
295 474
319 475
402 475
62 476
89 476
198 476
122 477
342 478
182 479
269 479
15 480
40 480
388 480
449 480
366 481
139 482
236 482
173 483
279 483
104 485
287 486
353 486
395 486
439 486
462 488
27 489
376 489
193 490
243 490
252 490
60 491
120 491
265 492
52 493
87 493
404 493
142 495
171 495
364 495
385 496
427 496
161 498
451 498
473 498
279 499
321 500
153 501
186 502
291 503
63 504
224 504
31 505
144 505
248 505
395 505
436 505
353 506
57 507
256 507
458 507
84 508
136 508
22 510
161 510
268 510
200 511
465 511
105 512
384 513
423 513
280 514
339 514
360 514
15 515
123 515
186 515
41 516
94 516
448 517
178 518
472 518
142 519
237 519
391 520
246 521
292 521
172 522
345 522
478 522
85 523
167 523
455 523
324 524
264 525
104 526
159 526
418 527
188 528
301 528
47 529
273 529
154 530
464 531
176 532
280 532
329 532
444 532
95 533
233 533
351 533
115 535
334 535
311 536
36 537
428 537
166 538
288 538
453 538
85 540
375 540
476 540
157 541
195 541
184 542
298 542
320 543
339 543
359 543
56 544
124 544
459 545
100 546
266 546
415 546
438 546
172 549
302 549
325 549
347 549
399 549
20 550
93 551
115 551
165 552
203 553
284 553
424 553
144 554
190 554
448 554
472 554
351 555
310 556
106 557
332 557
87 558
159 558
182 559
224 559
59 560
294 560
454 560
258 561
175 562
249 562
315 562
376 562
100 563
264 563
336 563
55 564
114 565
240 565
133 566
302 567
343 568
25 569
192 569
228 569
400 569
418 569
283 570
464 570
203 572
308 572
288 573
89 574
255 575
445 575
471 575
125 576
154 576
248 576
293 576
372 576
184 577
216 577
271 577
31 579
136 579
452 579
83 580
478 580
162 581
149 582
197 582
332 582
430 582
116 583
312 583
365 584
394 584
286 585
348 585
414 585
461 586
208 588
232 588
276 588
380 588
222 589
110 590
190 590
313 591
92 592
71 594
356 594
204 595
455 595
322 596
421 597
116 598
372 598
305 599
219 600
156 601
276 601
246 602
294 602
405 602
170 603
442 603
467 603
44 604
201 604
185 605
126 606
218 606
253 606
358 606
473 606
84 607
232 607
389 607
317 608
23 609
410 609
450 609
112 611
151 611
169 611
199 612
357 612
218 613
262 613
305 613
337 613
378 613
416 613
432 613
139 614
236 614
458 614
82 615
185 616
280 617
294 617
138 619
361 619
96 620
202 620
221 621
331 621
465 621
378 622
396 622
184 623
247 623
405 623
321 624
120 626
167 626
354 626
270 627
287 627
309 627
228 628
257 628
449 629
83 630
299 630
346 630
241 631
187 634
270 634
121 636
338 636
205 637
236 638
369 638
