279 2
388 3
430 3
461 3
312 4
444 4
345 5
414 6
403 7
238 8
268 10
382 10
229 11
374 11
296 12
328 13
198 14
222 16
436 17
463 17
359 18
420 18
252 19
447 19
403 21
284 22
346 22
310 23
379 26
182 27
209 27
233 28
460 28
333 29
442 29
426 30
255 31
275 31
329 32
411 32
294 33
363 33
325 34
392 37
465 38
216 39
375 40
440 40
456 40
236 42
311 42
344 42
280 44
402 47
357 49
185 51
292 52
446 54
462 54
244 56
321 57
175 59
315 62
208 63
351 64
446 66
170 67
289 67
472 67
201 68
340 69
438 69
459 69
268 70
418 72
365 73
424 73
163 74
299 74
193 77
290 79
353 79
255 80
318 80
313 82
380 82
449 82
478 82
463 83
182 85
209 85
228 85
340 85
245 86
269 86
304 86
370 86
438 88
357 92
169 94
390 94
218 95
459 95
473 96
479 96
256 97
291 97
228 98
343 98
375 98
162 100
192 101
441 103
158 104
419 104
186 105
277 105
305 105
430 105
448 106
386 108
148 109
211 109
245 110
466 110
180 111
232 112
264 113
320 113
473 113
367 114
146 115
200 116
407 116
225 117
284 117
336 117
398 117
419 118
433 118
307 120
447 120
237 123
272 123
351 123
216 124
458 125
298 126
322 126
370 126
247 127
337 127
470 127
479 128
185 130
231 131
437 131
261 132
405 132
426 132
207 133
448 133
282 134
352 135
319 138
219 141
269 143
291 143
333 143
190 144
436 144
452 144
407 145
420 146
472 146
239 147
147 148
260 148
395 148
208 149
351 150
232 152
320 152
375 152
274 154
336 156
200 157
249 157
449 157
357 159
408 159
420 159
433 159
468 159
223 161
306 161
397 162
386 164
155 165
193 165
322 167
279 168
158 170
239 170
335 170
373 170
435 170
213 171
442 172
148 173
292 173
416 173
455 173
232 174
253 174
360 174
308 175
404 175
434 175
271 176
327 176
395 177
472 177
173 178
346 180
386 181
199 182
298 182
318 183
373 183
132 184
313 185
428 186
468 186
436 187
357 188
411 188
162 189
352 190
396 190
218 191
251 192
190 193
325 193
449 193
281 196
377 196
232 197
265 197
341 197
464 198
423 199
428 199
410 200
417 200
312 202
360 202
141 203
273 203
440 203
201 204
174 205
452 207
252 208
327 208
238 210
283 210
373 210
464 211
147 212
344 212
470 212
216 213
411 214
429 214
434 214
475 214
192 216
163 217
230 218
337 218
443 218
160 221
273 221
458 221
330 222
349 223
254 224
310 225
373 226
467 226
130 227
179 227
224 227
239 227
473 227
294 228
343 228
261 230
402 230
412 231
436 231
478 231
173 232
201 232
338 232
359 232
392 232
430 232
442 233
215 236
141 237
357 237
167 239
465 239
268 240
329 240
376 240
324 242
348 242
162 243
282 243
399 243
421 244
366 246
428 246
130 247
298 247
391 248
459 248
295 250
242 251
317 251
203 252
356 252
468 252
444 253
258 254
275 254
293 255
332 255
405 257
290 258
352 258
414 259
452 259
248 261
422 261
215 263
310 263
376 263
426 263
191 264
266 264
368 264
460 264
322 265
350 266
340 267
283 268
439 269
246 270
306 270
361 270
366 270
133 271
469 271
206 273
262 273
391 273
161 274
331 274
473 274
449 275
416 276
353 277
400 277
157 278
385 278
178 279
302 280
428 280
377 281
201 282
218 282
346 282
255 284
462 285
234 286
272 286
147 288
218 288
368 288
341 289
444 289
171 291
269 292
310 295
336 295
357 296
285 297
209 298
137 299
330 299
474 299
360 300
246 301
238 302
387 302
411 302
156 305
441 305
460 305
351 306
264 309
197 310
302 310
217 311
376 311
399 311
175 312
322 314
393 314
232 315
428 316
466 316
343 317
364 318
260 319
452 319
208 323
275 323
296 323
316 324
384 324
476 326
425 327
224 328
160 331
240 333
442 334
459 334
290 337
426 338
152 344
411 344
254 345
427 346
462 346
387 347
368 348
321 349
346 349
236 350
409 350
443 352
169 353
271 353
426 355
214 358
290 359
382 359
402 359
137 360
359 360
423 360
252 361
334 361
198 364
274 364
139 365
182 365
162 366
443 366
374 368
399 368
466 369
194 371
313 372
302 373
345 374
395 375
258 377
366 377
154 378
194 378
229 379
243 382
173 383
466 383
389 385
415 385
328 386
368 389
354 390
232 391
278 391
456 391
143 393
348 393
361 394
214 395
189 397
171 398
155 399
376 400
402 400
194 402
451 403
290 404
323 404
428 404
375 405
221 406
309 406
421 407
427 407
366 409
264 412
458 412
158 414
207 414
417 414
449 414
175 415
387 415
349 416
479 416
280 417
295 419
410 419
258 420
337 420
192 421
234 421
444 423
150 426
376 427
472 427
368 428
215 429
159 430
273 430
402 430
420 430
255 431
455 432
220 433
287 433
392 434
176 435
332 436
387 437
240 438
197 439
339 439
414 440
447 441
279 443
374 445
470 445
219 446
296 446
307 447
406 447
440 448
463 449
357 451
348 452
461 456
202 457
298 457
307 457
316 458
429 459
453 461
178 464
274 464
445 464
374 466
238 467
364 468
475 468
355 470
412 470
446 470
276 474
365 474
254 475
295 475
301 475
316 475
324 475
221 479
175 480
184 480
238 483
465 483
378 485
269 487
421 487
200 488
296 491
213 493
255 493
317 493
476 494
330 495
448 496
278 500
387 501
472 501
230 502
296 502
410 504
245 506
370 506
467 506
199 508
355 508
325 509
460 509
264 511
393 511
416 512
216 514
311 514
300 515
290 516
449 516
233 518
240 522
360 524
402 524
327 525
395 525
437 525
470 526
337 527
271 529
208 531
383 531
278 532
285 533
421 533
369 535
411 535
299 536
451 536
225 539
237 539
322 541
384 543
256 544
437 544
269 546
432 547
280 549
469 549
457 550
420 553
452 554
304 556
330 556
402 556
359 557
443 557
255 558
336 558
349 559
381 559
281 566
