205 1
466 1
474 2
134 3
275 3
415 4
159 5
232 5
405 5
191 6
340 6
349 7
367 7
434 7
120 8
264 8
379 8
395 8
450 9
325 10
216 11
109 12
179 12
248 12
309 12
292 14
140 15
412 17
472 18
273 20
335 21
222 22
342 22
350 22
370 22
384 22
429 22
189 23
313 24
394 24
451 24
119 25
153 25
214 25
253 25
181 27
306 27
292 28
468 28
143 29
238 29
408 29
202 30
275 32
427 32
478 32
133 34
228 34
318 34
333 34
350 34
368 35
440 36
96 37
156 37
261 37
383 37
217 38
396 38
186 40
288 40
120 41
233 42
173 43
411 43
463 43
334 45
424 46
222 47
368 47
139 48
439 49
134 50
189 50
323 50
380 50
302 51
393 51
294 52
449 52
240 53
124 54
284 54
459 54
150 55
233 55
94 56
409 56
203 57
474 57
260 58
88 59
112 59
222 59
422 59
171 60
340 60
355 60
249 61
139 62
320 62
366 62
443 62
106 63
188 64
306 64
381 64
203 67
234 67
398 67
459 67
125 69
85 71
417 71
256 72
475 72
179 73
216 73
110 74
146 75
245 75
308 75
438 75
172 76
369 77
136 78
453 78
228 79
164 80
199 80
275 80
414 80
470 82
338 83
259 84
64 85
325 86
359 86
381 86
392 86
438 86
92 87
121 87
309 87
182 88
89 90
406 90
168 93
228 94
347 94
423 94
109 95
456 95
81 96
199 96
256 96
335 96
360 96
367 96
440 96
470 98
298 99
75 100
134 100
391 100
405 100
190 102
232 103
278 104
353 106
446 106
64 107
149 108
174 108
368 109
458 109
387 110
137 111
54 112
292 112
404 112
467 112
88 114
416 114
195 115
431 117
104 118
344 118
359 118
184 120
451 120
374 121
394 122
240 123
286 123
386 123
120 124
469 125
58 127
272 127
419 128
94 129
438 129
260 130
371 131
112 132
161 132
70 133
136 133
221 133
245 133
458 133
388 135
312 136
107 137
209 138
235 138
275 138
152 139
442 139
103 141
176 141
408 141
462 142
40 143
61 143
198 143
415 143
474 143
120 144
358 144
372 144
75 145
168 146
387 147
93 149
213 149
246 149
331 150
271 152
296 152
314 152
454 152
231 153
404 153
183 154
112 155
43 156
86 156
107 157
203 157
64 158
419 158
174 159
468 159
219 160
374 160
80 161
190 163
388 163
211 164
282 164
298 164
310 164
321 164
139 165
163 165
46 166
75 166
272 166
333 166
448 168
94 169
186 170
112 171
363 171
254 172
64 173
150 173
180 173
222 173
460 173
295 174
376 175
312 176
429 176
144 177
266 177
321 177
473 177
86 179
329 179
340 179
240 180
103 182
173 182
57 183
119 183
444 183
353 184
74 185
169 185
367 185
453 185
38 186
203 186
198 188
309 188
382 188
419 188
49 189
132 189
321 189
148 190
253 190
114 191
335 191
467 192
23 194
146 194
395 194
90 195
175 195
356 196
292 197
476 197
189 198
441 198
141 199
268 199
313 199
368 199
408 199
62 200
123 200
230 200
154 202
453 202
258 203
37 204
104 204
223 204
14 205
197 205
337 205
423 205
247 207
214 208
433 208
466 208
399 209
374 210
177 211
239 211
52 212
97 212
113 212
293 212
146 213
163 213
271 213
283 214
412 214
475 214
130 215
209 215
188 216
231 216
262 216
24 217
369 217
44 218
91 218
421 219
450 219
109 220
224 220
251 221
199 222
139 223
378 223
15 224
311 224
41 225
61 225
154 225
245 225
302 225
404 225
471 225
167 227
238 227
278 227
458 227
180 229
270 229
439 229
414 230
479 230
99 231
260 231
34 232
116 232
193 232
445 232
212 233
231 233
468 234
132 235
147 235
293 236
282 237
376 237
26 238
351 238
248 239
302 239
401 239
426 239
159 240
173 240
187 241
358 241
455 241
90 242
382 242
311 243
273 244
415 245
235 246
436 246
364 247
43 248
391 248
216 249
285 250
464 250
59 251
292 251
444 251
9 252
152 252
196 252
373 252
405 253
100 254
425 254
229 255
249 255
310 255
476 255
299 256
351 256
395 257
452 257
163 258
133 259
416 259
432 259
30 260
267 260
148 261
190 261
314 261
333 261
382 261
462 262
52 263
95 264
113 264
162 264
174 264
23 265
340 266
253 267
299 267
402 267
440 267
471 267
18 268
128 268
88 269
319 269
423 269
285 270
388 270
241 272
144 273
478 273
64 274
205 274
411 274
459 274
39 275
85 275
304 275
6 276
172 276
235 276
465 277
262 278
431 278
30 280
169 280
204 280
405 280
104 281
304 281
420 281
139 282
219 282
323 282
450 282
122 283
186 283
436 283
287 284
154 285
377 285
470 285
27 286
202 288
99 289
188 290
298 290
394 290
132 291
430 291
458 291
478 291
172 292
255 293
261 293
381 293
413 293
94 294
229 294
21 295
361 295
46 296
343 296
445 296
381 298
91 300
144 300
159 300
188 301
400 301
433 301
128 302
230 303
280 303
387 303
467 303
35 304
63 304
108 305
173 305
365 305
328 306
376 306
157 307
472 307
361 309
455 309
81 310
297 311
438 311
122 312
25 314
140 314
193 314
198 315
226 315
261 315
407 315
157 317
252 317
325 317
294 318
391 318
461 318
73 319
280 319
309 319
379 319
423 319
479 319
16 320
46 320
176 320
238 320
341 320
362 320
446 321
97 322
135 322
77 323
410 324
463 324
268 326
60 327
36 328
113 328
358 328
431 328
186 329
258 330
377 330
4 331
132 331
299 331
409 331
156 332
282 332
92 333
199 333
243 333
472 335
223 336
311 336
450 336
70 337
270 337
24 338
291 338
377 338
422 338
143 339
48 340
90 340
124 341
170 342
253 342
323 342
436 342
462 342
67 343
87 344
409 344
478 344
183 346
452 346
15 347
300 347
373 347
422 347
39 348
191 348
467 348
197 349
58 350
213 350
390 350
409 350
315 351
257 352
99 353
354 353
439 354
75 355
245 355
453 355
30 356
118 356
406 356
51 357
151 357
274 357
421 358
162 359
69 360
91 360
300 360
174 361
226 362
268 362
186 363
198 363
473 363
20 365
82 365
107 365
211 365
316 366
63 367
255 367
331 367
126 368
459 368
426 370
10 371
287 371
33 372
55 372
247 372
97 373
330 373
378 374
144 375
305 375
358 375
91 376
237 376
276 376
154 377
175 377
270 377
422 377
25 378
59 378
220 378
135 379
163 379
213 379
468 379
265 380
297 380
320 380
117 381
188 381
202 381
399 381
47 382
12 383
354 383
80 384
291 384
370 384
437 385
247 386
254 386
313 386
107 387
455 387
37 388
395 388
367 389
31 390
280 390
229 391
302 391
61 392
96 392
153 392
475 392
26 393
347 393
364 393
387 394
164 395
217 395
268 395
451 395
88 396
176 396
190 396
200 396
408 398
463 398
361 399
318 400
426 400
52 401
255 401
67 404
377 405
445 405
463 405
39 406
163 407
243 407
399 407
136 408
331 408
119 409
212 409
23 410
99 410
111 410
460 410
474 410
33 411
150 411
369 411
165 412
206 412
416 412
438 412
186 413
262 413
293 413
193 414
87 415
363 415
470 415
284 416
79 417
342 417
457 417
429 418
62 421
238 421
384 421
448 422
305 423
244 424
272 424
405 424
40 425
109 425
117 425
230 425
125 426
132 427
210 427
473 427
32 428
326 428
156 429
167 429
461 429
21 430
373 430
258 433
65 434
448 435
246 436
388 437
234 438
37 439
47 439
409 439
475 439
109 440
196 440
273 440
221 441
304 441
82 442
210 442
27 443
120 443
378 443
131 444
258 444
459 444
141 445
326 445
149 446
157 446
293 446
349 446
241 448
288 450
445 450
339 451
39 452
60 452
280 452
188 453
314 453
20 454
88 454
407 454
333 455
388 455
54 456
202 456
265 456
29 457
124 457
215 457
359 457
427 457
224 458
254 458
155 459
242 459
299 459
471 459
148 460
141 461
378 461
453 462
170 464
291 464
446 465
308 466
186 467
438 467
60 468
35 469
74 469
208 469
267 469
21 470
336 470
89 471
215 472
232 472
250 472
327 472
122 475
133 475
474 475
141 476
418 476
458 476
153 477
158 479
445 479
177 482
343 482
45 483
187 483
63 484
70 485
96 485
204 485
269 485
34 486
39 486
76 486
80 487
212 487
253 488
479 488
139 489
237 489
112 490
462 490
227 491
453 491
429 492
135 493
154 493
168 493
311 494
356 495
178 497
254 497
405 497
193 498
36 500
199 500
210 500
479 500
52 501
346 501
381 502
66 503
79 503
94 503
106 503
115 503
470 503
222 505
369 505
452 505
125 506
363 506
426 506
129 507
438 507
233 508
298 509
244 510
287 510
408 510
181 514
203 514
392 514
468 514
219 516
61 518
360 518
374 518
42 519
79 520
96 520
305 521
129 522
285 522
298 522
313 522
116 523
447 523
459 523
144 524
161 524
409 524
435 524
152 525
250 525
477 525
178 526
219 526
237 526
261 527
269 527
211 528
380 528
313 533
291 534
366 534
69 536
75 536
349 536
56 537
118 537
89 538
100 538
143 538
383 538
412 538
238 539
403 539
441 539
454 539
467 539
156 540
425 540
259 542
283 544
305 547
317 548
60 550
116 551
89 552
73 553
104 553
400 553
125 554
365 554
380 554
465 554
148 555
415 555
447 555
219 556
225 556
431 556
457 556
238 557
187 558
262 558
278 560
338 563
317 564
376 566
74 567
88 567
100 567
126 567
357 567
389 568
407 568
147 569
133 570
187 570
442 570
423 571
226 572
251 572
194 573
204 573
264 573
467 574
341 580
303 581
90 582
99 582
362 582
391 582
466 582
107 583
121 583
134 583
331 583
383 583
149 584
114 585
242 585
247 585
257 585
400 586
434 586
457 586
129 587
141 587
155 587
416 587
277 588
204 589
196 590
291 591
228 597
247 599
317 599
333 599
271 600
259 601
350 601
376 601
388 601
424 601
124 602
141 602
148 602
364 602
403 603
190 607
202 609
215 611
303 612
237 613
255 614
277 614
290 614
312 614
321 614
334 615
179 621
194 623
219 627
312 627
261 629
282 630
305 630
