305 29
322 32
339 36
254 38
276 41
353 43
297 45
365 45
224 48
317 48
375 50
240 52
257 53
269 56
292 60
305 61
210 63
313 64
369 64
195 65
229 65
257 67
329 67
269 69
283 71
348 73
399 74
409 75
162 76
305 76
175 77
190 78
214 78
236 79
319 79
255 80
283 81
313 81
335 82
417 82
233 85
380 85
315 87
431 87
351 88
400 89
289 90
390 90
166 91
182 91
395 91
145 92
199 92
443 92
223 94
249 94
327 94
206 96
338 96
266 97
389 97
299 99
229 100
277 100
454 100
213 101
385 101
412 101
305 102
264 103
288 104
465 104
184 105
234 105
355 105
154 106
171 106
318 107
333 107
137 109
266 109
285 109
425 109
290 111
235 114
265 115
402 115
220 117
321 117
251 118
302 118
200 119
444 119
202 120
224 120
181 121
207 121
264 121
298 121
375 121
156 122
227 122
258 122
414 122
137 123
122 124
338 124
308 126
316 126
435 126
439 127
204 128
220 128
250 131
360 131
397 132
430 132
439 132
241 133
416 133
466 134
221 136
157 137
286 137
331 137
218 138
219 141
233 141
372 141
127 142
236 142
302 142
346 143
381 143
272 144
300 145
378 145
435 145
313 146
389 147
450 148
327 149
111 150
288 151
207 152
227 152
336 152
248 153
403 153
423 153
143 154
254 154
464 156
313 157
349 157
127 158
238 158
319 158
403 158
273 159
380 159
386 159
411 159
195 161
386 162
87 163
114 163
214 163
226 163
256 163
263 163
384 163
230 164
157 167
266 167
326 167
476 167
227 168
448 168
260 169
323 169
262 170
320 170
440 170
170 171
313 171
317 171
133 172
266 172
358 172
343 174
103 175
113 175
194 175
254 175
362 175
257 176
269 176
461 176
223 177
193 178
231 178
267 178
377 178
91 179
251 179
180 180
190 180
251 180
299 180
436 180
260 181
266 182
131 183
79 184
388 186
353 187
473 187
112 188
285 188
203 189
330 189
325 190
323 191
98 192
249 192
273 192
451 192
144 193
212 193
386 193
204 194
264 195
338 195
393 195
132 196
273 196
168 197
368 197
272 198
85 199
162 199
218 199
438 199
225 201
242 201
286 201
406 201
118 202
157 202
182 203
341 203
377 203
431 203
202 204
221 204
323 204
465 204
192 205
101 207
144 207
298 207
381 207
180 208
259 208
369 208
250 209
367 210
373 210
411 210
437 211
476 211
339 212
90 213
266 213
311 213
405 213
214 214
231 214
339 214
367 214
171 215
455 215
349 216
221 217
390 217
228 218
331 218
118 219
193 219
239 219
308 219
262 220
298 220
411 220
175 221
269 221
149 222
186 222
168 223
365 223
406 223
109 224
209 224
71 225
182 226
406 227
469 227
98 228
140 228
300 229
372 229
401 229
247 230
296 230
168 231
219 232
125 233
288 233
389 233
173 235
240 235
451 235
301 236
478 236
402 237
436 237
149 238
113 239
179 239
209 240
335 241
342 241
388 241
301 242
310 242
170 243
232 243
407 243
203 244
71 245
106 245
174 245
342 245
189 246
463 246
269 247
250 249
278 249
446 249
220 250
359 250
364 250
242 251
322 251
374 251
159 252
334 252
58 253
262 253
468 253
427 255
86 256
118 256
144 256
153 256
318 256
407 256
245 257
209 258
419 258
123 259
310 259
347 259
47 260
272 260
478 260
160 261
344 261
398 261
424 261
417 262
289 263
372 263
78 264
422 264
207 265
458 265
104 266
253 266
333 266
42 267
130 267
135 267
137 267
177 267
223 267
264 267
354 267
415 267
66 269
211 270
277 270
290 271
422 271
202 272
231 272
144 273
211 273
244 273
302 273
87 274
328 274
385 274
307 275
467 275
138 277
450 277
117 278
299 278
57 279
213 280
304 280
428 280
96 281
161 283
242 283
258 283
52 285
271 285
371 285
75 286
209 286
407 286
175 287
209 287
391 287
151 288
216 288
354 288
110 290
114 290
276 290
309 290
332 290
433 290
455 290
414 293
46 294
81 295
88 295
145 295
185 295
66 296
249 296
288 296
376 296
442 297
124 298
396 298
129 299
318 299
344 299
40 301
100 302
420 302
463 302
379 303
178 304
252 304
121 305
265 305
299 305
445 305
87 307
325 307
76 308
158 308
240 308
276 308
364 308
403 308
182 309
33 310
53 311
306 311
163 312
383 312
112 313
115 313
154 313
222 313
86 314
348 314
426 314
210 315
284 315
124 316
171 316
478 316
214 317
453 317
253 318
81 319
231 319
332 319
403 319
352 321
286 322
372 322
141 323
362 323
197 324
296 324
420 324
45 325
429 325
100 326
167 326
235 326
277 326
64 327
86 327
139 327
149 327
397 327
105 328
135 328
257 328
316 328
381 328
434 328
460 328
178 329
96 331
250 331
322 331
276 332
358 332
176 333
193 333
123 334
248 334
317 334
90 335
108 335
142 335
162 335
413 335
440 335
176 336
407 336
77 337
121 337
154 337
350 337
354 337
158 338
341 338
375 338
147 339
418 339
86 340
334 340
422 340
96 341
159 341
297 341
340 341
468 341
89 342
178 342
133 343
205 343
260 344
332 344
88 345
102 345
265 345
179 346
199 346
364 346
449 346
32 347
245 347
71 348
233 348
405 348
54 349
293 349
298 349
341 349
220 350
264 350
395 350
233 352
121 354
192 354
200 354
353 354
375 354
427 354
477 354
176 355
331 355
398 355
440 355
274 356
350 356
454 356
126 357
69 359
194 359
305 360
317 360
105 361
45 362
230 362
75 363
308 363
409 364
112 365
229 365
335 365
119 366
194 367
241 367
357 368
75 369
122 369
198 369
464 369
61 370
264 370
368 370
396 370
163 371
411 371
305 372
173 373
402 373
37 375
397 375
251 376
348 376
448 376
153 377
231 377
276 377
299 377
399 377
197 378
132 380
164 380
391 380
61 381
431 381
469 381
93 382
400 382
329 383
359 384
407 384
420 384
111 385
210 385
216 385
237 385
256 385
168 386
184 386
399 386
376 387
144 388
165 388
336 388
228 389
234 389
393 389
435 389
453 389
75 390
79 390
320 391
83 392
147 392
183 392
242 392
263 392
330 392
434 392
153 393
356 393
368 393
413 393
212 394
223 394
227 394
365 394
200 395
29 396
222 396
239 396
318 396
354 396
476 396
226 397
425 397
247 398
311 398
390 398
300 399
44 400
221 400
377 400
385 400
215 401
294 401
312 401
437 401
379 402
400 402
150 403
163 403
194 403
277 403
160 404
424 404
353 405
91 406
300 406
421 406
427 407
44 408
24 409
169 409
388 409
461 409
372 410
109 411
192 411
425 411
444 411
324 413
369 413
344 414
241 416
163 417
207 417
425 417
91 418
320 418
42 419
193 419
265 419
364 419
430 419
225 420
426 420
52 421
142 421
470 421
68 423
140 423
196 423
349 423
202 424
110 425
222 425
267 425
17 426
92 426
38 427
60 427
125 427
193 427
212 427
274 427
341 427
405 427
65 428
440 428
60 429
212 429
319 429
209 431
363 431
275 432
184 433
476 433
193 435
367 435
456 435
392 436
409 437
34 438
136 438
342 438
429 438
90 439
110 439
206 439
236 439
317 439
321 439
330 439
53 441
329 443
431 443
107 444
357 444
461 445
94 446
183 446
195 446
272 446
361 446
368 446
306 447
314 447
443 447
275 448
181 449
288 449
72 450
218 450
410 450
94 451
114 451
32 452
151 452
354 452
376 452
420 453
240 454
354 454
466 454
127 455
275 455
51 456
229 456
345 458
216 459
295 459
426 459
199 460
277 460
447 460
98 461
151 461
303 461
424 461
74 462
242 462
324 462
31 463
315 463
352 463
470 463
145 464
239 466
172 467
250 467
438 467
119 468
451 468
97 469
249 469
300 469
371 470
148 471
58 472
247 472
123 473
163 473
226 473
264 473
387 473
411 473
78 474
337 474
113 475
190 475
309 475
417 475
280 476
302 476
100 477
112 477
178 477
211 477
273 477
294 477
347 477
430 477
117 478
399 478
127 479
154 479
344 480
177 481
322 481
44 482
247 482
394 482
187 483
367 483
462 483
229 484
446 485
96 486
255 486
399 486
225 487
227 487
401 487
431 487
150 488
65 489
144 489
165 489
264 489
369 489
418 489
333 490
158 491
132 492
218 493
339 493
98 494
385 494
88 495
312 495
174 497
223 497
351 497
357 497
394 497
451 497
473 497
203 498
288 498
371 498
416 498
250 499
242 500
285 500
434 500
172 501
229 501
317 501
46 502
261 503
296 503
190 504
234 504
282 504
393 504
70 505
93 505
155 505
269 505
306 505
364 505
216 506
225 506
227 506
325 507
382 508
135 509
151 509
154 509
230 509
355 509
112 510
211 510
332 510
115 511
357 511
244 512
348 513
201 514
252 515
310 515
313 515
323 515
352 515
412 515
434 515
201 516
224 516
447 516
153 517
397 517
462 517
180 518
357 518
403 518
51 519
136 519
115 520
151 520
272 521
270 522
399 522
78 523
188 523
340 523
311 524
431 524
211 525
236 525
273 525
438 525
163 526
219 526
304 526
375 526
401 526
431 526
470 526
212 528
326 528
420 529
433 529
199 530
359 530
376 530
384 530
113 531
313 531
62 532
251 532
455 532
202 533
275 533
312 533
394 533
94 534
292 534
314 534
213 535
266 535
276 535
305 535
402 535
416 535
135 537
382 537
210 538
434 538
189 539
336 539
388 539
225 540
252 543
319 543
107 544
148 544
203 544
240 544
358 544
171 545
231 545
236 545
393 545
426 545
118 546
203 548
306 548
463 549
341 550
143 551
181 551
320 551
401 551
161 552
449 552
327 553
88 555
214 555
253 555
292 555
404 555
419 555
372 556
238 557
280 557
386 557
143 558
380 558
232 559
357 559
102 561
193 561
170 562
425 562
345 563
198 564
176 565
270 566
308 566
238 567
285 567
302 567
332 567
147 568
410 568
116 569
169 569
212 569
249 569
400 570
304 571
311 571
159 573
364 574
442 575
195 576
359 576
90 577
175 577
350 577
386 577
126 578
281 578
263 579
365 579
336 580
425 580
104 582
308 583
146 585
390 585
222 587
303 587
386 587
412 587
304 589
402 589
241 591
160 593
243 593
355 593
219 594
107 595
444 595
181 596
120 597
170 597
334 597
259 598
378 598
245 599
428 599
183 600
317 600
133 601
296 601
378 602
418 602
271 603
251 604
200 605
233 605
154 608
401 608
460 608
160 609
220 609
354 611
172 613
332 614
443 614
315 615
300 616
380 617
189 619
253 619
266 619
282 619
421 620
202 621
141 622
362 623
227 625
408 625
163 627
398 627
339 629
241 630
384 633
320 634
309 635
299 636
370 636
265 637
282 637
