322 2
209 5
256 5
307 5
122 7
163 7
239 8
471 8
282 9
456 10
387 11
109 12
402 12
418 12
227 13
350 13
368 13
432 13
271 14
334 14
442 14
145 15
190 15
323 16
91 18
454 18
259 19
308 19
215 20
295 21
128 22
469 22
172 23
238 24
282 25
374 26
401 26
119 28
197 28
265 28
387 28
419 28
155 29
352 30
183 31
223 31
329 31
344 31
439 31
311 33
454 33
320 34
248 35
98 36
137 36
461 36
476 36
294 37
387 37
165 39
201 39
405 39
270 40
374 40
420 40
229 41
285 41
319 41
288 42
366 42
120 43
246 43
352 44
429 44
182 45
185 45
417 45
236 46
286 46
338 46
448 46
143 47
192 47
262 47
325 47
390 47
423 47
169 48
212 48
218 48
240 49
252 49
304 49
107 50
188 50
298 50
389 50
229 51
310 51
164 52
397 52
471 52
227 53
386 53
223 54
304 54
367 54
423 54
426 54
187 55
226 55
214 56
124 57
184 57
340 57
188 58
248 58
88 59
196 59
172 60
302 60
149 61
273 61
275 61
448 61
223 62
251 62
286 62
288 63
185 64
462 64
255 65
73 66
106 66
282 66
346 66
136 67
248 67
374 67
386 67
477 67
275 68
412 68
252 69
365 69
426 69
325 70
227 71
265 72
293 72
204 73
402 73
153 74
185 75
121 76
272 76
372 76
453 76
242 77
256 77
355 77
403 77
415 77
428 77
88 78
234 79
342 79
429 80
145 81
177 81
247 81
295 81
327 81
250 82
78 83
169 83
473 83
142 84
331 84
103 85
162 86
275 86
292 86
137 87
360 87
375 87
414 87
334 88
405 88
186 89
355 89
455 89
67 90
220 90
265 90
87 91
236 91
316 91
392 91
406 92
420 92
115 94
280 94
392 94
237 95
331 95
384 95
396 96
325 97
472 97
189 99
282 99
344 99
159 100
210 100
444 100
375 101
154 102
258 102
310 102
309 103
415 103
124 104
250 104
252 104
292 104
327 104
94 105
150 105
428 105
325 106
456 106
143 107
394 107
399 107
168 108
201 109
349 109
355 109
197 110
139 111
211 111
328 111
414 111
473 111
132 112
226 112
452 112
247 113
387 113
76 114
183 114
358 114
426 114
314 116
388 116
374 117
99 118
306 118
355 118
464 118
177 119
383 120
397 120
198 121
319 121
373 121
272 122
281 122
435 122
115 123
176 123
192 123
229 123
231 123
367 123
376 123
246 124
255 124
60 125
169 125
202 125
338 125
352 125
188 126
260 126
386 126
428 126
477 126
192 127
327 127
209 128
231 128
74 129
441 129
129 130
214 130
390 130
406 131
297 132
339 132
455 132
163 133
144 135
219 135
278 135
282 135
396 135
427 135
192 136
272 136
350 136
364 136
385 136
327 137
465 137
87 138
118 138
313 138
60 139
225 139
236 139
398 139
188 140
243 140
371 140
265 141
410 142
158 143
176 143
188 143
260 143
129 144
451 144
217 145
374 145
74 146
152 146
272 146
329 146
340 146
378 146
389 146
205 147
286 147
406 147
421 147
98 148
287 148
360 148
185 149
230 149
315 149
316 149
392 149
401 150
466 150
63 152
101 152
240 152
333 152
141 153
303 153
207 154
346 154
443 154
228 155
419 155
425 155
156 156
191 156
372 156
391 156
452 156
88 158
90 158
362 158
96 159
219 159
376 159
113 160
132 160
176 160
362 160
95 161
338 161
435 161
103 162
133 162
230 162
269 162
389 162
420 162
124 163
296 164
433 164
469 164
362 165
374 165
94 166
301 166
413 166
63 167
95 167
187 167
256 167
114 168
151 168
156 168
375 168
137 169
141 169
181 169
199 169
289 169
163 170
402 170
409 170
423 170
448 170
86 171
243 171
274 171
340 172
158 173
174 173
322 173
332 173
402 173
106 174
188 174
396 174
405 174
462 174
190 175
263 175
368 175
52 176
105 176
201 176
228 176
423 176
292 177
327 177
379 177
404 177
423 177
303 178
312 179
391 179
72 180
249 180
146 181
402 181
440 181
293 182
369 182
159 183
198 183
403 183
450 183
126 184
237 184
272 184
317 184
322 184
424 184
361 185
134 186
157 186
353 186
368 186
122 187
211 187
81 188
165 188
175 188
194 188
304 188
353 188
388 188
422 188
169 190
256 190
410 190
466 190
137 191
226 191
149 192
160 192
219 192
213 193
69 194
443 194
163 195
279 195
380 195
415 195
151 196
453 196
477 196
36 197
222 197
113 198
212 199
266 199
156 200
361 200
84 201
101 201
145 201
182 201
230 202
162 203
183 203
240 203
357 203
464 203
376 205
450 205
199 206
301 206
364 206
220 207
294 207
126 208
378 208
172 209
217 209
415 209
138 210
274 210
315 210
108 211
299 211
314 211
346 211
425 211
50 212
178 212
301 212
90 213
243 213
301 213
143 214
466 214
66 215
122 215
247 215
262 215
265 215
444 215
288 216
183 217
221 217
452 218
231 219
274 219
299 219
40 220
167 220
439 221
98 222
372 222
423 222
463 222
144 223
237 223
301 223
343 223
418 223
129 224
135 224
449 224
174 225
190 225
255 225
388 226
51 227
292 227
31 229
108 229
190 229
276 229
188 230
404 230
330 231
213 232
214 232
413 232
387 233
459 233
336 234
367 234
373 234
339 235
348 235
387 235
445 235
252 236
290 236
116 237
347 237
397 237
41 238
149 238
227 238
328 238
365 239
452 239
470 239
93 240
150 240
315 240
393 240
62 241
86 241
366 241
133 242
234 242
238 242
438 242
104 243
119 243
251 243
362 243
212 244
330 244
464 244
147 245
327 245
357 245
232 247
285 247
323 247
421 247
191 248
283 248
302 248
30 249
131 249
136 249
196 249
215 249
312 249
123 250
140 250
255 250
371 250
451 250
118 251
317 251
351 251
409 251
432 251
7 252
52 252
89 252
272 252
300 252
113 253
376 253
231 254
323 254
329 254
205 255
217 255
315 255
109 256
194 256
351 256
392 257
20 258
294 258
329 258
424 258
361 259
408 259
466 259
43 260
114 260
391 260
216 261
236 261
60 262
445 262
391 263
450 263
105 264
338 264
383 264
231 265
380 265
141 266
142 266
432 266
87 267
168 267
407 267
477 267
394 268
104 269
249 269
102 270
159 270
222 270
292 270
50 271
133 271
170 271
207 271
228 271
251 271
323 271
282 272
310 272
333 272
334 272
461 272
178 273
285 273
83 274
105 274
217 274
419 274
23 275
96 275
170 275
315 275
43 276
153 276
329 276
366 276
382 276
425 276
442 276
84 277
167 277
244 277
308 277
404 277
64 278
249 278
251 278
398 278
242 279
226 280
297 280
335 280
340 280
399 280
52 281
65 281
391 281
458 281
470 281
334 282
399 282
35 283
178 283
217 283
377 283
398 283
53 284
204 284
365 284
212 285
258 285
436 285
310 286
79 287
144 287
94 289
43 290
105 290
186 290
251 290
444 290
173 291
183 291
274 291
467 291
24 292
53 292
304 292
391 292
397 292
151 293
244 293
408 293
429 293
191 294
336 294
138 295
376 295
450 295
98 296
328 296
202 297
270 297
319 299
335 299
264 300
309 300
341 300
403 301
422 301
70 302
96 302
436 302
477 302
13 303
106 303
147 303
384 303
465 303
36 304
91 304
316 304
443 304
255 305
290 305
324 305
356 305
430 305
66 306
179 306
191 307
334 307
367 307
111 308
199 308
279 308
352 308
118 309
128 309
429 310
26 311
50 311
163 311
270 311
455 311
53 312
249 312
473 312
177 313
84 314
443 314
198 315
237 315
20 316
52 316
157 316
322 316
386 316
119 317
324 317
404 317
319 318
415 318
464 318
217 319
242 319
341 320
212 321
305 321
348 321
86 322
259 322
315 322
412 322
449 322
105 323
295 323
13 324
182 324
205 324
363 324
395 324
405 324
78 325
116 325
211 325
381 325
46 326
201 326
346 326
152 328
428 328
468 328
184 329
454 329
279 330
369 330
35 331
351 331
130 332
189 333
325 334
96 335
324 335
387 335
435 335
441 335
75 336
175 336
478 337
254 338
393 338
460 338
180 339
273 339
127 340
29 341
51 341
213 341
288 341
298 341
357 341
112 342
330 342
376 342
446 342
55 343
108 343
143 344
97 345
113 345
210 345
221 345
253 345
178 346
235 346
436 346
467 346
158 347
220 347
291 347
305 347
377 347
396 347
429 347
272 348
285 348
193 349
210 349
345 349
216 350
113 351
239 351
453 351
407 352
437 352
314 353
180 354
252 354
290 354
323 354
297 355
407 355
444 355
471 355
269 356
329 356
422 356
304 357
365 357
392 358
61 359
219 359
282 359
289 359
351 359
411 359
458 359
68 360
108 360
166 361
417 361
420 361
16 362
97 362
149 362
475 362
428 363
33 364
189 364
236 364
323 364
394 364
405 364
133 365
269 365
130 366
223 366
254 367
84 368
176 368
454 368
464 368
160 369
290 369
381 369
396 369
269 370
349 370
30 371
344 371
424 371
432 371
283 372
298 372
445 373
51 374
79 374
301 374
307 374
7 375
89 375
276 375
109 376
206 376
255 376
468 376
95 377
157 377
332 378
42 379
142 379
474 379
86 380
106 380
146 380
299 380
376 380
435 380
174 381
304 381
323 381
370 381
398 381
407 381
448 381
458 381
281 382
312 382
382 382
385 382
355 383
411 383
22 384
259 384
45 385
73 385
343 385
360 385
366 385
107 386
287 386
347 386
121 388
312 388
93 389
244 389
477 389
55 390
307 390
330 390
341 390
118 391
462 391
265 392
387 392
455 392
60 394
90 395
364 395
58 396
173 396
225 396
323 396
422 396
34 397
284 397
418 397
88 398
149 398
348 398
69 399
71 399
151 399
222 399
245 399
125 400
206 400
208 400
281 400
365 400
377 400
457 401
48 402
73 402
178 402
469 402
7 403
80 403
377 403
138 404
317 404
390 404
426 404
30 405
272 405
155 406
307 406
361 406
403 406
433 406
256 407
270 407
278 407
101 408
162 408
351 408
64 410
83 410
100 410
180 410
227 410
400 410
475 410
119 411
274 411
334 411
362 411
127 412
291 412
461 412
211 413
269 413
293 413
413 413
2 414
91 414
175 414
193 414
408 414
421 414
68 415
93 415
99 415
106 415
391 415
43 416
72 416
80 416
76 417
95 417
292 417
136 419
156 419
296 419
348 419
412 419
323 420
408 420
424 420
450 420
478 420
119 421
170 421
233 421
359 421
17 422
109 422
146 422
172 422
409 422
38 423
64 423
95 423
316 423
99 424
136 424
213 424
287 424
428 424
466 424
296 425
433 425
80 426
455 426
42 427
142 427
193 427
236 427
257 427
306 427
428 427
58 428
153 428
341 428
138 429
388 429
432 429
299 430
369 430
120 431
412 431
35 432
59 432
92 432
319 432
442 432
64 433
221 433
331 433
374 433
158 434
78 435
244 435
297 435
377 435
85 436
105 436
136 436
311 436
353 436
432 436
323 437
414 437
475 437
163 438
318 438
457 438
258 439
74 440
139 440
280 440
120 441
172 441
285 441
334 441
12 442
268 442
271 442
400 442
183 443
232 443
255 443
310 444
121 445
156 445
476 445
266 446
404 446
433 446
35 447
167 447
191 447
337 447
447 447
352 448
392 448
79 449
82 449
218 449
256 449
211 450
243 450
56 451
462 451
8 452
117 452
193 452
368 452
192 454
308 454
351 454
405 456
433 456
435 456
101 457
142 457
157 457
36 458
183 458
295 459
451 459
111 460
12 461
80 461
125 461
313 461
160 462
264 462
343 462
399 462
63 463
175 463
171 464
266 464
361 464
149 465
287 465
331 465
364 465
99 466
108 466
257 466
409 466
38 467
106 467
265 467
288 467
470 467
10 468
350 468
417 468
64 469
322 469
167 470
194 470
227 470
328 470
385 470
432 470
454 470
241 471
133 472
222 472
238 472
82 473
249 473
284 473
399 473
186 474
403 474
413 474
86 475
242 476
371 476
460 476
187 477
233 477
367 477
401 477
43 478
68 478
221 478
361 478
399 478
179 479
279 479
285 479
366 479
371 480
374 480
174 481
339 481
258 482
263 482
270 482
415 482
449 483
343 484
429 484
109 485
237 485
465 485
173 486
316 486
418 486
420 486
158 487
207 488
295 488
255 489
33 490
141 490
175 490
110 491
152 491
169 491
215 491
241 491
174 492
340 492
472 492
67 493
143 493
287 493
363 493
453 493
110 494
221 495
243 495
342 495
409 495
77 496
182 496
259 496
272 496
286 496
439 496
47 498
274 498
288 498
314 498
341 499
363 499
463 499
233 500
348 500
201 501
352 501
83 502
85 502
194 502
447 502
56 503
175 503
381 503
25 504
172 504
209 504
300 504
112 505
334 506
425 506
467 506
93 507
123 507
245 507
278 507
346 507
396 507
83 508
160 508
254 508
191 509
270 509
364 510
258 511
320 511
359 511
222 512
268 512
329 512
52 513
166 513
354 513
442 513
455 513
134 514
272 514
364 514
393 514
401 514
108 516
183 516
300 516
475 517
250 518
374 518
388 518
142 519
162 519
267 519
429 519
243 520
278 520
169 521
269 521
371 521
228 522
328 522
439 522
422 523
97 524
106 524
175 524
212 524
322 524
465 524
200 525
288 525
324 525
361 525
454 525
117 526
151 526
224 526
337 526
194 527
233 527
110 528
78 529
190 529
471 529
242 530
447 530
182 531
405 531
434 531
252 532
289 532
97 533
402 533
159 534
170 534
253 534
309 534
216 535
339 535
348 535
323 536
57 537
202 537
383 537
423 537
254 538
324 538
193 539
225 539
240 539
367 539
114 540
128 540
195 540
270 540
358 540
189 541
213 541
219 541
179 542
310 542
442 542
461 542
174 543
299 543
357 543
425 543
211 544
333 544
427 544
142 545
216 545
304 545
341 545
349 545
72 546
86 547
134 547
273 547
284 547
329 548
169 549
201 549
257 549
450 549
163 550
390 550
93 551
273 551
416 551
192 552
91 553
131 553
171 553
323 553
121 554
110 555
371 555
349 556
413 556
84 557
105 557
206 557
228 557
59 558
202 558
289 558
334 558
108 559
120 559
163 559
297 559
168 560
239 560
268 560
233 561
432 561
146 562
236 562
107 563
271 563
464 563
140 564
154 564
75 565
121 565
190 565
289 565
388 565
435 565
437 565
447 565
472 565
271 566
387 566
316 567
212 569
223 570
378 570
158 571
233 571
262 573
462 573
101 575
168 575
272 575
443 575
301 576
417 578
418 579
350 580
190 581
253 581
278 581
78 582
136 583
139 584
291 584
382 584
223 585
455 585
354 586
146 587
153 587
428 587
129 588
148 588
386 588
468 588
97 589
389 589
441 589
110 591
150 591
183 593
301 594
139 595
390 595
394 595
284 596
403 596
421 596
308 597
341 597
306 599
434 599
135 600
200 600
278 600
99 601
152 601
446 601
465 601
427 602
210 604
237 604
287 605
167 606
271 606
366 608
124 609
185 609
380 609
315 611
332 613
409 614
423 614
457 614
297 615
96 616
154 616
251 616
226 617
265 617
273 617
447 617
470 617
169 619
191 623
364 624
121 625
349 625
377 625
144 626
201 626
317 626
333 626
213 628
399 628
448 628
156 629
413 629
427 629
237 630
246 630
256 630
391 633
168 634
281 634
290 634
178 636
304 637
