244 24
214 25
270 26
278 26
202 29
225 32
259 32
166 34
196 34
248 34
321 35
309 37
298 38
279 39
214 40
234 40
181 41
143 43
149 43
258 45
198 46
336 46
164 48
263 48
323 48
135 50
231 50
308 51
188 52
270 52
290 52
220 54
258 54
270 55
362 57
122 58
173 58
207 58
340 58
355 59
144 60
323 60
305 62
164 63
231 64
138 65
281 65
296 65
191 66
252 66
106 67
127 67
345 67
356 68
150 70
247 70
212 71
249 71
372 71
175 74
234 74
303 74
316 74
200 75
245 75
285 75
90 76
333 76
143 78
225 78
278 78
254 79
346 79
387 79
144 81
255 81
139 82
104 83
120 83
364 83
152 84
205 84
165 85
241 85
359 86
227 87
190 88
129 89
274 89
335 89
90 90
154 90
264 90
304 91
164 92
82 93
103 93
250 93
366 93
139 94
323 94
402 94
203 95
177 96
288 96
353 96
241 97
374 97
113 98
150 98
299 98
177 99
327 99
136 100
166 100
216 100
327 100
389 100
143 101
62 102
163 102
253 102
360 102
320 103
396 103
86 104
100 104
173 107
197 107
234 107
307 108
369 108
69 110
192 112
215 112
293 112
378 112
339 113
107 114
167 114
244 114
164 115
288 115
389 115
84 116
199 116
239 116
349 116
191 118
248 118
190 119
309 119
315 119
409 119
96 120
54 121
195 121
274 121
303 121
370 121
400 121
95 122
244 122
366 122
419 122
143 123
257 123
319 123
210 124
245 124
313 124
382 124
205 125
248 125
85 126
87 126
221 126
241 126
275 126
283 126
328 126
395 126
428 126
66 127
340 127
435 127
225 128
127 129
181 129
397 129
42 130
173 130
214 130
235 131
355 131
412 131
72 134
122 135
154 135
239 135
294 135
370 135
98 136
168 136
318 136
117 137
215 137
247 137
374 137
327 138
395 138
431 138
187 139
107 140
218 140
220 140
230 141
79 142
127 142
348 142
397 142
54 143
248 144
405 144
160 145
267 145
283 145
211 146
306 146
358 146
411 146
44 147
102 147
158 147
105 148
178 148
199 148
281 148
306 148
369 148
417 148
326 149
374 149
67 150
186 150
265 150
376 150
159 151
178 152
340 152
388 152
434 153
56 154
83 155
173 155
275 155
395 155
79 156
159 156
302 156
354 156
406 156
301 157
443 157
450 157
110 158
219 159
100 160
144 160
125 161
428 162
165 163
207 163
266 164
42 165
65 165
107 166
256 166
194 167
284 167
169 168
332 168
403 168
442 168
251 169
322 169
340 169
167 170
172 170
331 170
351 170
221 171
292 171
317 172
53 173
76 173
188 173
222 173
290 173
26 174
150 174
193 175
423 175
456 175
214 176
278 176
331 176
95 177
140 177
223 177
346 177
350 177
358 178
130 179
204 179
246 179
150 180
262 180
301 180
433 180
254 181
273 181
39 182
64 182
89 182
222 182
250 182
260 182
124 183
313 183
334 183
347 183
385 184
266 185
275 185
370 185
30 186
92 186
370 186
407 186
206 187
272 187
446 187
54 188
92 188
113 188
129 189
203 189
192 190
340 190
74 191
189 191
336 191
459 191
311 192
424 192
155 193
263 194
41 195
218 195
354 195
395 195
238 196
35 197
103 197
142 197
243 197
301 198
220 199
393 199
150 200
238 200
285 200
442 200
43 201
139 201
253 201
377 201
406 201
59 202
202 202
259 202
270 203
346 203
358 203
371 203
67 204
185 204
343 204
401 204
453 204
105 205
229 205
242 205
346 205
22 206
153 206
73 207
104 208
310 208
115 209
213 209
360 210
361 210
459 210
32 211
45 211
402 211
167 212
200 213
440 213
144 214
252 215
267 215
120 216
136 216
242 216
276 216
385 216
429 216
95 217
127 217
134 217
338 217
22 218
62 218
89 218
285 218
450 218
69 219
108 219
184 219
219 219
290 219
349 219
357 219
418 219
431 219
151 220
93 221
304 221
125 223
173 223
49 224
363 224
102 225
30 226
129 226
373 226
409 226
441 226
164 227
208 227
226 227
235 227
248 227
259 227
276 227
97 228
113 228
300 228
106 229
289 229
101 230
195 230
423 232
350 233
392 234
157 235
458 235
119 236
326 236
32 237
149 237
230 237
256 237
271 237
121 238
152 238
282 238
113 240
204 240
216 240
380 240
423 240
207 241
264 241
281 241
74 242
390 242
305 243
371 243
44 244
90 244
236 244
345 244
56 245
74 245
110 245
232 245
313 245
347 245
57 246
194 246
261 246
422 246
452 246
301 247
410 247
162 248
252 248
420 248
76 249
83 249
167 249
257 249
311 249
394 249
42 250
177 250
187 250
272 250
195 251
330 251
375 251
170 252
210 252
126 253
143 253
426 253
436 253
331 254
256 255
271 256
373 256
399 256
466 256
80 257
211 257
412 257
33 258
111 258
133 258
393 259
416 259
87 260
153 260
388 260
399 260
180 261
220 261
46 262
237 262
451 262
215 263
294 263
205 264
232 264
364 264
405 265
413 265
272 266
130 267
396 267
98 268
201 268
262 268
317 268
408 268
16 269
150 269
284 269
373 269
377 269
208 270
110 271
184 271
33 272
73 272
177 272
190 272
281 272
297 272
247 273
72 274
148 274
160 274
311 274
371 274
379 274
388 274
444 274
216 275
231 275
309 275
88 276
407 276
435 276
109 277
211 278
139 279
310 280
88 281
22 282
395 282
42 283
183 283
307 283
328 283
346 283
458 283
58 284
109 284
186 285
310 285
75 286
158 286
123 287
258 287
367 287
224 288
14 289
272 290
279 290
443 290
32 291
183 292
206 292
394 292
423 292
50 293
292 293
308 293
407 293
138 294
274 294
294 294
67 296
154 296
196 296
286 296
311 296
363 296
401 296
411 296
93 297
455 297
81 298
260 298
288 298
83 299
120 299
141 300
237 300
262 300
103 301
111 301
335 301
368 301
384 301
422 301
106 302
121 302
160 302
177 302
226 302
294 302
41 303
217 303
358 304
416 304
465 304
317 305
367 305
201 307
18 308
71 308
93 308
99 308
394 308
95 309
350 309
357 309
136 310
160 310
163 310
336 310
384 310
52 311
391 311
32 312
338 312
387 312
427 313
451 313
231 314
104 315
130 315
140 315
293 315
425 315
216 316
274 316
289 316
431 316
59 317
86 317
190 318
248 318
253 318
317 318
402 318
412 318
202 319
424 319
289 320
317 320
365 320
388 320
438 320
293 321
410 321
423 321
285 322
464 322
75 323
102 323
323 323
21 324
64 324
390 324
129 325
38 326
65 326
195 326
268 326
400 326
84 327
345 327
57 328
89 328
378 328
427 328
90 329
135 329
391 329
450 329
122 330
162 330
243 330
356 330
406 330
16 331
311 331
332 331
167 333
63 334
226 334
421 334
112 335
196 335
338 335
45 336
262 336
277 336
313 336
458 336
119 337
389 337
417 337
411 338
415 338
81 339
27 340
205 340
98 341
133 341
172 341
278 341
420 341
444 341
283 342
350 343
377 343
96 344
315 344
373 345
39 346
414 346
56 347
327 347
357 347
19 348
69 348
166 348
241 348
244 348
269 348
383 348
406 348
432 348
106 349
283 349
428 349
154 350
192 350
121 351
246 351
269 351
315 351
436 351
390 352
419 352
313 354
320 354
454 354
238 356
365 356
42 357
163 357
233 357
283 358
347 358
220 359
247 359
259 359
375 359
423 359
68 360
109 360
372 360
168 361
197 361
353 361
120 362
171 362
316 362
332 362
27 363
95 363
197 363
257 363
57 364
144 364
169 364
254 364
106 365
357 365
372 365
397 365
410 365
92 366
227 366
307 366
322 366
450 366
75 367
82 367
95 367
126 367
390 367
117 368
201 368
42 369
290 369
394 369
213 370
320 370
432 370
232 371
258 371
329 371
383 371
456 371
176 372
327 372
367 372
386 372
45 373
55 375
69 375
152 375
170 375
275 375
343 375
37 376
275 377
276 377
337 377
348 377
363 377
459 377
87 378
135 378
320 378
346 378
424 378
229 379
365 379
382 379
105 380
263 380
324 380
45 381
205 381
393 381
444 381
143 382
162 382
353 382
357 382
390 382
410 382
289 385
328 385
96 386
187 386
85 387
83 388
158 388
192 388
212 389
314 389
385 389
242 390
317 390
438 390
454 390
81 391
87 391
134 391
76 392
45 393
196 394
387 394
404 394
109 395
26 396
378 396
150 397
426 397
57 398
256 398
257 398
320 398
173 399
274 399
347 399
55 400
91 400
165 400
315 400
342 400
354 400
400 400
108 401
127 401
199 401
362 401
411 401
195 403
319 404
373 404
450 404
236 405
309 405
24 406
264 406
189 408
238 408
50 409
161 409
269 409
417 409
435 409
129 410
311 410
213 411
104 412
130 412
152 412
252 412
69 413
194 413
336 413
87 414
297 414
184 415
237 415
284 415
405 417
175 418
241 418
120 419
144 419
370 419
257 420
398 420
170 421
208 421
274 421
392 421
444 421
207 422
321 423
47 424
63 424
429 424
31 425
84 425
148 425
190 425
305 425
323 425
380 425
387 425
369 427
188 428
357 428
178 429
232 429
243 429
317 429
337 429
132 430
224 430
261 430
295 430
378 431
98 432
136 433
170 433
417 433
122 434
329 434
340 434
359 434
117 435
192 435
436 435
278 436
306 436
337 436
44 437
214 437
129 438
247 438
282 438
400 438
60 439
332 439
152 440
169 440
365 440
125 441
127 441
206 441
263 441
184 442
94 443
111 443
238 443
290 443
440 444
224 445
297 445
370 445
57 446
234 446
323 446
75 447
139 447
302 447
263 449
307 449
383 449
58 450
188 450
341 450
108 451
377 451
408 451
443 451
194 452
212 453
233 453
298 453
309 453
202 454
429 454
386 456
152 457
191 457
279 458
138 459
218 459
312 459
363 459
202 460
197 461
72 462
89 462
160 462
260 462
272 462
295 462
56 464
415 464
130 465
152 465
170 466
239 466
312 466
349 466
182 467
232 467
250 467
378 469
160 470
247 470
120 472
205 472
308 473
438 473
300 474
106 475
155 475
329 475
422 475
177 476
229 476
292 476
90 477
273 477
332 479
347 480
103 481
213 481
119 482
137 482
263 482
291 482
385 482
207 483
227 483
288 484
335 484
216 485
310 485
407 485
173 486
206 487
251 487
328 487
359 487
274 488
76 489
181 489
336 489
201 490
90 491
173 491
345 491
155 492
168 494
354 494
372 494
122 496
241 496
308 496
139 497
273 497
323 497
109 498
169 498
363 499
173 500
332 500
289 501
268 502
285 502
327 502
419 502
90 503
290 504
158 505
199 506
252 506
391 506
327 507
252 509
304 509
355 509
397 509
422 509
272 510
413 510
92 511
140 511
180 511
288 511
214 512
273 512
379 512
164 513
182 513
108 514
338 514
156 515
313 515
335 515
233 516
330 516
171 517
360 517
245 518
304 519
282 520
245 521
238 522
175 523
203 523
275 523
413 523
127 524
149 525
305 525
341 525
308 526
381 526
269 527
280 527
271 528
275 528
323 528
362 528
109 529
255 529
300 529
170 530
195 531
211 531
400 531
311 534
142 535
287 536
289 536
125 538
164 538
297 538
361 539
383 542
140 543
188 543
255 543
259 544
233 545
297 545
292 546
205 547
209 547
223 547
276 547
282 548
360 548
267 551
337 551
318 553
246 554
223 555
250 556
172 557
196 557
359 558
382 558
149 559
281 559
227 560
165 562
188 562
283 562
334 562
215 563
240 565
308 565
355 566
185 568
378 568
231 570
257 570
276 571
327 571
180 573
204 573
299 574
226 575
194 580
218 580
323 580
265 581
290 582
316 586
210 587
283 588
268 597
