236 1
452 1
459 4
253 5
384 6
472 7
342 8
184 9
273 9
307 9
420 9
103 11
122 11
169 11
201 11
354 11
434 12
396 13
222 14
241 14
319 14
365 14
298 19
448 19
74 20
253 20
381 20
86 21
336 21
67 22
271 23
463 23
107 24
394 24
141 25
158 25
175 25
194 25
209 26
285 26
349 26
359 26
122 27
223 28
478 29
306 31
244 32
374 32
449 32
418 34
71 35
90 35
257 35
334 35
64 38
226 38
274 38
322 39
396 39
125 40
141 40
172 40
350 40
191 41
204 41
251 41
348 41
466 41
115 42
233 42
255 43
156 44
270 44
307 44
171 45
308 45
479 46
195 47
258 47
158 48
216 48
364 48
374 48
432 48
334 49
410 49
100 50
265 50
386 50
411 50
450 50
77 51
307 51
201 52
278 52
419 52
312 53
165 54
215 54
281 54
203 55
145 56
186 56
209 56
250 56
402 56
164 57
467 57
81 58
259 58
314 58
409 58
122 59
250 60
372 61
224 62
435 62
439 62
478 62
184 63
276 63
443 63
390 64
78 65
410 65
423 66
245 68
357 68
385 68
429 69
96 70
261 71
306 71
308 71
323 71
341 71
390 71
456 71
206 72
243 72
259 72
415 73
325 74
462 74
277 75
101 76
365 76
99 77
339 77
467 77
86 78
400 78
130 79
305 79
343 79
374 79
475 79
338 80
345 80
66 81
265 83
186 84
202 85
204 85
313 85
350 86
384 86
118 88
132 88
210 88
265 88
266 88
323 88
94 89
161 89
146 90
284 90
209 91
222 91
365 91
331 92
393 92
400 92
189 93
212 93
458 93
302 94
135 95
63 96
198 97
175 98
257 98
165 99
100 100
123 100
324 100
81 101
66 102
402 102
472 103
155 105
264 105
356 105
385 105
301 107
106 108
278 108
338 108
79 109
243 109
276 109
426 109
450 109
127 110
405 110
168 111
229 112
278 112
323 112
64 113
144 113
197 113
229 114
351 114
372 114
43 115
260 115
284 115
241 116
282 117
290 117
335 117
245 118
128 119
142 119
148 119
252 119
270 119
103 120
462 120
194 121
412 121
268 122
390 122
421 122
82 123
351 123
209 124
323 124
237 125
398 127
60 128
364 128
471 128
334 129
39 130
403 130
168 131
477 131
258 132
104 133
183 134
217 134
410 134
436 134
200 135
85 136
66 137
194 137
283 137
352 138
319 139
232 140
289 140
406 140
280 141
282 141
412 141
151 142
45 143
131 143
235 143
331 143
465 143
251 144
107 145
208 145
186 147
298 147
364 147
442 147
84 148
425 148
211 149
165 150
298 150
64 151
195 151
197 151
271 151
345 151
308 152
403 152
157 153
141 154
150 154
165 154
379 154
43 155
320 155
108 156
120 156
455 156
199 158
438 159
194 160
233 160
250 160
102 161
337 161
265 162
466 162
108 163
150 163
391 163
422 163
437 163
63 164
145 164
340 164
122 165
312 165
367 165
378 165
82 166
400 166
91 167
200 167
213 167
356 167
473 167
115 168
267 168
143 169
205 169
219 169
233 169
39 170
126 170
283 170
401 170
407 171
153 172
155 172
251 172
371 172
260 174
340 174
455 174
323 175
389 175
348 176
72 177
83 177
152 177
410 178
226 179
53 180
366 180
345 181
151 182
140 183
35 184
94 184
115 184
443 184
161 185
316 185
353 185
469 185
93 186
136 186
148 186
389 186
129 187
207 188
424 189
65 190
111 190
327 190
352 190
162 191
453 191
479 191
182 192
253 192
295 192
195 194
340 194
46 195
250 195
309 195
254 196
181 197
89 198
386 198
316 199
96 201
61 202
75 202
283 202
367 202
352 204
148 205
170 205
336 205
442 205
367 206
475 206
124 207
256 207
46 208
376 208
33 209
389 209
212 210
449 210
88 211
382 211
388 211
268 212
330 212
455 212
228 213
420 213
130 214
308 214
363 214
428 214
58 215
153 218
374 218
390 218
395 218
459 218
176 219
187 219
317 219
285 220
435 220
213 221
127 222
142 222
102 223
230 223
263 223
341 223
464 223
73 224
300 224
137 225
346 225
156 226
443 227
82 228
173 228
242 228
249 228
413 228
173 229
273 229
55 230
144 230
194 230
378 230
423 230
137 232
216 232
251 232
285 232
479 232
104 233
331 233
232 234
40 235
158 235
87 236
91 237
294 238
161 239
347 239
363 239
429 239
454 239
117 240
244 240
253 240
62 241
95 241
179 241
387 241
213 242
439 242
128 243
272 244
418 244
257 245
372 245
47 246
467 247
352 248
232 249
98 250
210 250
319 250
401 250
169 251
137 252
201 252
30 253
71 253
262 253
404 253
166 254
235 254
319 254
339 254
451 254
119 255
122 255
139 255
230 257
382 257
59 258
271 258
350 259
397 259
433 259
184 260
295 260
81 261
199 261
203 261
218 261
257 261
290 261
305 262
395 262
90 263
262 263
313 263
384 263
79 264
190 264
216 264
327 264
310 265
267 266
283 267
315 267
417 267
443 267
470 267
262 268
139 269
162 270
349 270
369 270
24 271
64 271
212 271
343 271
356 271
391 272
110 273
143 273
148 273
180 273
309 273
337 273
192 274
375 274
314 275
359 275
47 276
86 276
128 276
403 276
425 277
132 278
423 278
238 279
299 279
351 279
384 279
322 280
327 280
465 280
365 281
32 283
223 283
238 283
268 283
278 283
163 284
175 284
449 284
96 285
193 285
229 285
372 285
429 285
61 286
139 286
205 286
228 286
290 286
242 287
346 287
390 288
479 289
258 291
100 293
241 293
375 293
311 294
411 294
235 295
159 296
170 296
257 296
291 296
315 296
185 297
466 297
199 298
274 298
70 299
87 299
130 299
66 300
141 300
353 300
243 301
280 301
344 301
363 301
448 302
90 303
126 303
35 304
46 304
328 304
80 307
478 308
92 309
132 309
166 309
155 310
175 310
107 311
190 311
230 311
374 311
386 311
91 312
100 312
138 312
321 313
55 314
199 314
94 315
213 315
462 316
39 317
152 317
410 317
93 318
302 318
66 319
238 319
248 319
291 319
109 320
338 321
366 321
371 321
175 322
109 323
365 323
470 323
151 324
396 324
272 325
308 325
390 325
198 327
23 328
150 329
258 329
379 329
403 329
277 330
169 331
212 332
366 333
449 333
67 334
353 334
45 335
123 335
398 335
421 335
148 336
223 336
402 336
452 336
114 337
157 337
376 337
336 338
397 338
430 338
273 339
296 340
101 342
107 342
227 342
438 342
134 343
29 344
176 344
256 344
56 345
128 345
323 345
306 346
163 347
402 348
160 349
229 349
148 350
392 350
472 350
413 351
180 352
372 352
441 352
45 353
91 353
145 353
168 353
206 353
292 353
251 354
264 354
350 354
367 354
178 355
275 355
148 356
297 356
331 356
477 356
314 357
159 358
241 358
62 359
297 359
452 359
277 360
127 361
150 361
34 362
166 362
298 362
347 362
438 362
45 363
255 363
339 363
382 363
84 364
123 364
124 364
300 364
396 364
246 365
321 365
385 365
377 366
425 366
144 367
334 367
208 368
198 369
261 369
277 369
315 369
330 369
372 369
405 369
77 370
98 370
130 370
353 370
201 371
116 372
118 372
198 372
308 372
223 373
277 373
407 373
446 373
54 374
139 374
166 374
271 374
430 375
203 376
307 376
398 376
20 377
220 377
288 377
416 377
180 378
255 378
389 378
475 378
236 379
293 379
315 379
103 380
169 380
111 381
134 381
107 382
220 382
254 382
311 382
378 382
100 383
187 383
272 383
356 383
272 384
329 384
142 385
209 385
458 385
127 386
221 386
314 386
322 386
375 387
64 388
195 388
280 388
434 388
159 390
237 390
29 392
149 392
419 392
444 392
91 393
206 393
185 394
376 394
368 395
292 396
314 396
360 396
386 396
404 396
136 397
354 397
434 397
95 398
168 398
471 398
136 399
425 399
203 400
149 401
222 401
42 402
60 402
120 402
190 402
249 402
81 403
100 403
135 404
366 404
130 405
154 406
173 406
389 407
458 407
140 408
323 408
118 409
150 409
309 409
298 410
142 411
227 411
211 412
272 412
298 412
318 412
177 413
314 413
257 414
352 414
77 415
375 415
56 416
118 416
98 417
214 417
232 417
195 418
297 418
316 418
346 418
372 418
464 418
36 419
179 420
219 420
313 420
269 421
415 421
446 422
119 423
218 423
406 424
205 425
259 425
217 426
319 426
381 426
385 426
147 427
383 428
99 429
397 429
254 430
139 431
146 431
184 431
203 431
252 431
271 432
52 433
153 433
391 433
457 433
145 434
283 435
323 435
76 438
99 438
143 438
163 438
257 438
333 439
340 439
212 440
240 440
437 440
145 441
273 443
363 444
382 444
228 447
272 447
362 448
470 449
148 450
343 450
433 450
127 451
342 452
78 453
104 453
391 453
200 454
381 454
474 454
176 455
201 456
221 456
319 456
446 456
268 457
310 457
272 458
101 459
258 459
410 459
140 461
299 461
118 462
156 462
246 463
277 463
387 463
339 464
117 465
175 466
107 467
416 467
69 468
224 468
463 468
85 469
90 469
230 469
356 469
87 470
413 471
421 471
132 472
239 472
413 472
145 473
368 473
108 474
162 475
309 475
329 475
371 475
376 475
417 475
334 476
177 477
296 477
213 478
401 478
294 479
436 479
252 480
479 480
73 481
348 481
190 482
338 482
150 483
181 484
429 484
473 484
196 485
212 485
125 486
466 487
116 488
174 489
207 489
323 490
393 490
138 491
220 491
340 491
371 491
385 491
154 492
198 493
262 493
221 494
265 494
208 495
448 495
75 496
189 496
178 497
296 497
205 499
236 499
329 499
295 500
432 500
305 501
179 502
425 502
296 503
143 504
415 504
273 505
125 506
294 506
246 507
375 507
275 508
390 508
255 509
81 510
212 510
259 511
290 512
280 513
234 514
332 514
441 514
244 515
314 515
303 516
260 517
292 517
309 517
104 518
432 518
256 519
278 519
303 519
138 520
341 520
158 522
239 522
274 523
413 523
388 524
212 525
187 526
321 526
284 530
251 531
147 532
294 532
220 533
338 533
351 533
175 536
200 538
367 540
386 540
404 540
269 541
314 541
157 543
212 546
244 546
284 548
191 549
343 551
228 553
171 554
260 555
208 561
278 562
