141 1
312 2
401 2
204 4
233 4
347 4
456 4
271 5
159 7
175 8
361 8
407 8
325 9
248 10
425 10
294 11
84 12
476 12
101 13
186 13
66 14
116 14
228 14
437 15
441 15
134 16
310 16
146 17
264 18
201 19
391 19
323 20
158 21
214 21
455 22
249 23
277 23
286 23
405 25
176 27
234 28
63 29
110 29
300 29
376 29
84 30
96 30
188 30
471 30
56 31
261 31
345 31
477 31
49 32
158 32
129 33
425 33
435 33
140 34
203 34
323 35
250 36
358 36
216 37
394 37
178 38
407 40
294 42
86 44
460 44
85 46
163 46
315 46
342 46
354 46
369 46
207 47
211 47
427 47
310 48
318 48
63 49
139 49
37 50
53 50
193 50
226 50
349 50
389 50
469 50
272 51
206 52
392 52
281 53
314 53
330 53
394 53
419 53
476 53
130 54
108 55
132 55
284 55
443 55
188 56
118 57
366 57
421 58
117 59
292 59
414 59
151 60
276 60
370 60
216 61
174 62
208 62
372 62
379 62
419 63
50 64
128 64
192 64
422 64
460 64
76 65
221 65
370 65
413 65
173 66
228 66
39 67
184 67
318 67
378 67
346 68
182 69
287 69
470 69
99 70
120 70
131 70
221 70
109 72
218 72
178 73
112 74
174 74
107 75
241 75
281 75
445 75
159 76
220 76
361 77
418 78
361 79
426 79
54 80
69 80
113 80
289 80
339 80
181 81
226 81
253 81
277 81
135 82
293 82
240 83
420 83
466 83
149 85
251 85
283 85
349 85
172 86
275 86
419 86
139 87
260 88
386 88
150 89
259 89
153 90
162 90
285 90
439 90
38 91
225 91
121 92
169 92
201 92
437 92
128 94
213 94
331 95
255 96
439 96
268 97
282 97
456 97
71 98
252 98
303 98
84 99
132 99
188 99
42 100
177 100
360 100
235 101
238 101
91 102
185 102
233 102
286 102
320 103
228 105
233 105
320 105
379 105
170 106
207 106
267 106
119 107
134 107
141 108
254 108
287 108
337 108
339 108
443 108
187 109
408 109
419 111
106 112
137 112
188 112
39 113
58 113
77 113
222 113
317 113
288 114
96 115
206 115
416 115
235 116
390 116
432 116
85 117
327 117
465 117
350 118
404 119
132 120
162 121
196 121
165 122
285 122
54 123
248 123
293 123
399 123
450 123
56 124
478 124
117 125
317 125
431 125
37 126
192 126
219 126
227 126
262 126
348 126
409 126
74 127
85 127
427 127
131 128
229 128
317 128
370 128
401 128
353 129
333 130
167 131
89 133
146 133
306 133
74 134
241 134
300 134
50 135
95 135
279 135
353 135
166 136
334 136
376 136
83 137
164 137
201 137
65 138
97 138
174 138
339 138
394 138
40 139
412 139
433 139
451 139
18 140
51 140
211 140
260 140
48 142
66 142
125 142
372 142
397 142
413 142
115 143
164 143
182 144
301 144
349 144
333 146
310 147
274 148
200 149
332 149
176 150
477 150
72 151
114 151
384 151
250 152
23 153
40 153
163 153
229 154
427 155
451 155
73 156
211 156
219 156
330 156
189 157
384 157
434 157
266 158
302 158
180 159
304 159
431 159
116 160
315 160
321 160
436 160
297 161
341 161
431 161
106 162
360 162
403 162
53 163
350 163
406 164
124 165
145 165
204 165
244 165
323 165
447 165
342 166
301 167
19 168
43 168
64 169
86 169
386 169
414 169
159 170
177 171
314 171
342 173
100 174
265 174
351 174
46 175
66 175
195 175
217 176
115 177
296 177
421 177
189 178
49 179
203 179
232 179
351 180
373 180
26 181
72 181
204 181
471 181
129 182
282 182
331 182
409 182
148 183
438 183
180 184
187 185
329 185
332 185
443 186
64 187
257 187
338 187
55 188
162 188
93 190
162 190
195 190
364 190
45 191
229 191
25 192
61 192
109 192
210 192
271 192
126 193
164 194
288 194
367 194
330 195
423 195
456 195
198 196
149 197
196 197
217 198
342 198
429 199
168 200
206 200
209 200
213 200
406 200
426 200
463 200
133 201
251 201
87 202
239 202
57 203
431 203
474 203
80 204
333 204
380 204
389 204
62 205
188 205
330 205
371 205
21 207
60 207
65 207
124 207
313 207
357 207
421 207
287 208
393 210
442 210
240 211
161 212
231 212
250 212
326 212
434 212
204 213
228 213
241 214
265 215
63 216
98 216
178 216
258 216
454 216
43 217
261 217
31 218
216 218
135 219
214 220
263 221
195 222
229 222
429 222
438 222
47 223
162 223
260 224
58 225
298 225
476 225
115 226
181 227
277 227
337 227
249 228
34 229
90 229
105 229
111 229
242 229
70 230
126 230
128 231
263 231
293 231
368 231
332 233
345 233
85 234
288 234
313 234
14 235
74 235
159 235
164 235
262 235
449 235
201 236
224 236
324 236
94 237
148 237
226 237
311 237
354 237
421 237
191 238
131 240
313 240
407 240
49 241
33 242
232 242
304 242
401 242
426 242
99 243
155 244
329 244
181 245
259 245
284 245
364 245
15 246
81 246
213 246
461 246
178 247
119 248
56 249
335 249
383 249
401 250
66 251
177 251
272 251
138 253
193 253
316 253
330 253
371 253
32 254
270 254
370 255
399 255
117 256
231 256
384 256
443 256
478 256
46 259
87 259
211 259
300 260
373 260
456 260
12 261
80 261
403 261
65 262
77 262
259 262
128 263
368 263
408 263
196 264
386 264
463 264
69 265
150 266
197 266
201 266
413 267
289 268
313 269
409 269
28 270
253 270
263 271
256 272
114 273
360 273
15 274
25 274
56 274
165 275
223 275
260 275
269 276
369 276
399 276
404 276
431 276
89 277
197 277
395 277
140 278
299 278
478 278
48 279
80 279
258 279
370 279
383 279
153 280
180 280
114 282
153 282
445 282
99 283
294 283
30 284
277 284
325 284
370 284
87 285
111 285
141 285
163 285
320 285
416 285
286 286
64 287
76 287
259 288
110 289
351 290
456 290
151 291
401 291
174 292
51 293
165 293
428 293
40 295
146 295
83 296
133 296
195 296
468 296
184 297
318 297
78 298
121 298
279 298
384 298
477 298
216 300
23 301
337 301
442 301
58 302
190 302
271 302
320 302
360 302
89 303
413 303
166 304
153 305
177 305
15 306
196 306
219 306
240 306
146 307
191 307
322 307
288 308
190 309
43 310
141 310
424 310
92 311
308 311
302 312
398 312
30 313
74 313
346 313
178 314
185 314
62 315
260 315
239 316
191 317
189 318
297 318
437 318
466 318
376 319
407 319
45 321
281 321
327 321
190 322
78 323
15 324
165 324
231 324
246 324
96 325
478 325
86 326
129 326
431 328
435 328
447 328
68 329
136 329
215 329
251 329
381 330
92 331
109 332
237 333
339 333
105 334
199 334
329 335
24 336
108 336
157 336
274 336
289 336
117 337
130 337
462 337
298 338
308 338
300 340
431 340
40 341
310 341
312 341
322 341
342 341
69 342
338 342
137 343
152 343
182 343
261 343
82 344
123 344
226 344
380 344
403 344
476 344
35 345
245 345
356 345
409 346
430 346
13 347
209 347
173 348
288 348
351 348
423 348
29 351
341 351
416 351
457 351
144 352
146 352
231 352
53 353
147 353
188 354
271 354
397 354
415 354
216 355
430 355
46 356
91 356
336 356
188 357
113 358
292 358
20 359
71 359
178 359
306 359
169 360
364 361
429 361
65 363
298 363
300 363
436 364
88 365
136 365
310 365
75 366
168 366
308 366
35 367
312 367
344 367
356 367
66 368
132 368
242 368
449 368
13 369
88 369
181 369
386 369
272 370
222 371
247 371
370 371
141 372
182 372
254 373
258 374
330 374
415 374
63 375
222 376
247 377
318 377
27 378
109 378
181 378
189 378
443 378
468 378
103 379
231 379
311 379
433 379
49 380
94 380
93 381
398 381
417 381
264 382
424 382
93 383
197 383
215 383
338 383
122 384
129 384
316 384
420 384
68 385
456 385
138 387
214 387
59 388
200 388
240 388
361 388
387 388
115 389
24 390
61 390
64 390
159 390
237 390
243 390
248 391
333 391
57 393
218 393
62 394
64 394
164 394
325 394
430 394
269 395
367 395
393 395
268 396
321 396
166 397
299 397
306 397
287 398
444 398
98 399
144 400
61 401
96 401
114 401
479 401
21 402
40 402
209 402
252 402
332 402
78 403
243 403
248 403
171 404
225 404
334 404
337 404
377 404
215 405
301 405
347 405
117 406
130 407
139 407
258 407
370 407
60 408
459 408
79 411
279 411
319 411
434 411
318 412
18 413
121 413
168 413
221 413
59 414
180 414
408 414
100 415
239 415
246 415
40 416
167 416
397 416
191 417
206 417
476 418
81 419
219 419
165 420
369 420
390 420
270 421
18 422
62 422
283 422
154 423
258 423
455 423
366 424
374 424
189 425
84 426
104 426
233 426
292 426
343 426
371 426
380 426
397 426
43 427
134 427
186 427
402 427
424 428
150 430
65 431
126 431
229 431
345 431
140 432
219 432
361 434
383 434
270 435
356 435
109 436
216 436
44 437
140 437
261 437
357 437
470 437
67 438
209 438
366 438
91 439
240 439
314 439
445 440
205 441
251 441
208 442
235 442
132 443
418 443
402 445
291 446
95 447
115 447
150 447
207 447
199 448
263 448
399 448
73 449
127 449
366 449
141 450
440 450
52 451
191 451
214 451
312 452
335 452
240 453
320 453
324 453
383 453
438 453
461 453
275 455
121 456
146 456
227 456
353 456
139 457
144 457
247 458
332 458
386 458
413 458
64 459
88 459
105 459
135 459
161 460
252 460
288 460
338 460
225 461
335 461
357 461
370 461
203 462
127 463
169 464
174 464
363 464
122 465
130 465
183 465
191 465
224 465
260 465
304 465
177 466
181 466
207 467
346 468
383 468
83 469
125 469
153 469
156 469
268 469
320 469
363 469
446 469
471 469
95 471
145 471
59 472
111 472
183 472
245 473
370 473
432 473
222 476
285 476
381 476
401 476
289 477
406 477
51 478
141 479
352 479
103 480
119 480
218 480
336 480
387 480
418 480
439 480
167 481
361 482
300 483
202 484
451 484
235 485
265 485
282 485
323 485
199 486
341 486
183 488
401 488
70 489
92 489
334 489
443 489
149 490
180 490
247 490
162 491
213 491
222 491
333 491
385 492
131 494
378 494
160 495
117 496
186 496
371 496
173 497
309 497
334 497
425 498
266 499
100 500
228 500
172 501
192 501
342 501
415 501
309 502
83 503
191 503
200 503
204 504
407 504
311 505
186 507
244 507
396 507
148 508
335 508
91 509
389 510
130 511
282 511
313 511
334 511
187 513
259 513
305 513
170 514
430 514
370 515
196 516
320 516
118 517
187 517
239 517
343 517
97 518
220 519
213 520
234 520
279 520
170 521
412 521
147 522
243 523
210 525
309 526
296 527
180 528
391 529
314 530
137 531
263 532
324 532
361 532
344 533
160 534
273 534
230 535
278 535
204 540
174 541
245 542
303 544
153 545
190 547
334 547
221 548
364 548
264 549
352 549
198 554
240 555
171 556
317 559
182 560
210 561
269 564
278 564
