252 2
154 4
341 4
413 4
75 6
113 6
298 6
399 6
192 7
240 7
324 8
136 10
227 12
280 12
95 15
176 15
213 16
431 16
269 17
351 17
368 17
416 17
449 18
47 19
399 19
122 21
257 21
338 21
204 22
36 23
161 23
79 24
316 24
113 26
248 26
304 27
146 29
70 30
236 30
291 30
464 30
188 31
410 32
447 32
428 33
100 34
376 34
394 34
130 35
225 35
344 36
361 36
269 37
55 38
212 39
202 40
333 40
86 41
89 41
129 41
336 41
164 42
320 42
88 43
124 43
126 43
159 43
246 43
91 44
117 44
155 44
309 44
123 46
7 47
121 47
297 48
437 48
454 48
420 49
42 50
146 50
184 50
235 50
470 50
150 51
232 51
362 51
391 51
408 51
377 52
281 53
360 53
366 53
384 53
146 54
175 54
208 54
337 54
395 54
137 55
141 55
133 56
200 56
201 56
203 56
140 57
260 57
70 58
99 58
205 58
221 58
320 58
131 59
225 59
33 60
138 60
201 60
250 62
301 63
364 63
158 64
463 64
348 65
412 65
434 65
451 65
122 66
236 66
477 66
186 67
345 67
400 67
20 68
87 68
234 68
286 68
339 68
399 68
154 69
157 69
234 69
341 69
348 69
394 69
334 70
388 70
398 70
79 71
108 71
230 71
383 71
151 72
323 72
146 73
225 73
385 73
58 74
146 74
150 74
152 74
271 74
374 75
105 76
107 76
171 76
214 76
305 76
110 77
146 78
206 78
352 78
374 78
437 78
139 79
202 79
254 79
455 79
144 80
419 80
469 80
9 81
353 81
357 81
47 82
55 82
93 82
292 82
294 82
301 82
345 82
349 82
401 82
420 82
46 83
133 83
343 83
43 84
55 84
241 84
291 84
391 84
399 84
157 85
189 85
330 85
386 86
389 86
276 87
229 88
382 89
474 89
121 90
313 90
315 90
384 90
389 90
424 90
444 90
114 91
373 91
418 91
460 91
120 92
36 93
311 93
406 93
412 93
73 94
114 94
264 94
303 94
358 94
404 94
71 95
169 95
215 95
253 96
303 96
361 96
113 97
197 97
340 97
110 98
296 98
342 98
341 99
349 99
141 100
288 100
105 101
108 101
238 101
288 101
185 102
101 103
325 103
430 103
67 104
202 104
315 104
440 104
22 105
57 105
61 105
266 105
390 105
409 105
422 105
435 105
462 105
450 106
475 106
99 107
134 107
222 107
309 107
425 107
98 108
249 109
302 109
355 109
368 109
162 110
291 110
293 110
302 111
347 111
350 111
50 112
280 112
355 112
92 113
123 113
187 113
286 113
342 113
46 114
335 114
13 115
341 115
207 116
237 116
344 116
80 117
266 117
326 117
44 118
49 118
84 118
148 118
315 118
420 118
313 119
322 119
391 119
49 120
74 120
78 120
109 120
306 120
315 120
326 120
388 120
394 120
407 120
423 120
432 120
461 120
475 121
112 122
171 122
295 122
71 123
73 123
194 123
196 123
224 123
2 124
198 124
251 124
282 124
358 125
192 126
358 126
67 127
70 127
138 127
195 127
96 128
133 129
158 129
348 129
65 130
160 130
165 130
183 130
159 131
187 131
210 131
234 131
331 131
30 132
155 132
265 132
326 132
332 132
161 133
316 133
323 133
180 134
201 134
123 135
124 135
126 135
155 135
432 135
451 135
461 135
475 135
56 136
413 136
83 137
150 137
387 137
220 138
172 139
299 139
167 140
370 140
247 141
18 142
353 142
354 142
138 143
144 143
334 143
166 144
337 144
352 144
46 146
111 146
184 146
235 146
325 146
337 146
136 147
182 147
273 147
324 147
427 147
71 148
158 148
206 148
440 148
132 149
180 149
406 149
455 149
466 149
310 150
388 150
478 150
93 151
370 151
10 152
67 152
225 153
261 153
124 154
153 154
172 154
61 156
146 156
168 156
253 156
357 156
32 157
145 157
192 157
57 158
194 158
295 158
55 159
58 159
341 159
338 160
181 161
249 161
282 161
291 161
406 161
435 161
108 162
212 162
396 162
406 162
422 162
424 162
460 162
475 162
180 163
237 163
241 163
286 163
324 163
411 163
421 163
77 164
131 164
284 164
391 164
396 164
136 165
154 165
314 165
319 165
50 166
129 166
151 166
178 166
267 166
268 166
373 166
153 167
198 167
310 167
368 167
374 167
307 168
360 168
120 170
226 170
269 170
23 171
125 171
307 171
348 171
193 172
295 172
93 173
188 173
252 173
408 173
416 173
424 173
439 173
189 174
253 174
333 174
412 174
421 174
434 174
161 175
214 175
285 175
398 175
451 175
161 176
294 176
404 176
182 177
288 177
384 177
471 177
66 178
134 178
252 178
161 179
237 179
367 179
377 179
320 180
366 180
40 181
106 181
128 181
275 181
11 182
151 183
198 183
277 183
352 183
55 184
307 184
428 184
79 185
123 185
307 185
340 185
439 185
125 186
171 186
224 186
265 186
273 186
452 186
464 186
165 187
169 187
305 187
418 187
434 187
144 188
192 188
196 188
292 188
417 188
117 189
255 189
474 189
192 190
196 190
367 190
376 190
404 190
27 191
188 191
255 191
291 191
321 191
373 191
401 191
406 191
157 192
158 192
362 192
364 192
395 192
212 193
319 193
389 193
95 194
284 194
363 194
382 194
393 194
153 195
314 195
66 196
306 196
343 196
381 196
129 197
158 197
185 197
226 197
244 197
250 197
464 197
178 198
244 198
436 198
442 198
298 199
378 199
424 199
105 200
151 200
178 200
200 200
271 200
368 200
412 200
414 200
420 200
422 200
196 201
330 201
37 202
269 202
293 202
398 202
400 202
82 203
219 203
320 203
12 206
385 206
57 207
165 207
355 207
386 207
387 207
232 208
140 209
211 209
442 209
429 210
452 210
461 210
473 210
260 211
340 211
370 211
413 211
94 212
112 212
301 212
403 213
50 214
200 216
286 216
2 217
25 217
126 217
177 217
222 217
249 217
322 217
67 218
150 218
374 219
381 219
395 219
368 220
386 220
309 221
366 222
446 222
458 222
423 223
467 223
120 224
190 224
303 224
40 225
82 225
353 225
141 226
98 227
210 227
233 227
157 228
181 230
289 230
388 231
257 232
9 233
73 233
373 233
389 233
403 233
415 233
54 234
103 234
247 234
431 234
221 235
311 235
323 235
443 235
30 236
134 236
279 236
378 236
2 237
459 237
473 237
172 238
195 238
371 238
46 240
361 240
365 240
303 241
341 241
213 242
342 242
349 242
356 242
112 243
145 243
235 243
267 243
346 243
63 245
292 246
337 246
390 246
393 246
414 246
426 246
86 247
142 247
162 247
184 247
330 247
381 247
400 247
403 247
440 247
210 248
333 248
160 249
369 249
143 250
225 250
380 250
387 250
453 250
15 251
37 251
251 251
281 251
378 251
138 252
312 253
473 253
119 254
355 254
102 255
198 255
348 256
352 256
55 257
153 257
338 257
342 257
9 258
214 258
241 258
266 258
78 259
133 259
332 259
448 259
134 260
149 260
171 260
298 260
330 260
418 260
459 260
96 261
193 261
335 261
338 261
424 261
435 261
231 262
380 262
465 262
152 263
331 263
387 263
400 263
475 263
207 264
250 264
331 264
384 264
392 264
26 265
49 265
376 265
379 265
2 266
321 266
363 266
368 266
320 267
363 267
127 268
286 268
141 269
357 269
441 269
141 270
145 270
311 270
69 271
159 271
160 271
179 272
219 272
344 272
348 272
457 272
258 273
87 274
136 274
157 274
200 274
239 274
337 274
332 275
423 275
472 275
339 276
40 277
339 277
399 277
14 278
108 278
158 278
251 278
273 278
301 278
412 278
432 278
331 279
372 279
387 279
388 279
131 280
172 280
323 280
326 280
367 280
441 280
211 281
129 282
153 282
193 282
62 283
292 283
460 283
227 284
267 284
245 285
359 285
102 286
471 286
170 288
285 288
316 288
123 289
145 289
353 289
28 290
77 290
204 290
445 290
3 292
259 292
395 292
406 292
411 292
453 292
55 293
336 293
369 293
381 293
421 293
307 294
422 295
429 295
464 295
183 296
276 296
24 297
95 297
218 297
235 297
301 297
159 298
251 299
439 299
440 300
114 301
136 301
327 301
48 302
178 303
69 304
265 304
208 305
293 305
386 305
455 305
193 306
364 306
373 306
396 306
17 307
87 307
157 307
316 307
405 307
409 307
424 307
243 308
356 308
411 308
423 308
426 308
176 309
221 309
416 309
471 309
285 310
39 312
346 312
434 312
170 313
187 313
259 313
336 313
437 313
62 314
107 314
148 315
203 315
216 315
307 315
437 315
127 316
237 316
445 317
78 319
184 319
467 319
376 320
391 320
6 321
60 321
148 321
319 321
77 322
277 322
362 322
403 322
417 322
474 322
58 323
98 323
126 323
100 324
144 324
166 324
197 324
230 324
252 324
53 325
81 325
97 325
125 325
163 325
186 325
351 325
123 326
143 326
145 326
184 326
305 326
54 327
80 327
95 327
431 327
460 327
77 328
273 328
29 329
140 329
78 330
337 330
48 331
120 331
163 331
181 331
206 331
296 331
72 332
76 332
121 332
226 332
374 332
439 332
96 333
143 333
244 333
391 333
47 334
99 334
402 334
469 334
92 335
97 335
268 335
137 336
139 336
292 336
97 337
120 337
326 337
449 337
22 338
43 338
47 338
72 338
113 338
115 339
156 339
155 340
242 340
476 340
65 341
67 341
71 341
87 341
114 341
199 341
362 341
419 341
196 342
66 343
70 343
133 343
175 343
192 343
218 343
385 343
456 343
136 344
287 344
348 344
171 345
88 346
155 346
315 346
434 346
264 347
404 347
61 348
85 348
153 348
189 348
16 349
62 349
189 349
42 350
88 350
152 350
235 350
65 351
108 351
131 351
132 351
186 351
413 351
63 352
169 352
339 352
464 352
84 353
130 353
215 353
250 353
450 353
148 354
188 355
284 355
169 356
201 356
36 357
149 357
311 357
382 357
419 357
441 357
83 359
334 359
393 359
80 360
165 360
184 360
185 360
200 360
280 360
371 360
145 361
246 361
261 362
285 362
307 362
400 362
427 362
460 362
8 363
213 363
229 363
363 363
56 364
125 364
166 364
479 364
409 365
197 366
166 367
427 367
33 368
98 368
310 368
162 369
351 369
309 370
329 370
446 370
23 371
75 371
303 371
192 372
227 372
162 373
259 373
279 373
141 374
211 374
384 374
470 374
53 375
161 375
178 375
281 375
414 375
242 376
326 376
114 377
398 377
191 379
369 379
434 379
454 379
92 380
283 380
298 380
141 381
225 381
49 382
305 382
176 383
261 383
343 383
206 384
397 385
27 386
171 386
302 386
475 386
176 387
326 387
417 387
10 388
438 388
455 388
155 389
172 389
383 389
67 390
107 390
125 390
171 390
222 390
186 391
297 391
368 391
87 392
188 392
238 392
279 392
258 393
43 394
138 395
283 395
459 395
120 397
154 397
298 397
204 398
402 398
420 398
437 398
169 400
188 400
279 400
385 400
81 401
237 401
339 401
334 402
440 402
4 403
22 403
348 403
365 403
117 404
221 404
344 404
348 404
372 405
416 405
433 405
40 406
60 406
100 406
309 406
350 406
418 406
186 407
396 407
419 407
465 407
146 408
278 408
360 408
438 408
258 409
355 409
76 410
202 410
472 410
322 411
330 412
131 413
323 413
414 413
240 414
389 414
433 414
169 415
330 415
435 415
35 416
113 416
157 416
185 416
301 416
414 416
221 417
329 417
457 417
474 417
331 418
202 419
341 419
347 419
384 419
406 419
411 419
92 420
342 420
375 420
413 420
433 420
340 421
282 422
345 422
347 422
438 422
11 423
260 423
342 423
356 423
355 424
429 424
32 425
53 425
309 425
357 425
364 425
403 425
238 426
407 426
436 426
454 426
138 427
153 427
220 427
352 427
108 428
184 428
400 429
69 430
317 430
293 431
200 432
403 432
330 434
46 435
86 435
121 435
167 435
265 435
394 435
418 435
242 436
343 436
454 436
219 437
326 437
341 437
425 437
334 438
344 438
420 438
150 439
326 439
377 440
416 440
3 441
132 442
184 442
298 442
372 442
471 443
101 444
200 444
44 445
306 445
63 446
217 446
277 446
309 446
368 446
412 446
23 447
82 447
166 447
246 447
309 447
432 447
448 447
342 449
357 449
231 450
341 450
148 451
260 451
306 451
405 452
455 452
116 453
181 453
307 453
469 453
39 454
323 454
394 454
201 455
320 455
17 456
130 456
326 457
78 458
97 458
371 458
421 458
268 459
288 459
331 459
368 460
398 460
353 461
368 461
163 462
219 462
235 462
34 463
351 463
357 463
439 463
454 463
466 463
54 464
179 464
342 464
383 464
191 466
205 466
345 466
395 466
434 466
145 467
253 467
328 467
382 467
373 468
396 468
410 468
5 469
74 469
109 469
273 469
348 469
300 470
126 471
368 471
308 472
367 472
430 473
446 473
314 474
221 475
239 475
460 475
143 476
283 477
317 477
401 477
49 478
105 478
194 478
24 479
313 479
422 479
88 480
160 480
259 480
282 480
69 481
71 481
222 481
421 481
472 481
161 482
242 482
376 482
440 482
47 483
178 483
87 484
119 484
162 484
293 484
366 484
208 485
264 485
331 485
355 485
417 485
45 486
142 486
209 486
409 486
415 486
87 487
345 487
388 487
418 487
433 487
436 487
194 488
302 488
42 489
177 489
228 489
43 490
67 490
99 490
162 490
178 490
467 490
18 491
86 491
115 491
407 491
410 491
128 492
193 492
162 493
182 493
247 493
411 493
447 493
180 495
232 495
427 495
82 496
99 496
115 496
193 496
212 496
227 496
280 496
429 496
63 497
181 497
231 497
377 497
39 498
83 498
177 498
196 498
198 498
231 498
425 498
460 498
97 499
112 499
162 499
401 499
422 499
62 500
10 501
41 501
97 501
234 501
230 502
366 502
142 503
199 503
256 503
97 504
231 504
300 504
309 504
337 504
353 504
395 504
439 504
469 504
162 505
182 505
236 505
453 505
178 506
234 506
184 507
200 507
321 507
127 508
168 508
264 508
416 508
437 508
57 509
109 509
179 509
478 509
59 510
200 510
417 510
33 511
199 511
215 511
413 511
73 512
221 512
240 512
57 513
3 514
72 514
153 514
187 514
278 514
430 514
446 514
462 514
72 515
185 515
204 515
382 515
225 516
289 516
409 516
49 517
48 518
138 519
425 519
439 519
168 520
203 520
403 520
406 520
421 520
224 521
315 521
364 521
454 521
472 521
87 522
105 522
205 522
256 522
302 522
304 522
401 522
436 522
139 523
304 523
310 523
421 523
22 524
153 524
438 524
64 525
153 525
187 525
319 525
334 525
349 525
120 527
392 528
433 528
416 529
154 530
232 530
281 530
465 530
135 531
413 531
213 532
290 533
294 533
38 534
100 534
443 534
140 535
171 535
299 535
380 535
14 536
135 536
305 536
424 536
262 537
301 537
363 537
77 538
136 538
240 538
425 538
477 538
154 539
405 539
153 540
196 540
269 540
311 540
319 540
349 540
136 541
309 541
315 541
456 541
152 542
268 542
52 543
135 543
279 543
96 544
225 544
330 544
415 544
279 545
468 545
252 546
174 547
394 547
430 547
26 548
116 548
134 548
137 548
254 548
290 548
446 549
202 550
257 550
301 550
367 550
477 550
301 551
68 552
408 552
156 553
256 553
305 553
359 553
405 553
44 554
157 554
382 554
409 554
211 555
459 555
153 556
260 556
347 556
267 557
420 557
89 558
115 558
270 558
336 558
421 558
136 559
153 559
241 559
401 559
183 560
319 560
469 560
13 561
179 561
227 561
371 561
399 561
84 562
109 562
159 562
287 562
297 562
315 562
400 562
37 563
61 563
114 563
118 563
142 563
223 563
227 563
360 563
432 563
160 564
449 564
182 565
186 565
188 565
364 565
85 567
237 567
384 567
391 567
410 567
187 568
256 568
461 568
87 569
381 569
78 570
79 570
108 570
81 571
208 571
379 571
422 571
54 572
192 572
212 572
336 572
438 572
100 573
144 573
169 573
398 573
169 574
189 574
375 574
399 574
472 574
193 575
273 575
284 575
49 576
103 576
217 576
301 576
318 576
370 576
400 576
75 577
168 577
223 577
126 578
128 578
143 578
365 578
22 579
79 579
360 579
392 579
430 579
450 579
65 580
126 580
145 580
237 580
362 580
390 580
128 581
174 581
354 581
387 581
392 581
408 581
70 582
142 582
234 582
385 582
43 583
67 583
96 583
147 583
179 583
103 584
149 584
378 584
464 584
120 585
254 585
44 586
193 586
338 586
40 587
119 587
207 587
213 587
64 588
125 588
127 588
151 588
439 588
93 589
206 589
222 589
414 589
122 590
269 590
310 590
327 590
368 590
6 591
115 591
156 591
210 591
225 591
286 591
474 591
58 592
121 592
229 592
296 592
397 592
57 593
166 594
432 594
83 595
90 595
120 595
140 595
169 595
354 595
388 595
172 596
383 596
191 597
253 597
87 598
182 598
116 599
426 599
448 599
146 600
195 600
200 600
374 600
375 600
403 600
465 600
341 601
22 602
205 602
132 603
321 603
363 604
73 605
106 605
275 605
308 606
472 606
224 607
293 607
391 607
46 608
241 608
415 608
254 610
437 610
167 611
61 612
348 612
408 612
450 613
94 614
189 614
374 614
36 615
83 618
203 618
328 618
360 619
396 619
457 619
474 619
29 621
133 621
306 621
420 621
224 622
286 622
440 622
114 623
147 623
241 624
268 624
66 625
253 625
11 626
350 626
380 626
164 627
53 628
106 628
175 628
465 628
333 629
98 630
401 630
191 631
434 631
207 633
321 634
366 634
455 634
474 634
33 635
228 635
276 635
303 636
81 637
25 638
386 638
