321 99
334 103
234 104
254 104
399 104
274 107
359 108
412 108
286 110
300 113
319 114
372 115
435 117
235 119
262 119
338 120
219 121
380 121
202 122
391 122
344 123
190 124
352 124
390 125
447 125
290 126
399 126
315 127
400 128
410 129
455 130
328 131
218 134
426 134
229 135
259 135
346 135
368 135
245 136
249 136
376 137
470 137
182 139
200 139
258 139
271 139
274 139
284 140
301 141
378 141
384 141
438 142
317 143
157 144
336 146
396 146
141 147
352 148
394 148
246 149
227 150
248 150
263 150
335 150
348 150
355 150
209 151
250 151
360 151
406 151
457 151
198 152
279 152
252 153
268 153
416 153
263 154
353 154
368 154
186 155
279 155
277 156
285 156
303 157
364 157
170 158
474 158
372 159
384 159
385 159
431 160
161 161
325 161
396 161
150 162
434 162
323 163
327 163
237 164
242 164
393 164
211 165
254 165
337 165
135 166
198 166
202 166
244 166
271 166
347 166
399 166
434 166
179 167
231 167
272 167
412 167
175 168
182 168
228 168
270 168
362 168
403 168
443 168
167 169
187 169
195 169
197 169
203 169
274 169
180 170
184 170
167 171
377 172
413 172
419 172
302 173
371 174
372 174
381 174
425 174
321 177
322 177
326 178
385 178
156 179
190 179
198 179
217 179
219 179
342 179
383 179
461 179
169 180
225 180
239 180
250 180
124 181
166 181
200 181
224 181
238 181
259 181
402 181
140 182
177 182
221 182
259 182
271 182
399 182
178 183
280 183
285 184
361 184
356 185
411 185
108 186
298 186
420 186
313 188
419 188
376 189
378 189
429 189
425 191
177 192
194 192
204 192
214 192
238 192
243 192
331 192
435 192
436 192
177 193
206 193
218 193
235 193
183 194
220 194
264 194
269 194
273 194
334 194
428 194
435 194
106 195
159 195
177 195
346 195
395 195
438 195
248 196
283 197
142 198
358 198
394 198
397 198
443 198
362 199
96 200
357 200
361 200
132 201
304 201
407 201
320 202
458 203
338 206
377 206
114 207
177 207
200 207
230 207
421 207
212 208
254 208
470 208
175 209
200 209
352 209
102 210
276 210
157 211
167 211
172 211
392 212
293 213
138 214
309 214
477 214
323 215
369 215
438 216
118 221
171 221
187 221
199 221
202 221
215 221
230 221
249 221
345 221
379 221
408 221
261 222
276 223
169 224
190 224
356 224
156 225
293 225
452 225
318 228
91 229
142 229
379 229
332 230
427 230
470 232
122 233
344 233
391 233
74 234
246 235
273 235
230 236
407 236
434 236
172 237
189 237
195 237
212 237
288 238
440 238
102 239
307 239
368 239
158 241
318 241
479 241
88 243
326 244
420 244
243 245
249 245
254 245
388 245
456 245
279 246
133 247
263 247
274 247
278 247
296 248
280 249
292 249
190 251
201 251
213 252
312 252
357 252
400 252
464 252
104 253
224 253
438 254
325 255
174 256
240 256
247 256
327 256
371 256
90 257
130 258
338 258
260 259
265 259
337 259
413 259
257 260
276 260
299 261
300 261
76 262
118 262
347 262
352 262
355 262
357 262
448 262
389 263
147 264
424 264
361 265
209 266
315 266
106 267
197 267
237 267
397 267
221 268
262 268
328 268
429 268
59 269
244 269
258 269
327 269
177 270
273 270
374 270
259 271
283 271
343 271
405 271
132 272
162 272
463 272
300 273
344 273
81 274
286 274
300 275
314 275
123 276
303 276
386 277
231 278
360 278
418 278
445 278
473 278
216 279
244 279
260 279
71 280
112 280
117 281
147 281
327 281
115 282
188 283
200 283
201 283
56 284
95 284
343 284
375 284
97 285
186 285
188 285
194 285
404 285
96 287
100 287
137 287
151 287
166 287
173 287
298 287
428 287
308 288
148 289
390 289
92 290
461 291
84 292
363 292
127 293
226 293
248 293
261 293
326 293
436 293
203 294
234 294
126 295
188 295
214 295
117 296
280 296
55 297
113 297
164 297
181 297
403 297
118 298
198 298
345 298
300 299
160 300
381 300
447 301
148 302
314 302
359 302
478 302
146 303
68 304
99 304
104 304
135 304
424 304
133 305
241 306
368 307
396 307
129 308
178 308
214 308
228 308
259 308
281 308
330 308
90 309
180 309
55 310
291 310
123 311
124 311
167 311
201 311
341 311
88 312
302 312
434 312
165 313
168 313
170 313
377 313
404 313
459 313
116 315
155 315
196 316
316 316
41 317
385 317
75 318
148 318
192 318
410 318
104 319
246 319
360 319
464 319
185 320
233 320
258 320
441 320
138 321
276 321
329 321
179 322
215 322
235 322
278 322
290 322
367 322
131 323
202 324
395 324
60 325
342 326
368 326
421 326
127 327
307 327
448 327
403 328
121 329
424 329
469 329
250 330
352 330
375 330
240 331
245 331
253 331
320 331
424 331
86 332
254 332
400 332
154 333
226 333
252 333
271 333
328 333
144 334
456 334
77 335
220 335
224 335
236 335
285 335
382 335
406 335
408 335
219 336
228 336
434 336
141 337
146 337
184 337
340 337
361 337
407 337
302 338
412 338
108 339
148 339
418 339
41 340
144 340
212 340
137 341
208 341
262 341
367 341
392 341
418 341
134 342
177 342
394 342
442 343
135 344
245 344
95 345
131 345
202 345
238 345
249 345
257 345
314 345
467 345
231 346
353 346
60 347
127 347
161 348
333 348
378 349
218 350
285 350
426 350
216 351
220 351
270 351
403 351
85 352
121 352
186 352
298 352
383 352
406 352
150 353
275 353
453 353
53 354
208 354
341 354
365 354
366 354
367 354
384 355
109 356
206 356
247 356
252 356
259 356
432 356
477 356
138 357
239 357
143 358
250 358
316 359
411 359
414 359
354 360
390 360
391 360
394 360
70 361
106 361
169 361
196 362
225 363
361 363
439 363
462 363
377 364
37 365
97 365
126 365
266 365
269 365
281 365
329 365
334 365
365 365
253 366
327 366
329 366
92 367
100 367
297 367
425 368
123 369
157 369
182 369
238 369
120 370
210 370
308 370
378 370
401 370
426 370
448 370
61 371
157 371
245 371
342 371
122 372
153 372
86 374
121 374
145 374
342 374
386 374
430 374
469 374
116 375
125 375
199 375
322 375
380 375
407 375
225 376
365 377
391 377
453 377
87 378
143 378
388 378
118 379
168 379
254 379
258 379
264 379
276 379
288 379
348 379
113 380
266 380
299 380
144 381
251 381
254 381
368 381
412 381
48 382
105 382
189 382
248 382
257 382
102 383
107 383
134 383
247 383
310 383
395 383
434 383
142 384
163 384
372 384
238 385
437 385
74 386
100 386
181 386
417 386
128 387
335 387
354 387
126 388
460 388
205 389
229 389
333 389
379 389
381 389
323 390
377 390
97 391
176 391
323 391
336 391
375 391
155 392
41 393
138 393
266 393
403 393
404 393
440 393
275 394
279 394
331 394
344 394
359 394
360 394
134 395
155 395
255 395
261 395
295 395
363 395
423 395
98 396
199 396
255 396
266 396
269 396
341 396
406 396
466 396
93 397
135 397
268 397
306 397
427 397
67 398
115 398
117 398
341 398
387 398
87 400
243 400
366 400
188 401
339 401
343 401
366 401
448 401
148 402
167 402
191 402
232 402
132 403
171 403
209 403
210 403
312 403
405 403
352 404
87 405
212 405
230 405
410 405
475 405
205 406
226 406
394 406
163 407
354 407
430 407
184 408
204 408
285 408
323 408
372 408
392 408
435 408
27 409
106 409
126 409
184 409
220 409
324 409
454 409
146 410
204 410
270 410
352 410
163 411
183 411
81 412
329 412
350 412
413 412
160 413
179 413
418 413
478 413
238 414
329 414
377 414
416 414
58 415
139 415
140 415
216 415
218 415
298 415
436 415
160 417
254 417
285 417
335 417
338 417
380 417
120 418
137 418
360 418
397 418
39 419
178 419
233 419
181 420
198 420
216 420
310 420
377 420
416 420
437 420
364 421
386 421
460 421
73 422
96 422
174 422
378 422
382 422
402 422
340 423
361 423
367 423
156 424
175 424
228 424
54 425
135 425
137 425
159 425
116 426
132 427
175 427
193 427
195 427
319 427
136 428
250 428
362 428
289 429
422 429
211 430
223 430
237 430
368 430
406 430
347 431
370 431
387 431
464 431
267 432
346 432
425 432
149 433
404 433
445 433
147 434
149 434
346 434
326 435
48 436
372 436
167 437
233 437
302 437
344 437
426 437
432 437
130 438
132 438
150 438
188 438
325 438
411 438
429 438
26 439
106 439
128 439
204 439
367 439
63 440
205 440
371 440
407 440
146 441
368 441
390 441
394 441
473 441
61 442
85 442
216 442
282 442
311 442
288 443
352 443
394 443
277 444
370 444
396 444
411 444
454 445
43 446
216 446
58 447
258 447
309 447
373 447
203 448
230 448
371 448
432 448
45 449
163 449
296 449
298 449
101 450
334 450
396 450
83 451
119 451
382 451
394 451
186 452
318 452
355 452
399 453
203 454
318 454
385 454
36 455
173 455
244 455
467 455
132 456
144 456
217 456
232 456
259 456
318 456
413 456
56 457
229 457
300 457
202 458
337 458
76 459
97 459
158 459
270 459
285 459
303 459
372 460
440 460
214 461
370 461
71 462
115 462
258 462
286 462
231 463
327 463
202 464
30 465
230 465
386 465
400 465
458 465
185 466
272 466
129 467
171 467
387 467
419 467
476 467
72 468
215 468
245 468
313 468
338 468
389 468
387 469
430 469
74 470
201 470
361 470
295 471
296 471
142 472
90 473
111 473
232 473
25 474
318 474
262 475
389 475
126 476
186 476
232 476
278 476
299 476
433 476
462 476
43 477
157 478
217 478
305 478
404 478
105 479
249 479
284 479
325 479
450 479
67 480
302 480
337 480
351 480
374 480
306 481
45 482
202 482
421 482
169 483
65 484
122 485
140 485
316 485
201 486
269 486
313 486
466 486
82 487
235 487
288 487
308 488
434 488
437 488
188 489
253 489
389 489
406 489
105 491
222 491
293 491
409 491
420 491
169 492
204 492
220 492
423 492
205 493
218 493
289 493
345 493
419 493
59 495
137 495
155 495
239 495
274 495
295 495
453 496
258 498
295 498
373 498
442 498
471 498
358 499
204 500
205 500
300 500
406 500
280 501
403 501
390 502
405 502
120 503
154 503
189 503
300 503
302 503
306 503
171 504
206 505
224 505
74 506
92 506
211 507
227 507
442 507
475 507
54 508
137 508
206 508
243 508
266 508
287 509
405 509
208 510
211 510
228 510
286 510
310 510
351 510
316 511
103 512
153 512
288 512
458 512
26 513
211 513
404 513
172 514
191 514
292 514
273 515
293 515
444 515
390 516
417 516
119 517
136 517
231 517
327 517
87 518
431 518
211 519
300 519
403 520
466 521
104 522
365 522
430 522
153 523
193 523
231 523
355 523
360 523
172 525
213 525
70 526
281 526
404 526
418 526
432 526
458 526
45 527
258 527
359 527
420 527
431 527
433 527
103 528
119 529
137 529
346 529
447 529
325 530
332 530
292 531
386 531
343 532
389 532
419 532
235 533
333 533
421 533
323 534
379 534
65 535
156 535
215 535
314 535
86 536
261 536
307 536
376 536
37 537
101 537
338 537
344 537
176 538
371 538
387 538
401 538
459 538
136 539
197 539
320 539
335 539
374 540
420 540
434 540
87 542
448 542
82 543
85 543
117 543
324 543
474 543
117 544
327 544
376 544
415 544
368 545
375 545
100 546
364 546
417 546
365 547
433 547
221 548
276 548
367 548
375 548
82 549
180 549
115 550
137 550
202 551
348 551
47 552
65 552
84 552
101 552
155 552
479 553
252 554
353 554
415 554
418 554
433 554
328 555
342 555
348 555
433 555
448 556
463 556
119 557
318 557
331 557
375 558
182 559
302 559
414 559
229 560
258 560
79 561
119 561
139 562
231 562
365 562
61 563
160 563
201 563
279 563
286 563
315 563
207 564
302 564
387 564
287 565
449 565
230 566
233 566
320 566
99 567
207 567
235 567
270 567
433 567
121 568
258 568
285 568
208 569
330 569
342 570
121 571
79 572
407 572
468 572
207 573
239 573
121 574
190 574
380 574
140 575
279 575
295 575
304 575
368 576
212 577
445 577
145 578
146 578
303 578
308 578
215 579
303 579
365 579
59 580
126 580
164 580
219 580
426 580
77 582
107 582
123 582
271 583
342 583
349 583
391 583
402 583
469 583
150 584
196 584
315 584
334 584
127 585
455 585
147 587
222 588
254 588
173 589
285 590
388 590
93 591
204 591
231 591
288 591
389 591
201 592
294 593
382 593
149 594
440 594
471 594
296 595
418 595
458 595
371 596
268 597
305 597
371 597
112 598
236 598
72 599
157 599
315 599
320 599
331 600
374 600
353 601
362 601
404 601
180 602
204 602
134 603
153 604
224 604
260 604
280 604
455 604
473 604
246 607
392 607
210 610
292 610
96 611
337 611
432 611
302 612
310 613
325 613
119 614
141 614
274 614
164 615
190 615
234 615
257 615
419 616
364 618
217 620
351 621
451 621
288 622
473 622
443 623
147 624
246 624
399 624
268 625
341 625
304 626
200 627
319 627
99 628
382 630
437 630
127 632
178 632
235 633
212 635
276 635
366 635
460 635
400 636
426 637
355 639
