215 2
419 2
256 4
314 4
377 5
297 6
385 6
404 6
474 6
360 9
199 11
348 11
235 12
274 13
444 14
184 15
328 16
430 17
222 18
416 18
311 19
406 19
163 20
468 20
249 21
461 21
395 22
205 23
378 23
298 24
362 25
284 26
190 28
349 28
235 29
331 30
139 31
268 31
467 31
177 32
320 33
443 33
387 34
413 34
426 34
218 35
305 37
372 37
248 38
290 39
161 41
206 41
349 41
366 41
116 42
336 42
451 45
468 45
138 46
183 46
229 46
234 46
267 46
230 47
268 47
270 47
415 47
429 47
320 48
225 49
230 49
260 49
263 50
302 50
380 50
396 50
248 52
363 52
384 52
214 53
125 55
241 55
285 55
347 55
155 56
214 57
232 57
412 57
441 57
325 58
459 58
403 59
430 59
475 59
264 60
274 60
204 61
309 61
269 62
258 63
105 64
250 64
299 64
140 65
186 65
234 65
241 66
244 66
379 66
368 67
384 67
397 67
230 68
367 68
382 68
217 69
275 69
358 69
374 69
377 69
397 69
422 69
220 70
218 71
227 71
337 71
408 71
444 71
462 71
166 72
212 72
326 72
126 73
258 73
206 75
261 75
266 76
310 76
248 77
254 77
150 79
243 79
293 79
194 80
183 81
367 81
106 82
235 82
279 82
359 82
383 82
393 82
237 83
375 83
378 83
380 83
189 84
366 84
397 84
447 84
135 85
178 85
229 85
357 85
359 85
371 85
394 85
413 85
226 86
264 86
375 86
431 86
461 86
129 87
215 87
229 87
330 87
345 87
121 88
170 88
174 88
220 88
314 88
330 88
347 89
122 90
127 90
162 90
213 92
247 92
292 92
158 93
194 94
106 95
162 95
235 95
143 96
200 96
235 97
278 97
231 98
394 98
151 99
182 99
336 99
357 99
374 99
476 99
141 100
176 100
230 100
265 100
330 100
342 100
369 100
412 100
428 100
90 101
129 101
174 101
184 101
223 101
327 101
373 101
436 101
464 101
133 102
176 102
180 102
331 102
375 102
399 102
303 103
339 103
354 103
129 104
316 104
346 104
133 105
206 105
448 105
80 106
246 106
131 107
158 107
208 107
126 108
205 108
290 108
459 108
123 109
164 109
200 109
190 111
230 111
108 112
145 112
191 112
390 112
144 113
221 113
271 113
376 113
332 114
348 114
361 114
379 114
383 114
405 114
139 115
258 115
321 115
474 115
144 116
172 116
180 116
220 116
335 116
371 116
375 116
391 116
422 116
327 117
332 117
347 117
349 117
358 117
129 118
217 118
317 118
325 118
206 119
336 119
342 119
165 120
299 120
443 121
236 122
82 123
460 123
187 124
274 124
149 125
391 125
113 126
216 126
465 126
255 127
371 127
378 127
404 128
422 129
202 130
355 130
169 131
328 131
340 131
132 132
306 132
231 133
289 133
431 133
94 134
270 135
448 136
181 137
154 138
200 139
251 139
348 139
80 140
384 140
403 140
110 141
339 141
368 141
412 141
229 142
469 142
140 143
288 144
303 144
171 145
267 146
436 147
247 149
369 149
91 150
154 150
204 150
447 150
123 151
343 151
358 151
230 152
390 152
186 153
303 153
325 153
459 154
409 155
82 156
280 156
415 156
103 157
211 157
265 157
174 158
474 158
133 159
247 160
70 161
127 161
157 161
202 161
333 161
435 161
154 162
160 162
330 162
344 162
352 162
236 163
308 163
337 163
366 163
368 163
156 164
124 165
147 165
269 165
291 165
402 165
86 166
147 166
177 166
179 166
221 166
379 166
449 166
113 167
149 167
175 167
379 167
411 167
415 167
144 168
252 168
408 168
207 170
328 170
334 170
390 170
415 170
137 171
198 171
325 171
333 171
134 172
161 172
308 172
429 172
69 173
153 173
351 173
391 173
427 173
185 174
232 174
293 174
466 174
187 175
282 175
432 175
151 176
178 176
266 176
357 176
362 176
436 176
91 177
122 177
184 177
434 177
171 178
372 178
440 178
447 178
210 179
373 179
248 180
409 180
165 181
163 182
323 182
137 183
164 183
231 183
384 183
136 184
317 184
330 184
347 184
73 185
189 185
298 185
307 185
326 185
422 185
180 186
217 186
274 187
398 187
460 187
100 188
122 188
177 188
390 188
91 189
362 189
400 189
430 189
176 190
203 190
250 190
260 190
375 191
437 191
469 191
57 192
165 192
168 192
440 192
195 193
370 193
409 193
411 193
414 193
415 193
139 194
342 194
109 195
192 195
332 195
333 195
382 195
444 195
157 196
344 196
383 196
297 197
342 197
66 198
126 198
186 198
187 198
308 198
315 198
353 198
151 199
234 199
279 199
358 199
397 199
264 200
398 200
174 201
267 201
364 201
459 201
122 202
174 202
200 202
202 202
232 202
234 202
262 202
408 202
90 203
217 203
434 203
199 204
201 204
251 204
406 204
226 205
252 205
379 205
437 205
468 205
52 206
136 206
418 206
79 207
110 207
162 207
188 207
291 207
347 207
419 207
214 208
312 208
332 208
422 208
357 209
275 210
318 210
393 210
265 211
277 211
364 211
443 211
175 212
179 212
181 212
403 212
404 212
147 213
229 213
257 213
269 213
66 215
118 215
170 215
198 215
90 217
319 217
139 218
191 218
212 218
386 218
419 218
426 218
456 218
157 219
292 219
303 219
184 220
207 220
328 220
53 221
237 221
274 221
343 221
438 221
231 222
403 222
127 223
360 223
432 223
464 223
226 224
269 224
436 224
74 225
222 225
372 225
97 226
251 226
263 226
45 227
211 227
141 228
384 228
206 229
238 229
416 229
114 230
162 230
303 230
419 230
236 231
290 231
315 231
333 231
343 231
163 232
178 232
276 232
352 232
394 232
422 232
424 232
85 233
222 233
427 233
459 233
265 234
54 235
271 235
364 235
104 236
215 236
262 236
437 236
189 237
253 237
403 237
214 238
251 238
306 238
72 239
316 239
375 239
471 239
242 240
243 240
413 240
443 240
143 241
330 241
336 241
337 241
120 242
345 242
348 242
415 242
64 243
175 243
224 243
297 243
190 245
214 245
270 245
272 245
281 245
292 245
298 245
300 245
390 245
421 245
56 246
81 246
154 246
298 246
305 246
357 246
452 246
129 247
308 247
314 247
317 247
356 247
358 247
57 248
167 248
256 248
319 248
90 249
110 250
323 250
372 250
200 251
51 252
72 252
242 252
330 252
405 252
233 253
341 253
464 253
136 254
441 254
64 255
102 256
288 256
217 257
286 257
297 257
303 257
475 257
63 258
151 258
169 258
271 258
276 258
284 258
310 258
392 258
418 258
60 259
265 259
294 259
312 259
82 260
253 260
370 260
452 260
53 261
178 261
258 261
403 261
124 262
205 262
246 262
324 262
17 263
249 263
325 263
338 263
342 263
51 264
234 264
50 265
64 265
431 265
354 266
386 266
45 267
66 267
192 267
297 268
304 268
358 268
61 269
80 269
140 269
220 269
277 269
293 269
404 269
44 270
266 270
288 270
310 270
364 270
469 270
114 271
309 271
326 271
16 272
59 272
247 272
317 272
328 272
377 272
95 273
131 273
153 273
179 273
255 273
259 273
416 273
74 274
246 274
384 274
446 274
53 275
331 275
334 275
28 276
194 276
245 276
299 277
346 277
123 278
228 278
393 278
82 279
50 280
67 280
167 280
309 280
363 280
430 280
44 281
101 281
118 281
141 281
215 281
43 282
212 282
213 282
326 282
332 282
406 282
120 283
183 283
204 283
61 284
274 284
329 284
338 284
340 284
95 285
112 285
156 285
203 285
253 285
339 285
376 285
442 285
466 285
21 286
418 286
41 287
194 287
198 287
129 288
242 288
342 288
349 288
387 288
51 289
91 289
348 289
478 289
148 290
172 290
189 290
216 290
223 290
316 290
11 291
187 291
219 291
233 291
359 291
325 292
30 293
101 293
103 293
358 293
428 293
451 293
66 294
183 294
284 294
398 294
161 295
207 295
257 295
271 295
371 295
80 296
119 296
138 296
161 296
202 296
294 296
334 296
410 296
76 297
74 298
244 298
56 299
112 299
194 299
234 299
343 299
457 299
92 300
94 300
110 300
438 300
167 301
230 301
302 301
346 301
351 301
106 302
149 302
189 302
352 302
19 303
67 303
124 303
316 303
467 303
107 304
184 304
188 304
217 304
324 304
395 304
158 305
213 305
356 305
360 305
384 305
424 305
33 306
47 306
50 306
204 306
256 306
62 307
63 307
86 307
201 307
272 307
283 307
326 307
328 307
402 307
175 308
178 308
239 308
336 308
409 308
197 309
232 309
296 309
370 309
114 310
172 310
230 310
240 310
337 310
452 310
135 311
191 311
196 311
59 312
98 312
342 312
438 312
478 312
7 313
53 313
95 313
115 313
223 313
258 313
25 314
54 314
308 314
51 315
56 315
73 315
162 315
206 315
109 316
319 316
381 316
403 316
110 317
184 317
354 317
50 318
71 318
106 318
322 318
428 318
465 318
108 319
156 319
178 319
251 319
290 319
326 319
329 319
64 320
102 320
201 320
241 320
272 320
284 320
364 320
174 321
235 321
263 321
370 321
284 322
300 322
337 322
395 322
302 323
369 323
413 323
477 323
219 324
376 324
378 324
396 324
454 324
11 325
80 325
120 325
59 326
310 326
347 326
400 326
31 327
167 327
438 327
143 328
205 328
316 328
424 328
278 329
406 329
461 329
160 330
185 330
241 330
329 330
359 330
204 331
240 331
288 331
383 331
390 331
107 332
226 332
231 332
296 332
368 332
389 332
91 333
301 333
219 334
261 334
297 334
336 334
372 334
21 335
369 335
114 336
132 336
171 336
271 336
416 336
471 336
153 337
209 337
311 337
313 337
146 338
205 338
451 338
98 339
199 339
13 340
49 340
70 340
287 340
380 340
403 341
162 342
359 342
433 342
478 342
31 343
189 343
236 343
292 343
299 343
326 343
386 343
240 344
254 344
65 345
220 345
262 345
306 345
368 345
440 346
463 346
5 347
107 347
181 347
124 348
139 348
156 348
271 348
417 348
42 349
310 349
315 349
340 349
358 349
370 349
78 350
91 350
283 350
21 351
210 351
318 351
197 353
294 353
397 353
446 353
172 354
237 354
291 354
328 354
367 354
380 354
402 354
116 355
353 355
474 355
54 356
148 356
236 356
98 357
130 357
247 357
301 357
428 357
229 358
255 358
69 359
33 360
216 360
343 360
453 360
186 361
265 361
279 361
321 361
163 362
364 362
411 362
326 363
295 364
311 364
124 365
274 365
438 365
460 365
106 366
158 366
272 366
392 366
91 367
203 367
350 367
372 367
3 368
138 368
227 368
240 368
278 368
45 369
250 369
251 369
276 369
420 369
75 370
176 370
193 370
305 370
333 370
284 371
59 372
322 372
468 372
403 373
427 373
147 374
263 374
343 374
383 374
295 375
362 375
99 376
189 376
218 376
451 376
242 377
66 378
15 379
34 379
232 379
267 379
389 379
82 380
126 380
211 380
244 380
249 380
270 380
332 380
412 380
432 380
353 381
373 382
109 383
182 383
393 383
205 384
310 384
8 385
137 385
474 385
286 386
358 386
457 386
250 387
440 387
26 388
258 389
380 389
402 389
174 390
196 390
232 390
254 390
323 390
366 390
423 390
45 391
104 391
226 391
256 391
265 391
60 392
152 392
219 392
259 392
349 392
391 392
267 393
71 394
297 394
463 394
191 395
274 395
412 396
241 397
447 397
211 398
248 398
320 398
378 398
18 399
164 400
287 400
342 400
102 401
234 401
402 401
433 401
36 402
84 402
97 402
100 402
128 402
182 402
229 402
257 402
289 402
381 402
401 402
256 403
362 403
403 403
419 403
436 403
475 403
262 404
383 404
64 405
79 405
81 405
95 405
142 405
221 405
294 405
330 405
441 405
48 406
109 406
126 406
253 406
258 406
14 407
48 407
79 407
123 407
219 407
292 407
370 407
159 408
198 408
203 408
223 408
269 408
460 408
124 409
157 409
300 409
427 409
120 410
231 410
277 410
370 410
407 410
30 411
132 411
392 411
412 411
62 412
78 412
91 412
172 412
319 412
446 412
74 413
77 413
335 413
353 413
428 413
60 414
317 414
318 414
394 414
464 414
215 415
299 415
302 415
56 416
105 416
242 416
256 416
375 416
396 416
76 417
259 417
282 417
54 418
92 418
103 418
129 418
130 418
289 418
413 418
77 419
154 419
234 419
236 419
238 419
255 419
257 419
260 419
398 419
416 419
40 420
89 420
91 420
117 420
211 420
252 420
303 420
450 420
55 421
57 421
104 421
243 421
308 421
342 421
156 422
235 422
245 422
308 422
5 423
104 423
128 423
209 423
263 423
284 423
325 423
361 423
365 423
438 423
473 423
53 424
115 424
167 424
235 424
383 424
90 425
101 425
211 425
423 425
292 426
308 426
33 427
86 427
271 427
274 427
423 427
69 428
150 428
214 428
235 428
293 428
364 428
366 428
406 428
67 429
226 429
232 429
332 429
388 429
407 429
99 430
111 430
125 430
232 430
236 430
270 430
295 430
314 430
368 430
115 431
210 431
227 431
292 431
464 431
16 432
68 432
148 432
191 432
411 432
123 433
135 433
154 433
179 433
224 433
229 433
350 433
413 433
449 433
277 434
279 434
430 434
432 434
50 435
82 435
206 435
233 435
247 435
252 435
297 435
316 435
392 435
412 435
430 435
47 436
95 436
165 436
277 436
278 436
96 437
133 437
147 437
230 437
245 437
251 437
276 437
417 437
111 438
312 438
336 438
396 438
430 438
432 438
434 438
10 439
60 439
109 439
189 439
208 439
221 439
227 439
261 439
278 439
414 439
478 439
94 440
276 440
296 440
151 441
243 441
260 441
355 441
110 442
148 442
282 442
436 442
456 442
92 443
107 443
131 443
163 443
177 443
179 443
415 443
342 444
146 445
265 445
302 445
316 445
401 445
418 445
90 446
104 446
403 446
21 447
76 447
147 447
176 447
330 447
358 447
89 448
122 448
163 448
391 448
442 448
57 449
208 449
359 449
120 450
160 450
191 450
226 450
284 450
318 450
357 450
382 450
423 450
4 451
245 451
344 451
149 452
358 452
371 452
102 453
334 453
360 453
105 454
131 454
161 454
302 454
334 454
424 454
177 455
345 455
448 455
102 456
117 456
230 456
359 456
430 456
34 457
321 457
398 457
413 457
106 458
147 458
175 458
213 458
320 458
411 458
85 459
177 459
271 459
374 459
83 460
99 460
101 460
192 460
194 460
348 460
84 461
105 461
118 461
177 461
244 461
419 461
160 462
349 462
360 462
389 462
115 463
143 463
193 463
321 463
42 464
99 464
133 464
160 464
195 464
267 464
360 464
458 464
100 465
117 465
181 465
439 465
82 466
145 466
198 466
438 466
23 467
133 467
198 467
338 467
417 467
58 468
264 468
339 468
405 468
98 469
129 469
132 469
177 469
217 469
365 469
423 469
327 470
409 470
426 470
82 471
83 471
181 471
312 471
326 471
352 471
397 471
81 472
132 472
182 472
257 472
425 472
229 473
240 473
38 474
100 474
249 474
476 474
428 475
127 476
340 476
463 476
114 477
146 477
149 477
161 477
206 477
279 477
291 477
328 477
342 477
428 477
447 477
112 478
164 478
343 478
99 479
127 479
184 479
327 479
341 479
357 479
386 479
401 479
415 479
21 480
54 480
160 480
180 480
147 481
163 481
190 481
305 481
372 481
82 482
99 482
292 482
329 482
466 482
289 483
161 484
316 484
129 485
262 485
263 485
278 485
358 485
434 485
114 486
165 486
187 486
220 486
35 487
262 487
233 488
404 488
194 489
457 489
16 490
199 490
243 490
252 490
317 490
404 490
440 490
473 490
196 491
250 491
254 491
258 491
332 491
390 491
67 492
81 492
183 492
246 492
347 492
150 493
198 493
303 493
425 493
51 494
98 494
169 494
290 494
428 495
186 496
272 496
411 496
13 497
35 497
209 497
272 497
425 497
152 498
175 498
466 498
118 499
264 499
222 500
334 500
432 500
173 501
267 501
269 501
351 501
413 501
33 502
97 502
170 502
451 502
247 503
260 503
319 503
432 503
434 503
83 504
170 504
177 504
236 504
244 504
249 504
284 504
299 504
67 505
135 505
261 505
398 505
287 506
300 506
369 506
386 506
107 507
155 507
199 507
242 507
258 507
195 508
284 508
355 508
457 508
474 509
178 510
297 510
419 510
275 511
283 511
68 512
280 512
280 513
309 514
317 514
405 514
407 514
332 515
377 515
444 515
180 516
207 516
271 516
280 516
297 516
343 516
407 516
83 517
185 517
218 517
247 517
249 517
255 517
466 517
14 518
33 518
53 518
98 518
187 518
319 518
406 518
426 518
240 519
295 519
68 521
126 521
144 521
228 521
261 521
293 521
374 521
169 522
191 522
194 522
196 522
334 522
394 522
396 522
50 523
55 523
305 523
359 523
362 523
432 523
112 524
332 524
398 524
413 524
173 525
192 525
251 525
362 525
381 525
396 525
450 525
34 526
54 526
344 526
348 527
474 527
319 528
362 528
377 528
381 528
53 529
208 529
304 529
57 530
151 530
232 530
291 530
17 531
220 531
334 531
383 531
434 531
88 532
178 532
319 532
399 532
32 533
74 533
135 533
187 533
275 533
459 533
56 534
73 534
352 534
365 534
367 534
183 535
188 535
335 535
266 536
317 537
351 537
418 537
163 538
255 538
301 538
464 538
62 539
166 539
443 539
94 540
316 540
352 540
353 540
469 540
174 541
196 541
220 541
314 541
121 542
246 542
328 542
338 542
355 542
372 542
403 542
199 543
237 543
281 543
386 543
79 544
170 544
175 544
282 545
309 545
354 545
40 546
61 546
174 546
325 546
371 546
64 547
79 547
23 548
172 548
177 548
339 548
428 548
477 548
125 549
148 549
181 549
340 549
359 549
45 550
305 550
374 550
47 551
111 551
181 551
305 551
329 551
394 551
70 552
266 552
297 552
6 553
210 553
327 553
358 553
412 553
192 554
224 554
257 554
52 555
134 555
192 555
396 555
162 556
167 556
188 556
243 556
344 556
361 556
459 556
50 557
291 557
90 558
321 558
329 558
347 558
49 559
194 559
281 559
316 559
169 560
281 560
362 560
419 560
439 560
119 561
204 561
378 561
149 562
313 562
346 562
22 563
77 563
82 563
236 563
310 563
213 564
231 564
265 564
100 565
103 565
179 565
216 565
258 565
307 565
314 565
264 566
311 566
425 566
298 567
306 567
405 567
58 568
110 568
159 568
298 568
301 568
369 568
128 569
287 569
450 569
299 570
242 571
110 572
116 572
138 572
247 572
286 572
41 573
88 573
192 573
243 573
278 573
341 573
476 573
69 574
90 574
201 574
208 574
218 574
222 574
354 574
204 575
213 575
432 575
114 576
218 576
273 576
276 576
329 576
413 576
45 577
221 577
95 578
180 578
267 578
394 578
93 579
122 579
260 580
303 580
311 580
314 580
421 580
463 580
153 582
258 582
291 582
297 582
362 582
100 583
103 583
128 583
190 583
294 583
223 584
250 584
336 584
380 584
105 585
238 585
406 585
445 585
83 586
288 586
109 587
212 587
288 587
428 587
110 588
137 588
168 588
202 588
219 588
282 588
111 589
229 589
320 589
354 589
13 590
88 590
108 590
318 590
373 590
311 591
457 591
118 592
276 592
48 593
94 593
113 593
150 593
176 593
273 593
115 594
120 594
259 594
263 594
297 594
312 594
313 594
75 595
270 595
306 595
418 595
367 596
289 597
304 597
355 597
96 598
188 598
214 598
60 599
98 599
199 599
224 599
298 599
34 600
161 600
300 600
345 600
398 600
238 601
291 601
329 602
472 602
132 603
432 603
10 604
108 604
249 604
274 605
16 607
318 607
213 608
385 608
438 608
267 609
78 610
120 610
147 610
206 610
157 611
414 611
221 612
302 612
56 613
126 614
187 614
233 614
94 615
359 615
425 615
295 616
401 616
31 617
337 617
104 618
134 618
281 619
323 620
380 620
463 620
251 621
312 621
233 622
389 622
412 623
47 624
209 624
75 625
197 625
225 625
448 627
286 628
124 630
61 631
353 631
374 632
333 633
272 635
321 635
402 635
306 636
