413 2
184 3
377 5
256 9
217 10
275 10
238 11
245 11
285 11
295 11
321 11
391 11
202 12
435 12
335 13
347 14
177 17
403 17
359 18
445 18
161 19
153 21
260 22
234 23
243 23
251 23
416 23
141 24
217 24
281 24
377 24
292 25
306 25
458 25
201 26
322 27
191 28
177 31
338 31
392 31
166 32
436 32
351 33
156 35
260 35
272 36
402 36
293 37
358 37
141 38
212 38
227 38
245 38
206 40
308 40
372 40
131 41
368 41
195 42
379 43
455 43
121 44
185 44
332 45
386 45
418 45
170 46
261 46
389 46
250 47
158 48
283 48
391 48
151 49
471 49
273 50
287 50
295 50
396 51
107 52
142 52
220 52
224 52
230 52
349 52
397 52
435 52
224 53
365 53
216 54
237 54
300 54
363 54
211 55
309 55
364 55
366 55
131 56
206 56
216 56
222 56
303 56
363 56
412 56
199 57
232 57
246 57
256 57
257 57
313 57
184 58
252 58
313 58
382 58
259 59
376 59
175 60
271 60
282 60
371 60
264 61
279 61
286 61
319 61
167 62
288 62
326 62
280 63
283 63
153 64
293 64
337 64
435 64
109 65
298 65
390 65
394 65
302 66
449 66
299 67
399 67
475 67
220 68
226 68
228 68
233 68
142 69
214 69
234 69
400 69
353 70
130 71
259 71
187 72
199 72
230 72
233 72
242 72
249 72
273 72
94 73
265 73
314 73
362 73
370 73
261 74
316 74
174 75
311 75
275 76
368 76
276 77
365 77
371 77
419 77
116 78
280 78
319 78
326 78
378 78
160 79
296 79
293 80
319 80
338 83
436 83
103 84
146 84
468 84
243 85
348 85
392 85
135 86
221 86
239 86
196 87
198 87
230 87
204 88
445 88
88 89
180 89
182 89
242 89
256 89
261 89
280 89
403 89
130 90
279 90
409 90
414 90
479 90
268 91
162 92
190 92
365 92
416 92
115 93
291 93
309 93
419 93
422 93
161 94
453 94
167 95
178 95
419 95
421 95
321 96
424 98
148 99
332 99
382 99
250 100
437 100
99 101
224 101
233 101
202 102
212 102
435 102
467 102
282 103
343 103
435 103
136 104
193 104
239 104
256 104
267 104
178 105
267 105
399 105
182 106
192 106
299 106
125 107
170 107
179 107
171 108
257 108
359 108
85 109
314 110
409 110
117 111
159 111
371 112
326 113
376 113
419 113
273 114
420 114
453 114
147 115
268 115
273 115
332 115
208 116
220 116
231 116
256 116
383 116
201 117
284 117
70 118
102 118
138 118
182 118
190 118
238 118
250 118
256 118
419 118
179 119
251 119
295 119
349 120
429 120
130 121
350 121
356 121
169 122
259 122
304 122
348 122
394 122
400 122
390 123
361 124
468 124
357 125
368 125
403 125
441 125
87 126
157 126
269 126
317 126
364 126
410 127
120 128
216 128
367 129
440 129
144 130
207 130
279 130
323 130
378 130
191 131
198 131
327 131
323 132
229 133
339 133
381 133
420 133
74 134
176 134
337 134
378 134
381 134
414 134
418 134
452 134
102 135
242 135
294 135
334 135
253 136
128 137
162 137
347 137
391 137
305 139
353 139
221 140
361 140
394 140
428 140
467 140
61 141
267 141
316 141
358 141
90 142
118 142
431 142
151 143
209 143
365 144
183 145
326 145
405 145
365 146
371 146
400 146
108 147
287 147
325 147
402 147
444 147
133 148
226 149
237 149
337 149
79 150
168 150
211 151
245 151
384 151
253 152
303 152
343 152
424 152
156 153
387 153
391 153
348 154
94 155
264 155
316 155
421 155
187 156
350 156
422 156
465 156
65 157
116 157
174 158
181 158
275 158
432 158
142 159
395 159
436 159
363 160
402 160
431 160
471 160
329 161
86 162
160 162
222 162
291 162
107 163
231 163
295 163
436 163
131 164
192 164
199 164
214 164
223 164
227 164
235 164
241 164
299 164
445 164
153 165
234 165
247 165
76 166
253 166
302 166
340 166
374 166
407 166
99 167
95 168
97 168
181 169
182 169
183 169
304 169
92 170
144 170
175 170
317 170
119 171
177 171
267 171
268 171
313 171
314 171
119 172
381 172
414 172
459 172
112 173
216 173
319 173
354 173
205 174
285 174
109 175
165 175
235 175
279 175
287 175
114 176
133 176
228 176
469 176
167 177
185 177
241 177
330 177
155 178
228 178
230 178
232 178
242 178
244 178
247 178
391 178
424 178
288 179
447 179
249 180
255 180
302 180
103 181
300 181
365 181
77 182
252 182
261 182
306 182
338 182
147 183
264 183
119 184
122 184
266 184
402 184
51 185
187 185
311 185
347 185
434 185
97 186
182 186
201 186
218 186
302 186
115 187
170 187
179 187
188 187
196 187
217 187
223 187
373 187
164 188
180 188
221 188
231 188
314 188
277 189
278 189
280 189
412 189
66 190
89 190
465 190
131 191
282 191
113 192
144 192
245 192
109 193
253 193
285 193
290 193
106 194
160 194
288 194
322 194
386 194
255 195
286 195
59 196
105 196
360 196
446 196
123 197
261 197
296 197
470 197
98 198
185 198
191 198
209 198
210 198
302 198
306 198
422 198
178 199
198 199
337 199
118 200
215 200
265 200
266 200
167 201
208 201
92 202
116 202
130 202
217 202
302 202
397 202
426 202
454 202
369 203
238 204
313 204
345 204
281 205
285 206
160 207
246 207
402 207
433 207
138 208
375 208
132 209
154 209
252 209
133 210
192 210
207 210
82 211
127 211
185 211
202 211
318 211
324 211
41 212
289 212
94 213
106 213
126 213
148 213
200 213
220 213
355 213
381 213
59 214
175 214
209 214
219 214
409 214
468 214
264 215
287 215
297 215
329 215
441 215
123 216
148 216
164 216
230 216
121 217
143 217
227 217
235 217
416 217
235 218
72 219
140 219
302 219
32 220
273 220
290 220
392 220
303 222
368 222
423 222
113 223
184 223
309 223
452 223
160 224
193 224
202 224
210 224
305 224
344 224
161 225
170 225
178 225
252 225
94 226
131 226
211 226
319 226
45 227
64 227
153 227
218 227
258 227
286 227
225 228
285 228
316 228
377 228
231 229
349 229
402 229
460 229
315 230
76 231
142 231
317 231
435 232
138 233
206 233
268 233
296 233
324 233
295 234
301 234
319 234
355 234
104 235
118 235
383 235
176 236
205 236
214 236
243 236
468 237
162 238
169 238
195 238
413 238
188 239
216 239
302 239
132 240
159 240
221 240
278 240
281 240
389 240
98 241
102 241
115 241
342 241
149 242
154 242
201 242
416 242
474 242
129 243
203 243
252 243
368 243
449 244
46 245
77 245
234 245
329 245
65 246
125 246
208 246
209 246
232 246
286 246
418 246
94 247
110 247
395 247
45 248
145 248
236 248
310 248
350 248
240 249
420 249
94 250
96 250
110 250
140 250
375 250
416 250
43 251
107 251
140 251
161 251
174 251
184 251
212 251
237 251
219 252
240 252
257 252
356 252
81 253
220 253
260 253
276 254
89 255
197 255
338 255
461 255
116 256
320 256
39 257
54 257
67 257
89 257
91 257
227 257
279 257
300 257
42 258
133 258
207 258
249 258
382 258
402 258
438 258
132 259
439 259
21 260
67 260
131 260
207 261
248 261
268 261
422 261
99 262
164 262
249 262
426 262
156 263
188 263
236 263
446 263
74 264
112 264
231 264
251 264
351 264
428 264
33 265
146 265
236 265
326 265
404 265
410 265
16 266
87 266
109 266
110 266
194 266
214 266
236 266
255 266
373 266
407 266
60 267
124 267
274 267
127 268
151 268
257 268
287 268
406 268
473 268
47 269
148 269
220 269
258 269
358 269
428 269
83 270
311 270
57 271
139 271
200 271
224 271
335 271
80 272
169 272
390 272
94 273
121 273
143 273
176 273
57 274
254 274
412 274
104 275
204 276
207 276
242 276
117 277
183 277
260 277
316 277
367 277
56 278
136 278
455 278
31 279
42 279
152 279
158 279
224 279
245 279
300 279
105 280
154 280
158 280
437 280
66 281
128 281
158 281
210 282
337 282
343 282
373 282
441 282
77 283
112 284
148 284
190 284
192 284
299 284
322 284
416 284
165 285
285 285
340 285
400 285
15 286
125 286
168 286
304 286
63 287
98 287
194 287
249 287
349 287
48 288
166 288
177 288
215 288
232 288
325 288
87 289
175 289
349 289
469 289
37 290
268 290
345 290
288 291
290 292
135 293
220 293
312 293
405 293
134 294
177 294
293 294
310 294
368 294
424 294
255 295
309 295
451 295
9 296
22 296
185 296
289 296
292 296
72 297
201 297
237 297
287 297
388 297
475 297
106 298
121 298
332 298
31 299
44 299
131 299
156 299
329 299
336 299
337 299
357 299
135 300
184 300
314 300
332 300
357 300
186 301
433 301
119 302
149 302
163 302
277 302
340 302
205 303
260 303
57 304
83 304
124 304
190 304
225 304
319 304
337 304
69 305
295 305
359 305
292 306
359 306
92 307
141 307
358 307
180 308
322 308
193 309
242 309
282 309
415 309
461 309
178 310
281 310
394 310
16 311
118 311
139 311
141 311
339 311
344 311
26 312
40 312
78 312
125 312
168 312
182 312
348 312
379 312
104 313
345 313
123 314
267 314
64 315
141 315
151 315
284 315
219 316
256 316
283 316
299 316
350 316
469 316
196 317
209 317
312 317
324 317
181 318
184 318
402 318
119 319
135 320
149 320
448 320
101 321
184 321
231 321
247 321
385 321
423 321
473 321
24 322
312 322
332 322
10 323
50 323
75 323
199 323
260 323
369 323
370 323
88 324
90 324
351 324
387 324
388 324
38 325
118 325
61 327
76 327
118 327
160 327
162 327
188 327
62 328
90 328
146 328
200 328
212 328
175 329
317 329
392 329
51 330
173 330
233 330
432 330
113 331
201 331
264 331
370 331
455 331
47 332
74 332
128 332
290 332
339 332
390 332
412 332
223 333
116 334
174 334
86 335
156 335
73 336
377 336
36 337
48 337
169 337
186 337
190 337
237 337
102 338
138 338
249 338
46 339
60 339
189 339
307 339
362 339
439 339
103 340
216 340
22 341
60 341
72 341
113 341
154 342
203 342
280 342
325 342
343 342
60 343
73 343
90 343
186 343
12 344
101 344
171 344
88 345
200 345
363 345
381 345
186 347
239 347
267 347
386 347
133 348
403 348
72 349
295 349
34 350
59 350
76 350
118 350
170 350
183 350
256 351
311 351
388 351
169 352
284 352
71 353
87 353
183 353
349 353
365 353
148 354
163 354
370 354
104 355
166 355
204 355
332 355
455 355
19 356
217 356
89 357
163 357
169 357
91 358
241 358
372 358
10 359
187 359
45 360
73 360
105 360
181 360
230 360
143 361
182 361
262 361
435 361
276 363
277 363
302 363
321 363
355 363
379 363
399 363
32 364
132 364
464 364
331 365
418 365
106 366
395 366
59 367
73 367
107 367
125 367
159 367
188 367
276 367
398 367
96 368
19 369
203 369
398 370
107 371
109 371
280 371
95 372
359 372
177 373
231 373
426 373
257 374
243 376
23 377
153 377
295 377
387 377
408 377
452 377
61 378
218 378
311 378
324 378
86 379
123 379
186 379
113 380
129 380
256 380
284 380
391 380
144 381
89 382
368 382
366 383
368 383
340 384
33 385
462 385
77 386
103 386
103 387
202 387
269 387
439 387
168 388
300 388
256 389
357 389
376 389
397 389
48 390
182 390
232 390
268 391
361 391
62 392
395 392
124 393
258 393
290 393
328 393
395 393
84 394
217 394
95 395
113 395
279 395
422 395
454 395
476 395
38 396
160 396
268 396
317 396
271 397
345 397
362 397
245 398
377 398
381 398
49 399
198 399
244 399
268 399
362 399
63 400
257 400
149 402
177 402
76 403
94 403
405 403
214 404
407 404
431 404
150 405
307 405
146 406
134 407
150 407
229 407
353 408
212 409
231 409
284 409
388 409
410 409
38 410
136 410
297 410
323 410
470 410
128 411
139 411
194 411
452 411
113 412
374 412
231 413
339 413
257 414
69 415
165 415
212 415
413 415
425 415
210 417
226 417
243 417
408 417
58 419
92 419
271 419
284 419
412 419
432 419
30 421
150 421
314 421
434 421
148 422
185 422
298 422
207 423
437 423
46 424
227 424
75 425
140 425
130 426
346 426
176 427
209 427
228 427
133 428
255 428
399 428
111 429
121 429
131 429
440 429
444 429
203 430
372 430
422 430
423 430
420 431
84 433
170 433
202 433
223 433
334 433
164 434
302 434
66 435
200 436
239 436
432 436
477 436
52 437
319 437
427 437
145 438
269 438
435 438
156 440
356 440
404 440
94 441
174 441
239 441
456 441
72 442
133 442
194 442
197 442
250 442
36 443
141 443
150 443
222 443
237 443
140 444
431 444
439 444
132 445
235 445
237 445
389 445
415 445
109 446
285 446
210 447
441 447
463 447
185 448
232 448
234 448
266 448
340 448
183 450
221 450
297 450
377 450
353 451
419 451
62 452
120 452
163 452
186 452
233 452
235 452
421 452
325 453
46 454
204 454
205 454
424 454
90 455
132 455
367 455
142 456
149 456
181 456
183 458
218 459
242 459
402 459
175 460
349 460
327 461
103 462
175 462
403 462
433 462
80 463
169 463
240 463
308 463
165 464
254 464
274 464
436 464
439 464
462 464
110 465
163 465
193 465
378 465
408 465
194 466
228 466
215 467
414 467
434 467
437 467
133 468
136 468
142 468
290 468
152 469
214 469
153 470
190 470
133 471
181 471
227 471
421 471
90 472
183 473
188 473
225 473
420 473
182 474
203 474
207 474
266 474
344 474
363 474
427 474
449 474
225 475
326 475
100 476
107 477
169 477
172 477
221 477
226 477
81 478
397 478
168 479
286 479
404 479
428 479
432 479
171 481
302 481
161 482
219 482
243 482
121 483
196 483
321 483
261 484
413 484
441 484
89 485
151 485
235 485
408 485
465 485
297 486
382 486
387 486
281 487
357 487
67 488
188 488
297 488
103 489
209 489
335 489
421 489
214 490
300 490
357 490
235 491
254 491
315 491
365 491
391 491
420 491
430 491
301 492
366 492
276 493
392 493
425 493
477 493
119 494
298 494
79 495
436 495
205 496
172 497
310 497
135 498
149 498
208 498
224 498
323 498
374 498
407 498
89 499
416 499
347 501
386 501
419 501
225 502
310 502
422 502
290 503
359 503
383 503
422 503
218 504
220 504
246 504
219 505
339 505
341 506
396 506
264 507
109 508
131 508
399 508
472 508
178 509
203 509
236 509
373 509
439 509
171 510
280 510
147 511
237 511
159 512
408 512
410 512
300 514
330 514
455 514
92 515
230 515
253 515
417 515
188 517
227 517
303 517
319 517
426 517
295 518
319 518
386 519
436 519
113 520
292 520
362 521
393 521
435 521
126 522
210 522
140 523
179 523
344 523
204 524
243 524
264 524
410 524
165 525
203 525
444 525
153 526
240 526
234 527
330 528
194 529
257 529
323 530
432 532
307 533
454 534
119 535
360 535
383 535
370 536
218 537
194 538
237 538
394 538
222 539
295 539
140 540
155 540
206 540
209 540
185 541
410 542
170 543
338 545
348 546
436 546
321 547
363 547
250 548
280 549
298 550
307 550
203 551
224 551
201 552
204 552
221 552
240 553
290 553
136 554
220 554
150 555
394 556
410 556
178 558
165 559
187 559
266 559
362 561
219 562
334 563
229 564
316 564
283 565
301 566
291 568
252 569
153 570
178 571
358 576
240 582
