283 26
232 28
236 30
298 32
251 35
258 38
268 39
324 40
280 41
340 43
199 44
386 45
293 46
227 47
239 47
213 48
351 48
306 49
245 52
257 53
365 53
402 53
145 55
264 56
275 56
408 56
327 58
412 58
426 58
231 59
171 60
282 60
288 61
378 61
190 62
434 62
295 63
342 63
242 65
205 66
249 66
309 67
356 67
256 68
392 68
450 68
118 70
363 70
227 71
135 72
156 72
266 72
426 72
146 73
400 73
328 75
179 76
464 76
375 77
193 78
187 79
198 79
283 80
382 80
437 80
206 81
343 81
282 82
294 82
384 82
222 83
223 83
308 83
245 84
252 84
293 84
303 84
310 84
314 84
418 84
261 85
258 86
250 87
399 87
118 88
136 88
141 88
253 88
321 88
358 88
175 89
154 90
263 90
265 90
268 90
190 91
213 91
318 91
326 91
369 91
460 91
225 92
431 92
228 93
234 93
282 93
336 93
374 93
213 94
230 94
276 94
277 94
279 94
282 95
479 95
230 96
235 96
409 96
227 97
236 97
300 97
377 97
382 97
250 98
290 98
238 99
298 99
300 99
107 100
308 100
118 101
247 101
254 101
265 101
315 101
384 101
133 102
149 102
356 102
364 102
386 102
388 102
270 103
308 103
448 103
180 104
317 104
364 104
428 104
211 105
361 105
363 105
197 106
277 106
207 107
220 107
223 107
280 107
284 107
401 107
206 109
238 109
241 109
290 109
376 109
461 109
244 110
336 110
69 111
79 111
264 111
282 111
381 111
386 112
60 113
86 113
106 113
275 114
301 114
306 114
309 114
415 114
121 115
145 115
272 115
311 115
392 115
153 116
282 116
295 116
352 116
387 116
388 116
170 117
297 117
300 117
442 117
203 119
311 119
370 119
396 119
423 119
478 119
197 120
216 120
308 120
324 120
361 120
201 121
211 121
233 121
326 121
425 121
216 122
217 122
223 122
237 122
401 122
228 123
330 123
368 123
430 123
218 124
407 124
451 124
84 125
233 125
244 125
334 125
341 125
231 126
378 126
457 126
74 127
98 127
340 127
405 127
51 128
170 128
283 128
408 128
114 129
133 129
338 129
416 129
462 129
273 130
306 130
184 131
289 131
295 131
413 131
297 132
420 132
303 133
317 133
356 133
393 133
429 134
475 134
303 135
308 135
310 135
314 135
316 135
322 135
425 135
212 136
357 136
212 137
309 137
430 137
215 138
225 138
330 138
369 139
404 139
51 140
86 140
105 140
228 140
440 140
165 141
221 141
241 141
130 142
151 142
326 142
380 142
445 142
178 143
194 143
252 143
343 143
460 143
226 144
228 144
290 144
342 144
262 145
274 145
286 145
417 146
283 147
296 147
285 148
310 148
312 148
351 148
282 149
300 149
358 149
421 149
304 150
399 150
428 150
302 151
310 151
311 151
432 151
313 152
425 152
219 153
305 153
327 153
332 153
406 153
431 153
209 154
426 154
429 154
433 154
37 155
73 155
207 155
375 155
122 156
165 156
214 156
232 156
234 156
337 156
408 156
466 156
44 157
51 157
88 157
109 157
133 157
200 157
224 157
412 157
233 158
416 158
242 159
258 160
278 160
353 160
438 160
441 160
385 161
395 161
304 165
451 165
309 166
364 166
140 167
405 167
79 168
77 169
144 169
147 169
156 169
180 169
320 169
71 170
85 170
88 170
90 170
91 170
98 170
106 170
124 170
170 170
194 170
327 170
71 171
81 171
100 171
117 171
152 171
174 171
176 171
207 171
44 172
376 172
411 172
417 172
61 173
68 173
162 173
339 173
15 174
43 174
220 174
385 174
24 175
65 175
240 175
278 175
351 175
49 176
467 176
259 177
436 177
294 178
396 179
76 180
95 180
445 180
108 181
111 181
81 182
82 182
93 182
100 182
120 182
122 182
129 182
144 182
309 182
367 182
129 183
169 183
120 184
159 184
167 184
185 184
190 184
317 184
142 185
163 185
173 185
179 185
408 185
120 186
156 186
196 186
333 187
60 188
171 188
213 188
245 189
63 190
72 190
79 190
236 190
384 190
31 191
38 191
58 191
76 191
93 191
422 191
464 191
56 192
81 192
264 192
350 192
10 193
47 193
51 193
88 193
93 193
275 193
288 195
434 195
135 196
140 196
162 196
303 196
121 197
144 197
167 197
366 197
401 197
105 198
154 198
157 198
177 198
479 198
137 199
194 199
126 200
144 200
156 200
185 200
195 200
314 200
127 201
170 201
195 201
206 201
445 201
110 202
323 202
331 202
209 203
375 203
410 203
450 203
232 204
237 204
327 204
346 204
385 204
414 204
250 205
338 205
342 205
78 206
328 206
415 206
52 207
64 207
263 207
352 207
457 207
41 208
277 209
353 209
16 210
26 210
362 210
417 210
421 210
434 211
164 212
286 212
299 212
166 213
180 213
210 213
308 213
435 213
468 213
157 214
183 214
188 214
145 215
166 215
204 215
215 215
129 216
172 216
176 216
226 216
234 216
384 216
428 216
437 216
112 217
328 217
349 217
344 218
479 218
100 219
120 219
254 219
329 219
351 219
395 220
453 221
84 222
401 223
37 224
407 224
418 224
365 225
51 226
70 226
343 226
18 227
45 227
165 227
176 227
184 227
190 227
192 227
199 227
211 227
229 227
301 227
414 227
245 228
277 228
347 228
6 229
208 229
237 229
257 229
267 229
288 229
308 229
316 229
421 229
165 230
213 230
218 230
226 230
472 230
144 231
151 231
169 231
228 231
325 231
437 231
134 232
327 232
426 232
389 233
120 235
439 235
400 236
436 236
439 236
99 237
339 237
343 237
348 237
43 238
440 238
449 238
88 239
349 239
457 239
224 240
229 240
293 240
355 240
360 240
407 240
74 241
196 241
204 241
368 241
170 242
185 242
221 242
258 242
420 242
238 243
242 243
309 243
160 244
248 244
250 244
265 244
6 245
381 245
382 245
466 245
143 246
261 246
271 246
329 246
397 247
55 248
60 248
339 248
52 249
63 249
67 249
433 249
128 250
284 250
398 250
476 251
62 252
43 253
52 253
118 253
305 253
352 253
445 254
219 255
243 255
249 255
363 255
374 255
410 255
190 256
198 256
230 256
255 256
258 256
370 256
46 257
78 257
237 257
241 257
324 257
375 257
28 258
160 258
174 258
263 258
268 258
276 258
328 258
83 259
242 259
270 259
283 259
332 259
461 259
263 260
274 260
16 261
76 261
293 261
343 261
378 261
387 261
428 261
74 262
306 262
382 262
68 263
394 263
55 265
59 265
139 265
395 265
60 266
357 266
361 267
439 267
53 268
130 268
322 268
479 268
189 269
206 269
218 269
247 269
262 269
447 269
121 270
162 270
229 270
412 270
40 271
177 271
238 271
263 271
279 271
375 271
381 271
49 272
455 272
111 273
279 273
294 273
350 273
89 274
97 274
31 275
460 275
22 276
76 276
311 276
393 276
426 276
76 277
357 277
365 277
62 278
70 278
364 278
366 278
327 279
370 279
468 279
333 280
404 280
167 281
194 282
376 282
438 282
152 283
233 283
250 283
479 283
56 284
140 284
201 284
209 284
219 284
269 284
282 284
345 284
414 284
89 286
358 286
295 287
392 287
35 289
451 289
311 290
26 291
116 291
19 292
325 292
403 292
428 292
198 293
332 293
462 293
72 294
106 294
232 294
245 294
9 295
181 295
260 295
275 295
290 295
379 295
166 296
216 296
343 296
415 297
306 298
446 298
86 300
146 300
358 301
392 301
22 302
135 302
321 302
455 302
55 303
75 304
253 305
368 305
403 305
126 306
201 306
207 306
217 306
332 306
46 307
189 307
232 307
275 307
288 307
295 307
437 307
9 308
182 308
303 308
378 308
471 308
168 310
315 310
414 310
325 311
446 312
350 313
153 314
259 315
394 315
29 316
88 316
143 316
284 316
299 316
364 316
425 316
24 317
231 317
243 317
458 317
76 319
311 319
468 319
14 320
126 320
191 320
54 321
215 321
326 321
407 321
180 322
63 323
213 323
334 323
382 323
386 323
117 324
170 324
211 324
381 324
417 324
206 325
284 326
352 326
458 326
102 327
396 327
42 328
160 328
265 328
298 328
155 329
227 329
230 329
235 329
244 329
253 329
188 330
363 330
366 330
150 331
317 331
405 331
85 332
222 332
372 332
445 332
329 333
434 333
30 334
133 334
383 335
384 335
386 335
73 336
413 337
475 337
66 338
115 338
349 338
452 338
189 339
271 339
281 339
293 339
388 339
57 340
179 340
201 340
363 340
393 340
422 340
173 341
203 341
207 341
216 341
307 341
397 341
99 342
241 342
253 342
372 342
375 343
154 344
463 344
44 345
91 345
124 346
382 346
410 346
342 347
379 347
34 349
79 349
141 349
225 349
215 350
299 350
271 351
286 351
419 351
72 352
201 352
203 352
260 352
357 352
395 352
447 352
24 353
162 353
183 353
214 353
395 353
110 354
311 354
366 354
424 354
479 354
322 355
17 356
62 357
94 357
130 357
333 357
233 359
248 359
343 359
51 360
161 360
233 360
413 360
41 361
224 361
383 361
52 362
438 362
458 362
292 363
359 363
113 364
143 364
296 364
305 364
309 364
41 365
45 365
112 365
104 366
145 366
176 366
181 366
207 366
273 366
283 366
365 366
397 366
403 366
108 367
172 367
175 367
258 367
262 367
271 367
316 367
102 368
170 368
254 368
261 368
426 368
445 368
29 369
95 369
99 369
102 369
135 369
247 369
271 369
327 369
63 370
90 370
195 370
292 370
373 370
64 371
93 371
96 371
124 371
194 371
186 372
234 372
125 373
163 373
223 373
380 373
383 373
388 373
347 374
58 375
113 375
125 375
306 375
436 375
149 376
173 376
179 376
310 376
313 376
420 376
79 377
358 377
362 377
47 378
83 378
144 378
275 378
287 378
314 378
396 378
253 379
293 379
315 379
367 379
463 379
70 380
104 380
110 380
195 380
264 380
269 380
366 380
197 381
256 381
257 381
280 381
400 381
36 382
66 382
69 382
70 382
103 382
187 382
246 382
330 382
405 382
136 383
245 383
135 384
158 384
185 384
187 384
377 384
96 385
182 385
381 385
58 386
128 386
151 386
220 386
344 386
58 387
60 387
120 387
174 387
293 387
298 387
453 387
84 388
88 388
308 388
383 388
123 389
146 389
167 389
300 389
312 389
392 389
205 390
359 390
309 391
390 391
48 392
86 392
147 392
192 392
262 392
269 392
324 392
415 392
432 392
52 393
114 393
142 393
188 393
241 393
262 393
284 393
286 393
318 393
367 393
461 393
44 394
47 394
78 394
106 394
143 394
188 394
241 394
251 394
276 394
370 394
43 395
45 395
109 395
155 395
254 395
284 395
329 395
369 395
69 396
107 396
184 396
231 396
297 396
318 396
341 396
379 396
441 396
74 397
135 397
422 397
467 397
41 398
69 398
105 398
107 398
136 398
217 398
66 399
176 399
410 399
126 400
381 400
384 400
387 400
352 401
63 402
127 402
206 403
452 403
478 403
155 404
182 404
207 404
248 404
268 404
274 404
289 404
356 404
362 404
94 405
120 405
179 406
249 406
256 406
304 406
458 406
175 407
236 407
250 407
315 407
436 407
116 408
197 408
237 408
232 409
335 409
422 409
194 410
235 410
336 410
375 410
400 410
190 411
224 411
229 411
138 412
168 412
345 412
468 412
163 413
334 413
218 414
355 414
407 414
450 414
183 415
346 415
201 416
253 416
475 416
68 417
99 417
210 417
248 417
259 417
275 417
277 417
278 417
323 417
351 417
359 417
123 418
296 418
415 418
150 419
396 419
94 420
233 420
459 420
114 421
371 421
168 422
228 422
318 422
196 423
228 423
442 423
216 424
331 425
157 426
338 426
384 426
407 426
134 427
324 427
326 427
331 427
333 427
430 427
472 427
208 428
272 428
282 428
333 428
335 428
342 428
248 429
252 429
257 429
267 429
345 429
347 429
349 429
352 429
74 430
102 430
204 430
234 430
298 430
454 430
41 431
175 431
238 431
197 432
228 432
232 432
238 432
395 432
241 433
355 434
141 435
189 435
423 435
89 437
203 437
446 437
159 438
164 438
134 439
184 439
369 439
111 440
182 440
250 440
268 440
293 440
306 440
323 440
349 440
411 440
471 440
196 441
250 441
261 441
280 441
322 441
79 442
239 442
335 443
379 443
395 443
435 443
178 444
230 444
458 444
105 445
174 445
42 448
98 448
355 448
161 449
199 449
216 449
192 451
200 451
207 451
62 452
154 452
188 452
265 452
285 452
390 452
409 453
245 454
300 454
371 454
430 454
471 454
114 455
458 455
147 456
326 456
235 457
139 458
173 458
335 458
222 459
172 460
401 460
166 461
348 461
422 461
23 462
130 462
212 462
74 463
109 463
163 464
200 464
263 464
278 464
360 464
449 464
469 464
101 465
253 465
284 465
302 465
293 466
68 467
453 467
367 468
151 469
184 469
247 469
179 470
333 470
438 470
229 471
82 472
114 472
145 472
181 472
176 473
346 473
59 474
174 474
378 474
402 474
421 474
165 475
198 475
277 475
170 476
211 476
355 476
132 477
258 477
160 479
189 479
450 479
293 480
302 480
362 480
159 481
248 481
283 481
294 481
314 481
406 481
189 482
229 482
231 482
233 482
278 482
287 482
308 482
431 482
435 482
45 483
328 483
391 483
409 483
433 483
71 484
117 484
182 484
410 484
93 485
114 485
135 485
415 486
438 486
460 486
114 487
151 487
261 487
341 487
419 487
143 488
212 488
170 489
212 489
248 490
375 490
397 490
421 490
143 491
287 491
351 491
422 491
425 491
445 491
467 491
141 492
204 492
231 492
297 492
100 493
163 493
285 493
305 493
401 493
228 494
382 494
157 495
197 495
312 495
319 495
98 496
133 496
226 496
406 496
94 497
97 497
263 497
365 497
453 497
213 498
215 498
70 499
93 499
128 499
152 499
246 499
333 499
430 499
46 500
127 500
152 500
185 501
19 502
341 502
236 503
415 503
459 503
107 504
150 504
201 504
228 504
349 504
375 504
392 504
409 504
83 505
145 505
204 505
418 505
440 505
114 506
224 506
283 506
291 506
413 506
420 506
82 507
106 507
137 507
167 507
196 507
226 507
273 507
84 508
214 508
289 508
317 508
415 508
467 508
133 509
136 509
215 509
294 509
296 509
99 510
307 510
316 510
361 510
418 510
129 511
135 511
245 511
258 511
327 511
213 512
239 512
424 512
427 512
74 513
155 513
158 513
209 513
402 513
404 513
448 513
124 514
384 514
90 515
94 515
181 515
233 515
376 515
237 516
402 516
118 517
409 517
428 517
432 517
91 518
144 518
223 518
117 519
342 519
410 519
65 520
88 520
141 520
170 520
258 520
477 520
113 521
137 521
215 521
385 521
459 521
353 522
247 523
107 524
185 524
209 524
286 524
298 524
347 524
364 524
415 524
205 525
351 525
357 525
359 525
156 526
274 526
311 526
318 526
395 526
231 527
327 527
370 527
127 528
366 528
468 528
53 529
198 529
330 529
362 529
424 529
447 529
223 530
263 530
338 530
370 531
397 531
96 532
222 532
257 532
331 532
375 532
402 532
186 533
219 533
334 533
341 533
367 533
215 534
246 534
89 536
381 536
455 536
347 537
376 537
434 537
239 538
344 538
373 538
133 539
157 539
203 539
299 539
179 540
209 540
285 540
308 540
354 540
358 540
407 540
105 541
233 541
275 541
377 541
81 542
202 542
228 542
316 542
328 542
385 542
389 543
444 543
262 544
325 544
384 544
367 545
464 545
123 546
194 546
219 546
329 546
249 547
332 547
96 548
116 548
166 548
221 548
366 548
369 548
427 548
240 549
331 549
341 549
45 550
345 550
370 550
372 550
238 551
240 551
342 551
364 551
294 552
315 552
396 553
110 554
135 554
178 554
201 554
210 554
237 554
287 554
342 554
372 554
395 554
398 554
400 554
89 555
156 555
233 556
263 556
375 556
397 556
437 556
475 556
349 557
196 558
395 558
81 559
256 559
353 559
376 560
421 560
103 561
217 561
380 561
402 561
423 561
425 561
57 562
324 562
404 562
421 562
146 563
245 563
307 563
353 563
381 563
461 563
124 564
361 564
385 564
404 564
327 565
161 566
183 566
290 566
407 566
446 566
334 567
363 567
386 567
427 567
232 568
274 568
361 568
118 569
344 569
369 569
409 569
413 569
93 570
194 570
336 570
68 571
263 571
174 572
226 572
345 572
392 572
412 572
133 573
249 573
109 574
153 574
204 574
370 574
393 574
434 574
453 574
473 574
84 576
396 576
63 577
167 577
218 577
375 577
392 577
437 577
242 578
355 578
413 579
424 579
436 579
148 580
318 580
360 580
376 580
397 580
399 580
236 581
325 581
374 581
380 581
440 581
412 582
415 582
427 582
479 582
299 583
362 583
336 584
341 584
402 584
462 584
175 585
362 585
193 586
361 586
431 586
251 587
383 587
74 588
117 588
288 588
343 588
382 588
417 588
449 589
93 590
134 590
364 590
403 590
202 591
349 591
430 591
70 592
262 592
432 592
227 593
434 593
436 593
109 594
354 594
387 594
184 595
277 595
308 595
315 595
391 595
149 596
243 596
335 596
368 596
407 596
421 596
83 598
195 598
438 598
455 598
475 598
125 599
392 599
220 600
373 600
424 600
425 601
103 602
176 602
206 602
346 602
457 602
339 603
157 605
237 605
439 605
266 606
280 606
189 607
334 607
51 608
235 608
249 608
312 608
217 609
89 610
139 610
169 610
398 610
70 611
262 612
381 612
152 613
281 613
432 613
46 615
132 616
325 616
465 616
185 617
245 617
353 617
364 617
176 618
277 618
304 619
214 620
334 620
228 621
401 621
449 621
417 622
470 622
258 623
74 624
310 624
185 625
290 625
375 625
320 627
436 627
475 627
143 628
198 628
210 629
158 630
256 630
275 630
364 630
395 630
171 631
294 631
196 633
338 633
353 633
63 634
85 634
242 634
179 635
230 636
260 637
389 637
196 638
278 638
