300 46
313 46
327 46
289 47
339 47
355 47
348 48
367 48
383 50
397 54
404 56
415 58
278 60
246 61
257 61
293 62
306 62
332 63
232 65
352 65
368 67
378 67
440 68
400 71
406 76
257 78
264 78
312 78
278 79
285 79
247 80
307 80
237 81
343 81
325 82
332 82
463 82
358 83
227 85
217 86
372 87
428 87
476 87
382 88
438 88
206 90
201 91
301 92
396 92
447 92
276 95
284 95
312 96
332 96
406 96
266 97
323 97
177 98
413 98
459 98
341 99
251 100
353 101
236 102
372 103
427 103
218 105
473 105
381 106
387 106
150 108
207 108
437 108
201 109
302 110
397 110
315 111
405 111
188 112
282 112
291 112
325 112
275 113
337 113
262 114
257 115
356 116
420 116
456 117
246 118
425 118
169 119
371 119
164 122
166 122
170 122
231 122
384 122
223 123
444 123
153 124
330 124
290 125
398 125
200 126
295 126
316 126
323 126
325 126
199 127
280 127
281 127
287 127
292 127
300 127
332 127
468 127
140 128
269 128
290 128
300 128
321 128
342 128
350 128
195 129
257 129
304 129
308 129
347 129
408 129
291 130
416 131
182 132
247 132
358 132
179 133
123 134
240 134
423 134
432 134
116 135
165 135
233 135
351 135
372 135
223 137
319 137
445 137
106 138
321 138
328 138
392 138
162 139
327 139
163 140
215 140
150 141
401 142
455 142
283 143
290 143
195 144
277 144
281 144
298 144
303 144
258 145
290 145
294 145
419 145
192 146
249 146
265 146
322 146
336 146
468 146
134 147
310 147
317 147
320 147
334 147
360 147
381 147
182 148
240 148
354 148
234 149
354 149
387 150
169 151
227 151
434 151
364 152
215 154
373 154
444 154
200 155
401 155
206 156
200 157
289 157
306 157
315 157
142 158
193 158
310 158
413 158
192 159
199 159
282 159
293 159
325 159
260 160
267 160
318 160
241 161
325 161
352 161
193 162
248 162
337 162
426 162
357 164
432 164
440 164
175 165
231 165
245 165
367 165
169 166
384 166
436 166
224 167
375 167
437 168
475 168
217 169
98 170
453 170
398 171
273 172
291 172
315 172
276 173
304 173
187 174
197 174
250 174
254 174
265 174
266 174
194 175
242 175
256 175
263 175
327 175
335 175
336 175
417 175
469 175
131 176
177 176
172 177
186 177
352 177
353 177
423 177
245 178
359 178
176 179
365 179
430 179
243 180
432 180
440 180
223 181
160 182
153 183
386 183
213 184
301 184
313 184
291 185
395 185
271 186
274 186
405 186
408 186
453 186
188 187
201 187
274 187
132 188
416 188
254 189
243 190
245 190
259 190
332 190
333 190
466 190
186 191
248 191
251 191
428 191
476 191
246 192
253 192
319 192
344 192
258 193
344 193
418 193
428 193
163 194
165 194
233 194
253 194
349 194
360 194
161 195
311 195
373 195
435 195
114 196
93 197
216 198
285 199
295 199
388 199
397 199
146 200
197 201
140 202
268 202
270 202
405 202
453 202
258 203
272 203
266 204
460 204
183 205
243 205
245 205
335 205
341 205
418 205
127 206
258 206
324 206
172 207
251 207
467 207
348 208
360 208
472 208
232 209
311 209
117 210
371 210
428 210
479 210
110 211
385 211
438 211
221 212
293 212
303 212
379 212
163 213
214 213
399 213
286 214
275 215
90 216
195 216
259 216
410 216
145 217
260 217
274 217
200 218
261 218
272 218
460 218
78 219
134 219
187 219
314 220
423 220
249 221
323 221
239 222
336 222
122 223
164 223
226 223
350 223
362 223
470 223
400 224
434 224
300 225
370 225
440 225
292 226
378 226
116 227
275 227
279 227
284 227
157 228
214 228
407 228
151 229
274 229
261 230
276 230
385 230
263 231
455 231
418 232
193 233
235 234
105 235
138 235
318 235
330 235
264 236
299 236
339 236
405 236
464 237
223 238
359 238
434 238
469 238
175 239
186 239
254 239
370 240
123 241
169 241
173 241
475 241
213 242
282 242
122 243
158 243
164 243
165 243
170 243
200 243
204 243
308 243
331 243
385 243
396 243
240 244
272 244
410 244
447 244
87 246
151 246
193 247
198 247
231 248
457 248
191 249
337 249
140 250
224 250
349 250
112 251
323 251
329 251
364 251
372 251
180 252
300 252
308 252
404 252
174 253
179 253
428 253
138 254
248 254
290 254
169 255
177 255
209 255
281 255
412 255
243 256
384 256
391 256
468 256
137 257
174 257
164 258
275 258
437 258
134 259
158 259
198 259
399 259
124 260
128 260
232 261
265 261
195 262
339 262
445 262
350 263
451 263
122 264
187 264
305 264
330 264
357 264
412 264
149 265
219 265
254 265
317 265
368 265
377 265
148 266
419 266
456 266
139 268
145 268
114 269
140 269
241 269
280 269
428 269
462 269
175 270
385 270
433 270
233 273
271 273
471 273
62 274
79 275
200 275
443 275
132 276
159 276
260 276
194 277
338 277
410 277
302 278
311 278
357 278
451 278
475 278
190 279
194 279
151 280
220 280
382 280
420 281
118 282
187 282
250 282
288 282
292 282
296 282
214 283
395 283
435 283
147 284
294 284
242 285
460 285
269 286
175 287
406 287
321 288
352 288
468 288
338 289
344 289
347 289
353 289
110 290
203 290
258 290
310 290
334 290
105 291
136 291
229 291
304 291
336 291
362 291
372 291
382 291
310 292
472 292
196 293
250 293
390 293
434 293
167 294
297 294
301 294
315 294
254 295
278 295
251 296
275 296
279 296
294 296
304 296
478 296
94 297
250 297
441 297
218 298
299 298
403 299
152 300
241 300
270 300
297 300
341 300
342 300
361 300
443 300
286 301
340 301
355 301
262 302
265 302
288 302
319 302
329 302
348 302
369 302
262 303
410 303
453 303
209 304
234 305
384 305
75 306
255 306
317 306
457 306
175 307
282 307
107 309
305 309
395 309
461 309
199 310
306 310
269 311
299 312
349 312
444 312
135 313
335 313
360 313
479 313
373 314
408 314
242 315
358 315
165 316
292 316
429 316
187 317
261 317
378 317
451 317
284 318
311 318
215 319
260 319
389 320
478 320
235 321
396 321
124 322
309 322
398 322
415 322
146 323
392 323
419 323
213 324
234 324
274 324
438 324
270 325
291 325
356 325
400 325
404 325
462 325
177 326
205 326
339 326
340 326
344 326
349 326
427 326
122 327
150 327
151 327
153 327
226 327
247 327
287 327
299 327
345 327
370 327
372 327
404 327
202 328
356 328
362 328
364 328
407 328
448 328
265 329
331 329
379 329
152 330
225 330
245 330
336 330
367 330
371 330
431 330
470 330
117 331
149 332
324 332
407 332
263 333
319 333
422 333
137 334
142 334
390 334
457 334
111 335
240 335
390 335
419 335
140 336
143 336
144 336
218 336
238 336
308 336
414 336
416 336
168 337
195 337
353 337
440 337
479 337
255 338
441 338
56 339
81 339
139 339
214 339
274 339
303 339
336 339
348 339
350 339
359 339
393 339
398 339
426 339
218 340
362 340
187 341
235 341
343 341
366 341
214 342
325 342
379 342
98 343
135 343
209 343
267 343
302 343
405 343
430 343
230 344
380 344
114 345
158 345
183 345
247 345
319 345
376 345
466 345
158 346
207 346
247 346
295 346
133 347
227 347
316 347
321 347
386 347
406 347
437 347
451 347
203 348
281 348
296 348
314 348
317 348
224 349
246 349
281 349
312 349
389 349
129 350
134 350
276 350
291 350
310 350
345 351
347 351
392 351
410 351
438 351
177 352
223 352
239 352
258 352
335 352
340 352
354 352
412 352
427 352
64 353
126 353
148 353
151 353
238 353
273 353
304 353
332 353
337 353
363 353
364 353
369 353
475 353
127 354
152 354
328 354
441 354
122 355
128 355
218 355
221 355
273 355
237 356
272 356
321 356
461 356
220 357
374 357
400 357
414 357
233 358
235 358
273 358
374 358
315 359
406 360
143 361
352 361
418 361
448 361
404 362
435 362
306 363
364 363
229 364
264 364
287 364
338 364
367 364
180 365
193 365
308 365
389 365
411 366
453 366
209 367
326 367
389 367
244 368
283 368
470 368
160 369
399 369
257 370
296 370
299 370
426 371
224 372
238 372
402 372
129 373
295 373
184 374
419 374
441 374
343 375
373 375
459 375
473 375
291 376
310 376
202 378
275 378
361 378
382 378
385 378
124 379
234 379
305 379
334 379
217 381
248 381
328 382
391 382
479 382
174 383
285 383
143 384
229 384
257 384
304 384
319 384
376 385
452 385
87 386
114 386
212 386
267 386
420 386
241 387
316 387
399 387
437 387
358 388
377 388
379 388
469 388
169 389
314 389
349 389
364 389
374 389
296 390
297 390
311 390
254 391
312 391
343 391
364 391
406 391
188 392
371 392
427 392
163 393
339 393
105 394
282 394
442 394
455 394
306 395
279 396
384 396
387 396
221 397
471 397
125 398
160 398
288 398
292 398
388 398
411 398
383 399
428 399
318 400
330 400
446 400
144 401
179 401
203 401
251 401
302 401
316 401
460 401
275 402
391 402
393 402
413 402
262 403
263 403
288 403
357 403
230 404
346 404
369 405
348 406
175 407
195 407
225 407
247 407
314 407
345 407
479 407
211 408
250 408
397 408
416 408
224 409
260 409
274 409
327 409
401 409
79 410
222 410
283 410
296 410
396 410
403 410
466 410
259 411
272 411
323 411
309 412
378 412
382 412
401 412
419 412
437 412
149 413
261 413
321 413
336 413
360 413
452 413
132 414
259 414
308 414
365 414
402 414
422 414
435 414
89 415
170 415
216 415
308 415
321 415
323 415
356 415
385 415
132 416
229 416
260 416
420 416
70 417
202 417
242 417
281 417
307 417
319 417
335 417
406 417
472 417
230 418
256 418
259 418
269 418
295 418
375 418
379 418
424 418
440 418
147 419
308 419
320 419
384 419
423 419
457 419
104 420
123 420
230 420
270 420
406 420
187 421
258 421
270 421
272 421
283 421
349 421
411 421
424 421
229 422
306 422
317 422
349 422
390 422
85 423
253 423
294 423
380 423
412 423
424 423
426 423
441 423
257 424
388 424
390 424
407 424
141 425
259 426
303 426
343 426
426 426
240 427
280 427
56 428
213 428
214 428
238 428
367 428
392 428
225 429
240 429
259 429
261 429
413 429
195 430
281 430
304 430
365 430
417 430
447 430
118 431
156 431
223 431
225 431
357 431
467 431
133 432
137 432
158 432
373 432
428 432
345 433
375 433
397 433
75 434
98 434
212 434
238 434
248 434
328 434
416 434
135 435
152 435
396 435
448 435
268 436
279 436
330 436
356 436
359 436
268 437
288 437
313 437
472 437
126 438
269 438
340 438
343 438
378 438
430 438
300 439
327 439
381 439
396 439
222 440
289 440
431 440
436 440
93 441
205 441
325 441
354 441
109 442
191 442
231 442
401 442
66 444
93 444
164 444
256 444
354 444
401 444
233 445
301 445
381 445
84 446
144 446
267 446
328 446
463 446
201 447
233 447
325 447
416 447
442 447
60 448
86 448
175 448
266 448
276 448
339 448
406 448
119 449
138 449
155 449
242 449
116 450
118 450
158 450
389 451
82 452
228 452
372 452
431 452
81 454
253 454
104 455
108 455
154 455
156 455
215 455
241 455
340 455
351 455
83 456
153 456
215 456
253 456
443 456
135 457
226 457
253 457
278 457
354 457
375 457
409 457
239 458
324 458
407 458
434 458
453 458
132 459
200 459
265 459
309 459
375 459
469 459
78 460
392 460
394 460
265 461
299 461
355 461
359 461
361 461
150 462
341 462
96 463
274 463
342 463
148 464
238 464
250 464
253 464
325 464
358 464
392 464
394 464
395 464
411 464
423 464
70 465
115 465
221 465
362 465
94 466
132 466
148 466
325 466
339 466
359 466
413 466
114 467
326 467
144 468
209 468
223 468
237 468
251 468
263 468
310 468
397 468
128 469
163 469
363 469
90 470
298 470
381 470
415 470
111 471
125 471
147 471
195 471
384 471
110 472
204 472
344 472
348 472
435 472
474 472
63 473
262 473
436 473
276 474
363 474
388 474
398 474
462 474
87 475
286 475
142 476
175 476
216 476
232 476
249 476
259 476
361 476
365 476
381 476
387 476
451 476
416 477
157 478
275 478
345 478
366 478
438 478
478 478
83 479
191 480
326 480
347 480
417 480
418 480
312 481
327 481
390 481
100 482
353 482
173 483
216 483
407 483
158 484
335 484
347 484
430 484
217 485
300 485
121 486
239 486
328 486
349 486
200 487
287 487
330 487
355 488
135 489
137 489
154 489
157 489
227 489
229 489
313 489
327 489
333 489
352 489
353 489
374 489
212 490
275 490
326 490
431 490
225 491
352 491
421 491
433 491
471 491
212 492
301 492
358 492
399 493
420 493
133 494
250 494
338 494
357 494
457 494
354 495
375 495
237 496
275 496
331 496
384 496
210 497
341 497
154 498
221 498
237 498
289 498
353 498
360 499
422 499
424 499
153 500
235 500
134 501
149 501
179 501
316 501
444 501
195 502
219 502
248 502
463 502
164 503
478 503
391 505
409 505
343 506
431 506
208 507
429 507
464 507
127 508
344 508
434 508
145 509
196 509
248 509
275 509
369 509
395 510
432 510
220 511
303 511
320 511
330 511
348 511
206 512
260 512
376 512
431 512
233 513
248 513
334 513
140 514
158 514
160 514
205 514
220 514
235 514
322 514
417 514
455 514
432 515
275 516
290 516
437 516
438 516
174 517
231 517
323 517
355 517
403 517
420 517
351 518
435 518
350 519
385 519
423 519
217 520
219 520
249 520
325 520
356 520
187 522
263 522
442 522
246 523
370 523
310 524
233 525
323 525
342 525
355 525
470 525
154 526
250 526
422 526
264 527
217 528
126 529
200 529
248 529
266 529
278 529
377 529
392 529
447 529
248 530
279 530
357 530
263 532
309 532
312 532
329 532
427 532
151 533
475 534
170 535
294 535
313 535
368 536
401 536
165 537
297 537
384 537
455 538
297 539
314 539
435 539
248 540
148 541
250 541
300 541
371 541
409 541
115 542
249 542
282 542
347 542
440 542
235 543
299 543
390 543
162 544
299 544
336 544
200 545
216 545
247 545
268 545
296 545
315 545
301 546
414 546
270 547
318 547
284 548
301 548
355 548
142 549
183 549
249 549
326 549
271 551
345 551
384 551
198 552
233 552
256 553
300 553
302 553
274 555
121 556
269 556
320 556
472 556
435 557
286 558
307 558
335 559
406 559
253 560
412 560
478 560
374 561
443 561
235 562
353 562
137 563
232 563
240 564
324 564
165 565
182 565
304 565
307 565
328 565
342 565
375 565
421 565
461 565
241 566
258 566
263 566
276 566
342 566
400 566
215 567
218 567
239 567
342 567
360 567
267 568
288 568
152 569
310 569
219 570
239 570
430 570
201 571
329 571
386 571
475 571
225 573
312 573
349 573
165 574
242 574
334 574
104 575
186 575
444 575
201 576
220 576
291 576
376 577
313 578
454 578
206 579
242 579
273 579
321 579
361 579
409 579
134 580
228 580
246 580
296 580
293 581
324 581
326 581
264 582
341 582
416 582
225 583
344 583
204 584
248 584
325 584
189 585
282 585
477 586
300 587
332 587
210 588
329 588
346 588
470 588
428 589
440 589
138 590
303 590
153 591
236 591
449 591
234 592
254 592
304 592
351 592
352 592
391 592
464 592
237 593
285 593
308 593
357 593
194 594
285 594
317 594
235 595
261 595
170 597
284 597
319 597
320 597
401 597
409 597
217 598
241 598
289 598
310 598
311 598
264 599
363 599
243 600
288 600
374 602
433 602
446 602
154 604
216 604
246 604
235 605
335 605
469 605
182 606
203 606
272 606
382 606
254 607
297 608
318 608
390 609
160 610
345 610
396 610
208 611
188 613
281 613
409 613
354 614
446 614
305 615
418 615
426 615
214 616
264 616
435 616
451 616
460 616
245 617
196 618
337 618
366 618
220 619
228 620
318 622
205 624
322 624
296 625
441 627
358 630
244 632
368 633
272 634
387 635
228 636
