165 3
189 4
212 5
231 5
252 5
322 5
284 6
352 8
427 9
443 11
225 12
417 12
337 13
401 13
456 13
174 14
269 14
304 14
387 14
467 15
374 16
472 16
194 17
238 18
362 19
214 20
290 21
317 21
257 22
163 25
249 25
337 25
406 26
142 27
424 27
447 27
178 28
391 28
225 29
280 29
464 29
201 30
323 31
372 31
238 32
310 33
274 34
359 34
134 36
351 36
165 39
251 39
300 39
407 39
434 40
189 41
338 41
399 41
421 41
446 41
231 42
384 42
128 43
207 43
209 43
462 43
227 44
159 45
244 45
260 45
287 45
326 45
370 45
477 48
217 49
355 50
121 51
196 52
249 52
278 52
312 52
151 53
216 53
340 53
214 54
272 54
235 55
411 55
425 55
441 55
240 56
300 57
331 57
464 57
457 58
235 59
264 59
169 60
229 60
398 60
474 60
142 61
383 61
187 62
368 62
318 64
230 65
281 66
351 66
336 68
421 68
250 69
435 69
442 69
176 70
215 70
305 71
451 71
129 72
218 72
187 73
391 75
403 75
471 75
364 76
382 76
152 77
205 77
237 77
265 77
289 77
411 78
347 79
236 80
309 81
344 81
118 83
205 83
282 83
436 84
172 85
281 85
329 86
447 86
224 87
325 87
140 88
368 88
295 89
298 89
300 89
319 89
359 89
460 89
241 90
245 90
380 90
468 90
394 91
268 92
352 92
409 92
161 93
348 93
186 94
314 94
343 94
288 95
420 96
233 97
330 99
332 99
178 100
284 100
299 100
434 100
208 101
256 101
443 102
368 103
400 103
124 104
251 104
388 104
412 104
455 104
192 105
222 105
269 105
359 105
244 106
270 106
356 106
357 106
245 107
288 107
292 107
314 107
148 108
340 108
356 108
168 109
313 109
343 109
242 110
313 110
310 111
303 112
341 112
256 113
278 113
275 114
305 114
231 115
253 115
329 115
179 116
295 116
274 117
297 117
369 117
385 117
400 117
415 117
436 117
251 118
326 119
357 119
317 120
355 120
201 121
204 121
223 121
153 122
220 122
313 122
267 123
455 123
223 125
283 125
338 125
170 126
195 127
475 127
236 128
300 129
381 130
395 130
382 131
386 131
413 131
419 131
140 132
210 132
211 132
320 132
374 132
414 132
252 133
372 133
432 133
269 134
363 135
430 135
132 136
439 136
185 137
206 137
349 137
451 137
224 138
203 139
308 139
284 140
207 141
129 142
157 142
240 142
242 142
337 142
121 144
386 144
400 144
401 144
425 144
298 145
380 145
408 145
201 146
255 146
370 146
393 146
403 146
422 146
469 146
117 147
176 147
271 147
382 147
401 147
405 147
238 148
324 148
369 149
122 150
147 150
195 150
214 150
215 150
234 150
290 150
360 150
363 150
436 150
113 153
230 153
310 153
349 153
457 154
260 156
423 156
337 157
138 158
205 158
207 158
388 158
277 159
378 159
393 159
433 159
164 160
433 160
471 160
377 161
401 161
322 162
237 163
361 163
182 164
184 164
320 165
455 165
182 167
216 167
290 167
414 167
179 168
246 168
308 168
128 169
161 169
199 170
343 170
154 171
175 171
306 171
309 171
197 172
228 172
244 172
283 172
302 172
394 172
430 172
374 173
382 173
172 175
326 176
406 176
447 177
238 178
276 178
358 178
187 180
317 180
419 180
456 180
166 181
292 182
317 182
107 183
202 183
141 184
216 184
247 184
339 184
266 185
309 185
470 186
287 187
394 188
401 188
441 188
183 189
286 189
378 189
181 190
303 190
306 190
359 190
328 191
163 192
410 192
115 193
196 194
458 195
238 196
297 196
316 197
427 197
174 198
315 198
129 199
193 199
219 199
275 200
340 200
434 200
151 202
308 202
309 202
381 202
470 202
190 203
204 203
259 203
286 203
305 203
364 203
379 203
227 204
245 204
287 204
308 204
394 204
359 205
368 205
397 205
399 205
445 205
305 206
409 206
146 207
298 208
324 209
168 211
296 211
293 212
275 213
181 214
342 214
459 214
313 215
432 215
235 216
109 217
290 217
365 217
393 217
467 217
135 218
213 218
291 218
373 218
382 218
197 219
333 219
391 219
247 220
381 220
395 220
155 221
263 221
358 221
131 222
361 223
427 223
450 223
102 224
282 224
477 224
283 225
323 227
411 227
434 227
208 228
224 228
260 228
301 229
239 230
283 230
299 230
170 231
299 231
374 231
441 231
463 231
123 232
385 232
419 232
347 233
360 233
361 233
258 234
380 234
383 234
362 235
382 235
390 235
215 236
309 237
335 237
343 237
276 238
395 238
426 238
451 238
117 239
289 240
307 240
141 241
232 241
345 241
403 241
184 242
328 242
196 243
407 243
159 244
163 244
183 244
305 244
332 244
403 244
435 244
250 245
273 245
476 245
194 246
213 246
458 246
196 247
197 247
298 247
360 247
374 247
378 248
173 249
228 250
317 250
350 250
368 250
418 250
442 250
265 251
321 251
353 251
384 251
385 251
174 252
210 252
191 253
353 253
397 253
293 254
313 254
322 254
385 254
396 254
172 255
271 255
295 255
465 255
314 256
346 256
132 257
335 257
428 257
245 258
263 258
284 258
405 258
425 258
430 258
126 259
287 259
360 259
409 259
148 260
166 260
282 261
285 261
431 261
164 262
170 262
186 262
188 262
222 262
287 262
335 262
429 262
239 263
336 263
338 263
412 263
171 264
201 264
260 264
308 264
352 264
436 264
118 265
377 265
385 265
328 266
414 266
456 266
475 266
283 267
305 267
413 267
297 268
299 268
310 269
371 269
394 269
141 270
258 270
278 270
323 270
420 270
442 270
119 271
324 271
439 271
344 272
360 272
364 272
400 272
253 273
301 273
330 273
464 273
162 274
298 274
306 274
359 274
369 274
398 274
443 274
328 275
407 275
158 276
177 276
354 276
356 276
371 276
425 276
191 277
295 277
361 277
380 277
409 277
174 278
320 278
371 278
386 278
430 278
108 279
428 279
208 280
316 280
320 280
337 280
410 280
205 281
218 281
388 281
232 282
353 284
414 284
292 285
335 285
390 285
231 286
250 286
349 286
452 286
470 286
127 287
216 287
233 287
367 287
434 287
206 288
270 288
344 289
372 289
187 290
313 290
330 290
338 290
398 290
168 291
327 291
361 291
340 292
375 292
146 293
436 293
215 294
227 294
421 294
200 295
201 296
337 296
403 296
228 298
355 298
357 298
437 298
227 299
244 299
214 300
285 300
351 300
439 300
264 301
303 301
114 302
329 302
331 302
349 302
394 302
444 302
178 303
345 303
326 304
328 304
462 304
225 305
347 305
366 305
137 306
428 306
157 308
194 308
230 308
345 309
242 310
428 310
362 311
131 312
210 312
397 312
411 312
432 312
213 313
239 314
259 314
359 314
213 315
278 315
414 315
467 315
433 316
173 317
344 317
450 317
413 318
430 318
149 320
322 320
416 320
204 321
225 322
242 322
260 322
358 322
397 322
190 323
337 323
431 323
224 324
257 324
379 324
259 325
290 325
395 325
122 326
373 326
376 326
314 327
243 328
361 328
412 328
207 329
392 329
396 329
241 330
287 330
334 330
371 330
170 331
258 331
391 331
470 331
374 332
377 332
141 333
225 333
271 333
352 333
399 333
392 334
242 335
372 335
158 336
208 336
328 336
451 336
225 337
186 338
223 338
304 338
394 338
211 339
248 339
270 339
201 340
375 340
397 340
210 341
224 341
244 341
271 341
228 342
298 342
324 342
266 343
269 343
346 343
251 344
369 344
374 344
433 344
155 345
171 345
201 345
203 345
241 345
387 345
254 346
391 346
133 347
472 347
211 348
371 348
374 348
275 349
290 350
166 351
273 351
278 351
316 351
365 351
393 351
211 352
224 352
277 352
225 353
247 353
253 353
280 353
336 353
367 353
215 354
455 354
230 356
368 356
167 358
263 358
476 358
125 359
184 359
407 359
201 360
360 360
232 361
384 361
435 361
215 362
234 362
300 362
438 362
147 363
262 363
426 363
436 363
217 364
269 364
201 365
436 365
277 366
233 367
239 367
325 367
337 367
425 368
250 371
402 371
436 371
203 372
455 372
203 374
186 375
222 375
422 375
372 376
406 376
347 377
163 378
433 378
420 379
435 379
476 379
128 380
144 380
307 380
209 381
273 381
398 381
420 381
211 382
261 382
168 383
434 383
231 384
292 384
390 385
402 385
217 386
280 386
337 386
451 386
395 387
194 389
430 389
239 390
414 390
427 390
217 391
219 391
237 391
324 391
417 391
429 391
386 392
180 394
448 394
220 395
320 395
356 395
253 397
378 397
204 398
307 399
413 401
164 402
207 402
231 402
273 402
417 402
464 402
478 402
286 403
346 405
427 405
441 406
410 407
338 408
391 408
373 409
189 410
425 411
229 412
327 412
194 414
260 414
406 414
148 415
266 415
280 416
301 416
310 418
357 418
402 418
296 419
385 419
417 419
418 419
423 419
213 420
436 420
169 421
401 423
402 423
460 423
344 424
439 424
376 426
279 427
192 428
412 428
146 429
234 429
410 429
433 429
158 430
329 430
426 430
321 433
168 434
209 434
457 434
430 435
309 436
407 436
253 437
363 437
400 437
177 438
270 438
280 438
472 438
227 440
289 440
425 440
227 441
281 442
291 442
197 444
247 445
339 445
356 446
201 447
209 448
213 448
354 448
446 448
335 449
418 449
210 450
384 450
328 451
348 451
302 452
228 454
286 454
296 454
304 454
316 454
318 454
323 454
296 455
223 456
236 456
249 456
268 456
287 456
301 456
314 456
336 456
282 457
294 457
304 457
313 458
405 458
461 458
196 460
367 460
422 460
229 461
351 461
209 462
437 463
344 464
213 465
349 466
394 467
210 468
237 468
476 468
175 469
243 469
323 469
331 469
340 470
225 471
316 471
317 471
270 472
381 472
313 473
338 473
322 474
325 474
330 474
447 474
188 475
229 475
286 475
309 475
194 476
300 476
305 476
318 476
420 476
470 476
201 477
226 477
236 478
317 478
197 479
465 480
254 481
358 481
389 481
361 482
205 483
383 483
386 483
407 484
287 486
344 486
433 487
221 488
314 488
328 490
396 490
299 491
304 491
308 492
364 492
454 492
319 493
365 493
367 493
390 493
239 494
315 494
399 494
286 495
303 495
310 495
201 496
274 496
289 496
299 496
422 496
265 498
386 498
283 499
208 500
215 502
469 502
374 503
368 505
411 505
305 506
313 506
320 506
334 506
369 507
308 508
312 508
314 508
317 508
291 509
306 509
246 510
356 511
398 511
254 513
262 514
425 514
383 515
345 516
386 516
275 518
282 518
295 521
359 523
410 525
443 528
433 530
257 531
426 533
305 536
380 536
298 538
335 538
356 538
312 539
325 540
