135 2
377 2
389 2
439 3
459 4
185 5
232 5
408 7
165 8
263 9
415 10
328 11
147 12
355 12
425 12
471 12
205 13
213 13
241 13
375 14
432 15
299 17
189 18
450 18
177 19
315 21
216 22
232 22
389 22
403 22
329 24
465 24
167 25
264 25
413 25
205 26
155 27
474 28
359 29
424 29
438 30
144 31
189 33
290 33
304 33
135 35
452 35
327 36
167 38
394 38
437 38
340 39
225 40
232 40
255 40
245 41
359 41
444 41
112 42
206 42
266 42
244 43
260 43
274 44
416 44
192 45
291 45
148 46
200 46
280 46
300 46
102 47
290 47
381 47
425 47
280 48
303 48
134 49
187 49
191 49
324 49
296 50
318 50
179 51
400 52
435 52
131 53
336 53
167 54
329 54
472 54
243 55
118 56
246 56
250 56
259 56
270 56
373 56
241 57
278 57
148 58
220 58
233 58
346 58
212 59
265 59
286 59
290 59
274 60
287 60
447 60
191 61
189 62
291 62
292 62
361 62
303 63
397 63
422 63
190 64
289 64
306 65
183 66
176 67
307 67
318 67
310 68
325 68
370 68
163 69
433 69
331 70
249 71
254 71
248 72
257 72
381 72
448 72
145 73
237 73
263 73
272 73
279 73
227 74
268 74
348 74
479 74
213 75
252 75
260 75
288 77
355 77
107 78
133 78
185 78
198 78
298 79
363 79
399 79
433 79
195 80
197 80
467 81
122 82
317 82
92 84
375 84
410 84
471 84
166 85
174 85
328 85
272 86
341 86
420 87
156 88
477 88
143 89
238 89
387 89
211 90
250 90
224 91
265 91
70 92
126 93
397 93
458 94
186 95
286 95
359 95
302 96
446 97
111 98
165 98
373 98
317 99
96 101
324 102
383 102
415 102
211 104
137 105
223 105
338 105
217 106
196 107
243 107
262 107
362 107
122 108
207 108
255 108
460 108
277 109
268 110
296 112
374 113
405 113
306 114
58 115
96 115
473 115
148 116
412 116
318 117
329 117
360 117
449 117
47 118
140 119
339 119
384 119
87 120
478 120
126 121
203 121
207 121
214 121
227 121
425 121
210 122
230 122
391 122
198 123
115 124
175 124
206 124
239 124
244 124
252 124
430 124
460 124
266 125
271 125
275 125
354 125
251 126
280 126
292 126
109 127
278 127
308 127
440 127
275 128
165 129
404 129
478 130
60 131
144 131
374 132
89 134
331 134
453 134
220 135
221 136
226 136
136 137
212 137
222 137
239 137
126 138
203 138
339 138
207 139
297 139
465 139
179 140
224 140
227 140
240 140
255 140
263 140
393 140
242 141
255 141
270 141
430 141
110 142
280 142
312 142
350 142
102 143
257 143
151 144
271 145
366 145
471 145
328 146
437 146
59 147
412 149
86 150
291 150
189 152
338 152
379 152
195 153
231 153
452 153
78 154
122 154
218 154
236 154
305 154
207 155
227 155
248 155
383 155
261 156
424 156
155 157
250 157
256 157
347 157
463 158
101 159
263 159
276 159
322 159
391 161
393 161
130 162
403 162
128 163
198 163
290 163
439 163
440 163
95 164
183 164
333 165
407 165
471 165
171 166
368 166
374 166
446 166
181 167
225 167
341 167
41 168
307 168
119 169
244 169
412 169
478 169
380 170
198 171
200 171
212 171
382 171
33 172
71 172
142 172
143 172
265 172
317 172
197 173
201 173
110 174
187 174
276 174
391 174
421 174
103 175
132 175
361 175
363 175
133 176
330 176
362 176
431 176
177 177
366 177
396 177
61 178
174 178
462 178
87 179
176 179
433 179
94 180
286 180
311 180
165 181
396 181
119 182
164 182
167 182
229 182
218 183
242 183
296 183
79 184
200 184
212 184
320 184
435 184
254 185
436 185
146 186
107 187
148 187
383 187
443 187
478 187
385 188
389 188
132 189
185 189
269 189
413 189
192 190
338 190
365 190
417 190
62 191
101 191
34 192
127 192
124 193
125 193
176 193
375 193
66 194
92 194
284 194
368 194
158 195
167 195
170 195
418 195
422 195
321 196
160 197
219 197
236 197
252 197
52 198
230 198
295 198
20 199
115 199
147 199
212 199
257 199
356 199
74 200
192 200
200 200
262 200
401 200
138 201
210 201
402 201
140 202
203 202
299 202
332 202
137 203
306 203
191 204
268 204
360 204
40 205
138 205
139 205
333 205
341 205
366 205
473 205
137 206
385 206
63 207
177 207
314 207
316 207
33 209
98 209
283 209
454 209
93 210
164 210
88 211
218 211
231 211
234 211
60 212
211 212
290 212
292 212
295 212
352 212
444 212
120 213
196 213
207 213
238 213
253 213
326 213
329 213
52 214
121 214
192 214
206 214
352 214
157 215
298 215
45 216
145 216
155 216
265 216
113 217
141 217
189 217
304 217
358 217
405 217
75 218
138 218
300 218
356 218
427 218
141 219
303 219
13 220
280 220
320 220
302 221
68 222
170 222
285 222
172 223
218 223
303 223
31 224
212 224
237 224
287 224
306 224
410 224
434 224
37 225
158 225
236 225
238 225
160 226
243 226
287 226
329 226
371 226
124 227
194 227
288 227
86 228
153 228
313 228
351 228
157 229
160 229
195 229
314 229
476 229
30 230
56 230
185 230
298 230
313 230
147 231
179 231
262 231
319 231
22 232
102 232
122 232
146 232
186 232
295 232
359 232
460 232
274 233
73 234
177 234
338 234
340 234
141 235
306 235
320 235
400 235
46 236
205 236
211 236
221 236
231 236
17 237
168 237
172 237
213 237
240 237
301 237
303 237
307 237
321 237
346 237
364 237
96 238
134 238
137 238
220 238
226 238
237 238
323 238
386 238
445 238
130 239
250 239
343 239
346 239
12 240
64 240
115 240
134 240
162 240
306 240
331 240
196 241
367 241
89 242
184 242
108 243
262 243
315 243
430 243
83 244
107 244
152 244
59 245
33 246
54 246
103 246
175 246
53 247
78 247
415 247
146 249
228 249
295 249
374 249
212 250
221 250
234 250
275 250
341 250
365 250
473 250
76 251
99 251
72 252
48 253
198 253
378 253
114 254
163 254
251 254
327 254
18 255
68 255
98 255
134 255
260 255
48 256
192 256
45 257
311 257
349 257
404 257
15 258
45 258
90 258
286 258
63 259
449 259
62 260
183 260
270 260
387 260
38 261
334 261
371 261
107 262
124 262
142 262
11 263
41 263
86 263
372 263
393 263
219 264
232 264
240 264
177 265
53 266
58 266
120 266
210 266
279 266
296 266
359 266
374 266
51 268
59 268
84 268
374 268
378 268
153 269
202 269
251 269
437 269
456 269
27 270
118 270
171 270
257 270
283 270
98 271
46 272
112 272
323 272
380 272
74 273
77 273
79 273
196 273
49 274
365 274
399 274
134 275
286 275
366 276
49 277
74 277
113 277
265 277
90 278
385 278
426 278
40 279
66 279
187 279
369 279
387 279
474 279
13 280
62 280
142 280
220 280
311 281
213 282
227 282
234 282
241 282
357 282
369 282
36 283
107 283
124 283
329 283
332 283
410 283
62 284
159 284
274 284
375 284
447 284
121 285
139 285
160 285
204 285
395 285
10 287
82 287
176 287
251 287
390 287
152 288
294 288
396 288
431 288
456 288
195 289
359 289
393 289
2 290
54 290
347 290
395 290
415 290
152 291
157 291
331 291
361 291
419 291
438 292
100 293
433 293
28 294
376 294
217 295
75 296
218 296
231 296
362 296
129 297
233 297
336 297
145 298
211 298
215 298
224 298
231 298
260 298
335 298
403 298
421 298
44 299
112 299
148 299
382 299
396 299
398 299
425 299
440 299
145 300
184 300
280 300
352 300
38 301
147 301
238 301
365 301
400 301
418 301
211 302
234 302
354 302
384 302
93 303
265 303
326 303
379 303
386 303
15 304
140 304
312 304
354 304
430 304
233 305
323 305
326 305
423 305
164 306
425 306
141 307
199 307
181 308
226 308
234 308
404 308
425 308
36 309
125 309
204 309
451 309
112 310
122 310
402 310
435 310
12 311
220 311
221 311
228 311
266 311
405 311
428 311
59 312
343 312
390 312
371 313
85 314
120 314
134 314
159 314
248 314
345 314
373 314
30 315
36 315
434 315
158 316
357 316
372 316
213 317
266 317
299 317
370 317
408 317
432 317
132 318
143 318
435 318
52 319
106 319
174 319
83 320
156 320
249 320
356 320
419 320
420 320
177 321
191 321
249 322
301 322
375 322
283 323
318 323
346 324
77 325
118 325
193 325
394 325
411 325
171 326
189 326
266 326
477 326
26 327
99 328
140 328
248 328
251 328
170 329
187 329
189 329
194 329
266 329
152 330
427 331
224 332
319 332
170 333
266 333
414 333
69 334
189 334
174 335
230 335
17 336
43 336
113 336
127 336
208 336
243 336
264 336
284 336
187 337
190 337
333 337
348 337
379 337
466 337
397 338
147 339
184 339
269 339
247 340
251 340
266 340
193 341
241 341
415 341
170 342
319 342
39 343
189 343
87 344
109 344
170 344
267 345
210 346
249 346
168 347
302 347
363 347
79 348
245 348
138 349
417 349
456 349
35 350
127 350
154 350
190 350
259 350
382 350
399 350
338 351
315 352
262 353
475 353
58 354
187 354
422 354
258 355
169 356
191 356
262 356
267 356
282 356
351 356
459 357
123 358
266 358
405 358
28 359
256 359
441 359
167 360
232 360
241 360
245 360
52 361
155 361
217 361
81 362
139 362
223 362
224 362
260 362
335 362
96 363
195 363
259 363
300 363
429 363
73 364
81 364
223 364
386 364
426 364
179 365
428 365
102 366
208 366
407 366
154 367
235 367
451 367
466 367
136 368
334 368
116 369
152 369
210 369
99 370
150 370
273 370
120 371
314 371
354 371
370 372
45 373
428 373
135 374
151 374
255 374
436 374
70 375
88 375
150 375
202 375
255 375
393 375
91 376
99 376
416 376
428 376
254 377
336 377
435 377
133 378
149 378
246 378
271 378
412 378
474 378
114 379
136 379
269 379
414 379
119 380
149 380
109 381
131 381
177 381
318 381
418 381
431 381
455 381
66 382
150 382
151 382
202 382
205 382
253 382
86 383
432 383
35 384
418 384
107 385
282 385
433 385
439 385
149 386
249 386
269 386
477 386
418 387
432 387
113 388
128 388
203 388
210 388
353 388
402 388
38 389
58 389
82 389
149 389
231 389
296 389
418 389
264 390
402 390
78 391
152 391
264 391
401 391
440 391
27 392
180 392
266 392
406 392
88 393
280 393
420 393
111 394
127 394
221 394
357 394
241 395
255 395
76 396
138 396
199 396
281 396
401 396
101 398
153 398
313 398
401 398
217 399
256 399
50 400
137 400
152 400
401 400
465 400
253 401
256 401
260 401
280 401
310 401
342 401
403 401
444 401
231 402
297 402
278 403
100 404
249 404
427 404
53 405
118 405
292 405
372 405
409 405
138 406
253 406
274 406
278 406
313 406
426 406
78 407
208 407
249 407
312 407
244 408
274 408
252 409
423 409
425 409
465 409
69 410
98 410
245 410
328 410
91 411
147 411
264 411
266 411
296 411
356 411
392 411
411 411
41 412
163 412
247 412
292 412
405 412
426 412
120 413
273 413
88 414
113 414
193 414
261 414
118 416
272 416
309 416
430 416
68 417
113 418
210 419
143 420
186 420
310 420
358 420
96 421
119 421
325 421
434 421
107 422
231 422
250 423
285 423
305 423
89 424
92 424
158 424
253 424
288 424
410 424
437 424
60 425
246 425
82 426
87 426
202 426
264 426
109 427
114 427
137 427
246 427
263 427
281 427
285 427
303 427
393 427
104 428
244 428
88 430
242 430
263 430
282 430
111 431
191 431
412 431
101 432
279 432
462 432
217 433
357 433
376 433
444 433
165 434
50 435
101 435
105 435
130 435
320 435
394 435
408 435
108 436
179 436
145 437
234 437
259 437
294 437
338 437
427 437
103 438
104 438
105 438
293 438
320 438
71 439
207 439
274 439
408 439
290 440
293 440
412 440
126 441
205 441
233 441
410 441
96 442
162 442
202 442
224 442
228 442
413 442
195 443
355 443
393 443
121 444
156 444
196 445
221 445
63 446
189 446
248 446
315 446
431 446
453 446
268 447
471 447
116 448
184 448
333 448
354 450
144 451
177 451
212 451
173 452
238 452
83 453
181 453
239 453
397 453
167 454
402 454
439 454
49 455
104 455
203 455
438 455
476 455
137 456
164 456
170 456
209 456
278 456
419 456
438 456
195 458
354 458
199 459
229 459
236 459
226 460
151 461
201 461
259 461
371 461
423 461
463 461
193 462
328 462
415 462
186 463
194 463
225 463
72 464
125 464
346 464
420 464
403 465
91 466
151 466
214 466
247 466
397 466
447 466
181 467
182 467
184 468
319 468
422 468
174 469
467 469
170 470
287 470
300 470
402 470
60 471
172 471
181 471
183 471
170 472
426 472
139 473
366 473
234 474
265 474
438 474
315 475
398 475
162 476
97 477
159 477
227 477
413 477
227 478
332 478
85 479
154 479
195 479
215 479
201 480
254 480
404 480
410 480
458 480
122 481
253 481
258 481
280 481
366 481
385 481
388 481
202 482
256 482
362 483
303 484
189 485
251 485
108 486
325 486
355 486
75 487
167 488
240 488
440 488
295 489
142 490
272 490
382 490
229 491
218 492
271 492
426 492
266 494
257 495
258 495
450 495
329 496
396 496
95 497
374 497
380 497
204 498
412 498
453 499
182 500
343 500
85 501
163 501
244 501
373 501
280 502
327 502
433 502
458 502
387 503
395 503
243 504
147 505
244 506
294 506
322 506
363 506
386 506
387 506
356 507
215 508
442 508
121 509
271 509
315 509
103 511
194 511
347 511
380 511
111 512
260 512
260 514
376 514
451 514
420 515
185 516
250 516
365 516
431 516
278 517
404 517
134 518
155 518
247 518
394 518
305 519
368 519
393 519
439 519
361 520
388 520
397 520
117 521
303 521
268 523
296 523
324 523
354 523
291 524
379 524
232 525
293 525
315 525
259 526
284 526
289 526
258 527
371 527
105 528
219 528
285 528
312 528
182 529
252 529
253 529
339 529
128 530
160 530
210 530
167 531
277 531
310 531
193 532
425 532
438 532
242 534
412 534
299 535
300 535
403 535
360 536
237 537
389 537
317 539
366 539
282 540
183 543
262 544
265 544
309 544
347 544
200 545
227 545
256 545
304 545
130 546
157 546
219 546
259 546
295 546
298 546
265 547
297 547
397 549
404 549
280 551
390 551
246 553
274 553
279 553
281 553
285 553
376 553
307 554
385 554
240 555
245 555
307 556
358 556
366 557
198 558
204 558
298 558
304 558
345 558
292 559
295 560
221 561
277 565
314 566
245 568
260 568
374 573
222 574
279 577
330 577
288 578
314 578
