210 2
311 2
378 2
232 3
247 5
431 5
323 6
471 6
338 8
270 9
401 11
116 12
134 13
289 13
149 14
161 14
364 14
418 14
453 14
182 15
199 15
218 16
235 19
308 19
252 20
429 20
467 21
334 22
391 22
268 23
280 24
354 24
100 25
116 25
130 27
152 28
184 28
167 29
147 30
415 30
449 30
199 31
219 31
373 31
235 32
340 33
260 34
398 37
466 37
96 38
127 38
283 38
112 39
362 39
122 40
296 40
309 40
427 40
367 41
412 41
438 42
324 43
325 43
206 44
227 44
228 44
230 44
379 44
138 46
150 46
169 46
186 46
201 46
242 46
380 46
260 47
337 47
251 48
260 48
268 48
454 48
120 49
338 49
345 49
351 49
95 50
343 50
266 51
279 51
353 51
406 51
260 52
297 52
345 52
350 52
371 54
425 56
189 57
201 57
211 57
473 57
234 58
137 59
154 59
174 59
319 59
327 59
391 59
378 60
384 60
390 60
95 61
108 61
124 61
322 61
334 61
397 61
447 61
243 62
254 62
258 63
400 63
254 65
275 65
355 65
250 66
270 66
273 66
280 66
405 66
214 67
217 67
220 67
236 67
244 67
286 67
470 67
182 68
239 68
247 68
160 69
200 69
221 69
305 69
354 69
136 70
143 70
425 70
122 71
380 71
105 73
433 73
83 74
95 75
339 75
449 75
334 76
399 76
71 77
76 77
263 77
346 77
162 78
211 78
219 78
233 78
269 78
188 79
225 79
231 79
245 79
254 79
341 79
347 79
411 79
463 79
143 80
210 80
364 80
183 81
194 81
273 81
291 81
359 81
140 82
143 82
145 82
155 82
200 82
279 82
114 84
478 84
125 85
308 85
388 85
430 85
103 86
324 87
87 89
252 89
408 89
450 89
81 90
180 90
198 90
263 90
278 90
330 90
348 90
162 91
243 91
259 91
342 91
149 92
152 92
177 92
208 92
275 92
345 92
138 93
161 93
225 93
305 93
360 93
368 94
469 94
154 95
158 95
129 96
149 96
319 97
322 98
433 98
102 99
115 99
125 99
276 99
388 99
254 100
242 101
330 101
332 101
270 102
290 102
404 102
193 103
259 103
266 103
276 103
343 103
90 104
175 104
180 104
183 104
193 104
273 104
298 104
444 104
174 105
305 105
339 105
145 106
177 106
207 106
224 106
358 106
159 107
173 107
187 107
195 107
350 107
138 108
153 108
179 108
233 108
134 109
136 109
357 109
371 109
129 110
258 111
424 111
462 111
110 112
270 113
290 114
93 115
197 116
229 116
303 116
320 116
323 116
334 117
336 117
477 117
78 118
167 118
178 118
193 118
206 118
244 118
246 118
440 118
72 119
165 119
185 119
200 119
321 119
329 119
343 119
154 120
256 120
259 120
339 120
402 120
60 122
134 122
142 122
135 123
354 123
453 124
113 125
131 125
116 126
418 126
99 127
109 128
230 128
376 128
106 129
189 129
202 129
218 129
251 129
275 129
304 129
321 129
471 129
95 130
173 130
186 130
289 130
163 131
178 131
434 131
155 132
166 132
174 132
188 132
198 132
335 132
80 133
91 133
149 133
162 133
344 133
145 134
164 134
173 134
130 135
141 135
157 135
352 135
399 135
69 136
132 136
61 137
139 137
446 137
118 138
120 139
252 139
286 139
367 139
227 140
298 140
419 140
106 141
212 141
239 141
266 141
98 142
92 143
182 143
199 143
313 143
333 143
169 144
176 144
190 144
427 144
83 146
92 146
153 146
166 146
171 146
176 146
181 146
185 146
392 146
431 146
471 146
143 147
150 147
354 148
135 149
63 150
265 150
72 151
367 151
445 151
121 153
224 153
244 153
310 153
412 153
115 154
283 154
294 154
208 155
324 155
385 155
52 156
107 156
108 156
173 156
83 157
157 157
162 157
181 157
189 157
95 158
344 158
458 158
168 159
81 160
433 160
137 161
144 161
145 161
157 161
357 162
257 163
269 163
74 164
126 164
291 164
366 164
404 164
129 165
205 165
281 165
308 165
113 166
133 166
222 166
242 166
297 166
306 166
446 166
193 167
315 167
322 167
67 168
98 168
177 168
320 168
422 168
477 168
335 169
386 169
157 170
159 171
56 172
90 172
50 173
147 173
208 174
352 174
118 175
137 175
140 175
399 175
434 175
277 176
290 176
308 176
464 176
81 177
198 177
305 177
308 177
240 178
247 178
264 178
367 178
328 179
140 180
170 180
183 180
223 180
450 180
115 181
417 181
66 183
108 183
132 183
132 184
154 184
56 185
153 185
380 185
389 185
151 186
429 186
160 187
200 187
258 187
274 187
288 187
300 187
322 187
99 188
289 188
306 188
46 189
237 189
249 189
333 189
462 189
179 190
314 190
148 191
159 191
225 191
358 191
90 192
405 192
137 194
445 194
67 195
149 195
206 195
378 196
57 197
182 197
265 197
278 197
83 198
140 198
292 198
423 198
128 199
309 199
314 199
252 200
393 200
51 201
334 201
110 202
212 202
220 202
221 202
459 202
72 203
206 203
214 203
230 203
361 203
346 204
435 204
185 205
216 205
402 205
42 206
101 206
172 206
153 208
374 208
479 208
369 209
30 210
118 210
120 210
140 210
294 210
318 210
375 210
378 210
91 211
251 211
263 211
273 211
412 211
63 212
374 212
89 213
335 213
90 214
232 214
236 214
239 214
391 214
448 214
203 215
211 215
393 215
191 216
204 216
225 216
234 216
220 217
347 217
469 217
54 218
128 218
429 218
79 219
179 219
115 220
288 221
365 221
477 221
43 222
114 222
170 222
269 222
116 223
301 223
363 223
407 223
438 223
457 223
255 224
243 225
314 225
73 226
106 226
202 226
328 226
379 226
154 227
194 227
105 228
337 228
27 229
227 229
468 229
66 230
349 230
394 230
142 231
183 231
389 231
396 231
450 231
210 232
278 232
387 232
421 232
215 233
268 233
399 233
88 234
94 234
97 234
131 234
357 234
366 234
171 235
257 235
122 236
208 236
296 236
308 236
367 236
403 236
52 237
159 237
367 237
432 237
457 237
204 238
288 238
236 239
323 239
479 239
194 240
371 240
81 241
268 241
279 241
114 242
38 243
183 243
189 243
221 243
333 243
383 243
414 243
149 244
221 244
257 244
443 244
247 245
252 245
261 245
346 245
390 245
392 245
387 246
472 246
69 247
104 247
138 247
172 247
255 247
309 247
392 247
28 248
59 248
69 248
210 248
244 248
298 248
364 248
393 248
74 249
172 249
285 249
320 249
399 249
52 250
238 250
246 250
361 250
368 250
429 250
453 250
97 251
132 251
225 251
232 251
64 252
198 252
200 252
363 252
62 253
265 253
274 253
404 253
19 254
45 254
158 254
241 254
369 254
371 254
373 254
47 255
66 255
90 255
128 255
374 255
60 256
187 256
213 256
328 256
183 257
267 257
372 257
434 257
479 257
41 258
121 258
186 258
305 258
182 259
232 259
250 259
254 259
316 259
341 259
463 259
81 260
150 260
175 260
204 260
207 260
251 260
288 260
382 260
76 261
106 261
176 261
349 261
389 261
170 263
178 263
199 263
220 263
226 263
418 263
51 264
53 264
55 264
77 264
201 264
276 264
445 264
173 265
391 265
398 265
117 266
139 266
214 266
274 266
471 266
76 267
101 267
165 267
237 267
168 268
190 268
267 268
365 268
187 269
263 269
398 269
25 270
165 270
260 270
319 270
368 270
429 270
47 271
130 271
205 271
207 271
310 271
331 271
410 271
68 272
93 272
180 272
186 272
226 272
250 272
293 272
302 272
67 273
111 273
41 274
43 274
153 274
247 274
347 274
379 274
221 275
460 275
479 275
175 276
199 276
200 276
389 276
14 277
63 277
233 277
242 277
356 277
38 278
171 278
195 278
416 278
256 279
85 280
142 280
172 280
190 280
217 280
280 280
368 281
441 281
120 282
277 282
186 283
210 283
316 283
323 283
326 283
398 283
423 283
161 284
165 284
189 284
249 284
253 284
341 284
101 285
183 285
302 285
329 285
331 285
336 285
375 285
467 285
54 286
186 286
219 286
267 286
295 286
183 287
245 287
247 287
323 287
77 288
264 288
348 288
350 288
449 288
23 289
112 289
186 289
240 289
406 289
134 290
176 290
180 290
202 290
287 290
357 290
47 291
94 291
156 291
177 291
279 291
69 292
361 292
174 293
471 293
177 294
232 294
391 294
253 295
257 295
150 296
173 297
196 297
370 297
15 298
88 298
108 298
316 298
437 298
194 299
330 299
418 299
125 300
218 300
247 300
270 300
335 300
82 301
146 301
302 301
325 301
457 301
33 302
103 302
169 302
190 302
266 302
478 302
188 303
245 303
294 303
349 303
381 303
422 303
62 304
286 304
348 304
165 305
240 305
245 305
120 306
189 306
210 306
27 307
47 307
140 307
277 307
358 307
402 307
78 308
281 308
162 309
181 309
366 309
254 310
430 310
58 311
98 311
182 311
372 311
445 311
136 312
157 312
230 312
321 312
331 312
43 313
177 313
250 313
311 313
321 313
410 313
466 313
21 314
72 314
114 314
199 314
253 314
277 314
327 314
332 314
337 314
321 315
337 315
345 315
382 315
270 316
335 316
341 316
351 317
450 317
38 318
93 318
224 318
269 318
15 319
270 319
297 319
471 319
129 320
152 320
173 320
394 320
293 321
68 322
125 323
191 323
362 323
431 323
109 324
152 324
212 324
403 324
125 325
225 325
289 325
472 325
51 326
168 326
315 326
455 326
32 327
144 327
288 327
315 327
324 327
8 328
67 328
85 328
145 328
225 328
261 328
320 328
375 328
412 328
211 329
289 329
336 329
105 330
124 330
292 330
186 331
239 331
240 331
123 332
207 332
282 332
347 332
202 333
207 333
26 334
47 334
140 334
390 334
428 334
100 335
166 335
223 335
281 335
80 336
238 336
301 336
359 336
442 336
466 336
140 337
151 337
203 337
300 337
121 338
137 338
181 338
240 338
257 338
303 338
150 339
205 339
407 339
41 340
58 340
118 340
139 340
323 340
368 340
94 341
163 341
202 341
237 341
277 341
150 342
201 342
206 342
219 342
334 342
283 343
471 343
237 345
298 345
340 345
54 346
76 346
132 346
298 346
379 346
417 346
459 346
35 347
164 347
235 347
346 347
92 348
147 348
182 348
204 348
219 348
240 348
478 348
149 349
217 349
220 349
14 350
135 350
388 350
431 350
9 351
200 351
254 351
353 351
133 352
219 352
236 352
50 353
110 353
145 353
283 353
129 354
269 354
300 354
302 354
323 354
395 354
448 354
29 355
88 355
180 355
163 356
201 356
297 356
300 356
359 356
69 357
147 357
235 357
460 357
44 358
133 358
146 358
199 358
327 359
371 359
471 359
129 360
218 360
220 360
302 360
304 360
104 361
128 361
88 362
252 362
288 362
413 362
162 363
200 363
37 364
83 364
217 364
348 364
61 365
160 365
290 365
424 365
116 366
182 366
199 366
237 366
383 366
102 367
129 367
286 367
347 367
99 368
144 368
166 368
179 368
222 368
315 368
354 368
438 368
199 369
220 369
292 369
27 370
99 370
200 370
237 370
272 370
77 371
117 371
185 371
202 371
306 371
320 371
391 371
54 372
318 372
114 373
117 373
163 373
180 373
294 373
323 373
336 373
360 373
454 373
19 375
74 375
203 375
257 375
339 375
367 375
323 376
403 376
92 377
95 377
127 377
180 377
239 377
294 377
296 377
344 377
346 377
146 378
200 378
223 378
239 378
466 378
476 378
44 379
179 379
205 379
281 379
110 380
184 380
201 380
278 380
69 381
178 381
313 381
376 381
411 381
239 382
350 382
10 383
163 383
332 383
164 384
183 384
224 384
242 384
263 384
349 384
93 385
166 385
424 385
38 386
83 386
353 386
63 387
168 387
205 387
302 387
335 387
387 387
148 388
208 388
230 388
266 388
287 388
356 388
180 389
224 389
334 389
437 389
450 389
165 390
226 390
283 390
287 390
32 391
201 391
207 391
210 391
226 391
321 391
336 391
465 391
107 392
224 392
308 392
479 392
107 393
308 393
59 394
78 394
136 394
401 394
94 395
151 395
366 395
121 396
165 396
187 396
206 396
248 396
296 396
310 396
330 396
23 397
95 397
207 397
327 397
344 397
374 397
172 398
205 398
316 398
343 398
49 399
107 399
189 399
274 399
352 399
170 401
186 401
232 401
254 401
453 401
91 402
122 402
136 402
170 402
251 402
415 402
212 403
277 403
299 403
355 403
358 403
255 404
337 404
385 404
465 404
74 405
279 405
317 405
319 405
378 405
106 406
175 406
432 406
474 407
154 408
195 408
234 408
258 408
278 408
175 409
191 409
344 409
40 410
70 410
177 410
282 410
306 410
393 410
194 411
266 411
445 411
140 412
180 412
331 412
264 413
367 413
195 414
262 414
267 414
287 414
34 415
224 415
330 415
352 415
410 415
184 416
196 416
241 416
247 416
352 416
178 417
241 417
287 417
376 417
462 417
85 418
266 418
315 418
338 418
58 419
162 419
273 419
290 419
161 420
184 420
243 420
267 420
269 420
300 420
381 420
402 420
144 421
252 421
274 421
322 421
337 421
355 421
378 421
426 421
125 422
225 422
268 422
340 422
378 422
184 423
201 423
301 423
250 424
321 424
365 424
418 424
440 424
102 425
164 425
274 425
389 425
50 426
22 427
162 427
322 427
385 427
392 427
79 428
128 428
184 428
294 428
326 428
395 428
167 429
257 429
346 429
44 430
210 430
228 430
331 430
455 430
146 431
171 431
295 431
308 431
333 431
395 431
474 431
78 432
371 432
399 432
113 433
263 433
312 433
353 433
235 434
261 434
374 434
192 435
279 435
317 435
355 435
168 436
266 436
334 436
338 436
359 436
427 436
59 437
96 437
283 437
341 437
35 438
129 438
217 438
299 438
303 438
304 438
359 438
410 438
74 439
152 439
174 439
177 439
192 439
241 439
322 440
338 440
439 440
285 441
365 441
438 441
133 442
197 442
202 442
344 442
383 442
440 442
27 443
269 443
305 443
385 443
416 443
455 443
309 444
327 444
394 444
463 444
109 445
221 445
226 445
289 445
308 445
473 445
204 446
367 446
373 446
355 447
45 448
375 448
64 449
183 449
315 449
374 449
84 450
140 450
205 450
231 450
336 451
406 451
254 452
362 453
164 454
363 454
435 454
364 455
366 455
405 455
408 455
440 455
102 456
300 456
385 456
416 456
440 457
451 457
69 458
121 458
258 458
437 458
44 459
371 459
373 459
417 459
460 459
233 460
474 460
173 461
215 461
236 461
283 461
91 463
197 463
380 463
381 463
151 464
396 464
62 465
108 465
239 465
308 465
386 465
223 466
268 466
394 466
156 467
222 468
224 468
292 468
44 469
184 469
246 469
134 471
162 471
203 471
225 471
359 472
421 472
434 472
438 472
79 473
204 473
207 473
418 473
447 473
208 474
254 474
317 474
338 474
455 474
463 474
64 475
100 475
228 475
305 475
408 475
468 475
371 476
476 476
113 477
143 477
169 477
192 477
319 477
369 477
372 477
375 477
439 477
281 478
305 478
380 479
382 479
120 480
215 480
289 480
345 480
389 480
48 481
119 481
175 481
235 481
354 481
116 482
260 482
387 482
153 483
258 483
291 484
199 485
352 485
356 485
80 486
85 486
131 486
246 486
397 486
65 487
81 487
90 487
182 488
206 488
225 488
269 488
357 488
242 489
249 489
410 489
94 490
138 490
331 490
471 490
479 490
186 491
190 491
301 491
427 491
444 491
461 491
47 492
144 492
103 493
253 493
371 493
276 494
338 494
274 495
279 495
343 495
344 495
117 496
172 496
254 496
381 496
115 497
193 497
257 497
254 498
119 499
154 499
177 499
316 499
342 499
392 499
58 501
129 501
176 501
198 501
219 501
356 501
359 501
73 502
85 502
245 502
406 503
179 505
262 505
422 505
436 505
83 506
98 506
200 506
452 506
471 506
96 507
106 507
329 507
167 508
172 508
302 508
109 509
186 509
372 509
171 510
207 510
110 511
333 511
335 511
340 511
107 512
270 512
345 512
388 512
117 513
267 513
274 513
121 514
151 514
240 514
278 514
192 515
194 515
270 515
310 515
216 516
241 516
279 516
343 516
348 516
401 516
163 517
55 518
284 518
353 518
412 518
430 518
73 519
83 519
86 520
96 520
134 520
247 520
130 521
170 521
199 521
316 521
455 521
463 521
476 521
362 522
447 522
99 523
135 523
137 523
168 523
324 523
173 524
293 524
149 525
177 525
179 526
295 526
378 526
179 528
214 528
337 529
155 530
156 530
230 530
304 530
392 530
118 531
187 531
302 531
53 532
70 532
126 532
271 532
348 532
125 534
306 534
164 535
310 535
454 535
469 535
84 536
122 536
359 536
424 536
129 537
131 537
319 537
437 537
248 538
311 538
319 538
96 539
202 540
324 540
373 540
150 541
198 541
178 542
180 542
177 543
214 543
256 543
106 544
294 544
397 544
408 544
339 546
186 547
266 547
299 547
307 547
442 547
161 548
305 548
465 548
64 549
149 549
157 549
426 549
123 550
81 551
170 551
275 552
354 552
312 553
371 553
169 554
100 555
136 555
172 555
193 555
197 555
284 555
133 556
214 556
227 556
286 556
143 557
199 557
245 557
396 557
115 558
179 558
320 558
181 559
254 559
144 560
151 560
155 560
180 560
296 560
304 560
320 560
301 561
461 561
327 562
422 562
260 563
446 563
455 563
342 564
437 564
109 566
164 566
275 566
90 567
366 567
221 568
123 569
199 569
136 572
378 572
178 573
401 574
102 575
239 576
316 576
325 576
449 576
145 577
248 577
424 577
438 578
162 579
206 579
260 580
340 580
274 582
179 584
358 584
117 585
294 585
305 587
379 587
135 589
237 589
392 589
403 589
194 590
210 590
317 590
412 591
151 592
248 592
341 595
268 596
166 597
351 598
283 599
178 600
183 600
362 600
374 600
297 602
218 604
227 604
312 604
206 605
253 608
337 608
268 610
344 610
282 613
