152 2
166 2
288 2
303 2
422 3
434 5
131 6
323 6
392 6
341 7
113 8
450 8
471 8
226 9
239 9
82 10
213 10
252 10
97 11
275 12
410 13
192 14
366 14
69 15
291 15
309 17
319 17
337 18
392 19
155 20
438 22
139 23
454 23
111 24
230 24
240 24
250 24
125 25
214 25
267 25
363 25
203 27
284 27
387 27
85 28
187 28
403 28
99 29
305 30
333 30
420 32
160 33
73 34
357 34
446 35
140 37
465 37
386 38
126 39
370 39
270 40
105 41
213 41
223 41
290 41
124 42
198 42
253 42
100 43
304 43
407 43
107 44
185 45
319 45
452 45
348 46
422 46
88 47
172 47
331 47
342 47
350 47
85 48
147 48
159 48
430 48
135 50
149 50
351 50
434 50
71 51
129 51
434 51
254 52
429 52
140 53
268 53
367 53
117 54
242 54
382 54
472 54
115 55
123 55
220 55
279 55
106 57
108 57
298 57
406 57
82 58
173 58
202 58
102 59
114 59
336 59
341 59
107 60
157 60
412 60
454 60
153 61
155 61
188 61
336 61
353 61
416 61
411 62
419 62
89 63
140 63
363 63
130 64
146 64
347 64
426 64
469 64
170 66
231 66
386 66
85 67
252 67
270 67
123 68
209 68
281 68
440 69
70 71
152 71
304 71
401 72
407 72
103 73
152 73
193 73
138 74
322 74
331 74
132 75
146 75
343 75
346 75
326 76
378 76
99 77
227 77
243 77
94 78
359 78
393 78
421 78
423 78
121 79
173 79
205 79
268 79
465 81
155 82
284 82
290 82
308 82
297 83
313 83
408 83
365 84
297 85
101 86
146 86
448 86
74 87
126 87
128 87
135 87
237 88
258 88
93 89
125 89
332 89
128 90
427 90
185 91
194 91
208 91
223 91
393 91
65 92
165 92
464 92
284 93
357 93
285 94
288 94
104 96
156 96
374 96
150 97
258 97
314 97
413 97
303 98
451 98
132 99
136 99
141 99
244 99
272 99
145 100
220 100
317 100
90 101
127 102
131 102
140 102
184 102
335 102
121 103
201 103
77 104
352 104
168 105
403 105
436 105
257 107
275 107
469 107
64 109
110 109
239 109
370 109
154 110
293 110
297 110
306 110
312 110
142 111
205 112
323 112
455 112
89 113
145 113
383 113
136 114
136 115
435 115
343 116
123 117
180 118
228 119
251 119
268 119
356 119
201 121
361 121
68 122
110 122
159 122
282 122
374 122
298 123
378 123
62 124
102 124
416 124
315 126
477 126
385 127
388 127
467 127
331 128
429 128
219 129
241 129
137 130
342 130
172 131
354 131
401 132
257 133
277 133
188 134
82 135
114 135
361 135
296 136
379 136
386 137
423 137
468 137
63 138
158 138
147 139
314 140
385 140
396 140
213 141
224 141
226 141
234 141
258 141
388 141
94 142
233 142
249 142
398 142
193 143
215 143
336 143
278 144
440 144
133 145
182 145
353 146
119 147
292 147
373 147
413 147
375 148
78 149
166 149
304 149
373 149
371 150
428 150
316 151
374 151
226 152
387 152
396 152
100 154
151 154
227 154
246 154
392 154
63 155
203 155
268 155
335 155
182 156
476 156
354 157
409 157
90 158
175 158
297 159
451 159
130 160
362 160
158 161
286 161
300 161
310 162
158 163
316 163
77 164
113 164
122 164
150 164
228 164
304 164
375 164
398 164
432 165
148 166
217 166
334 166
246 167
143 168
194 168
57 169
146 169
473 169
177 170
348 170
412 170
78 172
123 173
269 173
282 173
286 173
302 173
384 173
428 173
96 174
238 174
398 174
452 174
121 175
253 175
298 175
308 175
369 175
228 176
296 176
114 177
160 177
162 177
311 177
148 178
316 178
329 179
85 180
209 180
414 180
441 180
59 181
192 181
341 181
105 183
474 183
141 184
280 184
74 185
176 185
299 185
361 185
125 186
228 186
244 186
301 186
309 186
398 186
128 187
261 187
293 187
298 187
304 187
454 187
314 188
433 188
128 189
217 189
301 189
324 189
159 190
83 191
149 192
153 192
200 192
329 192
471 192
341 193
418 193
443 193
53 194
110 194
385 194
136 196
142 196
456 196
186 197
287 197
242 198
254 198
133 199
302 199
311 199
230 200
270 200
403 200
372 201
96 202
124 202
157 202
160 202
322 202
366 202
367 202
331 203
339 203
435 203
154 204
157 204
327 204
74 205
198 205
213 205
335 205
342 205
383 205
114 206
338 206
386 206
145 207
351 207
417 207
139 208
146 208
150 208
476 208
246 209
259 209
265 209
352 209
136 210
144 210
286 210
390 210
451 210
183 211
226 211
360 211
311 212
399 212
77 213
127 213
431 213
98 214
167 214
212 214
372 214
49 216
324 216
334 216
373 216
378 216
462 216
155 217
380 218
64 219
386 219
445 219
112 220
255 220
413 220
240 221
258 221
266 221
144 222
352 222
354 222
361 222
388 222
81 223
137 223
293 223
174 224
356 224
53 225
221 225
318 225
366 225
474 225
396 226
426 226
96 227
154 227
160 227
202 227
335 227
404 227
455 227
258 228
336 228
376 228
68 229
124 229
153 229
159 229
40 231
185 231
245 231
339 232
388 232
140 233
149 233
241 233
354 233
82 234
108 234
258 234
283 234
354 234
390 234
57 235
143 235
213 235
271 235
310 235
356 235
468 235
259 236
361 236
138 237
259 237
279 237
368 237
370 237
445 237
424 238
167 239
68 240
374 240
97 241
121 241
247 241
335 241
341 241
93 242
152 242
191 242
193 242
329 242
375 242
382 242
407 242
118 243
348 243
44 244
85 245
219 245
59 246
83 246
232 246
284 246
288 246
435 246
106 247
171 247
276 247
290 247
294 247
296 247
85 248
373 248
391 248
165 249
206 249
282 249
303 249
304 249
321 249
290 250
292 250
99 251
104 251
130 251
166 251
196 251
198 251
321 251
390 251
395 251
462 251
69 253
154 253
190 253
255 253
323 253
390 253
394 253
421 253
446 253
243 254
337 254
359 254
331 255
477 255
117 256
229 256
367 256
400 256
117 257
179 257
339 257
215 258
44 259
119 259
285 259
291 259
336 259
347 259
374 259
432 259
108 260
140 260
291 260
294 260
305 260
309 260
371 260
374 260
62 261
200 261
278 261
108 262
163 262
166 262
196 262
266 262
296 262
317 262
344 262
346 262
350 262
81 263
103 263
455 263
165 264
252 264
320 264
50 265
131 265
98 266
229 266
323 266
419 266
358 267
392 267
475 267
358 268
367 269
178 270
213 270
398 270
148 271
361 271
368 271
402 272
65 273
172 273
303 273
335 273
376 273
175 274
197 274
229 274
300 274
303 274
374 274
445 274
467 274
168 275
171 275
287 275
303 275
310 275
338 275
86 276
195 276
275 276
337 276
108 277
319 277
323 277
264 278
410 278
132 279
352 279
383 279
51 280
108 280
254 280
217 281
258 281
416 281
436 281
473 281
73 282
101 282
130 282
186 282
389 282
127 283
453 283
147 284
202 284
248 284
362 284
237 285
306 285
421 285
98 286
418 286
116 287
170 287
421 287
424 287
116 288
274 288
295 288
301 288
320 288
118 289
276 289
44 290
272 290
335 290
442 290
66 291
264 291
376 291
86 292
141 292
89 293
261 293
187 294
426 294
463 294
128 295
247 295
259 295
347 295
102 296
134 296
160 296
81 297
106 297
78 299
153 299
302 299
386 299
414 299
127 300
207 300
314 300
412 300
433 300
102 301
152 301
232 301
289 301
327 301
358 301
431 301
436 301
294 302
298 302
451 302
53 303
172 303
268 303
274 303
286 303
32 304
93 304
272 304
140 305
143 305
335 305
113 306
187 306
257 306
435 306
220 307
394 307
69 308
135 308
159 308
253 308
370 309
243 310
437 310
439 310
479 310
128 311
131 311
423 311
132 313
152 313
156 313
422 313
440 313
101 314
197 314
293 314
310 314
313 314
349 314
61 315
302 315
312 315
417 315
460 315
40 316
297 316
315 316
320 316
377 316
439 316
210 317
275 317
278 317
280 317
401 317
405 317
118 318
120 318
401 318
420 318
229 319
272 319
318 319
166 320
247 320
326 320
426 320
74 321
225 321
268 321
275 321
335 321
355 321
425 321
18 322
147 322
337 322
446 322
226 323
247 323
31 324
83 324
185 324
51 325
357 325
95 326
332 326
342 326
383 326
129 327
202 327
110 328
407 328
195 329
257 329
260 329
469 329
67 330
25 331
211 331
299 331
302 331
433 331
158 332
288 332
310 332
339 332
171 333
246 333
254 333
310 333
338 333
40 334
77 334
347 334
121 335
251 335
269 335
285 335
308 335
339 335
287 336
290 336
311 336
314 336
367 336
101 337
137 337
285 337
322 338
45 339
318 339
388 339
456 339
474 339
59 340
348 340
351 340
89 341
202 341
203 341
264 341
371 341
413 341
207 342
260 342
223 343
343 343
71 344
341 344
440 344
354 345
113 347
157 347
203 347
289 347
304 347
30 348
255 348
276 348
90 349
329 349
345 349
347 349
133 350
214 350
215 350
304 350
325 350
413 350
460 350
476 350
191 351
352 351
235 352
429 352
214 353
274 353
275 353
56 354
234 354
354 354
41 355
150 355
215 355
237 355
213 356
328 356
345 356
392 356
253 357
216 358
227 358
275 358
445 358
84 359
346 359
125 360
313 360
335 360
311 361
103 362
290 362
347 362
351 362
371 362
396 362
186 363
251 363
328 363
415 363
21 364
163 365
232 365
466 365
329 366
50 368
63 368
273 368
353 368
370 368
435 368
206 369
303 369
346 369
366 369
368 369
388 369
306 370
81 371
304 371
348 371
33 372
121 372
140 372
231 372
302 372
368 372
213 373
254 373
330 373
418 373
99 374
368 374
452 374
158 375
365 375
14 377
322 377
344 377
346 377
349 377
386 377
282 378
59 379
179 379
337 379
348 379
284 380
399 380
436 380
45 381
284 381
347 381
139 382
156 382
259 382
282 382
343 383
398 383
471 383
25 384
217 384
309 384
314 384
309 385
333 385
344 385
346 386
363 386
58 387
115 387
437 387
179 388
359 388
386 388
401 388
198 389
338 389
341 389
384 389
418 389
455 389
94 390
361 390
72 391
243 392
322 392
324 392
330 392
336 392
157 393
380 393
321 394
377 394
379 394
385 394
41 396
138 396
353 396
476 396
111 397
282 397
309 397
24 398
300 398
315 398
293 399
460 399
315 400
317 400
383 400
71 401
440 401
122 402
202 402
230 403
350 403
400 403
417 403
93 404
477 404
250 405
418 405
421 405
40 407
253 407
230 408
54 409
214 409
258 409
263 409
380 409
106 410
263 410
124 411
276 411
328 411
431 411
215 412
449 412
461 412
318 413
275 414
417 414
430 414
309 415
405 415
431 415
25 416
289 416
107 417
183 417
362 417
341 418
142 419
391 419
435 419
79 420
210 420
236 420
241 420
377 420
38 421
64 421
161 421
238 421
404 421
433 421
205 422
432 422
51 423
446 423
464 423
94 424
403 424
433 424
435 424
145 426
215 426
219 426
109 427
256 427
220 428
219 429
262 430
274 430
325 430
404 430
260 431
277 431
66 433
95 433
193 433
221 433
234 433
389 433
418 433
37 434
227 434
273 434
285 434
368 434
128 435
232 435
309 435
464 435
170 436
342 436
53 437
432 437
232 438
113 439
225 439
416 439
431 439
235 440
419 440
449 440
151 441
202 442
243 443
415 443
113 444
38 445
83 445
381 445
178 446
211 446
95 447
98 447
467 447
69 448
111 448
355 448
398 448
83 449
153 449
56 450
430 451
115 452
272 452
187 453
223 454
285 454
114 455
299 455
351 455
97 456
84 457
116 457
42 458
57 459
451 459
71 460
120 460
193 460
338 460
100 461
103 461
467 461
85 462
224 462
89 465
101 465
140 465
173 466
43 467
89 467
159 467
254 467
319 467
104 468
122 468
203 469
300 469
345 469
267 470
285 471
60 472
75 472
88 472
364 472
110 473
183 473
212 474
217 475
91 476
44 477
93 478
330 479
464 479
170 480
379 480
447 480
153 481
177 481
191 481
229 481
248 481
376 481
402 481
64 482
244 482
179 483
191 483
253 483
353 483
248 484
281 484
299 484
318 484
132 485
262 485
380 485
117 486
281 486
291 486
294 486
316 486
371 486
399 486
49 487
85 487
303 487
378 487
267 488
272 488
281 488
295 488
306 488
395 488
398 488
161 489
301 489
417 490
392 491
165 492
201 492
169 493
69 494
175 494
367 494
334 495
371 495
86 496
107 496
183 496
368 496
130 498
460 498
385 499
149 500
233 500
364 500
367 500
359 501
322 502
405 502
438 502
241 503
298 504
299 504
247 505
285 505
353 505
379 505
386 505
250 506
318 506
382 506
259 507
261 507
320 507
257 508
259 508
275 508
284 508
191 509
260 510
273 510
346 510
382 510
139 512
180 512
232 512
202 513
456 513
162 514
308 515
339 515
396 515
181 516
245 516
378 516
162 517
183 517
245 518
249 518
368 518
168 519
251 519
294 519
123 520
148 520
220 520
91 521
105 521
259 521
325 521
256 522
257 522
280 522
284 522
290 522
253 523
320 523
359 523
411 523
193 524
271 524
173 525
283 525
135 526
274 526
317 526
205 529
312 529
352 530
425 530
101 531
184 531
447 531
238 532
377 532
117 534
251 534
253 534
255 534
294 534
303 534
306 534
163 535
247 535
260 535
261 535
265 536
290 536
276 537
298 537
269 538
272 538
279 538
286 538
146 539
257 539
281 539
282 539
342 539
196 540
324 540
395 541
419 541
149 543
89 544
233 544
127 545
177 545
109 546
313 546
314 546
436 546
414 547
246 548
309 548
314 548
317 548
241 549
312 549
388 549
308 550
356 550
433 550
253 551
260 551
306 551
318 551
191 552
269 552
271 552
301 552
315 552
138 553
164 553
259 553
277 553
215 554
257 554
290 554
97 555
274 555
280 555
285 555
174 556
274 556
375 556
347 557
406 558
121 559
206 560
227 560
322 561
339 562
184 563
366 563
134 566
240 566
261 567
394 567
163 568
198 569
304 569
284 570
354 571
218 572
410 574
379 575
147 576
182 578
324 578
234 579
344 581
159 582
311 583
196 584
252 584
399 584
206 586
270 586
286 586
294 586
363 586
169 587
220 588
332 589
185 593
236 593
350 594
199 595
253 597
310 597
269 599
286 599
219 602
237 606
259 611
