357 1
435 1
260 2
339 2
453 2
211 3
37 4
112 5
171 5
4 6
138 6
470 6
200 7
85 8
243 8
308 8
54 10
289 11
158 12
184 13
230 13
274 13
373 13
386 13
128 14
357 14
21 15
74 15
99 15
412 15
426 15
342 16
146 17
214 18
327 18
448 18
171 19
256 19
466 19
117 20
313 20
63 22
298 22
37 23
244 23
199 25
235 25
104 26
162 26
282 26
368 26
404 27
9 28
127 28
187 28
351 28
422 28
77 29
336 29
435 29
319 30
51 31
223 31
449 31
270 32
307 32
459 32
170 34
112 35
211 35
257 35
475 35
141 36
291 36
23 37
85 37
380 37
389 37
240 38
400 38
415 39
200 40
369 40
176 41
355 41
401 41
424 41
99 42
157 42
168 42
252 42
321 43
370 43
38 44
442 44
455 44
120 45
174 45
288 45
170 46
183 46
81 47
293 47
326 47
295 48
360 48
58 49
185 50
198 50
394 50
403 50
439 50
55 51
171 51
173 51
269 51
85 52
140 52
177 52
231 52
275 52
329 52
24 53
368 53
447 54
154 55
58 56
115 56
196 56
208 56
387 57
460 57
36 60
112 60
467 60
317 61
352 61
412 61
440 61
101 62
143 63
167 63
229 63
291 63
411 65
291 66
341 66
436 66
69 67
99 67
211 67
102 68
301 68
331 68
7 70
58 70
225 70
257 70
453 70
132 71
390 71
234 72
248 72
372 72
468 72
366 73
22 74
93 74
153 74
177 74
67 75
101 75
294 75
38 76
92 76
198 76
210 76
303 76
365 76
68 77
102 77
122 77
146 77
256 77
75 78
434 78
451 79
198 80
13 81
284 81
344 81
188 82
42 83
465 84
70 85
122 85
407 85
179 86
364 86
383 86
177 87
254 87
406 87
422 88
246 89
347 89
433 89
55 90
88 90
96 90
116 90
164 90
325 90
290 91
423 91
443 91
110 93
219 93
284 93
344 93
398 93
336 94
376 94
87 95
364 95
452 95
24 96
139 96
172 97
467 97
301 98
319 98
357 98
391 98
432 98
149 99
218 99
284 99
286 99
136 100
177 100
257 100
303 100
431 100
48 101
405 101
37 102
395 103
208 104
351 104
423 104
13 105
79 105
85 105
103 105
250 105
53 106
118 106
272 106
327 106
28 107
171 108
185 108
220 108
227 108
378 108
442 108
159 109
315 109
394 109
161 110
357 110
366 110
383 110
71 111
314 111
363 111
368 111
404 111
461 111
104 112
155 112
328 112
309 113
78 114
107 115
468 115
323 116
3 117
47 117
59 118
177 118
319 118
149 119
213 119
293 119
18 120
260 120
41 122
211 122
231 122
283 122
318 122
368 122
447 122
213 123
381 123
407 123
107 124
346 124
352 124
398 124
108 125
113 125
121 125
165 125
422 125
170 126
319 126
327 126
462 126
61 127
298 127
469 127
84 128
277 128
310 128
317 128
103 129
112 129
183 129
34 131
438 131
476 131
137 132
229 132
249 132
281 132
409 132
102 133
290 133
387 133
393 133
116 134
141 134
8 135
54 135
78 135
454 135
112 136
421 136
318 137
155 138
343 138
392 138
316 139
373 139
139 140
324 140
329 140
28 141
221 141
307 141
358 141
366 141
467 141
233 142
402 142
432 142
151 143
229 143
276 143
368 144
120 145
129 145
168 145
229 145
235 145
411 145
444 145
477 145
44 146
66 146
261 146
176 147
215 147
291 147
337 147
393 147
452 147
295 148
374 149
214 150
369 150
390 150
87 151
259 151
311 151
341 151
393 151
180 152
197 152
239 152
309 152
370 152
429 152
464 152
16 153
87 153
95 153
226 153
235 154
438 154
210 155
294 155
404 155
133 156
393 156
81 157
177 157
290 157
36 158
262 158
297 158
380 158
420 158
473 158
248 159
354 159
78 160
149 160
451 160
56 161
440 161
68 162
185 162
260 163
6 165
59 165
109 165
263 165
297 165
338 165
355 165
215 166
361 166
66 167
92 167
143 167
214 167
348 167
465 167
264 168
28 169
45 169
280 169
340 169
72 170
387 170
261 171
263 171
345 171
187 174
279 174
454 174
222 175
311 176
343 176
303 177
355 177
154 178
146 179
208 179
256 179
388 179
438 179
17 180
384 180
446 180
169 181
174 181
231 181
258 181
336 181
92 182
134 182
418 182
86 183
470 183
238 184
435 184
106 185
130 185
136 185
196 185
210 185
306 185
310 185
451 185
47 186
52 186
122 186
217 186
363 186
44 187
478 187
225 188
310 188
331 188
391 188
57 189
12 191
198 191
442 191
277 193
425 193
33 194
199 194
247 195
465 195
98 196
146 196
161 196
245 196
332 196
371 196
320 197
394 197
438 197
83 198
223 198
353 198
365 198
409 198
247 199
432 199
99 200
276 200
453 201
396 202
51 203
103 204
165 204
192 204
217 204
474 204
179 205
301 205
5 206
156 206
232 206
245 206
291 206
309 206
435 206
71 207
303 207
164 208
333 208
419 208
175 209
211 209
290 209
479 209
50 210
442 210
462 210
69 211
195 211
42 212
198 212
268 212
177 213
208 213
133 214
300 214
427 214
431 214
23 215
242 215
324 215
334 215
409 215
411 215
428 216
98 217
421 217
466 218
54 219
67 219
87 219
139 219
96 220
102 220
174 220
265 220
433 220
159 221
356 221
147 222
341 222
349 222
39 223
70 223
371 223
437 223
156 224
229 224
326 224
451 224
470 224
338 226
403 227
16 228
60 228
237 228
241 228
322 228
142 229
211 229
327 229
54 230
129 230
145 230
224 230
412 231
475 231
128 232
211 232
265 232
395 232
429 232
335 233
403 233
411 233
365 234
461 234
31 235
309 235
84 236
420 236
123 237
379 237
442 237
9 238
116 238
62 239
142 239
345 239
412 239
420 239
68 240
234 240
340 242
134 243
175 243
180 243
285 243
329 243
344 243
363 243
403 243
242 244
301 245
307 245
322 245
465 245
4 246
95 246
446 246
151 247
357 247
371 248
161 249
188 249
249 250
426 250
40 251
22 252
183 252
282 252
383 252
71 253
469 253
246 254
366 254
372 254
72 255
131 255
350 255
408 255
56 256
73 256
381 256
60 257
89 257
94 257
263 257
450 257
172 259
318 259
416 259
47 260
149 260
50 261
391 261
432 261
36 262
225 262
250 262
472 262
115 263
131 264
294 264
435 264
72 266
257 266
327 266
191 267
352 267
419 267
454 267
14 268
200 268
44 269
49 269
61 269
221 269
42 271
99 271
149 271
255 271
278 271
221 272
436 272
475 272
59 274
276 274
333 274
30 275
61 275
213 275
361 275
128 276
368 276
286 277
321 277
459 277
392 278
477 278
166 279
295 279
240 280
254 280
280 280
389 280
334 281
43 282
46 282
9 283
73 285
360 285
58 286
232 286
245 286
248 286
268 286
317 286
424 286
147 287
325 287
438 287
164 288
310 288
210 290
373 290
400 290
414 290
22 292
153 292
252 292
440 292
85 293
244 293
415 293
459 293
478 293
63 294
277 294
294 294
352 294
4 295
118 296
422 296
190 297
401 297
271 298
154 299
344 300
36 301
81 301
396 301
408 301
442 302
71 303
138 303
411 303
93 304
188 304
220 304
359 305
128 306
306 306
331 306
366 306
461 306
18 307
259 308
140 309
162 309
293 310
122 311
276 311
58 312
318 312
437 312
233 314
267 314
95 315
116 315
205 315
259 315
417 315
478 315
304 316
347 316
458 316
182 317
250 317
30 318
79 318
421 318
65 319
81 319
98 319
243 319
374 319
167 320
438 320
110 322
113 322
297 322
73 323
87 323
251 323
328 323
66 324
89 324
138 324
384 324
440 324
478 324
123 325
338 325
55 326
105 326
214 326
289 326
454 326
27 327
91 327
172 327
189 327
286 327
65 329
80 329
121 329
413 329
470 329
10 330
224 330
266 331
302 331
355 331
280 332
134 333
195 333
424 333
319 334
354 334
385 334
408 334
450 334
101 335
236 335
370 335
426 335
438 335
117 336
127 336
133 336
135 338
106 339
175 339
38 340
300 340
345 340
438 340
56 341
117 341
121 341
158 341
302 341
211 342
417 342
426 342
65 343
422 344
478 344
426 345
420 346
134 347
151 347
316 347
413 347
461 347
6 348
75 348
184 348
331 348
123 349
243 349
444 349
66 350
108 350
231 350
20 351
82 351
272 351
301 351
354 351
51 352
433 352
257 353
331 353
336 353
422 353
151 354
357 354
376 354
71 356
197 356
406 357
167 358
360 358
454 358
471 358
301 359
352 359
32 360
207 360
424 360
184 361
364 361
111 362
244 362
252 362
287 362
345 362
215 365
311 365
321 365
468 365
58 366
77 366
278 366
341 366
415 367
77 368
93 368
297 368
397 368
445 368
46 369
338 369
28 370
207 370
295 370
431 370
194 371
412 371
50 372
250 372
297 372
302 372
354 372
8 373
113 373
183 374
189 375
358 376
46 378
296 378
462 379
325 380
334 380
220 381
449 381
290 382
376 382
25 383
96 383
314 383
361 383
155 384
223 384
232 384
338 384
63 385
167 385
244 385
391 385
151 386
240 386
298 386
398 386
79 387
280 388
324 388
338 388
55 389
71 389
138 389
207 389
290 389
423 389
477 389
2 390
370 391
234 392
268 392
150 393
185 393
301 393
213 394
242 394
456 394
21 395
101 395
257 395
320 395
347 395
355 395
367 395
380 395
76 396
358 396
375 396
218 397
281 397
157 398
171 398
278 399
83 400
268 400
309 400
415 400
418 400
433 400
450 400
376 402
76 403
136 403
281 403
312 403
469 403
138 404
156 404
228 404
253 404
207 405
277 405
315 405
383 405
302 406
395 406
55 407
408 407
14 408
80 408
111 408
387 408
142 409
363 410
443 410
340 411
352 411
460 411
120 412
173 412
124 413
245 413
49 414
70 414
155 414
191 415
355 415
349 416
381 416
149 417
319 417
389 417
435 417
247 418
360 418
72 419
81 419
412 419
34 420
5 421
129 421
452 421
262 422
71 423
167 423
371 423
427 423
471 424
202 425
299 425
75 426
333 426
380 426
373 427
378 427
199 428
367 428
124 429
47 430
208 430
358 430
52 431
173 431
322 431
156 432
444 432
29 433
58 433
63 433
77 433
158 433
398 433
141 434
207 434
328 434
392 434
185 435
393 436
427 436
432 436
462 436
145 437
240 437
254 437
132 438
53 439
116 439
136 439
309 439
326 439
329 439
416 439
426 439
256 440
376 440
177 441
67 442
192 442
225 442
351 442
452 442
166 443
298 443
433 443
413 444
101 445
169 445
245 445
53 446
67 446
88 446
154 446
287 446
315 446
360 446
465 446
17 447
164 448
44 449
147 449
150 449
178 449
313 449
338 450
380 450
44 451
69 451
162 451
424 451
478 451
101 452
172 452
404 452
75 453
207 453
63 454
350 454
438 454
60 455
217 455
237 455
35 457
3 458
326 458
140 459
150 459
170 459
378 459
415 459
288 460
105 461
178 461
238 461
453 461
338 462
143 463
203 463
468 463
389 464
426 464
52 465
189 465
252 465
340 465
203 467
67 468
19 469
205 469
250 469
273 471
418 471
13 473
154 473
169 473
88 474
219 474
437 474
459 474
142 475
190 475
200 475
45 476
109 476
140 476
264 476
312 476
343 476
175 477
198 477
294 478
197 479
239 479
94 480
113 480
192 480
389 480
408 480
58 481
321 481
37 482
283 482
388 482
425 482
436 482
27 483
137 483
215 483
224 483
367 483
450 483
154 484
289 484
318 484
360 484
90 485
246 485
285 485
424 485
216 486
342 486
126 487
426 489
471 489
59 490
78 490
251 490
337 490
14 491
139 491
307 491
346 491
63 492
186 492
348 492
360 492
367 493
414 493
461 493
60 494
185 494
278 494
115 496
128 496
160 496
78 497
57 498
111 498
112 499
113 499
385 499
31 500
419 500
477 500
223 501
366 501
377 501
447 501
123 502
276 502
340 502
257 504
112 505
384 505
93 507
272 507
412 507
420 507
467 507
436 508
89 509
108 511
166 511
336 511
85 512
132 512
265 512
270 513
458 513
137 514
250 514
277 514
360 514
398 514
37 515
200 515
339 515
405 515
80 516
149 516
155 516
202 516
335 516
440 516
14 517
41 517
64 518
84 518
125 518
190 518
213 518
50 519
332 519
216 520
282 522
112 523
188 523
467 523
178 524
356 524
439 524
148 525
199 525
205 525
327 526
168 527
232 527
402 527
141 528
379 528
396 528
399 528
138 529
164 529
259 529
313 529
352 529
426 529
106 530
358 530
457 531
167 533
212 533
299 533
41 534
227 534
13 535
25 535
83 535
179 535
355 535
62 536
78 536
225 536
290 536
446 536
116 537
135 537
321 537
84 538
158 538
343 538
351 538
472 538
96 539
139 539
225 539
321 539
155 540
407 540
204 541
236 541
281 541
366 541
375 541
221 542
379 542
390 543
213 545
339 545
429 545
82 546
316 546
335 546
270 547
275 547
303 548
331 548
413 549
455 549
21 550
153 550
362 550
223 551
45 552
54 552
126 552
138 552
218 552
229 552
292 552
63 553
164 553
259 554
345 554
180 555
392 556
432 556
216 558
234 558
365 558
367 558
177 559
212 560
264 560
223 563
348 563
414 563
479 563
122 564
305 564
405 564
470 564
389 565
98 566
147 566
450 566
47 567
287 568
66 569
168 569
204 569
188 570
374 570
270 571
364 572
258 573
431 573
221 574
247 574
352 574
335 576
324 577
416 579
307 581
72 582
95 584
115 585
290 585
398 585
126 587
382 587
135 588
156 588
174 588
145 589
190 590
359 591
241 592
251 592
264 592
227 593
340 593
207 594
296 596
310 596
324 596
