400 32
337 34
350 34
370 36
414 38
428 42
388 43
296 44
313 44
326 44
339 45
442 46
354 48
404 48
452 50
366 52
415 54
374 55
325 56
307 57
387 57
290 58
429 59
466 59
345 61
356 62
443 62
249 64
373 65
398 65
262 66
381 66
275 67
301 68
412 69
457 69
285 70
316 71
330 72
429 73
343 74
469 75
357 76
373 76
449 78
477 79
389 80
240 81
252 81
281 81
291 82
418 82
273 83
282 84
284 85
298 86
300 86
328 86
390 88
441 88
345 89
357 89
361 90
366 90
431 91
454 91
437 92
470 92
430 93
254 95
386 95
268 96
281 96
476 96
261 97
303 97
228 98
245 98
429 98
217 99
288 99
297 99
206 100
331 100
344 100
406 100
439 100
307 101
442 104
288 106
396 106
428 107
455 107
410 108
303 110
271 111
306 111
328 111
338 112
404 112
475 112
240 113
258 113
414 113
229 114
214 115
309 115
365 116
444 117
200 119
188 120
380 120
461 120
412 121
426 121
375 122
437 122
317 123
364 123
332 125
417 125
257 127
294 127
335 127
341 127
243 128
437 128
477 128
220 129
298 129
315 129
341 129
361 129
395 129
230 130
251 131
351 132
455 132
253 133
284 133
309 133
407 133
256 134
325 134
351 134
383 134
204 135
332 135
263 136
325 136
414 136
309 137
423 137
257 138
311 138
347 138
246 139
262 139
295 139
419 139
263 140
440 140
475 140
194 141
253 141
411 141
438 141
240 142
248 142
310 142
443 142
224 143
317 144
285 145
289 145
415 145
181 146
257 146
259 146
299 147
212 148
284 148
324 148
415 148
440 148
461 148
345 149
375 149
432 149
202 150
313 150
378 150
263 151
291 151
388 151
424 151
437 152
270 153
309 154
445 154
471 154
332 155
382 155
388 155
183 156
351 156
478 156
172 158
295 158
227 159
324 159
344 159
356 159
252 160
327 160
351 160
353 160
365 160
407 160
205 161
222 161
463 162
159 163
205 163
211 163
396 163
309 164
403 164
207 165
216 165
260 165
243 166
287 166
207 167
298 167
385 167
396 167
401 167
191 169
210 169
244 169
248 169
305 169
423 169
446 169
343 170
356 170
384 170
242 171
323 171
334 171
406 173
460 173
175 174
216 174
309 175
386 175
239 177
265 177
272 177
377 177
395 177
446 177
293 178
296 178
200 179
423 179
162 180
433 180
438 180
301 181
349 181
417 181
424 181
281 182
316 182
326 182
338 182
463 182
277 183
152 184
245 184
282 184
292 184
295 184
373 184
476 184
187 185
423 185
203 186
252 186
283 187
220 188
446 188
174 190
231 190
222 191
289 191
218 192
296 192
331 192
344 193
353 193
364 194
371 194
462 194
312 196
161 197
233 197
389 197
393 197
426 197
473 197
194 198
362 198
406 198
235 199
288 199
401 199
426 199
305 200
313 200
443 200
193 201
220 201
307 201
341 201
243 202
248 202
267 202
400 202
151 203
193 203
278 203
380 203
383 203
350 204
440 204
451 204
182 205
206 205
260 205
340 205
142 206
189 206
212 206
346 206
262 207
300 207
381 207
237 208
325 208
460 208
246 209
294 209
320 209
400 209
306 210
326 210
165 211
173 211
214 211
272 211
314 211
385 211
431 211
469 211
347 212
357 212
217 213
259 213
293 213
380 213
251 214
371 214
378 214
477 214
182 215
216 215
316 215
326 215
330 215
361 215
363 215
259 216
446 216
439 217
169 218
246 218
297 218
184 219
203 219
340 219
401 219
436 219
250 220
315 220
324 220
149 221
214 221
288 221
291 222
303 222
438 222
457 222
187 223
219 224
223 224
303 224
322 224
340 224
171 225
269 225
199 226
276 226
464 226
168 227
223 227
230 227
313 227
417 227
422 227
440 227
166 229
195 229
326 229
370 229
402 229
224 230
227 230
474 230
318 231
397 232
440 232
271 234
314 234
394 234
417 234
216 235
307 235
453 235
173 236
223 236
379 236
388 236
161 237
192 237
229 237
395 237
278 238
153 239
335 239
394 239
221 240
236 240
351 240
427 240
462 240
176 241
254 241
270 241
318 241
230 242
443 242
146 243
266 243
351 243
427 244
470 244
245 245
406 245
174 246
187 246
275 246
450 246
479 247
381 248
174 249
187 250
311 250
339 250
344 250
170 251
283 251
332 251
238 252
320 253
357 253
462 253
131 254
200 254
218 254
234 254
262 254
265 254
279 254
308 254
372 254
442 254
204 255
221 255
316 255
353 255
419 255
157 256
260 256
287 256
395 256
399 256
185 257
208 257
268 257
384 258
241 259
249 259
351 259
252 260
449 260
305 261
347 261
381 261
149 262
472 262
239 263
290 263
175 264
256 264
275 265
312 265
144 266
181 266
329 266
424 266
456 266
246 267
270 267
305 267
336 267
339 267
441 268
210 269
240 269
325 269
350 269
224 270
275 270
340 270
195 271
238 271
244 271
267 271
306 271
327 271
134 272
240 272
300 272
198 273
465 273
351 274
397 274
182 275
302 275
353 275
450 275
158 276
199 277
227 277
429 277
162 278
254 278
287 278
356 278
381 278
471 278
188 280
254 280
270 281
346 281
441 281
253 282
257 282
322 282
397 282
199 283
330 283
213 284
277 284
462 284
170 285
178 285
210 285
146 286
216 286
257 286
301 286
358 286
399 286
191 287
218 287
238 287
346 287
445 287
175 288
316 288
215 289
245 289
328 289
189 290
202 290
265 290
294 290
337 290
392 290
468 290
142 291
227 291
246 291
322 291
215 292
345 292
290 293
182 294
263 294
279 294
420 294
452 294
135 295
310 295
474 296
209 297
173 298
233 298
264 298
305 298
178 299
285 299
365 299
156 300
201 300
222 300
228 300
216 301
275 301
342 301
370 301
412 301
178 302
237 302
442 302
230 303
234 303
347 303
371 303
400 303
409 303
416 303
433 303
463 303
343 304
394 304
298 305
317 305
333 305
163 306
216 306
452 306
161 307
335 307
379 307
149 308
287 310
347 310
367 310
439 310
398 311
211 312
311 312
457 312
246 313
362 313
399 313
265 314
292 314
469 314
245 315
281 315
141 316
275 316
397 316
449 316
159 317
326 317
351 317
164 318
227 318
346 319
256 320
303 320
470 320
299 321
340 321
369 321
427 321
215 322
228 322
254 322
323 322
381 322
131 323
420 323
219 324
389 324
475 324
176 325
233 325
247 325
296 325
457 326
200 327
256 327
288 327
151 328
169 328
264 328
364 328
300 329
316 329
333 329
398 329
184 330
200 330
231 330
264 330
315 330
351 330
419 330
274 331
289 331
297 331
408 331
212 332
346 332
162 333
142 334
445 334
123 335
374 335
386 335
162 336
237 336
284 336
423 336
462 336
254 337
273 337
287 337
357 337
204 338
219 338
234 338
288 338
429 338
139 339
155 339
270 339
401 339
404 339
303 340
272 341
298 341
326 341
340 341
394 341
299 342
316 342
368 342
449 342
175 343
230 343
435 343
250 344
264 344
287 344
433 344
469 345
296 346
350 346
379 346
284 347
309 347
337 347
211 348
229 348
437 348
226 349
253 349
255 349
276 349
278 349
164 350
184 350
253 350
382 350
412 350
455 350
194 351
183 352
259 352
288 352
409 352
145 353
200 353
230 353
256 353
440 353
271 354
277 354
349 354
435 354
442 354
477 354
166 356
334 356
362 356
374 356
391 356
411 356
429 356
196 357
199 357
127 358
305 358
420 359
427 359
155 360
163 360
267 360
284 360
296 360
217 361
245 361
376 361
460 361
362 362
447 362
190 364
270 364
257 365
299 365
329 365
433 365
121 366
140 366
419 366
244 367
273 367
227 368
251 368
280 368
399 368
224 369
254 369
328 369
380 369
187 370
285 370
314 370
453 371
164 372
340 372
240 373
266 373
347 373
466 373
222 374
424 375
210 376
255 376
438 377
181 378
202 378
295 378
369 378
130 379
249 379
408 379
277 380
443 380
227 381
427 381
468 381
387 382
198 383
313 383
371 383
454 383
205 384
211 384
238 384
175 385
216 385
349 385
359 385
126 387
299 388
338 388
411 388
430 388
234 389
311 390
448 390
471 391
277 392
147 393
189 393
166 394
251 394
376 394
245 395
337 395
343 395
352 395
356 395
456 396
226 397
332 397
434 397
414 398
139 399
313 399
361 399
397 399
200 401
266 401
326 402
477 402
160 403
249 403
300 403
350 403
395 403
132 404
222 404
256 404
286 404
401 405
461 405
173 407
382 407
443 407
179 408
260 408
321 408
332 408
199 409
240 409
398 409
148 410
189 411
361 411
398 411
423 411
243 412
270 412
198 413
253 413
269 413
362 413
373 413
402 413
278 414
463 414
383 415
243 416
215 417
235 417
262 417
295 417
298 417
251 418
447 418
246 419
248 419
314 419
375 419
379 419
391 419
145 420
243 420
323 420
373 420
264 421
383 421
427 421
248 422
329 422
341 422
404 422
185 423
197 423
374 423
467 423
165 425
312 425
327 425
353 425
388 425
245 426
292 426
183 427
189 428
248 428
226 429
430 430
157 433
207 433
283 434
361 434
379 434
455 434
165 435
270 435
296 436
391 436
240 437
412 438
299 440
337 440
287 441
173 442
222 442
253 442
149 443
261 443
388 443
198 444
270 445
361 445
385 445
247 446
323 446
462 446
397 447
276 448
441 448
359 449
260 450
341 450
251 451
141 452
214 452
270 453
158 454
188 454
227 454
243 454
301 454
365 454
369 454
377 454
346 455
445 456
408 460
207 461
177 462
247 462
331 462
144 463
284 463
351 463
388 463
419 463
450 463
273 465
276 465
368 465
436 466
198 467
219 467
380 467
470 467
316 468
335 468
434 469
190 470
302 470
455 470
167 471
235 471
259 471
361 471
268 472
271 472
424 472
409 474
254 475
361 475
382 475
420 475
415 476
156 477
241 477
178 478
460 478
320 479
340 479
287 480
150 481
207 482
239 482
347 482
392 482
444 482
305 483
422 483
268 484
274 484
325 484
330 484
340 484
463 484
171 485
337 486
349 486
355 487
220 488
352 488
271 489
312 489
314 489
309 490
324 490
439 490
235 491
375 491
452 491
157 492
244 492
192 493
217 493
309 493
249 494
281 494
300 494
322 494
328 494
354 495
406 495
337 496
404 496
228 498
261 498
298 498
335 498
180 499
383 499
431 499
466 499
410 500
243 501
246 501
361 501
437 501
359 502
168 505
247 505
322 505
436 505
283 506
299 506
346 506
198 507
337 507
218 508
259 508
367 508
239 509
316 509
324 509
408 509
447 510
420 512
186 513
307 513
405 514
241 515
395 515
315 516
373 516
210 517
231 517
406 517
456 517
173 519
341 519
415 519
337 520
250 522
327 522
341 522
351 522
428 522
404 524
430 524
188 525
265 525
416 525
435 526
341 527
217 528
271 528
383 528
411 528
236 529
243 529
282 529
359 529
411 529
347 530
425 530
444 530
174 532
246 532
362 532
390 532
439 532
242 533
269 533
430 533
278 534
412 534
261 535
338 535
433 535
203 536
345 536
357 536
404 536
338 537
456 538
252 539
323 539
351 539
427 539
186 540
263 540
336 540
370 540
435 540
243 541
286 541
300 541
249 542
356 542
423 542
265 543
341 543
337 544
228 545
307 545
214 546
379 546
445 546
277 547
253 548
305 549
386 550
421 550
255 551
323 551
425 551
430 551
270 552
299 552
342 552
350 552
410 553
241 555
246 555
254 555
310 555
335 555
416 556
438 556
275 557
312 557
397 557
433 558
218 559
235 559
349 559
411 560
229 561
246 562
342 562
370 562
346 563
435 564
474 564
264 565
344 565
412 566
453 566
348 567
356 567
322 568
328 570
340 570
382 570
424 570
289 571
301 572
342 573
221 575
348 575
250 576
370 576
394 576
234 577
242 577
310 577
341 577
333 578
404 578
440 578
458 578
354 579
267 581
322 581
351 581
274 582
283 582
345 583
469 584
295 586
413 586
427 586
353 587
345 589
355 590
360 590
369 590
347 591
336 592
384 592
399 594
443 594
277 596
294 597
308 601
320 604
381 604
348 606
401 607
266 610
289 612
307 615
333 618
355 618
373 622
