322 2
209 5
256 5
307 5
122 7
163 7
239 8
471 8
282 9
456 10
387 11
109 12
402 12
418 12
227 13
350 13
368 13
432 13
271 14
334 14
442 14
145 15
190 15
323 16
91 18
454 18
259 19
308 19
215 20
295 21
128 22
469 22
172 23
238 24
282 25
374 26
401 26
119 28
197 28
265 28
387 28
419 28
155 29
352 30
183 31
223 31
329 31
344 31
439 31
311 33
454 33
320 34
248 35
98 36
137 36
461 36
476 36
294 37
387 37
165 39
201 39
405 39
270 40
374 40
420 40
204 42
206 42
362 42
120 43
132 44
199 44
428 44
134 46
143 46
448 46
193 47
396 47
167 48
213 48
171 49
252 49
304 49
107 50
197 50
211 50
138 51
173 51
309 51
150 52
164 52
257 52
274 52
471 52
172 53
236 53
268 54
421 54
232 55
218 56
222 56
139 57
143 57
163 57
208 57
220 57
280 57
303 58
88 59
158 59
285 59
327 59
188 60
308 60
371 60
348 61
423 61
448 61
152 62
199 62
407 62
429 62
209 63
313 63
427 63
462 64
180 65
242 65
73 66
106 66
183 66
205 66
237 66
266 66
305 67
415 67
477 67
312 69
267 70
283 70
384 70
126 71
157 72
219 72
123 73
145 73
259 73
281 73
282 73
291 73
304 73
153 74
247 74
434 74
252 75
298 76
341 76
395 76
453 76
180 77
88 78
242 78
430 79
214 80
181 81
212 81
417 81
250 82
78 83
126 83
138 83
154 83
372 83
388 83
408 83
473 83
103 85
239 85
285 85
140 86
275 86
351 86
189 87
121 88
150 88
383 88
425 88
186 89
230 89
257 89
350 89
455 89
67 90
283 90
87 91
144 91
150 91
168 91
246 92
292 92
373 92
179 93
221 93
115 94
424 94
351 95
205 96
355 96
392 96
274 97
325 97
472 97
229 98
359 98
225 99
237 99
222 100
324 100
369 100
396 100
444 100
156 101
440 101
229 102
258 102
124 103
225 103
314 104
322 104
327 104
94 105
142 105
165 105
286 105
136 106
196 106
456 106
138 107
145 107
220 107
416 107
161 108
339 108
307 109
356 109
423 109
371 110
421 110
126 111
233 111
473 111
164 112
238 112
274 112
306 112
370 112
452 112
76 114
263 114
302 114
362 114
424 114
193 115
237 115
314 115
367 117
432 117
99 118
323 118
464 118
168 119
146 120
148 120
222 120
400 120
277 121
281 122
146 123
329 123
367 123
376 123
422 123
210 124
301 124
318 124
415 124
60 125
140 125
354 125
192 126
328 126
386 126
477 126
288 127
205 128
74 129
119 129
141 129
441 129
101 130
167 130
233 130
279 130
126 131
240 131
406 131
455 132
148 133
174 134
323 134
186 135
351 135
427 135
227 136
248 136
308 136
364 136
385 136
321 137
327 137
355 137
465 137
106 138
213 138
60 139
81 139
93 139
171 139
229 139
335 139
398 139
438 139
411 140
115 141
124 141
127 141
214 141
295 141
142 142
260 142
183 143
227 143
293 143
317 143
419 143
82 144
129 144
276 144
451 144
109 145
210 145
368 145
74 146
174 146
329 146
378 146
173 147
304 147
323 147
430 147
98 148
119 148
349 148
360 148
198 149
278 149
294 149
392 149
211 150
325 150
401 150
466 150
164 151
63 152
154 152
227 152
245 152
333 152
343 153
121 154
331 154
346 154
443 154
299 155
419 155
178 156
260 156
452 156
106 157
242 158
248 158
365 158
92 159
251 159
334 159
376 159
132 160
224 162
278 162
344 162
355 162
97 163
237 163
294 163
264 164
305 164
307 164
469 164
307 166
63 167
118 167
210 167
261 167
438 167
375 168
405 168
199 169
302 169
330 169
355 169
388 169
408 169
87 170
163 170
424 170
448 170
215 171
339 171
422 171
303 172
346 172
174 173
204 173
322 173
413 173
428 173
154 174
462 174
142 175
190 175
285 175
368 175
52 176
436 176
231 177
258 177
415 177
123 178
138 178
144 178
336 178
115 179
246 179
307 179
391 179
418 179
420 179
72 180
120 180
249 180
281 181
296 181
314 181
134 182
335 182
159 183
333 183
450 183
239 184
313 184
414 184
283 185
317 185
155 186
237 186
370 186
147 187
194 187
231 187
305 187
99 188
176 188
256 188
388 188
260 189
262 189
292 189
432 189
431 190
466 190
89 191
294 191
224 192
336 192
415 192
203 193
269 193
274 193
357 193
69 194
276 194
324 194
443 194
245 195
279 195
364 195
377 196
453 196
477 196
36 197
166 197
254 197
327 197
259 198
428 198
84 199
154 199
256 199
156 200
221 200
265 200
93 201
182 201
388 201
69 202
169 202
230 202
340 202
51 203
134 203
357 203
399 203
464 203
265 204
41 205
102 205
326 205
369 205
450 205
364 206
410 206
108 207
191 207
220 207
241 208
353 208
378 208
70 209
196 209
149 210
315 210
334 210
386 211
189 212
233 212
90 213
161 213
397 213
439 213
75 214
353 214
357 214
466 214
111 215
208 215
277 215
426 215
444 215
70 216
173 216
258 216
288 216
315 216
361 216
195 217
221 217
328 217
408 217
272 218
278 218
300 218
452 218
344 219
374 219
40 220
125 220
284 220
297 220
338 220
199 221
260 221
439 221
415 222
463 222
237 223
307 223
385 223
56 224
179 224
425 224
449 224
255 225
286 225
139 226
226 226
271 227
335 227
341 227
436 228
31 229
108 229
144 229
188 229
206 229
276 229
368 229
240 230
306 230
402 230
378 231
177 232
213 232
312 232
84 233
89 233
155 233
387 233
415 233
459 233
278 234
445 235
159 236
252 236
397 236
131 237
309 237
312 237
329 237
425 237
110 238
112 238
117 238
150 238
242 238
249 238
119 239
226 239
452 239
470 239
407 240
65 241
106 241
189 241
205 241
217 241
241 241
248 241
253 241
342 241
70 242
213 242
438 242
91 243
116 243
233 243
374 243
280 244
330 244
464 244
112 245
147 245
270 245
154 246
231 246
386 246
62 247
172 247
268 247
292 247
325 247
234 248
283 248
302 248
30 249
86 249
161 249
312 249
80 250
116 250
273 250
344 250
432 250
451 250
150 251
338 251
7 252
86 252
201 252
59 253
144 253
181 253
184 253
192 253
336 253
374 253
231 254
278 254
381 254
52 255
94 256
138 256
260 256
381 256
101 257
20 258
64 258
180 258
183 258
223 258
294 258
364 258
193 259
309 259
342 259
466 259
151 260
316 260
107 261
260 261
326 261
369 261
393 262
445 262
325 263
423 263
450 263
144 264
267 264
274 264
214 265
66 267
239 267
263 267
348 267
477 267
229 268
42 269
150 270
160 270
292 270
127 271
188 271
275 271
334 271
336 271
358 271
399 271
53 272
125 272
303 272
310 272
461 272
243 273
285 273
351 273
408 273
257 274
23 275
123 275
149 275
167 275
235 275
315 275
347 276
382 276
409 276
442 276
88 277
156 277
196 277
82 279
143 279
269 279
332 279
358 279
189 280
366 280
86 281
117 281
151 281
231 281
458 281
470 281
361 282
35 283
78 283
131 285
175 285
436 285
89 286
103 286
251 286
381 286
389 286
142 287
241 287
414 287
439 287
87 288
134 288
271 288
84 289
265 289
181 290
251 290
368 290
444 290
177 291
430 291
467 291
24 292
101 293
106 293
278 293
291 293
429 293
160 294
91 295
190 295
293 295
450 295
207 296
45 297
112 297
155 297
240 297
355 297
439 297
67 298
162 298
104 300
125 300
410 300
419 301
325 302
417 302
477 302
13 303
49 303
108 303
372 303
384 303
426 303
465 303
36 304
120 304
150 304
294 304
348 304
390 304
443 304
111 305
215 305
246 305
255 305
341 305
351 305
138 306
242 306
186 307
238 307
263 307
436 307
111 308
130 308
236 308
279 308
339 308
83 309
91 309
279 309
329 309
382 310
26 311
88 311
130 311
257 311
335 311
455 311
151 312
249 312
310 312
473 312
189 313
210 313
283 313
149 314
443 314
391 315
421 315
20 316
363 316
122 317
90 318
146 318
333 318
433 318
464 318
55 319
86 319
126 319
242 319
348 319
107 320
246 320
374 320
389 320
45 321
53 321
148 321
259 322
449 322
67 323
87 323
105 323
284 323
13 324
154 324
182 324
50 326
198 326
219 326
340 326
334 327
136 328
432 328
468 328
317 329
454 329
149 330
229 330
279 330
35 331
56 331
161 331
323 331
44 332
76 332
401 332
189 333
326 333
427 334
102 335
154 335
441 335
75 336
334 336
385 336
99 337
413 337
478 337
254 338
347 338
385 338
460 338
187 339
228 339
273 339
345 339
389 339
333 340
339 340
436 340
29 341
213 341
298 341
401 341
87 342
351 342
376 342
446 342
51 343
196 343
426 343
374 344
155 345
253 345
124 346
170 346
367 346
467 346
291 347
339 347
396 347
78 348
272 348
387 348
392 348
210 349
397 349
415 349
105 350
339 350
361 350
239 351
332 351
453 351
113 352
145 353
314 353
415 353
54 354
79 354
180 354
192 354
224 354
252 354
290 354
373 354
81 355
121 355
403 355
444 355
471 355
89 356
159 356
269 356
208 357
308 357
365 357
75 359
289 359
434 359
438 359
458 359
127 360
393 360
400 360
205 361
409 361
16 362
95 362
149 362
232 362
303 362
423 362
438 362
475 362
75 363
175 363
33 364
165 364
227 364
320 364
435 364
133 365
56 366
95 367
196 367
254 367
261 367
354 367
430 367
88 368
454 368
464 368
101 369
160 369
219 369
320 369
222 370
251 370
261 370
282 370
284 370
337 370
375 370
30 371
143 371
432 371
435 371
220 372
237 372
203 373
445 373
51 374
163 374
248 374
293 374
387 374
389 374
7 375
116 375
127 375
183 375
295 375
314 375
160 376
354 376
380 376
421 376
468 376
236 377
267 377
290 377
310 377
390 377
174 378
242 378
302 378
332 378
199 379
285 379
364 379
389 379
424 379
430 379
474 379
398 380
401 380
435 380
281 381
415 381
448 381
458 381
64 382
385 382
306 383
350 383
22 384
158 384
247 384
393 384
45 385
123 385
192 385
281 385
376 385
138 386
254 386
262 386
302 386
322 386
396 386
428 386
437 386
207 387
294 387
78 388
82 388
164 388
292 388
312 388
425 388
184 389
421 389
430 389
477 389
92 390
239 390
341 390
408 390
221 391
235 391
292 391
318 391
405 391
462 391
157 392
429 392
440 392
455 392
102 393
243 393
423 393
308 394
169 395
180 396
194 396
420 396
34 397
187 397
263 397
292 397
316 397
137 398
69 399
259 399
353 399
402 399
206 400
282 400
291 400
297 400
302 400
346 400
358 400
207 401
267 401
280 401
425 401
457 401
221 402
351 402
469 402
7 403
66 403
219 403
339 403
346 403
377 403
189 404
277 404
390 404
30 405
145 405
172 405
206 405
71 406
110 408
134 408
253 408
310 408
337 408
340 408
345 408
158 409
255 409
236 410
279 410
412 410
475 410
255 411
265 411
334 411
362 411
420 411
225 412
461 412
233 413
240 413
391 413
2 414
193 414
81 415
83 416
201 416
275 416
300 416
120 417
296 417
51 418
300 418
335 418
136 419
238 419
269 419
272 419
310 419
333 419
223 420
247 420
419 420
450 420
478 420
77 421
110 421
134 421
175 421
347 421
17 422
58 422
38 423
283 423
41 424
213 424
466 424
65 426
417 426
455 426
193 427
236 427
257 427
401 427
47 428
62 428
139 428
153 428
227 428
306 428
378 428
86 429
299 429
388 429
413 429
124 430
203 430
369 430
35 432
164 432
251 432
269 432
429 432
442 432
215 433
275 433
417 433
320 434
411 434
415 434
244 435
313 435
111 437
352 437
433 437
475 437
47 438
457 438
121 439
325 439
389 439
82 440
138 440
139 440
231 440
304 440
120 441
275 441
354 441
12 442
204 442
375 442
166 443
183 443
379 443
142 444
391 444
121 445
156 445
317 445
330 445
476 445
74 446
134 446
433 446
35 447
129 447
289 447
337 447
447 447
56 448
102 448
158 448
170 448
330 448
392 448
438 449
46 450
211 450
246 450
362 450
318 451
432 451
462 451
8 452
128 452
303 452
348 452
150 453
208 453
212 453
299 453
192 454
292 454
316 454
318 454
83 455
237 455
330 455
332 455
80 456
322 456
384 456
405 456
72 457
318 457
340 457
346 457
36 458
77 458
79 458
353 458
294 459
357 459
451 459
292 460
330 460
429 460
12 461
131 461
362 461
420 461
104 462
136 462
140 462
212 462
296 462
320 462
175 463
217 464
273 464
319 464
361 464
245 465
400 465
240 466
38 467
203 467
236 467
470 467
10 468
41 468
405 469
123 470
245 470
313 470
454 470
262 471
329 471
434 471
383 472
401 472
86 473
166 473
184 473
389 473
136 474
287 474
113 475
156 475
333 475
135 476
358 476
375 476
460 476
257 477
429 477
193 478
397 478
432 478
53 479
257 481
265 481
374 481
273 482
346 482
358 482
225 483
354 483
395 483
449 483
227 484
247 484
465 485
168 486
230 486
323 486
418 486
158 487
281 488
388 488
33 490
219 490
270 490
402 490
127 491
317 491
410 491
103 492
173 492
238 492
395 492
472 492
67 493
278 493
322 493
453 493
325 494
162 495
174 495
221 495
334 495
409 495
77 496
109 496
162 496
314 496
338 496
164 497
175 497
234 497
47 498
304 498
354 498
141 499
382 499
463 499
204 500
233 500
322 500
368 500
331 501
85 502
168 502
447 502
56 503
175 503
235 503
376 503
381 503
25 504
262 504
438 504
118 505
406 505
430 505
180 506
314 506
334 506
346 506
467 506
93 507
123 507
147 507
255 507
285 507
402 507
182 508
186 508
260 508
295 508
336 508
390 508
227 509
270 509
318 509
222 510
381 510
403 510
269 511
340 511
421 511
179 512
193 512
238 512
321 512
348 512
52 513
287 513
409 513
429 513
442 513
455 513
134 514
349 514
168 516
170 516
197 516
277 516
286 516
84 517
159 517
186 517
200 517
206 517
284 517
301 517
314 517
409 517
475 517
173 518
180 518
265 518
388 518
142 519
168 519
285 519
178 520
185 520
324 520
334 520
406 520
426 520
239 521
371 521
166 522
184 522
439 522
325 523
367 523
422 523
97 524
106 524
221 524
235 524
465 524
454 525
147 527
390 527
183 528
252 528
312 528
78 529
138 529
241 529
471 529
349 530
383 530
447 530
147 531
288 531
434 531
112 532
143 532
293 532
396 532
289 533
402 533
90 534
258 534
278 534
292 534
143 535
209 535
241 535
273 535
339 535
379 535
286 536
57 537
161 538
179 538
324 538
398 539
416 539
124 540
358 540
271 541
99 542
179 542
180 542
389 542
442 542
461 542
141 543
384 543
350 544
427 544
341 545
72 546
292 546
111 547
183 547
246 547
272 547
149 548
125 549
198 549
279 549
285 549
332 549
450 549
263 550
197 551
401 551
416 551
83 552
240 552
391 553
223 554
399 554
92 555
142 555
152 556
168 556
357 556
245 557
392 557
59 558
343 559
301 560
362 562
107 563
311 563
464 563
167 564
189 564
261 564
374 564
392 564
75 565
282 565
292 565
353 565
447 565
472 565
142 566
271 566
309 566
366 566
387 566
401 566
354 567
201 568
209 568
329 568
337 568
171 569
395 569
223 570
282 570
158 571
237 571
338 571
302 572
335 572
360 572
430 572
262 573
353 573
462 573
191 574
101 575
168 575
185 575
195 575
389 575
443 575
343 577
124 579
302 579
346 579
357 579
418 579
194 581
271 581
318 581
78 582
316 582
291 583
305 583
352 583
355 583
139 584
291 584
377 584
382 584
326 585
395 585
400 585
455 585
313 586
421 586
153 587
206 587
300 587
468 588
97 589
337 589
441 589
110 591
328 591
260 592
128 593
171 593
280 594
340 594
138 595
238 595
364 595
323 596
349 596
375 596
403 596
341 597
290 598
190 600
200 600
99 601
152 601
446 601
465 601
427 602
210 604
237 604
287 605
167 606
271 606
366 608
124 609
185 609
380 609
315 611
332 613
409 614
423 614
457 614
297 615
96 616
154 616
251 616
226 617
265 617
273 617
447 617
470 617
169 619
191 623
364 624
121 625
349 625
377 625
144 626
201 626
317 626
333 626
213 628
399 628
448 628
156 629
413 629
427 629
237 630
246 630
256 630
391 633
168 634
281 634
290 634
178 636
304 637
