414 1
163 3
212 5
296 6
318 6
344 6
430 6
204 7
329 7
270 8
286 8
360 8
189 9
378 9
144 10
252 10
136 14
398 14
229 15
168 16
131 17
310 17
461 17
215 18
300 18
316 18
333 18
204 19
421 19
283 20
355 20
265 22
477 22
154 23
194 23
375 23
433 24
246 25
439 26
111 27
180 27
233 28
303 28
393 28
318 29
224 30
292 30
332 30
456 30
172 31
409 31
136 33
345 33
209 34
479 34
161 35
421 35
198 36
273 36
357 36
266 38
281 38
300 38
190 39
291 39
372 39
437 39
253 40
147 41
152 41
193 41
368 41
402 41
362 42
115 43
259 43
384 43
414 43
447 43
144 44
175 44
180 44
227 45
401 46
177 47
393 47
102 48
367 48
184 49
192 49
211 49
466 49
356 50
195 51
423 51
143 52
246 52
272 52
338 52
179 53
260 53
295 53
353 53
308 54
412 54
89 55
333 55
351 55
148 56
274 57
340 57
349 57
119 58
233 58
375 58
443 58
156 59
182 60
386 60
135 61
365 61
425 61
220 62
270 62
106 63
382 63
177 64
326 64
460 64
258 65
385 65
207 66
414 66
432 66
132 67
405 67
174 68
289 68
307 68
131 69
281 69
319 69
475 70
401 71
96 72
188 73
383 73
392 73
439 73
380 74
386 74
441 74
232 75
257 75
324 75
375 75
424 75
428 75
151 76
184 76
200 76
226 76
365 76
423 78
174 79
185 79
196 79
438 79
452 79
113 80
164 80
215 80
431 80
216 81
242 81
258 81
349 81
412 81
80 82
238 82
309 82
311 82
324 82
240 83
242 83
268 83
330 83
462 83
297 84
165 85
104 86
210 86
358 86
426 86
200 87
369 87
338 88
431 88
474 88
148 89
222 89
251 89
275 89
288 90
398 90
439 90
235 91
382 91
330 92
386 92
150 93
188 93
130 94
152 94
201 94
206 94
219 94
274 94
160 95
406 95
178 96
245 96
450 96
117 97
250 97
336 97
212 99
460 99
87 100
207 100
300 101
384 101
147 102
170 102
343 102
381 102
203 103
217 103
246 103
318 103
425 103
134 104
77 105
106 105
156 105
239 105
293 105
297 105
376 106
132 107
438 107
474 107
228 108
395 108
212 110
448 110
98 111
187 111
405 111
216 113
454 113
157 114
242 115
418 115
62 116
178 117
463 117
144 118
131 119
243 119
295 119
350 119
230 120
308 120
395 120
431 120
115 121
124 121
168 121
210 121
158 122
167 122
206 122
83 123
344 123
349 123
201 124
211 124
330 124
383 124
50 125
308 125
380 125
413 125
444 125
140 126
146 126
178 126
239 126
132 127
254 127
437 127
479 127
171 128
234 128
280 128
314 128
429 128
103 129
286 129
291 129
302 129
369 129
377 129
72 130
237 130
319 130
139 131
215 131
455 131
186 132
195 134
276 134
120 135
256 135
232 136
267 136
367 136
393 136
188 137
195 137
271 137
317 137
93 138
238 138
274 138
365 139
403 139
468 139
187 140
270 140
307 140
312 140
346 140
404 140
87 141
163 141
341 141
408 141
299 142
55 143
188 143
272 144
350 144
476 144
191 145
193 145
291 145
445 145
208 146
80 147
108 147
158 147
281 147
299 147
417 147
434 147
436 148
190 149
145 150
231 150
246 150
248 150
332 150
220 151
43 152
71 152
136 152
222 152
251 152
317 152
455 152
101 153
247 153
298 153
397 153
327 154
220 156
276 156
299 156
213 157
467 157
312 158
34 159
427 159
63 160
380 160
439 160
304 162
339 162
476 163
436 164
119 166
351 166
80 167
129 167
319 167
399 167
133 168
153 168
275 168
303 168
432 168
452 168
218 169
262 169
95 170
172 170
253 170
360 170
380 170
395 170
428 170
232 171
244 171
47 172
77 172
128 172
192 172
415 172
103 173
151 173
329 174
394 174
153 175
406 175
100 176
324 176
377 176
463 176
438 177
203 178
233 178
339 178
418 178
436 178
384 179
67 180
98 180
265 180
273 180
394 180
260 181
362 181
432 181
104 182
177 183
254 183
285 183
288 183
355 183
196 184
401 184
473 184
130 185
243 185
35 186
372 186
425 186
449 186
60 187
134 187
233 187
323 187
477 187
328 188
428 188
216 189
397 189
190 190
372 190
426 191
438 191
83 192
165 192
379 192
270 193
341 194
460 195
252 196
388 196
289 197
313 197
414 197
115 198
148 198
225 198
237 198
216 199
242 199
349 199
283 200
383 200
385 200
466 200
181 201
218 201
93 202
349 202
446 202
127 203
297 203
381 203
471 203
263 204
96 205
218 205
391 205
44 206
112 206
158 206
235 206
424 206
371 207
123 208
160 208
271 208
368 208
140 209
313 209
428 209
454 209
53 210
94 210
376 210
399 210
67 212
294 212
347 212
372 212
156 213
177 213
314 213
48 214
120 214
313 214
399 214
204 215
334 215
459 215
191 216
295 216
204 217
252 217
306 217
338 217
353 217
416 217
42 218
59 218
164 218
310 218
440 218
27 219
241 219
141 220
102 221
251 221
405 221
465 221
100 222
216 222
424 222
50 223
72 223
141 223
262 223
268 223
323 223
139 224
223 224
368 224
448 225
104 226
235 226
313 226
20 227
212 227
361 227
114 228
200 228
339 228
430 228
156 229
320 229
184 230
294 230
324 230
414 230
57 231
259 231
314 231
43 232
373 233
65 234
171 234
455 234
474 234
198 235
274 235
357 235
93 236
156 236
359 236
88 237
36 238
45 238
94 238
192 238
369 238
378 238
208 239
349 239
426 239
148 240
293 240
382 240
71 241
221 241
303 241
66 242
448 242
63 243
269 243
296 243
350 243
82 244
123 244
184 244
292 244
305 244
29 245
67 245
238 245
152 246
249 246
259 247
316 247
356 247
389 247
463 247
318 248
432 248
60 249
147 249
181 249
392 249
166 250
219 250
245 250
439 250
277 251
382 251
25 252
74 252
157 252
207 252
285 252
364 252
82 253
245 253
274 253
424 253
443 253
124 254
189 254
109 255
183 255
136 256
160 256
209 256
322 256
357 256
406 256
22 257
54 257
134 257
256 257
354 257
420 257
433 257
449 257
264 258
312 258
402 258
94 259
209 259
85 260
101 260
177 260
406 260
139 261
473 261
224 262
63 264
113 264
213 264
403 264
85 265
198 265
312 265
355 265
420 265
128 266
241 266
459 266
95 267
137 267
167 267
185 267
234 267
249 267
422 267
250 268
165 269
200 269
249 269
436 269
478 269
197 270
219 270
357 270
444 270
32 271
107 272
123 272
225 272
283 272
303 272
410 272
432 272
434 272
264 273
363 273
463 273
194 274
276 274
382 274
184 275
44 276
155 276
401 276
408 276
145 277
300 277
82 278
353 278
429 278
214 279
273 279
276 279
356 279
391 279
223 280
326 280
465 280
132 281
311 281
361 281
216 282
326 283
351 283
196 284
92 285
120 285
235 285
345 285
441 285
22 286
140 286
153 286
205 286
325 286
469 286
71 287
357 287
90 288
211 288
363 288
368 288
455 288
397 289
86 290
264 290
289 290
126 291
130 291
141 291
280 291
323 291
386 291
43 292
170 292
383 292
178 293
266 293
371 293
394 293
409 293
425 293
114 294
140 294
154 294
273 294
476 294
64 295
108 295
158 295
228 295
338 295
361 295
368 295
58 296
204 296
355 298
184 299
240 299
330 299
392 299
39 300
87 300
172 300
395 300
409 300
463 300
256 301
448 301
98 303
121 303
285 303
346 303
205 304
223 304
112 305
198 306
360 306
413 306
57 307
188 307
78 309
99 309
324 309
400 309
102 310
252 310
306 310
233 311
241 311
261 311
109 312
309 312
179 313
269 313
289 313
318 313
453 313
473 313
87 314
106 314
255 314
394 314
402 314
200 315
26 316
106 316
216 316
261 316
342 316
169 317
323 317
439 317
71 318
420 318
119 319
304 320
432 320
101 321
296 321
402 321
144 322
243 322
248 322
273 322
368 322
424 322
20 323
69 323
83 323
350 323
66 324
129 324
168 325
210 325
424 325
477 325
284 326
342 326
57 327
244 327
129 328
284 328
463 328
107 329
155 329
238 329
98 330
136 330
230 330
243 330
249 330
284 330
300 330
301 330
321 330
409 330
414 330
49 331
341 331
393 331
437 331
119 332
321 332
331 332
362 332
399 332
107 333
207 333
316 333
139 334
39 335
54 335
78 335
176 335
191 335
196 335
248 335
261 335
289 335
300 335
320 335
415 335
449 335
153 336
367 336
270 337
357 337
98 339
162 339
186 339
210 339
385 339
90 340
256 340
281 340
326 340
421 341
145 342
202 342
120 343
160 343
393 343
471 343
94 344
229 344
339 344
107 345
251 345
302 345
45 346
174 346
183 346
328 346
373 346
382 346
455 346
54 347
91 347
113 347
214 347
349 347
395 347
101 348
119 348
144 348
240 349
341 349
332 350
95 351
229 351
322 351
27 352
166 352
105 353
136 353
272 353
375 353
160 355
164 355
263 355
351 355
395 355
462 355
345 356
80 357
479 357
24 358
166 358
391 358
154 359
199 359
83 360
249 360
354 360
272 361
325 361
133 362
135 362
174 362
215 362
306 362
367 362
445 362
39 363
83 363
232 363
373 363
419 363
294 364
291 365
240 366
406 366
55 367
375 367
74 368
82 368
88 368
281 368
308 368
327 368
109 369
181 369
200 369
205 369
239 369
287 369
340 369
381 369
434 369
176 370
209 370
212 370
223 370
232 370
270 370
391 370
306 371
468 371
37 372
90 372
105 372
144 372
162 372
220 372
235 372
451 372
188 373
436 373
137 374
295 374
340 374
367 374
407 374
361 375
54 376
163 376
308 376
223 377
422 377
437 377
392 380
69 381
287 381
315 381
104 382
221 382
257 382
304 382
425 382
32 383
219 383
241 383
322 383
336 383
442 383
475 383
99 384
176 384
263 384
102 385
229 385
288 385
266 386
293 386
299 386
313 386
325 386
49 387
372 388
124 389
299 389
398 389
428 389
194 390
231 390
363 390
314 391
447 391
460 391
147 392
151 392
187 392
250 392
289 392
300 392
351 392
356 392
362 392
400 392
99 393
216 393
348 393
383 393
414 393
186 394
279 394
329 394
432 394
95 395
336 395
352 395
194 396
223 396
276 396
338 396
177 397
207 397
247 397
139 398
179 398
464 398
84 399
339 400
65 401
261 401
321 401
418 401
237 403
317 403
408 403
146 404
196 404
222 404
272 404
93 405
138 405
334 405
409 405
162 406
369 406
415 406
344 407
435 407
225 408
229 408
375 408
208 409
266 409
361 409
35 410
65 410
195 410
286 410
469 410
117 411
125 411
293 411
110 412
216 412
291 412
440 412
204 413
217 413
356 413
446 413
108 414
425 414
188 415
283 415
426 415
437 415
200 416
214 416
240 416
308 416
88 417
113 417
145 417
242 417
250 417
272 417
284 418
313 418
102 419
108 419
47 420
206 420
320 420
120 422
150 422
348 422
136 423
261 424
478 424
75 425
144 425
167 425
186 425
192 426
375 426
459 426
330 427
338 427
426 427
186 428
262 428
419 428
368 429
182 430
293 430
343 430
344 430
314 431
356 431
387 431
409 431
417 431
109 432
133 432
191 432
145 433
156 433
180 433
195 433
446 433
86 434
270 434
312 434
231 435
326 435
329 435
396 435
111 436
118 436
353 436
358 436
419 436
118 437
186 437
343 437
213 438
400 438
41 439
58 439
77 439
208 440
339 440
469 440
127 441
140 441
221 441
232 441
290 441
437 441
100 442
399 443
429 443
162 444
454 444
252 445
381 445
415 445
161 448
275 448
413 448
421 448
129 449
172 449
366 449
444 449
478 449
193 450
232 450
419 450
131 451
245 451
288 451
320 451
386 451
257 452
364 452
371 452
177 453
193 453
213 453
290 453
359 453
249 454
324 454
145 455
225 455
343 455
361 455
238 456
308 456
421 456
435 456
453 456
78 457
145 457
170 457
200 457
353 457
356 457
209 458
266 458
269 458
398 458
429 458
61 459
90 459
313 459
176 460
304 460
342 460
140 461
123 462
193 462
462 462
160 463
397 463
407 463
415 463
218 464
324 464
431 464
97 465
155 465
288 465
71 466
186 466
193 466
276 467
165 468
231 468
478 468
121 469
310 469
411 469
170 470
242 470
432 470
446 470
165 471
415 471
428 471
159 472
387 472
423 472
82 473
390 473
456 474
109 475
194 475
214 476
298 476
384 476
146 477
186 477
342 477
398 477
183 478
234 478
327 478
89 479
135 479
184 479
189 479
213 479
259 479
376 479
249 480
425 480
440 481
158 482
217 482
229 482
248 482
282 482
298 482
357 482
66 483
221 483
322 483
472 483
270 484
97 485
321 485
236 486
308 486
128 487
243 487
376 487
449 487
272 488
286 488
315 488
293 489
318 489
411 490
422 490
135 491
404 491
110 492
181 492
297 492
82 493
276 493
286 493
325 493
335 493
430 493
459 493
145 494
202 494
317 494
116 495
435 495
219 496
230 496
472 496
154 497
294 497
90 498
277 499
284 500
163 501
249 501
300 501
366 501
126 502
214 502
344 502
382 502
199 503
445 503
165 504
177 504
455 504
222 505
195 506
314 506
436 506
356 507
423 507
208 508
353 508
213 509
219 509
413 509
149 510
181 510
178 511
285 511
319 511
403 511
157 512
222 513
288 513
317 513
210 514
393 514
239 515
130 516
180 516
262 516
267 516
385 516
217 518
248 518
320 518
211 519
372 519
193 521
204 521
436 521
443 521
276 522
419 522
427 522
457 522
145 523
284 523
302 523
367 523
218 524
258 524
265 524
153 525
232 525
246 525
333 525
357 526
163 528
325 529
172 531
400 532
414 533
342 534
380 534
191 535
263 535
271 535
285 535
207 536
311 536
300 537
363 537
356 538
222 540
235 540
349 540
174 543
252 543
264 547
420 547
396 548
286 549
215 550
340 551
381 551
350 553
357 553
176 554
230 554
309 554
255 556
197 559
209 561
294 564
331 564
234 566
311 567
187 568
197 569
257 572
278 573
213 574
