300 46
313 46
327 46
289 47
339 47
355 47
348 48
367 48
383 50
397 54
404 56
415 58
278 60
246 61
257 61
293 62
306 62
332 63
232 65
352 65
368 67
378 67
440 68
400 71
406 76
257 78
264 78
312 78
278 79
285 79
247 80
307 80
237 81
321 81
365 81
300 82
463 82
227 85
284 85
217 86
322 86
389 86
304 87
308 87
357 87
428 87
476 87
318 88
349 88
365 88
438 88
206 90
332 90
361 90
376 90
201 91
356 91
276 92
328 92
347 92
447 92
313 93
315 93
324 94
343 94
265 95
291 95
280 96
368 96
406 96
340 97
177 98
413 98
459 98
363 99
265 100
322 101
344 101
236 102
427 103
353 104
218 105
473 105
381 106
260 107
150 108
207 108
374 108
437 108
201 109
357 109
241 110
320 110
390 110
314 111
405 111
188 112
291 112
321 112
283 113
337 113
372 113
242 115
257 115
322 116
325 116
332 116
353 116
420 116
300 117
456 117
253 118
425 118
169 119
282 119
320 121
231 122
345 122
223 123
293 123
343 123
360 123
444 123
153 124
176 124
236 125
287 125
398 125
167 126
316 126
365 126
386 126
194 127
199 127
280 127
468 127
140 128
269 128
257 129
304 129
359 129
211 130
420 130
438 130
416 131
186 132
247 132
362 132
437 132
168 133
180 133
123 134
217 134
240 134
357 134
432 134
116 135
284 135
295 135
372 135
168 136
223 137
445 137
106 138
163 138
185 138
297 138
162 139
150 141
203 141
285 142
455 142
208 143
277 144
258 145
249 146
265 146
293 146
322 146
387 146
468 146
134 147
188 147
381 147
324 148
345 148
354 148
161 150
228 150
301 150
387 150
228 152
350 153
382 154
444 154
214 155
420 155
206 156
224 156
227 156
323 156
239 157
412 157
142 158
418 158
424 158
437 159
216 160
260 160
267 160
318 160
163 161
283 161
337 162
354 162
418 162
437 162
130 163
204 163
290 164
231 165
169 166
288 166
384 166
141 168
205 168
393 168
475 168
217 169
296 169
98 170
419 170
453 170
190 171
243 171
269 171
272 171
306 172
438 172
242 173
260 173
266 174
325 174
124 175
256 175
335 175
372 175
417 175
469 175
269 176
122 177
353 177
390 177
423 177
204 178
308 180
429 180
440 180
223 181
242 181
438 181
213 182
153 183
301 184
313 184
182 185
133 186
141 186
278 186
313 186
453 186
267 187
405 187
305 188
416 188
366 189
178 190
297 190
333 190
375 190
466 190
176 191
476 191
144 192
373 192
344 193
368 193
133 194
151 194
360 194
171 195
435 195
114 196
189 196
238 196
275 196
400 196
418 196
93 197
268 198
141 199
216 199
234 199
236 199
253 199
397 199
146 200
410 200
195 201
227 201
234 201
247 201
347 201
426 201
438 201
290 202
356 202
405 202
453 202
189 203
266 203
297 203
460 204
335 205
418 205
180 206
253 206
302 206
305 206
467 207
435 208
472 208
316 209
359 209
412 209
117 210
220 210
227 210
369 210
479 210
110 211
189 212
217 212
333 212
384 212
163 213
214 213
365 213
413 213
286 214
307 214
378 214
154 215
90 216
391 216
211 217
260 217
405 217
245 218
411 218
460 218
78 219
199 219
316 219
319 219
434 219
240 220
305 220
314 220
297 221
207 222
239 222
357 222
122 223
470 223
194 224
229 224
231 224
298 224
406 224
215 225
300 225
394 225
440 225
251 226
366 226
116 227
225 227
357 227
394 227
157 228
171 228
389 228
207 229
310 229
415 229
385 230
391 230
455 231
149 232
376 232
170 233
180 233
256 233
301 233
357 233
363 233
413 233
440 233
105 235
134 235
138 235
274 235
303 235
320 235
330 235
423 235
148 236
249 236
264 236
187 237
464 237
123 238
177 238
469 238
351 239
302 240
240 241
439 241
475 241
236 242
122 243
146 243
164 243
186 243
331 243
159 244
447 244
87 246
122 246
261 246
430 246
302 247
239 248
251 248
457 248
131 249
400 249
139 250
242 250
412 250
112 251
131 251
172 251
372 251
404 252
183 253
138 254
330 254
215 256
243 256
410 256
468 256
188 257
324 257
378 257
428 257
242 258
315 258
331 258
240 259
358 259
360 259
397 259
170 260
297 260
294 261
385 261
263 262
375 262
432 262
445 262
197 263
451 263
187 264
400 264
412 264
261 265
341 265
350 265
212 266
292 266
392 266
419 266
456 266
297 267
311 268
330 268
373 268
435 268
114 269
247 269
462 269
218 270
385 270
433 270
388 272
233 273
266 273
320 273
401 273
471 273
62 274
204 274
244 274
316 274
328 274
79 275
443 275
260 276
432 277
277 278
302 278
313 278
451 278
475 278
127 279
402 279
242 280
263 280
330 280
413 280
87 281
164 281
233 281
348 281
420 281
201 282
240 282
357 282
171 283
435 283
183 284
351 284
137 285
166 285
174 285
215 285
286 285
460 285
108 286
269 286
299 287
158 288
242 288
355 288
384 288
468 288
206 289
235 289
324 289
353 289
196 290
321 290
421 290
105 291
362 291
133 292
401 292
472 292
261 293
291 293
390 293
428 293
124 294
202 294
232 294
359 294
105 295
134 295
180 295
294 295
409 295
348 296
478 296
212 297
314 297
419 297
441 297
85 298
100 298
334 298
399 298
167 299
340 299
152 300
294 300
300 300
307 300
401 300
443 300
91 301
129 301
246 301
386 301
397 301
227 302
329 302
410 303
453 303
213 305
311 305
378 305
75 306
193 306
296 306
331 306
352 306
386 306
433 306
436 306
457 306
304 307
141 308
231 308
144 309
183 309
432 309
461 309
325 310
269 311
315 311
177 312
284 312
444 312
89 313
101 313
119 313
213 313
366 313
405 313
479 313
185 314
300 314
383 314
178 315
347 315
376 315
165 316
372 316
115 317
205 317
304 317
451 317
161 318
277 318
390 318
215 319
234 319
269 319
140 320
184 320
340 320
381 320
478 320
395 321
105 322
113 322
124 322
317 322
208 323
319 323
332 323
353 324
270 325
400 325
462 325
177 326
211 326
327 326
150 327
237 327
247 327
283 327
370 327
448 328
338 329
379 329
470 330
94 331
101 331
355 331
422 333
423 333
226 334
457 334
144 336
168 337
195 337
479 337
106 338
255 338
431 338
441 338
56 339
274 339
359 339
418 339
381 340
187 341
301 342
325 342
135 343
267 343
203 344
230 344
367 344
414 344
183 345
209 345
219 345
247 345
466 345
158 346
360 346
402 346
133 347
228 347
283 347
451 347
330 348
371 348
393 348
395 349
276 350
305 350
310 350
207 351
177 352
258 352
412 352
64 353
126 353
151 353
475 353
441 354
102 355
272 356
309 356
395 356
461 356
89 357
103 358
120 358
369 359
319 360
253 361
352 361
448 361
229 362
379 362
404 362
440 362
95 363
164 363
306 363
381 363
391 363
197 364
259 364
264 364
268 364
275 364
338 364
131 365
155 365
159 365
193 365
255 365
453 366
326 367
418 367
132 368
223 368
283 368
387 368
470 368
259 369
370 369
381 369
432 369
148 370
211 370
296 370
190 371
238 372
243 372
396 372
187 373
234 373
278 374
400 374
441 374
225 375
229 375
343 375
422 375
459 375
473 375
88 376
199 376
291 376
310 376
411 376
126 377
209 377
275 378
361 378
367 378
438 378
121 379
213 379
231 379
270 379
334 379
221 380
277 380
119 382
206 382
328 382
479 382
285 383
372 383
378 383
420 383
229 384
246 384
319 384
438 385
452 385
192 386
241 387
381 387
185 388
267 388
358 388
469 388
169 389
179 389
349 389
407 389
188 390
238 390
272 390
297 390
126 391
167 391
312 391
343 391
406 391
120 392
131 392
370 392
412 392
123 393
246 393
280 393
339 393
394 393
105 394
129 394
219 394
416 394
442 394
455 394
156 395
176 395
279 395
306 395
168 396
192 396
208 396
210 397
471 397
195 398
251 398
288 398
411 398
114 399
123 399
118 400
330 400
446 400
104 401
116 401
251 401
294 401
296 401
460 401
393 402
439 402
111 403
263 403
357 403
92 404
346 404
417 404
424 404
191 405
211 405
301 405
171 406
399 406
175 407
183 407
247 407
418 407
479 407
418 408
103 409
434 409
79 410
365 410
466 410
259 411
272 411
394 411
114 412
304 412
178 413
185 413
205 413
297 413
336 413
452 413
108 414
132 414
219 414
318 414
161 415
216 415
321 415
356 415
373 415
438 415
101 416
114 416
70 417
164 417
242 417
472 417
147 419
170 419
302 419
457 419
83 420
114 420
412 420
227 421
270 421
318 421
349 421
361 421
291 422
411 422
419 422
253 423
441 423
283 425
206 426
295 426
343 426
388 426
401 426
280 427
385 427
391 427
56 428
283 428
396 428
411 428
196 429
213 429
225 429
261 429
398 430
406 430
447 430
156 431
357 431
381 431
417 431
467 431
393 432
428 432
218 433
75 434
212 434
248 434
328 434
377 434
307 435
448 435
91 436
172 436
200 436
279 436
287 436
317 436
356 436
195 437
268 437
396 437
472 437
82 438
340 438
202 439
211 439
214 439
89 440
226 440
293 440
93 441
191 442
231 442
332 442
401 442
226 443
318 443
347 443
66 444
218 444
286 444
303 444
169 445
188 445
339 445
463 446
442 447
60 448
86 448
230 448
277 448
138 449
118 450
334 450
389 451
82 452
372 452
420 453
347 454
104 455
154 455
357 455
246 456
443 456
255 458
407 458
453 458
200 459
205 459
344 459
375 459
469 459
78 460
182 460
226 460
275 460
315 460
392 460
186 461
341 462
222 463
275 463
238 464
250 464
395 464
423 464
70 465
193 465
258 466
350 466
299 467
215 468
397 468
128 469
171 469
244 470
381 470
147 471
203 471
232 471
247 471
110 472
323 472
474 472
63 473
201 473
436 473
278 474
298 474
363 474
388 474
462 474
87 475
351 475
259 476
268 476
451 476
272 477
285 477
356 477
366 478
438 478
478 478
303 479
182 480
191 480
223 480
280 480
417 480
260 481
311 481
327 481
390 481
100 482
263 482
427 483
172 484
176 484
430 484
242 485
313 485
193 486
216 486
289 486
259 487
403 487
316 488
327 489
333 489
353 489
374 489
211 490
247 490
433 491
471 491
181 492
238 492
189 493
399 493
338 494
357 494
457 494
164 495
316 495
375 495
135 496
187 496
331 496
384 496
207 497
211 497
147 499
151 499
360 499
192 500
444 501
195 502
248 502
463 502
122 503
212 503
415 503
478 503
173 505
391 505
419 505
428 505
343 506
208 507
279 507
319 507
429 507
435 507
464 507
236 508
197 509
248 509
315 509
369 509
405 509
233 510
275 510
395 510
407 510
260 511
303 511
320 511
330 511
348 511
419 511
179 512
230 512
237 512
241 512
376 512
130 514
162 514
229 514
306 514
435 514
455 514
217 515
263 515
286 515
439 515
125 517
280 517
200 518
319 518
351 518
190 519
385 519
413 519
158 520
201 520
136 521
306 521
425 521
159 522
314 522
442 522
200 523
287 523
132 524
312 524
440 524
186 525
247 525
323 525
342 525
355 525
470 525
191 526
242 526
426 526
220 527
395 528
200 529
447 529
264 530
357 530
416 530
172 531
307 531
319 531
372 531
387 531
397 531
329 532
122 533
196 533
261 533
413 533
131 534
142 534
475 534
134 536
159 536
229 536
250 536
434 536
455 538
429 540
202 541
206 541
240 541
274 541
287 541
367 541
374 541
115 542
217 542
347 542
397 542
201 543
390 543
336 544
143 545
319 545
269 547
364 547
438 547
230 548
355 548
440 548
235 549
326 549
371 549
408 549
389 550
345 551
261 552
144 553
266 553
269 553
375 553
126 554
174 554
235 554
148 555
178 555
202 555
160 556
472 556
270 557
297 557
435 557
130 558
154 558
136 559
235 559
335 559
205 560
392 560
478 560
274 561
318 561
365 561
443 561
353 562
394 562
137 563
384 563
426 563
165 565
182 565
228 565
461 565
258 566
209 567
224 567
287 567
329 567
420 567
361 568
383 568
152 569
284 570
431 570
207 571
475 571
317 572
391 572
360 573
165 574
347 574
370 574
104 575
186 575
231 575
365 575
444 575
280 577
308 577
260 578
322 578
422 578
454 578
283 579
317 579
409 579
438 579
134 580
235 581
255 584
360 584
189 585
204 585
207 586
300 586
477 586
221 587
261 587
429 587
205 588
381 588
470 588
312 589
138 590
321 590
429 590
153 591
230 591
287 591
306 591
329 591
449 591
435 592
464 592
209 593
229 593
237 593
313 593
356 593
194 594
269 594
384 595
407 595
170 597
319 597
410 597
381 599
336 600
374 602
433 602
446 602
154 604
216 604
246 604
235 605
335 605
469 605
182 606
203 606
272 606
382 606
254 607
297 608
318 608
390 609
160 610
345 610
396 610
208 611
188 613
281 613
409 613
354 614
446 614
305 615
418 615
426 615
214 616
264 616
435 616
451 616
460 616
245 617
196 618
337 618
366 618
220 619
228 620
318 622
205 624
322 624
296 625
441 627
358 630
244 632
368 633
272 634
387 635
228 636
