296 14
232 16
281 20
327 20
181 21
270 23
216 25
310 25
258 29
359 29
160 33
200 33
294 33
240 34
340 34
280 37
378 38
325 39
301 41
316 41
185 42
246 42
287 43
351 44
116 45
299 47
427 47
205 49
295 49
386 50
170 51
199 53
324 53
242 54
273 54
278 54
366 54
444 54
313 57
349 57
461 57
270 59
238 60
398 61
201 63
222 63
329 63
147 64
188 64
241 64
275 64
99 65
311 66
376 66
144 67
226 67
312 69
431 69
174 70
210 70
245 70
464 70
135 71
260 71
358 71
417 71
286 74
404 74
384 75
217 76
337 76
199 77
86 78
270 78
204 80
394 81
119 82
157 82
370 82
91 83
267 83
77 84
89 84
153 84
158 84
196 84
293 84
395 84
407 84
427 84
172 85
182 85
308 85
476 85
406 86
433 86
85 87
307 87
461 87
145 88
181 88
384 88
290 89
417 89
446 89
251 90
295 90
71 91
99 91
171 91
353 91
361 91
177 92
237 92
411 92
292 93
415 93
430 94
206 95
25 96
98 96
127 97
134 97
184 97
379 97
136 98
295 98
319 98
160 99
385 99
61 100
135 100
263 100
269 100
342 100
443 100
458 100
473 100
395 101
233 102
54 104
292 104
136 105
158 105
334 105
96 106
168 106
286 106
82 107
331 107
48 108
128 108
192 108
281 108
304 108
164 109
396 111
406 111
194 112
150 113
277 113
302 113
72 114
89 114
168 114
298 114
329 114
401 114
444 114
128 115
460 115
317 116
137 117
191 117
110 119
126 119
175 119
306 119
228 120
31 121
230 121
317 121
399 121
343 122
257 123
331 123
132 124
313 124
379 124
23 125
123 125
426 125
238 126
355 127
389 128
328 129
82 131
114 131
421 131
465 131
168 132
334 132
336 132
442 132
478 132
124 133
186 133
433 133
455 133
414 134
422 134
398 135
393 136
396 136
56 137
364 137
103 138
8 139
66 139
143 139
212 139
342 139
258 140
289 140
271 141
434 142
299 143
401 143
33 144
62 144
68 144
163 144
259 145
396 145
160 146
329 146
316 147
329 148
354 148
365 148
463 148
88 149
414 149
445 149
470 149
475 149
173 150
180 150
198 150
237 150
221 151
136 152
236 152
246 152
344 152
405 152
222 153
249 153
266 153
322 153
387 153
118 154
201 154
388 154
79 155
197 156
316 156
153 157
224 157
264 157
69 158
110 158
14 159
188 159
345 159
382 159
74 160
132 160
201 160
209 160
263 160
409 162
90 163
404 163
236 164
267 164
309 164
422 164
99 165
174 165
250 165
254 165
447 165
465 165
44 166
49 166
258 166
291 166
370 166
477 166
159 167
333 167
436 167
123 168
257 168
299 168
358 168
374 168
96 169
108 169
270 169
294 170
313 170
405 170
433 170
27 171
183 171
289 171
310 171
208 172
302 172
382 172
418 172
169 173
284 173
361 173
289 174
398 175
88 176
303 176
348 176
364 176
393 176
430 176
99 177
264 177
422 177
446 177
60 178
183 178
219 178
209 179
287 179
153 180
212 180
432 180
461 180
36 181
57 181
81 181
418 181
471 181
93 182
356 182
52 183
65 183
43 184
262 184
439 184
158 185
188 186
213 186
230 186
296 187
74 188
78 188
130 188
233 188
397 188
429 188
193 189
233 189
417 189
45 190
419 190
50 191
88 191
209 191
294 191
337 191
387 191
416 191
353 192
206 193
265 193
331 193
365 193
441 193
17 194
94 194
215 194
456 194
96 196
219 196
271 196
380 196
362 197
410 197
93 198
140 198
211 198
246 198
315 199
369 199
75 200
156 200
227 200
289 200
37 201
98 201
202 202
232 202
209 203
268 204
272 204
69 205
87 205
175 205
356 205
382 205
406 205
415 205
439 205
96 206
298 206
251 207
330 207
375 207
456 207
202 209
449 209
234 210
463 210
21 211
119 211
268 211
91 212
178 212
251 212
320 212
378 212
479 212
85 213
88 213
136 213
105 214
435 214
75 215
227 215
44 216
203 216
310 216
106 217
252 217
161 218
171 218
240 218
356 218
110 219
151 219
233 219
131 220
297 220
5 221
329 221
396 221
428 221
224 222
91 223
252 223
412 223
469 223
210 224
285 224
405 224
457 224
101 225
378 225
479 225
246 226
30 227
48 227
69 227
121 227
364 227
310 229
350 229
215 230
197 231
245 231
340 232
178 233
295 233
185 234
251 234
12 235
111 236
143 236
360 236
48 237
448 237
105 238
283 238
184 239
322 239
391 239
394 239
62 240
138 240
274 240
64 241
126 241
204 241
40 242
195 242
254 242
472 242
152 244
415 244
34 245
131 245
253 245
127 247
189 248
297 248
437 248
123 249
252 249
27 250
314 250
444 250
228 251
391 251
394 251
427 251
72 252
151 253
191 253
273 253
55 254
334 254
440 254
465 254
89 255
366 255
374 255
123 256
243 256
280 256
427 256
248 257
408 257
141 258
158 258
178 258
235 258
394 258
13 259
112 259
225 259
252 259
49 260
51 260
436 260
448 260
48 261
389 261
71 262
202 262
204 262
409 262
180 264
279 264
324 264
98 265
220 265
389 265
393 265
174 266
410 266
134 267
163 267
194 267
279 267
82 268
57 269
103 269
334 269
355 269
145 271
470 271
149 272
263 272
362 272
395 272
46 273
242 273
257 273
444 273
462 273
478 273
74 274
292 274
355 274
41 275
372 275
25 276
160 276
171 276
60 277
217 277
281 277
356 277
414 277
120 278
209 278
348 279
378 280
392 280
162 281
171 281
346 281
18 282
285 282
49 284
226 284
219 285
279 285
78 286
455 286
148 287
171 287
205 287
316 287
320 287
330 287
370 287
4 288
100 288
339 288
470 288
283 289
291 289
70 290
119 291
190 291
219 291
263 291
317 291
342 291
189 292
394 292
420 292
346 293
67 294
123 294
183 295
285 295
373 295
91 296
205 296
265 296
322 296
333 296
26 297
217 298
254 298
42 299
285 299
418 299
445 299
66 300
148 300
288 300
378 300
108 301
290 301
62 302
199 302
417 302
460 302
472 302
68 303
419 304
292 305
346 306
377 306
348 307
382 307
390 307
13 308
130 308
183 308
100 309
125 309
181 309
320 309
376 309
378 309
62 310
134 310
222 310
252 310
415 310
200 311
242 311
164 312
256 312
209 313
285 313
448 314
45 315
173 315
206 315
392 315
459 315
35 316
266 316
310 316
365 316
399 316
150 317
203 317
75 318
337 318
473 318
221 319
285 319
141 320
105 321
150 321
171 321
198 321
294 321
310 321
235 322
406 322
218 323
271 324
422 324
24 325
85 325
119 325
316 325
437 325
179 326
280 326
296 326
261 327
297 328
335 328
448 328
313 329
465 329
203 330
48 331
61 331
71 332
196 332
199 332
351 332
404 332
137 333
182 333
479 333
9 334
110 334
160 334
415 334
74 335
236 335
240 335
286 335
346 335
378 335
168 336
428 336
440 338
38 339
170 339
185 339
291 339
80 340
97 340
452 340
34 341
216 342
267 342
385 342
326 343
78 344
149 344
125 345
302 345
402 345
469 345
170 346
219 346
224 346
67 347
90 347
237 347
267 347
270 347
427 347
316 348
346 348
372 348
183 349
22 350
77 350
440 350
17 352
107 352
84 353
319 353
211 354
332 354
371 354
260 355
312 355
458 355
12 356
223 356
286 356
115 357
138 357
217 357
239 357
259 357
323 357
370 357
401 357
56 358
384 358
211 359
360 359
398 359
411 359
422 359
8 360
241 360
470 360
66 361
249 361
264 361
347 361
355 361
96 362
189 362
293 362
431 362
479 362
123 363
157 363
444 363
121 364
341 364
34 365
320 366
333 366
368 366
106 367
324 367
393 367
206 368
275 368
283 368
87 369
155 369
172 369
255 369
362 369
457 369
55 370
140 370
201 370
278 371
401 371
214 372
271 372
273 372
316 372
356 372
384 372
364 373
66 374
408 374
414 374
416 374
472 374
23 375
50 375
117 375
222 375
55 376
68 376
155 376
348 376
430 376
123 377
273 377
288 377
299 377
329 377
426 377
157 378
186 378
14 379
163 379
450 380
92 381
152 383
244 383
250 383
396 383
180 384
204 384
367 384
46 385
86 385
225 385
272 385
429 385
459 385
133 386
315 386
343 386
352 386
108 387
224 387
408 387
474 387
2 388
128 388
265 388
417 388
277 389
286 389
124 390
213 390
226 390
331 390
71 391
139 392
288 392
410 392
65 393
300 393
394 393
443 393
168 394
262 394
32 395
416 395
190 396
367 396
423 396
454 396
438 397
476 397
63 398
93 398
359 398
391 398
393 398
414 398
263 399
283 399
402 399
434 399
75 400
122 400
60 401
152 401
185 401
231 401
296 401
48 402
158 402
209 402
280 402
463 402
18 403
235 403
290 404
336 404
338 405
180 406
417 406
151 407
473 407
77 408
203 408
320 408
106 409
222 409
322 409
451 409
168 410
238 410
240 411
245 411
327 411
370 411
48 412
202 412
380 412
2 413
309 413
390 413
108 414
149 414
228 414
276 414
38 415
124 415
196 415
223 415
400 415
461 415
193 416
227 416
251 416
264 416
330 416
176 417
219 417
237 417
47 418
302 418
441 419
117 420
411 420
123 421
131 421
142 421
327 421
59 422
79 422
24 423
180 423
203 423
279 423
250 424
359 424
181 425
294 425
78 426
124 426
94 427
105 427
208 427
277 427
279 427
385 427
218 428
237 428
330 428
181 429
213 429
431 429
11 430
147 430
201 431
178 432
247 432
283 432
443 432
132 433
251 433
464 433
92 434
145 434
337 434
255 435
312 435
428 435
168 436
201 437
50 438
105 438
274 438
305 438
349 438
36 439
90 439
101 439
164 439
270 439
450 439
124 441
248 442
274 442
435 442
165 443
200 443
78 444
342 444
370 444
26 445
222 445
478 445
173 446
53 447
458 447
96 448
241 448
265 448
296 448
345 448
336 449
375 449
348 450
189 451
350 451
409 451
113 452
124 452
347 453
404 453
442 453
9 454
124 454
132 454
288 454
219 455
381 455
465 455
129 456
190 456
336 456
39 457
151 457
319 457
63 458
404 458
148 459
222 459
225 460
254 460
307 462
230 463
278 463
369 463
79 464
101 464
345 464
438 464
470 464
22 466
246 466
349 466
399 466
51 467
215 467
153 468
335 468
118 469
158 469
238 469
143 470
242 470
267 470
302 470
456 470
295 471
158 472
42 474
122 474
62 475
355 475
3 476
129 477
261 478
362 478
30 479
107 479
171 479
81 480
196 480
320 480
430 480
445 480
177 481
380 481
230 482
70 483
425 483
96 484
226 484
342 484
449 484
465 484
14 485
76 486
134 486
254 486
312 487
193 489
404 489
411 489
118 490
156 490
52 491
99 491
167 491
221 491
332 491
390 491
128 493
247 493
375 493
384 493
86 494
115 494
353 494
426 494
38 495
65 495
301 495
456 495
104 496
157 496
277 496
397 496
75 498
86 498
66 499
239 499
21 500
60 500
160 500
324 501
427 501
2 502
79 502
477 502
177 503
266 503
412 503
294 504
203 505
382 505
84 506
119 507
288 507
140 508
317 508
359 508
460 508
92 509
226 509
363 509
406 509
159 510
414 511
425 511
150 513
358 513
472 513
137 514
165 514
406 514
92 515
191 515
254 515
335 515
392 515
106 517
132 517
151 517
281 517
13 518
27 518
120 519
213 519
303 520
361 520
172 522
179 522
184 522
192 522
305 522
307 522
46 523
85 523
154 523
352 523
147 524
207 526
154 527
199 527
265 527
370 527
400 527
406 527
294 528
364 528
397 528
67 529
218 529
237 529
248 529
50 530
356 530
459 530
67 531
81 531
124 531
146 531
186 531
343 531
177 532
248 532
424 532
344 533
374 533
33 534
87 534
365 535
71 536
339 536
124 537
155 537
311 537
16 538
258 539
5 540
113 540
151 540
373 540
477 540
60 543
282 545
312 545
456 545
239 546
270 546
299 546
327 546
134 547
264 547
116 548
186 548
412 548
125 549
132 549
345 549
421 549
205 550
251 550
341 550
396 550
454 550
260 552
293 552
373 552
384 552
406 553
155 554
284 554
328 554
372 554
29 555
170 555
145 556
187 557
285 557
465 557
121 558
277 558
342 558
448 558
9 559
94 559
344 559
126 560
192 561
355 561
363 561
106 562
154 562
406 562
291 563
301 563
358 563
60 564
211 564
275 564
330 564
336 564
434 564
41 565
273 565
139 566
442 566
49 567
269 567
271 567
316 567
373 568
236 569
150 570
316 570
137 571
159 571
300 571
82 572
197 572
276 572
60 573
310 573
343 573
352 573
29 574
45 574
52 574
357 574
459 574
477 574
151 575
72 576
79 576
156 576
242 576
270 576
331 576
19 577
260 577
298 577
324 577
109 578
223 578
250 578
418 578
90 579
140 579
286 579
345 579
360 579
66 580
147 580
384 580
310 581
211 583
50 584
451 584
117 585
192 585
470 585
78 586
115 586
179 586
301 586
400 586
130 587
374 587
125 588
307 588
90 589
128 589
132 589
284 589
413 590
419 590
50 592
130 592
231 592
410 592
89 593
313 593
401 593
59 594
316 594
393 594
32 595
225 595
278 595
443 595
467 595
13 596
19 596
295 596
44 597
406 597
83 598
104 598
415 598
77 599
144 599
147 599
81 600
459 600
213 601
383 602
435 602
132 603
324 604
356 604
171 605
68 606
284 606
115 607
314 607
407 607
238 608
199 609
344 609
50 610
307 611
427 611
29 613
370 613
445 613
7 614
97 614
155 614
187 614
334 615
80 616
138 618
175 619
218 619
417 619
248 620
390 620
479 621
324 622
456 622
289 623
120 624
265 624
355 624
383 626
107 627
165 627
429 627
62 628
236 628
466 629
47 630
81 630
197 630
27 631
151 631
280 631
14 632
253 632
373 632
401 632
309 633
224 634
439 635
343 636
139 638
298 638
334 638
369 638
268 639
