180 2
214 3
260 4
406 4
443 4
164 5
278 5
291 5
364 5
255 6
370 6
416 7
203 8
305 9
319 9
230 10
379 10
191 12
337 12
386 12
145 13
428 13
218 14
395 15
178 16
294 16
438 16
137 17
270 17
283 17
349 17
238 18
253 18
304 18
405 18
312 20
164 22
216 22
368 22
447 22
203 23
419 23
328 24
268 25
380 25
194 26
342 27
256 28
391 28
430 28
180 29
240 29
278 29
294 29
350 29
440 29
224 30
140 31
306 31
317 32
450 33
410 34
166 35
208 35
331 35
366 35
126 36
248 36
259 36
268 37
239 38
282 38
226 39
381 39
424 39
191 40
468 40
151 42
216 42
222 42
142 43
342 43
380 43
395 43
406 44
112 45
351 45
366 45
364 46
404 46
444 46
169 48
251 48
272 48
345 48
435 48
259 49
316 49
384 50
128 51
206 51
157 52
435 52
187 53
354 54
397 54
464 54
221 55
300 55
390 55
286 56
174 57
435 57
310 59
135 60
257 60
267 60
280 60
166 61
247 61
283 61
287 61
433 61
114 62
448 62
197 63
210 63
373 63
402 63
159 64
363 64
227 65
417 65
295 66
144 67
184 67
336 67
312 69
297 70
439 70
469 70
320 71
133 72
170 72
262 72
399 72
273 73
425 73
291 74
196 75
248 75
317 75
119 76
158 76
224 76
307 76
363 76
448 76
234 77
281 77
379 77
398 78
414 78
154 79
186 79
347 79
461 80
391 81
413 81
428 81
106 82
289 82
415 82
468 82
269 83
336 83
362 83
429 83
122 84
173 84
378 84
157 85
341 85
478 85
255 87
357 87
405 87
361 88
193 89
325 89
358 89
437 89
349 90
426 90
448 90
151 91
299 91
328 91
424 91
229 92
237 92
324 92
349 92
390 92
382 93
181 94
264 94
273 94
276 94
391 94
144 95
359 95
237 96
355 96
415 96
221 97
247 97
301 97
363 97
105 98
342 98
344 98
410 98
170 99
213 99
310 99
133 100
332 100
334 100
225 101
328 101
413 101
286 102
367 102
398 102
415 102
158 103
93 104
273 104
322 104
380 104
127 105
188 105
222 105
336 105
451 105
204 107
236 107
299 107
347 107
127 108
417 108
427 109
466 109
118 110
345 110
362 110
397 110
437 110
173 112
259 112
143 113
159 113
231 113
269 113
320 113
122 114
127 114
311 114
327 114
441 114
107 115
297 115
400 115
307 116
330 116
199 117
217 117
231 117
246 117
131 118
264 118
288 118
298 118
137 119
188 119
302 119
452 119
359 120
352 121
88 122
281 122
475 122
148 123
154 123
181 123
299 123
302 123
162 124
202 124
249 125
325 125
369 125
409 125
425 125
113 126
460 126
210 127
354 127
172 128
303 128
314 128
355 128
415 128
230 129
278 129
408 129
239 130
266 130
286 130
338 130
440 130
102 131
186 131
127 132
193 132
302 132
329 132
131 133
227 133
281 133
150 134
268 134
473 134
94 135
185 135
192 135
236 135
251 135
341 135
368 135
432 136
156 137
213 137
416 137
454 137
139 138
196 138
388 138
438 138
367 139
376 139
241 140
280 140
109 141
130 141
197 141
235 141
247 141
140 142
365 142
383 142
226 143
151 144
202 144
219 144
229 144
302 144
468 144
101 145
154 145
225 145
293 145
311 145
345 146
355 146
154 147
158 147
179 147
242 147
137 148
139 148
141 148
161 148
220 148
229 148
338 148
358 148
277 149
379 149
386 149
157 150
240 150
351 150
86 151
121 151
291 151
452 151
217 152
399 152
181 153
223 153
377 153
140 154
265 154
353 154
396 154
284 155
158 156
245 156
302 156
324 156
345 156
355 156
258 157
281 157
376 157
235 158
428 158
76 159
214 159
287 159
384 159
126 160
192 160
196 160
343 160
468 161
103 162
181 162
201 162
240 162
206 163
285 163
350 163
407 163
440 163
206 165
301 165
346 165
91 166
148 166
298 166
327 166
355 166
170 168
329 168
447 168
198 169
394 169
117 170
145 170
202 170
231 170
310 170
363 170
365 170
235 171
243 171
421 171
190 172
225 172
261 172
298 172
325 172
352 172
370 172
401 173
461 173
77 174
390 174
135 175
301 175
340 175
361 175
106 176
179 176
273 176
320 176
435 176
131 177
209 177
242 177
470 177
146 178
206 178
123 179
199 179
301 179
354 179
160 180
287 180
364 180
412 180
173 181
366 182
209 183
240 183
284 183
356 183
369 183
229 184
274 184
120 185
354 185
450 185
91 186
189 186
322 186
378 186
469 186
214 187
390 187
428 187
136 189
276 189
290 189
141 190
161 190
254 190
121 191
179 191
82 192
319 192
436 192
411 193
479 193
256 194
380 194
198 195
71 196
265 196
323 196
100 197
173 197
212 197
228 197
251 197
285 197
353 197
294 198
369 198
423 198
463 198
123 199
130 199
354 199
366 199
217 200
284 200
398 200
448 200
106 201
169 201
64 202
124 202
126 202
145 202
209 202
231 202
195 203
298 203
337 204
339 204
432 204
409 205
170 206
201 206
245 206
434 206
94 207
115 207
223 207
241 207
288 207
83 208
174 208
192 208
120 209
86 210
175 210
183 210
246 210
382 210
474 210
132 211
262 211
403 211
129 212
182 212
218 212
261 212
287 212
312 212
337 212
191 213
198 213
232 213
418 213
107 214
156 214
192 214
277 214
423 214
76 215
433 215
447 215
131 216
209 216
350 216
392 216
326 217
102 218
122 218
165 218
292 218
331 218
345 218
400 218
458 218
287 219
102 220
179 220
292 220
368 220
413 220
286 221
203 222
410 222
268 223
305 223
187 224
275 224
435 224
226 225
248 225
354 225
409 225
277 226
65 227
89 227
219 227
368 227
470 227
141 228
364 228
420 228
424 228
133 229
145 229
197 229
271 229
447 230
88 231
212 231
317 231
323 231
434 231
111 232
270 232
351 232
415 232
80 233
333 233
335 233
392 233
103 234
184 234
368 234
478 234
143 235
238 235
258 235
277 235
414 235
200 236
202 236
232 236
255 236
405 237
439 237
460 238
140 239
257 239
352 239
385 239
226 240
281 240
287 240
165 241
223 241
278 242
415 242
219 243
338 243
68 244
154 244
166 244
195 244
323 244
442 244
145 245
207 245
344 245
383 245
163 246
213 246
283 246
304 246
447 246
126 247
246 247
187 248
192 248
425 248
95 249
251 249
315 249
331 249
350 249
471 249
84 251
198 251
97 252
169 252
216 252
248 252
406 252
58 253
189 253
208 253
227 253
316 253
363 253
320 254
335 254
186 255
455 255
112 256
239 256
434 256
142 257
226 257
264 257
72 258
96 259
302 259
307 259
322 259
478 259
271 260
419 260
441 260
151 261
154 261
269 261
342 261
360 261
462 261
84 262
171 262
253 262
258 262
125 263
151 263
244 263
366 263
392 263
198 264
210 264
403 264
179 265
203 265
327 265
446 265
165 267
249 267
270 267
427 267
124 268
130 268
173 268
267 268
469 268
101 269
263 269
313 269
57 270
350 270
78 271
133 271
201 271
289 271
122 272
298 272
412 272
108 273
110 273
120 273
183 273
192 273
334 273
275 274
371 274
265 275
314 275
460 275
86 276
178 276
299 276
307 276
371 276
398 276
70 278
133 278
142 278
253 278
321 278
341 278
440 278
166 279
228 279
358 280
422 280
106 281
147 281
289 281
294 281
398 281
194 282
395 282
426 282
164 283
233 283
258 283
295 283
326 283
470 283
159 284
114 285
200 285
279 285
289 285
450 285
330 286
327 287
345 287
379 287
381 287
121 288
172 288
346 288
400 288
475 288
146 289
155 289
365 289
416 289
174 290
183 290
295 290
62 291
312 291
346 291
375 291
385 291
393 291
82 292
111 292
124 292
133 292
166 292
186 292
272 292
309 292
457 292
104 293
274 293
282 293
387 293
336 294
403 294
86 295
270 295
292 295
302 295
325 295
75 296
99 296
101 296
212 296
252 296
412 296
126 298
275 298
284 298
444 298
426 299
117 300
124 300
126 300
215 300
408 300
208 301
307 301
216 302
219 302
221 302
312 302
320 302
375 303
217 304
262 304
288 304
342 304
471 304
85 305
304 305
215 306
326 306
334 306
366 306
184 307
262 307
124 308
134 308
151 308
179 308
187 308
398 308
458 308
348 309
355 309
141 310
281 310
302 310
346 310
368 310
284 311
308 311
392 311
312 312
398 312
185 313
233 313
276 313
291 313
253 314
317 314
381 314
390 314
64 315
217 315
425 315
433 315
264 316
126 317
170 317
387 317
327 318
451 318
277 319
351 319
159 320
413 320
231 321
237 321
388 321
406 321
434 321
472 321
155 322
234 322
286 322
338 322
151 323
229 323
373 323
79 324
89 324
307 324
162 325
198 325
380 325
396 325
456 325
86 326
123 326
183 326
203 326
293 326
295 326
281 327
291 327
176 328
94 329
108 329
326 329
360 329
345 330
433 330
213 331
217 331
464 331
191 332
233 332
444 332
214 333
253 333
366 333
410 333
98 334
399 334
70 335
175 335
197 335
239 335
100 336
128 336
150 336
238 336
265 336
410 336
428 336
225 337
258 337
314 337
303 338
398 338
63 339
221 339
351 339
379 339
391 339
450 339
203 340
132 341
302 341
313 341
363 341
390 341
123 342
333 342
354 342
418 342
403 343
476 343
147 344
239 344
388 344
86 345
90 345
172 345
266 345
295 345
318 345
147 346
165 346
201 346
204 346
433 346
107 347
118 347
120 347
365 347
456 347
137 348
164 348
189 348
180 349
255 349
214 350
297 350
395 350
75 351
89 351
243 351
254 351
341 351
96 352
169 352
442 352
129 353
134 353
150 353
301 353
375 353
229 354
364 354
158 355
252 355
196 356
408 356
347 357
470 357
139 358
375 358
174 359
450 359
264 360
327 360
106 361
239 361
270 361
134 362
151 362
322 362
340 362
365 362
239 363
349 363
409 363
473 363
66 364
399 364
166 365
179 365
194 365
281 365
388 365
190 366
340 366
437 366
87 367
134 367
335 368
219 369
187 370
206 370
296 370
414 370
462 370
380 371
391 371
315 372
445 372
168 373
257 373
260 373
284 373
361 373
146 374
245 374
292 374
302 374
358 374
80 376
225 376
329 376
125 377
229 377
349 377
371 377
226 378
238 378
274 378
158 379
201 379
364 379
224 380
273 380
424 380
472 380
188 381
234 381
257 381
453 381
84 382
198 382
357 383
229 384
298 384
394 384
72 385
246 385
459 385
98 386
110 386
184 386
213 386
303 386
386 386
100 387
244 387
258 387
267 387
293 387
339 387
171 388
221 388
409 388
443 388
479 388
90 389
267 389
311 389
179 390
368 390
66 391
97 391
150 391
210 391
291 391
425 391
120 392
371 392
401 392
385 393
238 394
405 395
429 395
132 396
161 396
191 396
455 396
164 397
303 397
383 397
91 398
193 398
275 398
293 398
366 398
316 399
328 399
418 399
148 401
342 401
464 401
138 402
151 402
183 402
234 402
241 402
307 402
160 403
273 403
337 403
147 404
268 404
470 404
142 405
196 405
217 405
219 405
374 405
395 405
231 406
72 407
268 407
431 407
98 408
133 408
447 408
214 409
242 409
477 409
229 410
310 410
124 411
158 411
249 411
258 411
267 411
270 411
209 412
435 412
117 413
187 413
232 413
454 413
301 414
315 414
388 414
421 414
62 416
279 416
160 417
282 417
435 417
82 418
235 418
250 418
315 418
225 419
348 419
108 420
276 420
370 420
146 421
209 421
442 421
470 421
233 422
256 422
351 422
168 423
272 424
168 425
246 425
259 425
421 425
71 426
126 426
194 426
342 426
136 427
246 427
98 428
132 428
294 428
299 428
334 429
343 430
353 430
366 430
389 430
116 431
431 431
124 432
139 432
218 432
294 432
419 432
140 434
86 435
228 435
271 435
294 435
311 435
237 436
409 436
113 437
435 437
470 437
176 438
279 438
378 438
135 439
194 439
325 439
340 439
403 439
146 440
202 440
205 440
228 440
345 440
446 440
336 441
477 441
191 442
217 442
153 443
163 443
385 443
143 445
100 447
149 447
154 447
193 447
219 447
221 447
149 448
378 448
387 448
239 449
266 449
437 449
464 450
94 451
308 451
320 451
325 451
327 451
366 451
137 452
340 452
424 452
146 453
206 453
297 453
88 454
144 454
151 454
171 454
204 454
211 454
401 454
428 454
475 454
117 455
162 455
255 455
267 455
285 455
360 455
424 455
163 456
180 456
185 456
248 456
275 456
212 457
333 457
239 458
377 458
385 458
415 458
109 459
230 459
261 459
327 459
394 459
146 460
347 460
78 461
132 462
136 462
210 462
266 462
343 462
370 462
422 462
456 462
223 463
339 463
354 464
277 465
280 465
322 465
324 465
440 465
168 466
411 466
201 467
95 468
187 468
471 468
163 470
335 470
405 470
417 471
288 472
304 472
312 472
140 473
160 473
425 473
194 474
231 474
357 474
370 474
408 474
433 475
181 476
274 476
358 476
450 476
122 477
150 477
220 477
369 477
112 478
154 478
164 478
184 478
375 478
422 478
172 479
208 479
414 479
355 480
138 482
440 482
100 483
189 483
260 483
370 483
377 485
398 485
472 485
128 486
386 486
211 487
219 487
254 487
346 488
400 488
289 490
302 490
314 490
439 490
119 491
201 491
151 494
414 494
329 495
368 495
383 495
179 496
457 496
103 497
339 497
357 497
401 497
230 498
343 498
418 498
360 499
270 500
175 501
181 501
471 502
129 503
160 503
377 503
215 504
280 504
441 504
251 505
478 505
320 506
321 506
391 506
304 507
382 508
425 508
447 508
187 509
387 509
454 510
106 511
249 511
276 511
287 511
364 512
410 512
429 512
237 513
328 513
339 513
416 513
184 514
158 516
466 516
141 517
223 517
245 518
336 518
401 518
163 519
355 519
447 520
126 521
165 521
208 521
340 522
354 522
284 523
161 524
180 524
302 524
324 524
119 525
396 525
173 526
215 526
285 526
201 527
210 529
227 529
370 529
411 530
431 530
142 532
196 532
272 532
244 533
233 534
238 534
294 534
189 535
453 535
170 536
348 536
130 537
238 537
254 537
307 537
330 537
376 537
192 539
390 539
472 539
289 540
248 541
300 541
269 542
373 542
200 543
249 543
289 543
376 543
197 544
212 544
191 545
396 545
403 545
157 546
281 546
301 546
179 547
410 547
337 548
424 548
297 549
351 549
369 549
239 551
266 551
439 551
141 552
220 552
227 552
227 553
237 553
362 553
378 553
454 553
394 554
400 554
278 555
313 555
282 556
380 556
219 557
231 557
238 557
182 558
274 558
399 558
188 559
326 560
174 562
158 563
210 563
348 564
366 564
402 564
388 565
145 566
417 566
236 567
431 569
263 571
284 573
299 573
319 574
327 574
339 574
355 575
184 578
199 578
212 578
368 578
168 579
380 579
237 581
401 582
258 583
396 583
408 583
273 585
315 585
331 585
300 586
359 586
215 591
202 592
242 594
258 596
299 596
323 596
353 596
373 596
275 597
333 599
220 606
337 607
252 608
302 611
321 611
255 612
285 612
