210 2
311 2
378 2
232 3
247 5
431 5
323 6
471 6
338 8
270 9
401 11
116 12
134 13
289 13
149 14
161 14
364 14
418 14
453 14
182 15
199 15
218 16
235 19
308 19
252 20
429 20
467 21
334 22
391 22
268 23
280 24
354 24
100 25
116 25
130 27
152 28
184 28
167 29
147 30
415 30
449 30
199 31
219 31
373 31
235 32
340 33
260 34
398 37
466 37
96 38
127 38
283 38
112 39
362 39
122 40
296 40
309 40
427 40
152 41
278 41
173 43
324 43
206 44
258 44
376 45
440 45
143 46
150 46
176 46
192 46
381 46
187 47
229 47
279 48
370 48
454 48
120 49
127 49
142 49
298 49
338 49
363 49
95 50
375 50
139 51
279 51
399 51
244 52
350 52
150 53
259 53
315 53
123 54
184 54
199 54
371 54
203 55
246 55
131 56
150 57
169 57
473 57
361 58
155 59
180 59
270 59
302 59
316 60
420 60
95 61
108 61
336 61
447 61
160 62
220 62
226 62
365 62
373 62
418 62
406 63
145 64
188 64
244 64
311 64
270 65
300 65
355 65
272 66
437 66
161 67
371 67
470 67
169 68
182 68
273 68
200 69
319 69
136 70
244 70
252 70
439 71
105 73
430 73
83 74
211 74
95 75
399 75
420 75
449 75
218 76
232 76
306 76
334 76
435 76
71 77
76 77
362 77
378 77
256 78
269 78
423 78
188 79
225 79
347 79
463 79
149 80
236 80
264 80
373 80
273 81
291 81
356 81
348 82
275 83
332 83
389 83
405 83
408 83
114 84
478 84
103 86
397 86
251 87
324 87
336 87
439 87
231 88
387 88
87 89
367 89
385 89
450 89
81 90
137 90
180 90
198 90
233 90
312 90
162 91
259 91
128 92
363 92
427 92
469 94
146 95
313 95
398 95
129 96
266 96
371 96
392 96
319 97
369 97
399 97
425 97
142 98
271 98
298 98
353 98
102 99
115 99
440 99
206 100
261 100
264 100
289 100
242 101
278 101
292 101
332 101
358 101
405 101
140 102
366 102
374 103
90 104
193 104
229 104
260 104
300 104
444 104
174 105
291 107
334 107
383 107
123 108
418 109
387 111
462 111
110 112
333 112
306 113
135 114
206 114
249 114
93 115
305 115
303 116
355 116
387 116
477 117
78 118
148 118
178 118
193 118
311 118
389 118
72 119
165 119
328 119
338 119
360 119
401 119
436 119
259 120
60 122
134 122
239 122
348 122
172 123
215 123
351 123
419 124
453 124
129 127
349 127
269 128
325 128
376 128
230 129
251 129
321 129
471 129
100 130
160 131
434 131
208 132
274 132
329 132
401 132
80 133
249 133
262 133
344 133
176 134
130 135
212 135
249 135
288 135
399 135
69 136
201 136
61 137
83 137
129 137
415 137
446 137
419 138
207 139
334 139
367 139
88 140
130 140
422 140
426 140
239 141
260 141
167 142
173 142
277 143
333 143
180 145
198 146
392 146
434 146
471 146
210 148
270 148
354 148
135 149
232 149
294 149
63 150
127 150
178 150
235 150
357 150
413 150
72 151
150 151
367 151
445 151
155 152
297 152
430 152
121 153
143 153
209 153
412 153
128 154
187 154
279 154
133 155
275 155
310 155
385 155
52 156
108 156
333 156
83 157
181 157
211 157
407 157
104 158
106 158
129 158
349 158
458 158
150 159
411 159
429 159
284 160
306 160
323 160
354 161
119 162
432 162
173 163
248 163
257 163
304 163
74 164
164 164
321 164
366 164
129 165
201 165
217 165
273 165
354 165
116 166
161 166
282 166
411 166
420 166
446 166
138 167
142 167
67 168
305 168
408 168
477 168
93 169
386 169
424 169
109 170
86 171
177 171
330 171
56 172
111 172
333 172
50 173
88 173
118 175
399 175
256 176
464 176
204 177
214 178
355 178
367 178
350 179
84 180
450 180
290 181
347 181
266 182
408 182
66 183
154 184
405 184
56 185
322 185
380 185
389 185
82 186
266 186
344 186
419 186
429 186
101 187
125 187
232 187
274 187
417 187
94 188
282 188
306 188
46 189
157 189
237 189
249 189
462 189
221 190
250 190
256 190
404 190
101 191
299 191
90 192
190 192
260 192
336 192
405 192
199 193
327 194
445 194
67 195
123 195
168 195
354 195
378 196
57 197
221 197
259 197
265 197
342 197
438 197
288 198
292 198
412 198
422 198
426 198
163 199
246 199
180 200
333 200
358 200
393 200
51 201
198 201
378 201
88 202
138 202
220 202
321 202
324 202
331 202
333 202
344 202
459 202
72 203
206 203
423 203
439 203
198 204
306 204
346 204
427 204
185 205
397 205
42 206
380 206
90 207
118 207
185 207
440 207
188 208
479 208
320 209
363 209
30 210
375 210
251 211
263 211
273 211
412 211
63 212
89 212
124 212
158 212
401 212
335 213
388 213
180 214
236 214
319 214
401 214
448 214
84 215
134 216
204 216
381 216
146 217
220 217
469 217
54 218
79 219
85 219
191 219
424 219
344 220
199 221
361 221
365 221
477 221
43 222
120 222
159 222
269 222
381 222
165 223
438 223
457 223
112 224
255 224
102 225
243 225
287 225
308 225
73 226
202 226
328 226
367 226
154 227
194 227
381 227
140 228
27 229
128 229
227 229
298 229
434 229
468 229
66 230
336 230
349 230
395 230
428 230
142 231
183 231
200 231
389 231
450 231
128 232
159 232
278 232
388 232
421 232
200 233
215 233
268 233
308 233
405 233
117 234
144 234
257 235
199 236
208 236
296 236
308 236
364 236
52 237
138 237
411 237
457 237
84 239
236 239
302 239
479 239
376 240
65 241
81 241
93 242
114 242
209 242
341 242
361 242
400 242
38 243
99 243
207 243
313 243
403 244
409 244
443 244
137 245
228 245
247 245
278 245
151 246
308 246
311 246
472 246
50 247
181 247
210 247
287 247
309 247
28 248
131 248
177 248
210 248
395 248
404 248
105 249
389 249
85 250
429 250
453 250
151 251
225 251
227 251
390 251
141 252
192 253
409 253
19 254
102 254
187 254
283 254
359 254
76 255
90 255
205 255
243 255
250 255
273 255
297 255
368 255
51 256
218 256
289 256
339 256
69 257
112 257
382 257
434 257
479 257
41 258
95 258
103 258
121 258
189 258
222 258
238 258
305 258
387 258
260 259
278 259
316 259
372 259
402 259
431 259
463 259
81 260
121 260
159 260
164 260
229 260
67 261
148 263
232 263
357 263
425 263
205 264
445 264
69 266
139 266
186 266
421 266
471 266
80 267
237 267
268 267
402 267
73 268
126 268
131 269
255 269
279 269
303 269
355 269
405 269
25 270
176 270
187 270
260 270
319 270
427 270
429 270
60 271
224 271
340 271
394 271
93 272
180 272
250 272
304 272
312 272
387 272
69 273
137 273
357 273
62 274
73 274
153 274
202 274
322 274
424 274
373 275
460 275
479 275
357 276
389 276
391 276
14 277
91 277
213 277
308 277
356 277
38 278
86 278
105 278
270 278
327 278
190 279
386 279
429 279
255 280
414 280
55 281
95 281
153 281
172 281
211 281
296 281
308 281
368 281
441 281
120 282
392 282
90 283
145 283
386 283
158 284
249 284
341 284
72 285
249 285
395 285
408 285
467 285
131 286
323 287
389 287
77 288
79 288
145 288
180 288
259 288
264 288
350 288
449 288
23 289
112 289
134 290
366 290
94 291
382 291
308 292
101 293
148 293
471 293
208 294
232 294
210 295
252 295
257 295
401 295
150 296
270 296
274 296
15 298
205 298
281 298
316 298
397 298
423 299
335 300
419 300
103 301
111 301
136 301
457 301
33 302
266 302
478 302
188 303
240 303
166 304
348 304
204 305
68 306
120 306
210 306
217 306
406 306
418 306
27 307
158 307
314 307
81 308
187 308
258 308
305 308
100 309
247 309
367 309
301 310
56 311
82 311
98 311
445 311
157 312
43 313
55 313
321 313
466 313
21 314
224 314
314 314
337 314
414 314
51 315
68 315
189 315
309 315
382 315
235 316
291 316
140 317
351 317
450 317
38 318
65 318
15 319
68 319
297 319
471 319
81 320
371 320
89 321
262 321
320 321
362 323
431 323
83 324
212 324
325 324
403 324
125 325
197 325
472 325
51 326
455 326
32 327
216 327
8 328
145 328
375 328
412 328
191 329
304 329
320 329
49 330
206 330
83 331
123 332
271 332
43 333
26 334
247 334
312 334
329 334
390 334
428 334
294 336
442 336
466 336
151 337
251 337
348 337
137 338
283 338
407 339
319 340
368 340
229 341
293 341
334 341
348 341
219 342
242 342
65 343
471 343
208 345
267 345
54 346
132 346
265 346
298 346
304 346
379 346
417 346
459 346
35 347
164 347
257 347
346 347
69 348
282 348
323 348
478 348
149 349
14 350
172 350
237 350
388 350
431 350
9 351
109 351
353 351
251 352
192 353
82 354
107 354
129 354
173 354
269 354
323 354
395 354
448 354
29 355
65 355
240 355
237 356
147 357
460 357
44 358
106 359
371 359
471 359
46 360
218 360
355 360
204 361
219 361
274 361
380 361
180 362
142 363
264 363
281 363
291 363
381 363
37 364
305 365
424 365
225 366
261 366
96 367
137 367
232 367
296 367
144 368
224 368
438 368
137 369
155 369
359 369
27 370
86 370
108 370
200 370
243 370
230 371
281 371
344 371
54 372
347 372
415 372
163 373
180 373
360 373
454 373
73 374
19 375
42 375
74 375
139 375
235 375
279 375
323 376
359 376
414 376
98 377
238 377
290 377
344 377
387 378
466 378
476 378
420 379
429 379
153 380
128 381
226 381
411 381
10 383
163 383
117 384
183 384
242 384
387 384
410 384
261 385
392 385
419 385
38 386
49 386
83 386
300 386
432 386
85 387
374 387
148 388
266 388
352 388
224 389
232 389
236 389
279 389
321 389
419 389
429 389
450 389
44 390
81 390
165 390
287 390
405 390
32 391
54 391
226 391
308 391
465 391
79 392
87 392
308 392
437 392
479 392
341 393
252 394
353 394
90 395
366 395
393 395
187 396
23 397
117 397
214 397
273 398
290 398
343 398
390 398
59 399
107 399
147 399
383 399
170 401
232 401
453 401
88 402
91 402
139 402
415 402
124 403
311 403
355 403
128 404
156 404
305 404
337 404
397 404
465 404
108 405
319 405
80 406
106 406
432 406
59 407
115 407
153 407
156 407
221 407
242 407
260 407
474 407
77 409
373 409
40 410
70 410
173 410
203 410
253 410
127 411
369 411
445 411
60 412
64 413
156 413
164 413
236 413
281 413
313 413
34 415
330 415
410 415
42 416
352 416
364 416
462 417
56 418
302 418
58 419
61 419
128 419
279 419
123 420
219 420
301 420
402 420
44 421
272 421
312 421
319 421
337 421
426 421
66 422
145 422
154 422
222 422
257 422
284 422
364 422
378 422
213 424
321 424
365 424
418 424
440 424
320 425
65 426
72 426
121 426
22 427
392 427
79 428
385 428
195 429
346 429
400 429
51 430
245 430
294 430
331 430
455 430
291 431
367 431
474 431
106 432
273 432
378 432
400 432
113 433
374 433
66 435
82 435
147 435
159 435
237 435
229 436
338 436
427 436
59 437
79 437
276 437
290 437
375 437
35 438
297 438
359 438
410 438
122 439
152 439
176 439
397 439
51 440
439 440
243 441
395 441
133 442
263 442
286 442
344 442
419 442
27 443
416 443
455 443
116 444
327 444
463 444
289 445
394 445
473 445
86 446
91 446
95 446
202 446
383 446
107 447
208 447
288 447
355 447
45 448
279 448
369 448
64 449
183 449
242 449
84 450
140 450
184 451
208 451
336 451
388 451
424 451
428 451
98 452
180 452
254 453
375 453
380 453
89 454
315 454
102 455
216 455
166 456
300 456
385 456
451 457
69 458
121 458
173 458
44 459
460 459
112 460
230 460
474 460
177 461
215 461
224 461
236 461
366 462
102 463
202 463
223 463
242 463
262 463
273 463
279 463
381 463
151 464
167 464
230 464
372 464
62 465
305 465
317 465
202 466
394 466
156 467
285 467
174 468
183 468
420 468
44 469
92 469
256 469
380 469
99 470
104 471
134 471
162 471
187 471
381 471
359 472
79 473
175 473
272 473
313 473
384 473
418 473
447 473
247 474
298 474
317 474
338 474
455 474
463 474
64 475
271 475
301 475
468 475
215 476
227 476
476 476
113 477
143 477
258 477
384 477
167 478
209 478
396 478
264 479
95 480
116 480
120 480
227 480
345 480
48 481
93 481
113 481
175 481
374 481
411 481
115 482
242 482
262 482
436 482
103 483
384 483
418 483
438 483
151 484
207 484
291 484
120 485
259 485
280 485
356 485
80 486
211 486
254 486
65 487
147 488
182 488
430 488
247 489
277 489
221 490
253 490
331 490
471 490
479 490
158 491
186 491
207 491
213 491
444 491
461 491
47 492
143 492
202 493
376 493
154 494
210 494
277 494
344 495
250 496
104 497
122 497
406 497
377 498
432 498
406 499
58 501
141 501
198 501
219 501
356 501
373 501
73 502
139 503
234 503
274 504
123 505
243 505
320 506
413 506
452 506
471 506
329 507
167 508
388 508
135 509
186 509
138 512
315 512
365 512
128 513
121 514
159 514
202 514
278 514
137 515
192 515
248 515
310 515
203 516
292 516
343 516
421 516
142 517
246 517
266 517
314 517
55 518
132 518
353 518
73 519
319 519
393 519
98 520
170 521
255 521
301 521
455 521
463 521
476 521
447 522
99 523
264 523
293 523
324 523
268 524
205 525
252 525
262 525
285 525
187 526
378 526
211 527
122 528
169 528
179 528
193 529
236 529
285 529
337 529
156 530
299 530
305 530
118 531
150 531
283 531
436 531
53 532
70 532
242 532
303 532
348 532
402 532
361 533
136 534
214 535
310 535
364 535
454 535
469 535
84 536
359 536
174 537
319 537
437 537
235 538
96 539
231 539
299 539
390 539
324 540
373 540
247 541
291 542
435 542
183 543
199 543
214 543
240 543
256 543
376 543
437 543
106 544
256 544
439 544
242 546
318 546
339 546
391 546
131 547
262 547
305 547
442 547
232 548
465 548
64 549
149 549
151 549
186 549
427 549
433 549
157 550
218 550
81 551
170 551
361 551
435 551
313 552
354 552
176 553
371 553
100 555
145 555
277 555
182 556
271 556
285 556
365 556
142 557
115 558
254 559
268 559
125 560
151 560
180 560
190 560
246 560
373 560
301 561
461 561
327 562
422 562
260 563
446 563
455 563
342 564
437 564
109 566
164 566
275 566
90 567
366 567
221 568
123 569
199 569
136 572
378 572
178 573
401 574
102 575
239 576
316 576
325 576
449 576
145 577
248 577
424 577
438 578
162 579
206 579
260 580
340 580
274 582
179 584
358 584
117 585
294 585
305 587
379 587
135 589
237 589
392 589
403 589
194 590
210 590
317 590
412 591
151 592
248 592
341 595
268 596
166 597
351 598
283 599
178 600
183 600
362 600
374 600
297 602
218 604
227 604
312 604
206 605
253 608
337 608
268 610
344 610
282 613
