414 1
163 3
212 5
296 6
318 6
344 6
430 6
204 7
329 7
270 8
286 8
360 8
189 9
378 9
144 10
252 10
136 14
398 14
229 15
168 16
131 17
310 17
461 17
215 18
300 18
316 18
333 18
204 19
421 19
283 20
355 20
265 22
477 22
154 23
194 23
375 23
433 24
246 25
439 26
111 27
180 27
233 28
303 28
393 28
318 29
224 30
292 30
332 30
456 30
172 31
409 31
136 33
345 33
209 34
479 34
161 35
421 35
198 36
273 36
357 36
266 38
281 38
300 38
190 39
291 39
372 39
437 39
253 40
150 42
218 42
241 42
265 42
384 42
115 43
167 43
447 43
169 44
143 46
346 46
401 46
102 48
170 48
183 49
211 49
466 49
206 50
411 50
417 50
270 52
196 53
295 53
427 53
308 54
343 54
367 54
89 55
210 55
325 55
377 55
154 56
238 56
245 57
119 58
187 58
233 58
338 58
342 58
389 58
443 58
279 61
143 62
225 62
400 62
106 63
213 63
222 63
139 64
269 64
335 64
460 64
417 66
289 68
307 68
131 69
162 69
263 69
281 69
319 69
331 69
343 69
271 70
360 70
361 70
475 70
254 71
96 72
193 72
244 72
374 72
163 73
434 73
126 74
386 74
441 74
232 75
151 76
206 76
224 76
226 76
251 76
194 77
322 77
178 78
218 78
248 79
396 79
452 79
113 80
215 80
216 81
255 81
336 81
412 81
80 82
126 82
311 82
243 83
288 83
322 83
462 83
277 84
297 84
165 85
264 85
409 85
104 86
229 86
256 86
200 87
369 87
277 88
431 88
474 88
127 90
387 90
439 90
235 91
330 92
149 93
150 93
188 93
225 94
259 94
406 95
178 96
288 96
352 96
450 96
117 97
154 98
265 98
297 98
340 98
157 99
271 99
310 99
343 99
356 99
362 99
416 99
460 99
87 100
258 100
349 100
139 101
146 101
255 101
317 101
170 102
249 102
257 102
376 102
203 103
425 103
155 104
229 104
260 104
329 104
426 104
77 105
106 105
421 105
238 106
383 106
438 107
474 107
130 108
395 108
232 110
448 110
98 111
126 111
159 111
187 111
405 111
138 112
339 112
402 112
454 113
139 114
210 114
259 114
290 114
351 114
422 114
252 115
304 115
316 115
418 115
62 116
268 116
329 116
366 116
178 117
463 117
144 118
203 118
326 119
133 120
160 120
237 120
431 120
115 121
168 121
207 121
386 121
223 122
231 122
265 122
83 123
330 123
349 123
395 123
274 124
400 124
50 125
318 125
444 125
188 126
269 126
297 126
132 127
162 127
348 127
479 127
214 128
375 128
380 128
410 128
103 129
263 129
291 129
302 129
307 129
310 129
72 130
319 130
379 130
396 130
324 131
417 131
455 131
179 132
212 132
265 132
277 132
328 132
150 134
231 134
302 134
335 134
392 134
120 135
264 135
307 135
341 135
425 135
206 136
170 137
196 137
93 138
220 138
224 138
357 138
253 139
392 139
468 139
221 140
404 140
437 140
87 141
246 142
297 142
367 142
368 142
55 143
141 143
214 143
303 143
315 143
317 143
304 144
476 144
273 145
283 145
445 145
208 146
328 146
366 146
80 147
108 147
158 147
181 147
229 147
293 147
417 147
216 149
241 149
327 149
387 149
130 150
236 150
281 151
43 152
71 152
222 152
251 152
354 152
455 152
101 153
198 153
397 153
286 154
294 154
302 154
235 155
306 155
430 155
121 156
213 156
276 156
383 156
213 157
313 157
467 157
326 158
377 158
405 158
34 159
165 159
186 159
322 159
63 160
236 160
255 160
266 160
439 160
167 161
476 163
133 164
203 164
226 164
321 164
436 164
149 165
86 166
183 166
80 167
90 167
102 167
133 168
275 168
291 168
303 168
339 168
452 168
137 169
154 169
218 169
392 169
360 170
428 170
244 171
47 172
77 172
192 172
253 172
320 172
99 173
175 173
238 173
125 174
146 174
329 174
83 175
374 175
406 175
244 176
324 176
401 176
414 176
463 176
95 177
152 177
438 177
203 178
217 178
233 178
384 179
437 179
67 180
93 180
160 180
265 180
284 180
291 180
360 180
159 181
226 181
303 181
154 182
426 182
137 183
177 183
189 183
254 183
355 183
170 184
196 184
209 184
313 184
430 184
473 184
243 185
406 185
35 186
180 186
449 186
60 187
343 187
477 187
397 188
107 189
144 189
415 189
81 190
141 190
176 190
237 190
372 190
91 191
403 191
99 192
165 192
191 192
217 192
267 192
297 193
88 194
343 195
430 195
460 195
209 196
284 197
313 197
365 197
182 198
225 198
245 198
262 200
383 200
424 200
466 200
338 201
93 202
179 202
431 202
446 202
43 203
70 203
198 203
422 203
471 203
331 204
186 205
217 205
277 205
391 205
135 206
162 206
265 206
362 206
424 206
113 207
255 207
273 207
282 207
290 207
337 208
374 208
430 208
303 209
415 209
428 209
454 209
148 210
246 210
399 210
190 211
233 211
191 212
211 212
242 212
372 212
59 213
100 213
156 213
314 213
413 213
106 214
145 214
244 214
269 214
171 215
371 215
459 215
104 216
179 217
408 217
416 217
191 218
219 218
295 218
357 218
380 218
27 219
131 219
148 219
266 219
372 219
141 220
212 220
249 220
261 220
438 220
145 221
195 221
270 221
276 221
302 221
399 221
405 221
465 221
100 222
153 222
182 222
331 222
392 222
420 222
424 222
226 223
217 224
355 224
383 224
74 225
97 225
120 225
127 225
202 225
365 225
389 225
448 225
48 226
117 226
315 226
20 227
179 227
194 227
249 227
290 227
108 228
430 228
336 229
130 230
131 230
333 230
365 230
414 230
117 231
142 231
328 231
113 232
323 232
267 233
356 233
455 234
474 234
244 235
303 235
379 235
142 236
156 236
174 236
216 236
36 238
65 238
188 238
310 238
349 238
385 238
190 239
349 239
232 240
276 242
302 242
355 242
448 242
222 243
291 243
368 243
82 244
96 244
248 244
257 244
268 244
29 245
143 245
211 245
272 245
321 245
380 245
434 245
102 246
220 246
357 247
386 247
463 247
279 248
340 248
51 249
104 249
160 249
181 249
231 249
320 249
412 249
413 249
193 250
278 250
380 250
82 251
122 251
230 251
25 252
345 252
77 253
207 253
353 253
392 253
443 253
278 255
287 255
361 255
410 255
83 256
337 256
22 257
292 257
344 257
348 257
420 257
430 257
449 257
312 258
48 259
94 259
112 259
166 259
261 259
268 259
328 259
330 259
385 259
406 259
107 260
177 260
227 260
190 261
473 261
216 262
243 262
328 262
230 263
273 263
295 263
138 264
313 264
321 264
367 264
65 265
201 265
244 265
109 266
264 266
421 266
459 266
87 267
234 267
304 267
250 268
394 268
234 269
302 269
323 269
353 269
371 269
384 269
478 269
197 270
260 270
444 270
32 271
59 271
112 271
259 271
283 272
325 272
362 272
374 272
99 273
264 273
321 273
463 273
91 275
184 275
238 275
240 275
340 275
415 275
171 276
307 276
318 276
145 277
218 277
376 277
382 277
79 278
324 278
51 279
96 279
149 279
234 279
288 279
437 279
283 280
465 280
132 281
361 281
419 281
58 282
92 282
216 282
269 282
437 282
273 283
378 283
401 283
85 284
250 284
346 284
192 285
235 285
292 285
441 285
22 286
157 286
180 286
205 286
249 286
312 286
469 286
71 287
102 288
211 288
375 288
399 288
455 288
104 289
329 289
57 290
128 290
280 291
339 291
408 291
43 292
167 292
280 292
297 292
315 293
140 294
154 294
256 294
352 294
476 294
64 295
228 295
382 295
204 296
342 296
105 297
68 298
240 299
242 299
277 299
284 299
39 300
192 300
333 300
395 300
463 300
164 301
413 301
431 301
448 301
63 302
82 302
138 302
318 302
99 303
243 303
346 303
362 303
58 304
69 304
118 304
125 304
150 304
205 304
223 304
359 304
45 305
57 307
188 307
247 309
385 309
174 310
299 310
387 310
419 310
97 311
162 311
233 311
261 311
321 311
60 312
81 312
135 312
350 312
373 312
383 312
436 312
249 313
288 313
453 313
473 313
92 314
310 314
405 314
244 315
26 316
123 316
216 316
55 317
92 317
147 317
323 317
71 318
273 318
257 319
337 319
390 319
58 321
301 321
423 321
440 321
127 322
291 322
365 322
20 323
227 323
48 324
147 324
138 325
201 325
243 325
477 325
152 326
258 326
76 327
86 327
87 328
115 328
326 328
353 328
463 328
59 329
62 329
91 329
120 329
238 329
274 329
379 329
101 330
192 330
301 330
393 330
409 330
107 331
341 331
422 331
43 332
221 332
93 333
124 333
207 333
257 333
369 333
64 334
39 335
82 335
176 335
449 335
236 337
253 337
291 337
48 338
118 339
303 339
73 340
193 340
326 340
82 341
316 341
409 341
433 341
436 341
124 342
129 342
179 343
384 343
471 343
58 344
140 344
229 344
360 344
397 344
101 345
349 345
405 345
113 346
126 346
138 346
373 346
416 346
455 346
74 347
102 347
160 347
220 347
87 348
108 348
144 348
157 348
251 348
46 349
159 349
274 349
87 351
213 351
27 352
61 352
123 352
194 352
289 352
115 353
168 353
70 355
263 355
462 355
134 356
317 356
437 357
440 357
479 357
24 358
69 358
181 358
378 358
391 358
403 358
199 359
328 359
52 360
75 360
78 360
241 360
303 360
354 360
200 361
272 361
340 361
366 361
436 361
83 362
204 362
215 362
224 362
313 362
445 362
39 363
117 363
211 363
230 363
103 364
130 364
124 365
312 365
421 365
145 366
204 366
55 367
74 368
88 368
209 369
286 369
287 369
381 369
308 370
181 371
255 371
315 371
339 371
468 371
37 372
163 372
451 372
200 373
269 373
310 373
425 373
436 373
240 374
407 374
169 375
361 375
371 375
54 376
86 376
195 376
211 377
230 377
303 377
307 377
396 377
422 377
427 377
437 377
129 378
290 378
432 378
247 379
87 380
168 380
437 380
69 381
350 381
100 382
132 382
284 382
326 382
32 383
95 383
263 383
442 383
475 383
319 384
412 384
363 385
220 386
299 386
385 386
49 387
158 387
111 388
184 389
214 389
232 389
260 389
430 389
204 390
363 390
132 391
173 391
314 391
375 391
447 391
460 391
93 392
147 392
400 392
414 393
432 393
115 394
194 394
196 394
279 394
432 394
338 396
101 397
194 398
237 398
250 398
464 398
325 400
405 400
65 401
128 401
160 401
351 401
418 401
364 402
438 402
113 403
390 403
240 404
105 406
270 406
323 406
403 406
419 408
82 409
156 409
181 409
293 409
35 410
65 410
99 410
262 410
469 410
88 412
148 412
446 413
107 414
231 414
425 414
135 415
306 415
309 415
197 416
255 416
335 416
407 416
250 417
111 418
284 418
378 418
313 419
321 419
393 419
47 420
164 420
144 421
192 421
348 421
428 422
128 423
137 424
232 424
478 424
75 425
231 425
306 425
173 426
297 426
375 426
459 426
142 427
175 427
225 427
330 427
151 428
279 428
295 428
394 428
206 429
182 430
344 430
362 430
256 431
289 431
409 431
372 432
184 433
423 433
446 433
270 434
151 435
238 435
240 435
298 435
326 435
396 435
137 437
202 437
231 437
294 437
384 437
92 438
243 438
41 439
58 439
77 439
214 439
303 440
438 440
469 440
170 441
208 441
232 441
321 441
100 442
321 442
329 442
427 443
259 444
397 444
418 444
454 444
347 445
203 446
322 446
351 446
121 447
128 447
184 448
275 448
332 448
346 448
382 448
154 449
253 449
423 449
444 449
478 449
193 450
202 451
245 451
294 451
365 452
211 453
239 453
305 453
358 453
164 454
214 454
306 454
270 456
395 456
453 456
78 457
264 457
411 457
287 458
61 459
90 459
346 459
176 460
342 460
338 461
462 462
187 463
286 463
334 463
359 463
415 463
435 463
148 464
97 465
252 465
319 465
389 465
71 466
123 466
372 466
213 467
241 467
276 467
296 467
157 468
198 468
335 468
351 468
416 468
478 468
298 469
446 470
135 471
165 471
220 472
301 472
423 472
82 473
238 473
267 473
401 473
153 474
456 474
109 475
175 476
429 476
146 477
348 477
366 477
398 477
183 478
327 478
392 478
89 479
287 479
195 480
250 481
440 481
158 482
211 482
243 482
66 483
227 483
328 483
472 483
284 484
97 485
300 485
347 485
377 485
395 485
296 486
315 486
128 487
358 487
449 487
318 489
199 490
363 490
411 490
422 490
135 491
404 491
110 492
82 493
171 493
276 493
282 493
430 493
459 493
145 494
202 494
116 495
244 495
309 495
374 495
435 495
219 496
349 496
472 496
154 497
90 498
349 500
262 501
126 502
342 502
178 503
366 503
445 503
455 504
200 505
280 505
192 506
302 506
315 506
436 506
249 507
423 507
208 508
358 508
178 509
219 509
234 509
332 509
413 509
149 510
273 510
403 511
157 512
304 514
301 515
130 516
177 516
344 516
385 516
395 517
347 518
372 519
193 521
204 521
436 521
443 521
276 522
419 522
427 522
457 522
145 523
284 523
302 523
367 523
218 524
258 524
265 524
153 525
232 525
246 525
333 525
357 526
163 528
325 529
172 531
400 532
414 533
342 534
380 534
191 535
263 535
271 535
285 535
207 536
311 536
300 537
363 537
356 538
222 540
235 540
349 540
174 543
252 543
264 547
420 547
396 548
286 549
215 550
340 551
381 551
350 553
357 553
176 554
230 554
309 554
255 556
197 559
209 561
294 564
331 564
234 566
311 567
187 568
197 569
257 572
278 573
213 574
