263 24
231 26
289 28
221 31
244 32
184 35
279 35
214 36
267 36
340 38
327 39
231 40
317 40
252 41
298 41
199 42
293 42
167 43
159 44
277 46
216 48
356 49
154 50
184 50
260 50
344 51
248 52
309 53
329 53
208 54
237 54
290 57
172 58
226 58
141 60
162 60
269 60
359 60
376 60
192 61
382 61
342 62
183 64
252 64
315 64
324 65
158 66
300 66
284 67
211 68
124 69
364 69
147 70
232 71
375 71
170 72
267 72
193 74
333 74
218 75
253 75
323 76
108 77
244 78
305 78
352 78
162 80
288 80
365 81
408 81
274 82
359 82
122 83
382 83
96 84
199 85
138 86
172 86
257 87
245 88
322 88
337 88
109 90
148 90
352 90
303 91
202 92
232 92
238 92
303 92
122 93
184 93
283 93
287 94
370 94
100 95
158 96
196 96
384 96
134 97
220 97
263 97
168 98
421 98
154 99
249 99
320 99
394 99
293 101
346 101
310 103
408 103
103 104
184 104
299 104
337 104
366 104
429 104
272 105
80 106
145 106
341 106
120 107
251 107
414 107
337 108
377 108
216 109
345 109
360 109
169 110
300 111
325 111
389 111
88 112
199 112
293 112
309 112
327 112
333 112
219 113
272 113
341 113
342 113
157 114
182 115
258 116
308 116
396 116
125 117
146 117
296 117
407 117
102 118
210 118
247 118
368 118
81 119
292 119
308 121
429 121
114 122
208 122
293 123
322 123
224 124
276 124
387 124
73 125
134 125
141 125
162 125
193 125
259 125
333 125
438 125
83 128
104 128
145 128
177 129
336 129
358 129
147 130
243 130
405 130
451 130
201 131
419 132
61 133
231 133
330 133
376 133
141 134
324 134
429 134
313 135
336 135
91 136
218 136
258 136
280 136
297 136
387 136
84 137
116 137
136 138
162 138
186 138
242 138
206 140
356 140
77 141
128 141
235 141
354 141
405 142
450 142
357 143
99 144
368 144
418 144
73 145
287 145
321 145
190 146
247 147
267 147
301 147
313 147
209 148
423 148
431 149
62 150
436 150
86 151
179 151
235 151
344 151
131 152
393 152
108 153
223 153
357 153
190 154
408 155
138 156
324 156
452 156
124 157
129 157
277 157
343 157
75 158
98 158
264 158
300 158
352 158
370 158
425 158
287 159
332 159
141 160
237 160
149 161
163 161
225 161
271 161
311 161
466 161
199 162
220 162
233 162
241 162
185 163
386 163
211 164
277 165
294 165
358 165
395 165
61 166
132 166
243 166
308 166
447 166
86 167
152 167
257 167
214 168
171 169
264 169
349 169
370 170
171 171
280 171
156 172
168 172
420 172
461 172
125 173
255 173
72 175
120 175
190 175
384 175
95 176
125 176
289 176
157 177
186 177
226 177
440 177
113 178
349 178
212 179
283 179
86 181
288 181
207 182
243 182
302 182
361 182
407 182
59 183
151 183
180 183
299 183
331 183
82 184
107 184
200 184
263 184
317 184
323 184
452 184
144 185
215 185
375 185
457 185
167 186
50 187
226 187
166 188
196 188
225 188
248 189
388 189
426 189
463 189
120 190
183 190
216 190
222 190
263 190
73 191
277 191
154 192
358 192
94 193
252 193
470 193
168 194
209 194
236 195
110 196
401 196
442 196
61 197
88 197
238 197
341 197
214 198
358 198
54 199
377 199
414 200
323 201
126 202
221 202
343 202
173 203
461 203
132 204
291 204
412 204
78 205
100 205
157 205
159 205
300 205
321 205
393 205
424 205
95 206
220 206
247 206
362 206
162 207
264 207
42 208
198 208
202 208
146 209
189 209
318 209
359 209
99 210
441 210
219 211
379 211
89 212
338 212
476 212
66 214
349 214
218 215
437 215
54 216
84 216
456 216
100 217
162 217
286 217
420 217
156 218
167 218
260 218
263 218
270 218
297 218
131 219
140 219
329 219
391 219
428 219
94 220
110 220
130 220
368 220
183 221
309 221
324 221
93 222
240 222
468 222
161 223
197 223
275 223
438 223
106 224
113 224
168 224
192 224
252 224
145 225
170 225
181 226
378 226
68 227
227 228
268 228
185 229
255 229
280 229
295 229
243 230
309 230
390 230
49 231
401 231
79 232
459 232
124 233
208 233
109 234
151 234
210 234
228 234
369 234
107 235
113 235
170 235
129 236
251 236
270 236
335 236
101 237
196 237
274 237
326 237
440 238
168 239
249 239
475 239
53 240
143 240
194 240
290 240
222 241
303 241
348 241
349 241
224 242
366 242
237 243
385 243
397 243
403 243
439 243
424 244
457 244
178 245
326 245
373 245
61 246
203 246
110 247
209 247
230 247
334 247
351 247
396 247
77 248
130 248
395 248
87 249
271 249
413 249
96 250
149 251
271 251
469 251
120 252
197 252
305 252
163 253
287 253
342 253
437 253
96 254
103 254
348 254
64 255
423 255
228 256
319 256
233 257
418 257
186 258
277 258
326 258
333 258
363 259
370 259
217 260
233 260
396 260
453 260
116 261
129 261
54 262
92 262
108 262
172 262
294 262
431 262
217 263
256 263
273 263
144 264
255 264
284 264
348 264
405 264
115 266
236 266
319 266
426 266
412 267
469 267
66 268
440 268
361 269
123 270
160 270
184 270
220 270
446 270
37 272
77 272
396 272
304 273
426 273
109 274
91 275
209 275
315 275
377 275
169 276
259 276
268 276
54 277
109 277
141 277
219 277
235 277
284 277
407 277
30 278
421 278
461 278
196 279
209 279
327 279
409 279
128 280
357 280
437 280
295 281
365 281
221 282
365 282
395 282
160 283
346 284
392 284
396 284
429 284
310 285
42 286
63 286
413 286
447 286
81 287
179 287
399 287
405 288
422 288
475 288
95 289
116 289
388 289
426 289
144 290
169 290
245 290
273 290
324 290
407 291
33 292
335 292
372 292
388 292
405 292
217 293
290 293
52 294
189 294
226 294
343 294
411 294
133 295
159 296
303 296
390 296
397 296
461 296
69 297
185 297
214 297
216 297
250 298
364 298
412 298
230 299
316 299
353 299
396 299
443 299
88 300
327 302
473 302
102 303
258 303
282 303
123 304
144 304
247 304
261 305
369 305
62 306
171 306
212 306
225 306
237 306
301 306
341 306
396 306
425 307
454 307
311 308
391 308
260 309
271 309
383 309
38 311
93 311
162 311
356 311
402 311
184 312
134 313
272 313
319 313
54 314
421 314
283 315
407 315
71 316
377 316
402 316
437 316
444 316
144 317
178 317
270 317
364 317
367 317
106 318
208 318
229 318
251 318
259 318
329 318
381 318
468 318
337 319
172 320
197 320
235 320
376 320
156 321
271 321
308 321
381 321
82 322
172 322
221 322
294 322
137 323
309 323
383 323
370 324
386 324
456 324
330 325
406 325
43 327
97 327
124 327
183 327
479 327
143 328
290 328
327 328
330 328
205 329
164 331
240 331
336 331
439 331
246 332
262 332
416 332
437 332
111 333
316 333
395 333
37 334
222 334
305 334
424 334
445 334
468 334
282 335
298 335
363 335
54 336
143 336
160 336
188 336
314 336
352 336
214 337
438 337
407 338
69 339
316 339
358 339
409 339
451 339
86 340
121 340
318 340
192 341
300 341
322 341
359 341
475 341
123 342
162 342
428 342
46 343
295 343
410 343
101 344
118 344
200 344
292 344
387 344
402 344
414 344
186 345
250 345
283 345
240 346
314 346
366 346
223 348
335 348
346 348
459 348
122 349
263 349
395 349
38 350
60 350
314 350
433 350
345 351
350 351
136 352
213 352
445 352
76 353
162 353
374 353
378 353
401 353
123 354
157 354
191 354
426 354
109 355
182 355
420 355
382 356
284 357
331 357
357 357
396 357
202 358
472 358
141 359
192 359
174 360
234 360
413 360
313 361
366 361
68 362
267 362
338 362
87 363
171 363
189 363
347 363
455 363
47 364
190 364
364 364
101 365
226 365
266 365
274 365
342 365
439 365
180 366
216 366
133 367
373 367
400 367
351 368
385 368
395 368
164 369
401 369
113 370
285 372
353 372
402 372
408 372
467 372
61 373
148 373
168 373
235 373
308 373
203 374
449 374
95 375
183 375
194 376
343 376
176 377
335 377
358 377
362 377
472 377
42 378
173 378
295 379
326 379
107 380
259 380
263 380
367 380
318 381
363 381
366 381
404 381
339 382
427 382
57 383
90 383
188 383
257 383
229 384
381 384
441 384
124 385
259 385
281 385
302 385
392 385
428 385
218 386
342 386
38 387
140 387
432 387
459 387
349 388
411 388
346 389
387 389
438 389
117 390
449 390
436 391
104 392
177 392
208 392
249 392
261 392
353 392
68 393
288 393
344 393
163 394
177 394
202 394
334 395
357 395
99 396
154 396
185 396
470 396
314 397
360 397
369 397
454 397
294 398
402 398
200 399
384 399
388 399
46 400
228 400
421 400
78 401
275 401
81 402
169 402
398 402
403 402
99 403
337 403
130 404
217 404
319 404
354 404
396 404
84 405
148 405
390 405
439 405
300 406
407 406
429 407
432 407
246 408
43 409
92 409
186 409
213 409
466 409
255 410
282 410
95 411
376 411
392 411
413 411
57 412
303 412
325 412
71 413
255 413
362 413
433 413
116 415
143 415
251 415
285 415
90 416
229 416
344 416
125 417
166 417
263 417
271 417
308 417
372 417
374 417
453 419
289 420
364 420
329 421
401 421
81 422
141 422
309 422
349 422
158 423
213 423
365 423
96 424
261 424
421 424
291 426
414 426
387 427
406 427
67 428
459 428
143 429
333 429
353 429
445 429
51 430
103 430
89 432
92 432
262 432
370 432
268 433
295 434
404 434
436 434
208 435
316 435
109 436
119 436
190 436
391 436
95 437
105 437
156 437
334 437
112 438
225 438
356 438
433 438
93 439
98 439
261 439
62 441
241 441
395 442
452 442
79 443
265 443
298 443
322 443
416 443
173 444
203 444
250 444
114 445
153 447
131 448
187 448
281 449
363 449
96 450
138 450
457 450
154 451
237 451
253 451
381 451
421 451
271 452
399 452
337 453
76 454
128 454
263 455
274 455
385 455
184 457
343 457
355 457
235 458
425 458
153 459
277 459
325 459
371 459
171 460
93 462
215 462
282 462
356 462
445 462
108 463
297 463
351 463
389 463
256 464
407 464
310 465
153 466
198 466
245 466
250 466
342 466
124 467
232 467
73 469
91 469
430 469
174 470
260 472
413 472
280 473
362 474
395 474
213 475
245 475
294 475
337 475
347 477
108 478
269 478
309 478
437 478
123 479
196 479
379 479
229 480
346 480
173 482
248 482
267 482
329 483
122 484
162 484
296 484
214 485
338 485
364 485
157 486
381 486
138 488
402 488
327 489
444 489
245 490
421 490
162 491
315 491
349 491
94 492
107 493
224 493
290 493
192 494
212 494
174 496
332 497
339 497
350 497
426 497
305 498
141 499
305 501
325 501
158 502
162 502
183 502
188 502
213 502
241 502
342 502
406 502
125 503
286 505
359 505
267 506
339 506
108 507
309 507
175 508
321 509
287 510
356 511
350 512
142 515
232 515
110 516
158 516
303 516
127 517
395 517
427 517
408 518
170 519
377 519
174 520
253 520
340 520
226 521
281 521
304 521
321 521
261 522
352 523
251 524
281 525
284 525
320 525
352 526
360 526
193 527
220 528
306 529
165 530
284 530
360 530
127 532
186 534
272 535
273 535
212 536
240 536
318 536
322 536
379 537
141 538
292 539
326 539
160 540
181 542
233 542
324 543
377 543
330 544
157 545
229 546
273 546
204 547
292 547
338 547
357 547
310 550
288 551
225 553
246 553
376 553
153 554
297 554
318 555
192 556
354 556
167 558
325 558
217 559
354 559
357 560
242 561
306 561
162 562
329 562
375 563
398 563
262 564
281 564
211 565
182 566
301 567
322 569
348 569
371 569
253 570
201 572
297 572
272 573
395 573
174 574
247 575
221 576
290 576
195 578
316 578
341 579
187 581
209 585
233 586
280 586
305 587
337 587
257 589
225 590
333 592
271 593
356 593
296 595
217 596
244 598
289 599
319 599
258 602
281 603
