419 1
141 2
254 2
336 2
370 2
318 3
348 3
399 3
360 4
386 4
431 4
169 6
245 6
306 6
201 7
233 9
448 11
273 12
285 12
193 13
222 13
152 15
406 15
216 16
475 16
260 17
332 17
420 17
255 19
366 19
380 19
325 20
343 20
351 20
391 20
177 21
246 21
314 21
437 21
335 22
290 23
199 24
298 24
138 25
168 25
273 25
446 25
235 26
194 27
401 27
462 29
262 30
417 30
220 31
154 32
179 34
213 34
249 34
366 34
433 35
302 37
314 37
320 37
331 37
348 37
446 38
388 39
375 40
139 41
234 41
438 41
199 42
285 42
402 42
454 42
267 43
214 44
287 44
413 44
170 45
172 45
193 46
210 46
421 46
254 47
154 48
169 48
215 48
308 48
431 48
477 49
176 50
242 50
344 50
286 51
301 51
358 52
450 52
227 53
326 53
212 54
381 54
439 54
223 55
164 56
274 56
391 57
304 58
401 58
258 59
302 59
239 60
436 60
471 60
211 61
225 62
291 62
310 62
158 63
185 64
219 64
239 64
310 64
435 64
247 65
127 66
282 66
326 66
334 66
347 66
358 66
404 66
448 66
461 67
369 68
231 69
316 69
149 70
236 70
264 70
379 70
203 71
387 71
304 72
417 73
475 75
193 76
194 76
223 76
292 76
250 77
450 78
479 78
310 80
415 80
129 81
241 81
356 81
369 81
161 82
280 82
289 82
374 82
464 82
212 83
329 83
341 83
436 83
379 84
432 84
181 85
319 85
386 85
152 86
234 87
248 87
311 87
419 88
432 88
257 89
446 90
474 90
242 91
271 91
298 91
163 92
409 92
479 92
168 93
250 93
288 93
424 93
138 94
418 94
216 95
337 95
351 96
372 96
459 96
169 97
325 97
420 97
161 98
242 98
383 98
440 98
170 99
317 99
276 100
387 100
125 102
209 102
239 102
395 102
399 102
177 103
183 103
266 103
303 103
473 103
280 104
154 105
415 105
164 106
234 106
432 106
450 106
265 107
148 108
340 108
358 108
410 108
170 109
291 109
167 110
196 110
333 110
462 110
244 111
276 111
365 111
117 112
222 112
278 112
384 113
281 114
316 114
420 114
443 114
189 115
275 115
418 115
396 116
423 116
133 117
261 117
306 117
270 118
404 118
267 119
279 119
408 119
172 120
206 120
155 121
250 121
224 122
352 122
180 123
328 123
334 123
343 123
362 123
405 123
437 124
458 124
237 125
373 125
196 126
385 126
283 127
319 127
466 127
116 128
145 128
219 128
404 128
419 128
423 128
430 128
256 129
287 129
170 130
306 131
395 131
399 132
426 132
182 133
189 133
453 133
206 134
299 134
303 134
344 134
474 134
111 135
227 135
352 135
415 135
137 136
246 136
269 136
290 136
336 136
358 136
426 136
365 137
106 138
374 138
459 138
329 139
157 140
179 140
410 140
439 140
294 141
323 141
438 142
238 143
381 143
411 143
126 144
197 144
258 144
316 144
299 145
395 145
270 146
170 147
378 147
392 147
447 147
278 148
281 148
396 148
118 149
275 149
403 149
143 150
357 150
307 151
344 151
188 152
210 152
335 152
231 153
265 153
163 154
304 154
274 155
289 155
328 155
375 155
458 155
431 156
277 158
131 159
178 160
253 160
300 160
320 160
438 160
191 162
310 162
372 162
126 163
210 163
237 163
199 164
261 164
154 165
286 165
388 165
411 165
345 166
474 166
173 167
393 167
400 167
420 167
268 168
303 168
359 168
216 169
296 169
244 170
444 170
431 171
479 171
233 172
283 172
329 172
423 172
119 173
377 173
465 173
167 174
232 174
246 174
302 174
142 175
298 175
273 176
415 176
191 178
212 178
424 178
207 179
469 179
181 180
207 180
252 180
277 180
111 181
138 181
162 181
295 181
244 182
345 182
355 182
200 183
315 183
455 183
204 185
218 185
338 185
129 186
253 186
260 186
440 186
157 188
202 189
237 189
403 189
471 189
380 190
415 190
178 191
430 191
442 191
172 193
216 193
267 193
391 193
123 194
326 194
354 194
289 195
177 196
283 196
389 196
411 196
247 197
460 197
167 198
370 198
418 198
429 198
145 199
347 199
239 200
342 200
393 200
323 201
375 201
446 202
477 202
247 204
259 204
280 204
461 204
141 205
431 205
212 206
284 206
412 206
299 207
188 208
318 208
365 208
233 210
336 210
394 210
166 211
254 211
355 212
107 213
183 213
450 213
298 214
412 214
479 214
465 215
206 216
317 216
229 218
376 218
181 219
268 219
333 219
279 220
130 221
297 221
413 221
154 222
393 222
314 223
450 223
431 224
335 225
374 226
239 227
254 227
221 228
198 229
339 229
265 230
396 230
149 231
316 232
447 232
123 233
172 233
298 234
372 234
216 235
237 235
337 235
207 237
193 238
318 238
282 240
338 240
413 240
467 240
254 241
320 243
364 243
407 243
430 243
449 243
111 244
166 244
323 245
267 247
328 247
401 247
137 248
351 248
366 248
370 248
409 248
424 248
189 249
210 249
231 249
252 249
447 249
466 249
350 250
322 251
340 251
326 252
469 252
294 253
361 253
430 253
157 254
307 254
416 254
363 255
182 256
250 256
134 257
394 257
204 258
332 258
368 258
381 258
321 259
468 259
125 260
448 260
264 261
279 261
337 261
228 262
362 262
349 263
374 263
152 265
176 265
423 266
121 267
292 267
411 267
315 268
325 268
333 268
346 268
400 268
361 269
220 270
427 270
473 270
199 271
304 271
390 271
149 272
246 272
323 272
347 272
278 273
399 273
319 274
344 274
259 275
338 275
359 276
368 276
214 277
291 277
445 277
167 278
348 278
141 279
197 279
412 280
411 281
477 281
241 282
350 282
369 282
165 283
194 283
234 283
278 283
427 284
160 285
190 285
386 285
207 286
170 287
180 287
296 287
321 288
442 288
477 288
193 289
403 289
290 290
312 290
460 290
134 293
210 293
256 293
378 293
423 293
154 294
336 294
261 295
234 296
253 296
275 296
289 297
316 297
252 299
402 300
146 301
371 301
275 302
301 302
351 302
457 302
228 303
436 303
126 304
192 305
164 306
169 306
312 306
144 308
172 308
416 308
199 309
180 310
308 310
320 310
360 310
221 311
302 311
393 311
267 312
162 313
319 313
375 313
342 314
184 315
290 315
452 315
285 316
135 318
438 318
472 318
219 319
424 319
240 320
259 322
344 322
211 323
257 323
438 324
409 325
176 326
293 326
334 327
447 327
181 329
354 329
363 329
387 329
468 329
147 330
229 330
305 330
399 330
418 330
376 331
377 331
330 332
432 332
202 333
254 334
431 334
162 335
284 335
266 336
426 336
280 337
136 339
243 339
441 339
222 340
246 340
383 340
385 340
415 340
170 341
304 341
335 341
411 342
263 343
272 343
280 343
461 343
165 344
374 345
355 346
214 347
265 347
157 348
180 348
234 348
291 348
329 348
392 348
422 348
452 348
255 349
381 350
420 350
375 351
151 352
241 352
322 352
343 352
163 353
364 353
280 355
376 355
447 356
141 357
172 358
201 358
254 358
311 358
466 358
285 359
221 360
401 360
300 362
203 363
240 363
386 364
160 365
190 366
343 366
459 366
154 367
218 367
210 368
220 370
277 370
285 370
319 370
331 370
149 372
177 372
266 372
371 372
249 373
427 373
280 374
319 374
277 375
361 375
399 376
201 377
412 378
349 379
389 379
172 380
429 380
463 380
442 381
254 382
271 382
303 382
313 382
431 382
162 383
284 383
306 384
335 384
412 384
478 384
433 385
190 387
375 388
427 388
230 389
457 389
250 390
284 390
261 391
272 391
320 391
253 393
347 393
449 393
214 394
288 394
408 394
172 395
277 395
319 396
392 396
479 396
256 397
291 397
300 398
326 398
159 400
205 400
405 401
410 401
300 402
378 402
404 403
230 404
275 404
315 404
463 404
187 405
251 405
294 405
263 406
303 406
427 406
457 406
284 407
423 408
171 409
263 409
308 409
364 409
256 410
274 410
211 412
330 412
410 412
349 413
295 414
387 414
193 416
283 416
472 416
311 417
414 417
256 418
297 418
298 418
375 419
440 420
175 421
235 421
356 421
260 422
372 423
247 424
214 425
449 425
277 426
289 427
315 429
330 429
352 429
362 429
394 429
408 429
279 430
435 430
194 431
289 432
340 433
333 434
415 434
464 434
234 435
262 435
293 435
316 435
418 435
400 436
414 436
288 438
309 438
317 439
430 439
214 440
361 440
440 440
307 441
429 443
327 444
199 446
340 446
363 446
479 446
276 447
354 447
302 448
304 448
311 448
258 449
409 450
236 451
291 453
376 453
393 453
446 453
221 455
308 455
363 457
378 458
207 460
390 460
322 461
411 462
427 462
380 463
463 463
275 464
313 464
367 464
447 464
290 465
298 466
352 466
383 466
370 467
399 467
219 469
391 469
336 470
366 470
371 470
305 473
309 473
363 474
404 474
298 476
318 476
369 476
424 477
439 478
455 478
355 479
472 479
384 480
229 481
262 482
278 482
299 482
317 484
340 484
332 485
441 494
473 495
265 496
454 496
310 498
289 499
352 499
359 499
329 500
384 500
415 503
409 504
430 507
318 510
456 511
371 517
359 518
396 518
400 518
378 520
420 520
439 524
458 524
