321 16
339 16
356 18
291 19
310 19
372 20
386 21
274 23
258 25
325 28
345 28
313 29
297 30
363 30
276 32
377 32
389 33
401 35
252 36
232 38
299 39
418 39
284 40
330 40
282 41
287 41
296 41
300 41
318 41
285 42
346 42
270 43
369 43
360 44
380 46
437 46
254 47
244 48
401 49
313 50
235 51
299 51
413 51
447 51
286 52
289 52
295 52
302 52
322 52
222 53
294 53
299 53
314 53
333 53
291 54
343 54
284 55
297 55
359 55
268 56
285 56
288 56
427 56
390 57
460 57
204 58
257 58
373 58
385 61
405 61
242 62
442 62
316 63
227 64
310 64
297 65
313 65
315 65
324 65
285 66
292 66
301 66
309 66
311 66
331 66
341 67
348 67
209 68
286 68
422 68
272 69
294 69
362 69
396 69
454 69
409 70
258 71
247 72
372 72
197 73
436 74
184 75
234 75
386 75
224 76
319 76
309 77
313 77
336 77
470 77
320 78
324 78
346 78
211 79
293 79
307 79
395 79
301 80
285 81
200 82
267 83
356 83
370 84
414 84
251 85
456 85
311 86
188 87
240 87
322 87
383 87
425 88
230 89
330 89
179 91
215 91
342 91
391 92
437 92
281 93
352 93
403 93
199 95
270 95
286 95
304 95
475 95
296 96
368 96
167 97
416 97
445 97
256 98
243 99
327 99
315 100
386 100
453 100
225 101
183 102
336 103
348 104
231 105
396 105
461 105
431 106
206 107
171 108
271 108
363 108
468 108
286 109
296 109
259 110
408 111
416 111
441 111
217 112
196 113
249 113
318 113
377 113
156 114
327 114
236 115
184 116
343 118
393 118
458 118
222 119
429 119
282 120
175 121
212 121
263 121
274 121
281 121
295 121
304 121
358 121
408 121
205 122
296 122
300 122
315 122
251 123
319 123
202 124
321 124
371 124
374 124
192 125
317 125
326 125
335 125
371 125
158 126
239 126
329 126
330 126
339 126
381 126
385 126
388 126
232 127
333 127
392 127
423 127
232 128
328 128
341 128
391 128
447 128
344 129
392 129
399 129
219 130
227 130
210 131
221 131
281 131
295 131
356 131
478 131
294 132
299 132
303 132
354 132
362 132
434 132
177 133
357 133
464 133
208 134
266 134
281 134
303 134
160 135
256 135
311 135
321 135
363 135
365 135
383 135
310 136
386 136
417 136
232 137
244 137
194 138
227 138
235 138
328 138
332 138
336 138
385 138
390 138
391 138
393 138
231 139
395 139
222 140
234 140
331 140
346 140
398 140
329 141
356 141
431 141
449 141
336 142
360 142
208 143
286 143
363 143
205 144
285 144
288 144
295 144
300 144
303 144
304 144
309 144
334 144
336 144
403 144
476 144
183 145
203 145
270 145
369 145
163 146
381 146
173 147
340 147
344 147
231 148
263 148
380 148
382 149
220 150
222 150
227 150
320 150
351 150
416 150
462 150
197 151
251 151
284 151
292 151
301 151
311 151
353 151
357 151
387 151
391 151
444 151
218 152
239 152
274 152
296 152
319 152
391 152
314 153
360 153
366 153
425 153
210 154
335 154
368 154
395 154
164 155
373 155
180 156
208 156
231 156
239 156
333 156
340 156
342 156
373 156
403 156
455 156
140 157
475 157
229 158
377 158
284 159
286 159
296 159
435 159
202 160
269 160
286 160
298 160
305 160
307 160
349 160
155 161
198 161
256 161
281 161
348 161
355 161
385 161
311 162
353 162
356 162
170 163
194 163
195 163
413 163
414 163
464 163
133 164
165 164
214 164
327 164
365 164
419 164
168 165
191 165
243 165
325 165
359 165
166 166
187 166
333 166
398 166
443 166
184 167
401 167
404 167
422 167
232 168
237 168
239 168
337 168
340 168
428 168
180 169
202 169
207 169
234 169
272 169
344 169
430 169
139 170
285 170
343 170
380 170
409 170
427 170
432 170
454 170
223 171
230 171
297 171
349 171
412 171
430 171
435 171
175 172
180 172
199 172
261 172
313 172
414 172
152 173
414 173
439 173
172 174
228 174
357 174
395 174
438 174
223 175
327 175
418 175
169 176
193 176
168 177
170 177
172 177
213 177
255 177
423 177
217 178
219 178
245 178
275 178
332 178
424 178
426 178
467 178
239 179
370 179
407 179
165 180
189 180
237 180
289 180
161 181
207 181
296 181
339 181
407 181
408 181
141 182
163 182
181 182
185 182
205 182
233 182
348 182
228 183
353 183
454 183
176 184
205 184
313 184
414 184
205 185
388 185
174 186
324 186
359 186
438 186
155 187
362 187
420 187
175 188
220 188
223 188
255 188
267 188
280 188
324 188
360 188
295 189
465 189
193 190
213 190
400 190
421 190
424 190
128 191
167 191
195 191
216 191
218 191
334 191
370 191
404 191
450 191
337 192
188 193
212 193
233 193
240 193
311 193
430 193
210 194
401 194
430 194
161 195
205 195
226 195
377 195
433 195
229 196
231 196
319 196
350 196
406 196
180 197
412 197
274 198
351 198
387 198
410 198
137 199
262 199
324 199
354 199
357 199
439 199
461 199
174 200
175 200
222 200
284 200
419 200
439 200
200 201
249 201
275 201
277 201
296 201
393 201
154 202
335 202
364 202
387 202
248 203
123 204
239 204
308 204
229 205
395 205
190 206
214 206
315 206
364 206
398 206
165 208
264 208
267 208
270 208
348 208
374 208
428 208
273 209
323 209
373 209
256 210
271 210
279 210
408 210
458 210
254 211
383 211
258 212
291 212
247 213
250 213
356 213
381 213
437 213
140 214
179 214
204 214
241 214
303 214
332 214
387 214
393 214
418 214
231 215
393 216
193 217
445 217
466 217
125 218
154 218
223 219
315 219
342 219
367 219
450 219
170 220
370 220
403 220
213 222
267 222
276 222
278 222
430 222
128 223
187 223
247 223
261 223
291 224
326 224
357 224
390 224
146 225
242 225
456 225
163 226
246 226
249 226
300 226
332 226
391 226
245 227
307 227
345 227
395 227
202 228
440 228
228 229
362 229
477 229
110 230
194 230
266 232
418 232
463 232
211 233
262 233
265 233
273 233
275 233
278 233
288 233
317 233
341 233
353 233
365 233
384 233
252 234
258 234
260 234
388 234
257 235
267 235
405 235
171 236
247 236
371 236
153 237
327 237
449 237
114 238
135 238
186 238
203 238
428 238
303 239
377 239
95 240
224 240
374 240
391 240
471 240
165 242
213 242
360 242
143 243
196 243
229 243
279 243
311 243
333 243
350 243
380 243
363 244
415 244
432 244
454 244
107 245
123 245
179 245
292 245
396 245
351 246
437 246
479 246
157 247
207 247
338 247
257 248
271 248
324 248
327 248
250 249
339 249
342 249
302 250
441 250
101 251
138 251
189 251
240 251
317 251
354 251
368 251
386 251
200 252
280 252
328 252
405 252
117 253
150 253
425 253
464 253
168 255
216 255
234 255
288 255
128 256
322 256
346 256
181 257
334 257
469 257
252 258
450 258
94 259
225 259
293 259
430 259
310 260
348 260
206 261
270 261
382 261
245 262
350 262
398 262
105 263
123 263
353 263
141 264
218 264
326 264
327 264
472 264
192 265
157 266
175 266
234 266
369 266
436 266
299 267
314 267
342 267
210 268
282 268
328 268
421 268
456 268
134 269
340 269
403 269
229 270
331 270
354 270
358 270
373 271
462 271
253 272
389 272
289 273
305 273
357 273
265 274
186 275
246 275
333 275
344 275
357 275
359 275
219 276
334 276
345 276
443 276
92 277
166 277
200 277
274 277
322 277
347 277
406 277
129 278
358 278
429 278
108 279
148 279
322 279
336 279
392 279
178 281
181 281
236 281
380 281
415 281
124 282
195 282
210 282
231 282
293 282
160 283
180 283
235 283
310 283
412 283
466 283
177 284
226 284
230 284
365 284
224 285
397 285
144 286
159 286
195 286
226 286
261 286
415 286
454 286
221 287
322 287
138 288
225 288
247 288
268 288
436 288
136 289
141 289
156 289
191 289
385 289
419 289
474 289
101 290
171 290
205 290
222 290
152 291
155 291
190 291
171 292
187 292
200 292
220 292
239 292
298 292
339 292
423 292
184 293
188 293
202 293
222 293
235 293
312 293
404 293
114 295
148 295
355 295
405 295
425 295
459 295
131 296
133 296
195 296
214 296
217 296
275 296
286 296
408 296
421 296
440 296
151 297
166 297
232 297
371 297
251 298
209 299
212 299
262 299
392 299
479 299
301 300
313 300
90 301
131 301
427 301
128 302
211 302
340 302
356 302
384 302
426 302
444 302
123 303
159 303
165 303
410 303
412 303
125 304
127 304
163 304
203 304
206 304
227 304
410 304
461 304
155 305
225 305
82 306
178 306
180 306
189 306
204 306
248 306
287 306
328 306
160 307
222 307
387 307
102 308
125 308
153 308
203 308
411 308
139 309
275 309
448 309
141 310
157 310
161 310
178 310
197 310
300 310
138 311
173 311
197 311
261 311
373 311
429 311
433 311
436 311
121 312
237 312
239 312
171 313
214 313
343 313
402 313
414 313
434 313
132 314
174 314
211 314
240 314
416 314
431 314
131 315
177 315
211 315
236 315
327 315
389 315
470 315
115 316
148 316
240 316
286 316
405 316
420 316
435 316
452 316
89 317
151 317
153 317
226 317
355 317
404 317
191 318
212 318
240 318
256 318
435 318
133 319
169 319
224 319
437 319
154 320
166 320
169 320
209 320
225 320
407 320
206 321
236 321
300 321
420 321
366 322
392 322
252 323
286 323
344 323
441 323
147 324
331 324
393 324
186 325
366 325
474 325
81 326
123 327
269 327
407 328
425 328
369 329
370 329
218 330
247 330
379 330
444 330
449 330
100 331
159 331
181 331
196 331
118 332
255 332
335 332
384 332
394 332
140 333
302 333
268 334
370 334
395 334
397 334
314 335
461 335
174 336
251 336
326 336
399 336
478 336
226 337
283 337
347 337
372 337
431 337
93 338
155 338
194 338
299 338
369 338
384 338
419 338
242 339
208 340
370 340
372 340
382 340
384 340
358 341
371 341
262 342
370 342
374 342
399 342
112 343
134 343
153 343
221 343
326 343
396 343
246 344
373 344
399 344
186 345
314 345
371 345
385 345
387 345
410 345
85 346
201 346
422 346
468 346
166 347
348 347
334 348
360 348
373 348
386 348
438 348
297 349
325 349
371 349
106 350
256 350
362 350
124 351
397 351
399 351
455 351
181 353
273 353
313 353
361 353
363 353
411 353
197 354
234 355
101 356
253 356
337 356
360 356
372 356
145 357
212 357
370 358
385 358
387 358
401 358
348 359
160 360
279 360
139 361
159 361
214 361
444 361
229 362
249 362
253 362
278 362
299 362
412 362
427 362
474 362
118 363
170 363
191 363
210 363
235 363
376 363
135 364
155 364
159 364
189 364
208 364
292 364
388 364
461 364
189 365
246 365
313 365
170 366
186 366
226 366
324 366
340 366
246 367
261 367
190 368
186 369
248 369
259 369
264 369
416 369
150 370
151 370
168 370
170 370
205 370
209 370
185 371
200 371
223 371
240 371
247 371
259 371
260 371
376 371
108 372
126 372
133 372
169 372
204 372
243 372
404 372
446 372
132 373
147 373
165 373
167 373
275 373
351 373
364 373
90 374
184 374
222 374
273 374
309 374
389 374
126 375
199 375
226 375
272 375
300 376
325 376
434 376
465 376
122 377
201 377
145 378
164 378
195 378
199 378
204 378
221 378
236 378
254 378
339 378
416 378
181 379
257 379
175 380
193 380
220 380
236 380
124 381
145 381
217 381
233 381
252 381
257 381
453 381
123 382
177 382
179 382
192 382
251 382
235 383
270 383
311 383
143 384
156 384
254 384
101 385
173 385
191 385
219 385
390 385
139 386
153 386
171 386
194 386
211 386
230 386
254 386
404 386
423 386
471 386
136 387
196 387
218 387
187 388
280 388
297 388
354 388
190 389
215 389
233 389
247 389
250 389
253 389
265 389
229 390
279 390
325 390
366 390
440 390
113 391
150 391
247 391
266 391
267 391
378 391
452 391
134 392
150 392
244 392
249 392
280 392
339 392
187 393
225 393
229 393
264 393
294 393
132 394
207 394
243 394
310 394
422 394
91 395
210 395
264 395
277 395
109 396
131 396
322 396
406 396
441 396
225 397
228 397
280 397
127 398
245 398
263 398
144 400
223 400
263 400
307 400
461 400
355 401
395 401
142 402
143 402
263 402
273 402
339 402
381 402
427 402
202 403
221 403
276 403
278 403
339 403
355 403
102 404
123 404
159 404
180 404
255 404
277 404
293 404
304 404
306 404
322 404
341 404
126 405
140 405
355 405
444 405
477 405
156 406
241 406
278 406
324 406
141 407
253 407
303 407
338 407
354 407
158 408
270 408
307 408
155 409
257 409
278 409
342 409
121 410
290 410
292 410
322 410
397 410
116 411
138 411
153 411
155 411
272 411
333 411
340 411
351 411
367 411
173 412
305 412
319 412
339 412
151 413
154 413
130 414
194 414
303 414
321 414
383 414
413 414
93 415
135 415
254 415
256 415
318 415
132 416
150 416
152 416
248 416
251 416
288 416
306 416
352 416
353 416
467 416
231 417
301 417
128 418
254 418
449 418
149 419
211 419
252 419
330 419
249 420
300 420
303 420
341 420
400 420
433 420
106 421
145 421
160 421
245 421
247 421
284 421
303 421
317 421
319 421
374 421
127 422
144 422
330 422
244 423
268 423
319 423
139 424
163 424
285 424
305 424
338 424
186 425
271 425
160 426
283 426
329 426
386 426
260 427
418 427
435 427
316 428
157 429
241 429
245 429
271 429
284 429
353 429
452 429
95 430
202 430
247 430
258 430
159 431
244 431
261 431
281 431
299 431
403 431
114 432
134 432
153 432
297 432
353 432
130 433
134 433
221 433
239 433
246 433
267 433
280 433
352 433
155 434
241 434
277 434
312 434
318 434
327 434
376 434
174 435
299 435
314 435
329 435
131 436
266 436
367 436
439 436
242 437
244 437
278 437
298 437
123 438
258 438
263 438
295 438
312 438
337 438
423 438
127 439
148 439
195 439
216 439
328 439
284 440
298 440
310 440
169 441
281 441
352 441
328 442
330 442
233 443
296 443
351 443
441 443
99 444
144 444
275 444
281 445
311 445
339 445
351 445
393 445
122 446
253 446
291 447
326 447
208 448
293 448
406 448
307 449
309 449
328 449
161 450
295 450
354 450
327 451
353 452
290 453
246 454
305 454
307 454
352 454
428 454
201 455
223 455
327 455
338 455
351 455
181 456
271 456
307 456
351 456
397 456
156 457
290 457
450 457
122 458
288 458
353 458
302 459
365 459
287 460
354 460
116 461
286 461
316 461
328 461
414 461
173 462
284 462
302 462
337 463
382 463
316 464
327 464
349 464
350 464
142 465
312 465
213 466
283 466
299 466
338 466
99 467
234 467
256 467
301 467
312 468
337 468
400 468
135 469
282 469
340 469
355 469
417 469
163 470
336 470
126 471
186 471
205 471
276 471
298 471
310 471
326 471
352 471
356 471
292 472
355 472
371 472
308 473
387 473
291 474
294 474
337 474
294 475
338 475
352 475
336 476
118 477
224 477
320 477
355 477
310 478
338 478
320 479
356 479
406 479
423 479
112 480
290 480
305 480
106 481
152 481
172 481
216 481
351 481
392 481
193 482
195 482
221 482
224 482
214 483
268 483
130 484
164 484
216 484
195 485
172 486
210 486
205 487
237 487
302 487
320 487
375 487
209 488
234 488
344 488
202 489
207 490
240 490
233 491
260 491
359 491
188 492
279 492
185 493
198 493
200 493
331 493
397 493
113 494
155 495
187 495
189 495
220 495
183 496
225 496
250 496
181 497
218 497
183 498
185 498
171 499
290 499
214 500
166 501
170 501
208 501
310 501
130 502
211 502
237 502
167 503
170 503
213 503
163 504
199 504
209 504
235 505
240 505
344 505
123 506
170 506
200 506
231 506
234 507
194 508
196 508
227 508
164 509
192 509
198 509
203 509
229 509
230 509
236 509
265 509
150 510
160 510
197 510
329 510
187 511
229 511
231 511
301 511
184 512
283 512
319 512
180 513
195 513
248 513
188 514
184 515
193 515
137 516
182 516
216 516
219 516
260 516
184 518
213 518
238 518
187 519
220 520
311 520
209 521
235 522
341 522
173 523
164 524
272 524
294 525
199 527
150 528
324 528
244 530
318 532
306 533
228 534
260 535
175 539
277 539
165 540
215 540
244 542
293 543
237 545
202 547
264 548
282 548
223 550
193 551
185 553
