235 12
249 12
207 13
219 13
263 13
278 13
290 13
195 14
306 14
324 15
335 17
349 20
206 26
218 26
228 26
241 26
251 26
263 26
295 26
280 27
190 28
310 29
174 30
321 31
337 32
159 33
354 33
367 34
219 38
234 38
250 38
267 38
283 39
199 41
207 41
180 43
192 43
300 44
312 45
330 45
322 46
163 47
342 47
242 48
254 48
352 48
362 48
155 49
266 49
273 50
374 50
223 51
384 51
143 52
211 54
129 55
181 57
240 57
295 57
198 58
251 58
280 59
319 59
266 60
309 60
170 61
337 61
356 62
378 64
155 65
226 66
143 67
241 67
218 68
254 69
269 69
396 70
131 71
203 71
282 72
292 73
363 73
184 74
306 74
316 74
334 75
376 75
174 76
252 76
117 77
164 77
349 79
387 79
223 80
235 80
354 81
357 81
206 82
363 83
401 83
149 84
197 84
287 85
370 85
186 86
367 86
321 87
274 88
303 88
319 88
381 88
417 88
243 89
257 89
325 89
139 90
170 90
230 90
331 90
345 90
385 90
386 90
390 90
340 91
426 91
344 92
212 93
222 93
346 93
158 94
354 94
399 94
203 95
363 95
127 96
359 96
363 96
408 96
113 97
368 97
148 98
189 98
300 98
368 99
376 99
261 100
268 100
284 100
311 100
325 100
324 101
377 101
102 102
333 102
173 103
340 103
383 103
341 104
348 104
386 104
424 104
356 105
392 105
205 106
355 106
129 107
162 107
363 107
400 107
94 108
368 108
372 109
251 110
275 110
155 111
189 111
263 111
287 111
405 111
120 112
299 112
305 112
83 114
231 114
240 114
321 114
178 115
327 115
328 115
390 115
111 116
216 116
339 116
389 116
399 117
141 118
210 118
344 119
346 119
350 119
354 119
165 120
352 120
423 120
137 121
207 121
364 122
367 122
100 123
250 123
260 123
271 123
295 123
362 123
157 124
193 124
276 124
283 124
305 124
126 125
244 125
247 125
249 125
271 125
380 125
237 126
247 126
319 126
384 126
122 127
148 127
232 127
324 127
390 127
149 128
180 128
221 128
229 128
333 128
437 128
86 129
216 129
328 129
347 129
211 131
343 131
345 131
352 131
406 131
114 132
136 132
171 132
207 132
137 133
140 133
201 133
354 133
365 133
262 134
274 134
287 134
414 134
160 135
202 135
259 135
263 135
359 135
361 135
369 135
370 135
372 135
133 136
163 136
196 136
295 136
307 136
362 136
378 136
380 136
419 136
104 137
260 137
319 138
321 138
327 138
157 139
233 139
70 140
125 140
126 140
156 140
246 140
380 140
389 140
149 141
155 141
185 141
432 141
97 142
220 142
222 142
332 142
397 142
123 143
212 143
340 143
349 143
146 144
344 144
212 145
284 145
303 145
320 145
332 145
347 145
145 146
172 146
213 146
263 146
268 146
275 146
277 146
292 146
349 146
354 146
408 146
114 147
208 147
210 147
257 147
272 147
364 147
446 147
265 148
353 148
367 148
139 149
249 149
254 149
255 149
358 149
364 149
371 149
202 150
243 150
162 151
239 151
369 151
370 151
418 151
135 152
229 152
231 152
235 152
379 152
84 153
129 153
155 153
194 153
387 153
127 155
154 155
186 155
326 155
426 155
134 156
224 156
394 156
398 156
76 157
106 157
215 157
305 157
317 157
334 157
392 157
125 158
155 158
178 158
278 158
286 158
326 158
334 158
461 158
147 159
261 159
270 159
276 159
345 159
346 159
259 160
268 160
358 160
363 160
396 160
147 161
243 161
249 161
259 161
264 161
360 161
92 162
94 162
98 162
118 162
246 162
356 162
367 162
406 162
68 163
254 163
257 163
375 163
447 163
237 164
197 165
226 165
368 165
380 165
417 165
139 166
163 166
88 167
111 168
115 168
185 168
288 168
382 168
391 168
279 169
300 169
327 169
339 169
381 169
58 170
89 170
215 170
278 170
319 170
332 170
343 170
346 170
384 170
264 171
269 171
321 171
400 171
428 171
81 172
83 172
205 172
323 172
351 172
391 172
106 173
272 173
275 173
355 173
108 174
174 174
254 174
259 174
351 174
364 174
399 174
404 174
100 175
128 175
151 175
52 176
241 176
256 176
439 176
461 176
363 177
371 177
81 178
99 178
105 178
193 178
99 179
72 180
123 180
224 180
302 180
315 180
161 181
383 181
98 182
118 182
141 182
189 182
214 182
293 182
392 182
157 183
286 183
325 183
328 183
377 183
471 183
264 184
272 184
332 184
341 184
94 185
116 185
257 185
273 185
279 185
337 185
342 185
352 185
381 185
424 185
379 186
250 187
253 187
355 187
451 187
87 188
250 188
263 188
404 188
65 189
117 189
175 189
200 189
363 189
386 189
239 190
366 190
433 190
111 191
144 191
110 192
319 192
332 192
372 192
324 193
163 194
307 194
54 195
81 195
108 195
282 195
295 195
342 195
392 195
415 195
106 196
221 196
268 196
344 196
349 196
373 196
374 196
99 197
186 197
217 197
377 197
102 198
128 198
267 198
373 198
255 199
379 199
447 199
155 200
208 200
261 200
398 200
95 201
212 201
254 201
360 201
205 202
319 202
402 202
124 203
382 203
408 203
472 203
69 204
202 204
237 204
321 204
335 204
426 204
427 204
430 204
90 205
146 205
174 205
200 205
234 205
236 205
306 205
335 205
115 206
120 206
238 206
295 206
115 207
111 208
118 208
227 208
345 208
390 208
412 208
457 208
281 209
349 209
352 209
62 210
140 210
165 210
228 210
271 210
358 210
437 210
215 211
220 211
358 211
412 211
417 211
440 211
213 212
221 212
260 212
398 212
420 212
159 213
189 213
109 214
211 214
309 214
318 214
328 214
329 214
331 214
422 214
82 215
336 215
369 215
422 215
424 215
56 216
180 216
255 216
332 216
339 216
341 216
443 216
466 216
207 217
208 217
375 217
129 218
150 218
201 218
226 218
291 218
301 218
103 219
205 219
207 219
230 219
244 219
347 219
350 219
351 219
404 219
104 220
412 220
75 221
277 221
428 221
221 222
384 222
412 222
452 222
409 223
49 224
103 224
167 224
196 224
215 225
237 225
310 225
334 225
141 226
263 226
296 226
319 226
326 226
328 226
339 226
396 226
414 226
95 227
179 227
345 227
69 228
92 228
117 228
118 228
119 228
288 228
332 228
342 228
401 228
419 228
475 228
354 229
91 230
118 230
160 230
232 230
280 230
399 230
438 230
454 230
113 231
136 231
229 231
439 231
205 232
252 232
364 232
420 232
85 233
93 233
115 233
223 233
226 233
271 233
404 233
426 233
206 234
84 235
408 235
442 235
84 236
107 236
109 236
170 236
225 236
325 236
389 236
113 237
222 237
309 237
322 237
411 237
464 237
104 238
126 238
150 238
241 238
375 238
410 238
87 239
299 239
336 239
337 239
431 239
263 240
334 240
412 240
429 240
84 241
100 241
181 241
265 241
287 241
417 241
55 242
79 242
347 242
449 242
159 244
235 244
356 244
401 244
403 244
434 244
102 245
123 245
142 245
198 245
277 246
437 246
210 247
279 247
455 247
363 248
421 248
95 249
155 249
229 249
274 249
472 249
46 250
120 250
170 250
191 250
205 250
248 250
310 250
391 250
409 250
440 250
251 251
117 252
270 252
297 252
371 252
425 252
274 253
412 253
427 253
438 253
70 254
97 254
271 254
330 254
398 254
414 254
93 255
248 255
342 255
426 255
462 255
40 256
133 256
286 256
90 257
249 257
378 257
402 257
415 257
145 258
214 258
320 258
107 259
197 259
262 259
264 259
162 260
357 260
405 260
447 260
88 261
90 261
109 261
111 261
179 261
243 261
258 261
310 261
432 261
467 261
84 262
231 262
262 262
303 262
387 262
405 262
408 263
429 263
154 264
431 265
82 266
255 266
259 266
365 266
411 266
434 266
292 267
335 267
58 268
100 268
139 268
433 268
102 269
188 269
275 269
276 269
345 269
392 269
433 269
454 269
120 270
237 270
326 270
420 271
476 271
167 272
206 272
375 272
221 273
268 273
399 273
415 273
435 273
439 273
134 274
251 274
307 274
182 275
247 275
319 275
354 275
51 276
97 276
401 276
96 277
118 277
146 277
162 277
271 277
440 277
94 278
198 278
230 278
268 278
286 278
423 278
440 278
269 279
271 279
337 279
383 279
423 279
93 280
113 280
129 280
125 281
161 281
255 281
266 281
301 281
423 281
71 282
113 282
215 282
328 282
342 282
124 283
155 283
190 283
242 283
365 283
465 283
140 284
142 284
211 284
215 284
296 284
388 284
391 284
407 284
426 284
444 284
138 285
154 285
172 285
264 285
126 286
188 286
200 286
387 286
391 286
406 286
408 286
42 287
184 287
253 287
351 287
106 288
123 288
137 288
210 288
224 288
294 288
373 288
122 289
139 289
278 289
312 289
408 289
413 289
88 290
134 290
167 290
238 290
248 290
263 290
292 290
296 290
308 290
397 290
410 290
210 291
279 291
359 291
375 291
394 291
433 291
81 292
264 292
277 292
430 292
56 293
75 293
117 293
150 293
206 293
234 293
335 293
376 293
451 293
151 294
197 294
248 294
292 294
319 294
361 294
378 294
393 294
414 294
103 295
144 295
148 295
179 295
306 295
308 295
398 295
413 295
129 296
131 296
162 296
193 296
206 296
290 296
319 296
419 296
434 296
436 296
475 296
223 297
381 297
384 297
126 298
143 298
193 298
208 298
218 298
220 298
249 298
261 298
318 298
341 298
433 298
233 299
244 299
290 299
305 299
365 299
127 300
178 300
191 300
245 300
402 300
188 301
204 301
400 301
419 301
456 301
81 302
138 302
143 302
173 302
272 302
364 302
434 302
188 303
215 303
245 303
271 303
287 303
289 303
368 303
371 303
438 303
171 304
188 304
190 304
201 304
317 304
350 304
438 304
158 305
258 305
389 305
418 305
213 306
217 306
372 306
461 306
107 307
135 307
155 307
202 307
229 307
271 307
390 307
133 308
171 308
215 308
217 308
296 308
320 308
405 308
408 308
422 308
335 309
374 309
376 309
230 310
285 310
425 310
228 311
255 311
268 311
295 311
355 311
392 311
130 312
149 312
154 312
165 312
297 312
307 312
422 312
444 312
93 313
116 313
131 313
210 313
214 313
226 313
229 313
271 313
325 313
152 314
212 314
309 314
396 314
464 314
168 315
181 315
195 315
253 315
339 315
426 315
211 316
237 316
308 316
375 316
74 317
151 317
195 317
250 317
271 317
297 317
410 317
58 318
147 318
164 318
166 318
222 318
380 318
409 318
411 318
208 319
413 319
145 320
165 320
221 320
251 320
282 320
105 321
179 321
358 321
398 321
87 322
193 322
177 323
346 323
467 323
125 324
162 324
207 324
223 324
296 324
178 325
189 325
194 325
220 325
248 325
329 325
365 325
140 326
192 326
222 326
414 326
428 326
101 327
222 327
312 327
348 327
386 327
417 328
448 328
64 329
176 329
208 329
219 329
283 329
404 329
405 329
232 330
235 330
268 330
433 330
80 331
172 331
406 331
416 331
471 331
157 332
218 332
44 333
174 333
205 333
403 333
405 333
407 333
171 334
118 335
203 335
216 335
218 335
257 335
388 335
96 336
187 336
297 336
436 336
184 337
188 337
203 337
232 337
266 337
373 337
75 338
230 338
408 338
170 339
353 339
433 339
474 339
58 340
167 340
335 340
435 340
202 341
219 341
229 341
315 341
452 341
129 342
213 343
298 343
432 343
149 344
183 344
216 344
267 344
395 344
411 344
438 344
91 345
109 345
420 345
434 345
198 346
412 346
68 347
180 347
182 347
357 347
163 348
184 348
227 348
456 348
254 349
284 349
420 349
179 350
196 350
242 350
318 350
437 350
176 351
228 351
197 352
215 352
381 352
416 352
177 353
226 353
359 353
418 353
440 353
42 354
63 354
211 354
338 354
399 354
403 354
125 355
175 355
439 355
198 356
405 356
194 357
284 357
140 358
321 358
420 358
462 358
178 359
195 359
227 359
266 359
100 360
305 360
407 360
98 361
157 361
225 361
326 361
382 361
423 361
79 362
178 362
323 362
113 363
173 363
189 363
447 363
208 364
239 364
255 364
340 364
93 365
115 365
172 365
359 365
362 365
406 365
426 365
428 365
114 366
118 366
251 366
252 366
268 366
323 366
343 366
346 366
409 366
51 367
192 367
270 367
324 367
406 367
407 367
427 367
154 368
224 368
405 368
410 368
426 368
193 369
289 369
348 369
189 370
268 370
328 370
413 370
426 370
94 371
255 371
309 371
347 371
387 371
69 372
86 372
93 372
130 372
171 372
185 372
431 372
88 373
110 373
114 373
254 373
347 373
365 373
108 374
190 374
270 374
404 374
428 374
433 374
168 375
186 375
237 375
346 375
351 375
411 375
472 375
327 376
103 377
408 377
412 377
290 378
324 378
351 378
436 378
108 379
221 379
347 379
452 379
149 380
165 380
274 380
60 381
88 381
163 382
245 382
333 382
349 382
353 382
413 382
438 382
81 383
122 383
253 383
348 383
415 383
433 383
100 384
161 384
198 384
371 384
413 384
100 385
330 385
417 385
144 386
167 386
196 386
246 386
293 386
99 387
270 387
82 388
311 388
347 388
395 388
196 389
243 389
81 390
181 390
256 390
257 390
435 390
78 391
230 391
333 391
359 391
376 391
195 392
220 392
259 392
280 392
334 392
92 393
208 393
245 393
354 393
401 393
461 393
97 394
404 394
116 395
298 395
402 395
420 395
115 396
138 396
175 396
243 396
422 396
441 396
155 397
271 397
337 397
403 397
91 398
112 398
172 398
189 398
193 398
318 398
437 398
89 399
115 399
242 399
256 399
336 399
351 399
379 399
88 400
92 400
189 400
258 400
403 400
285 401
305 401
190 403
304 403
326 403
379 403
106 404
170 404
229 404
300 404
309 404
361 404
148 405
327 405
407 405
202 406
287 406
306 406
308 406
336 406
386 406
388 406
391 407
312 408
328 408
124 409
371 409
387 409
328 410
345 410
288 411
309 411
340 411
363 411
364 411
451 411
231 412
242 412
312 412
314 412
336 412
342 412
411 412
58 413
167 413
433 413
79 414
290 414
316 414
341 414
366 414
160 415
395 415
141 416
313 416
340 416
185 417
212 417
293 417
338 417
377 417
95 418
197 418
276 418
393 418
395 418
259 419
371 419
398 419
110 420
299 420
315 420
321 420
342 420
367 420
396 420
417 420
292 421
296 421
319 421
351 421
378 421
380 421
382 421
348 422
394 422
461 422
152 423
297 423
322 423
326 423
342 423
399 423
351 424
354 424
371 424
397 424
379 425
382 425
106 426
134 426
440 426
70 427
318 427
344 427
357 427
245 428
295 428
302 428
372 428
279 429
282 429
322 429
425 429
171 430
331 430
355 430
373 430
383 430
386 430
125 431
306 431
330 431
144 432
303 432
334 432
380 432
382 432
407 432
337 433
117 434
311 434
304 435
332 435
384 435
265 436
366 436
213 437
368 437
138 438
184 438
287 438
340 438
306 439
388 439
450 439
86 440
110 440
198 440
336 440
357 440
370 440
391 440
226 441
233 441
252 441
390 441
234 443
286 443
366 443
415 443
457 443
156 444
180 444
208 445
224 445
128 446
70 448
211 448
313 448
191 449
275 449
344 449
425 449
147 450
394 450
237 451
436 451
94 452
118 452
206 452
238 452
260 454
224 455
239 455
165 456
226 456
184 457
222 457
240 457
201 459
297 459
110 460
411 460
83 461
204 461
266 461
330 461
136 462
381 462
226 463
360 464
103 465
154 465
451 465
247 466
307 466
177 467
228 467
123 468
214 468
336 468
68 469
98 469
212 469
421 469
196 470
209 470
369 470
429 472
88 473
213 473
282 473
315 473
138 474
208 474
398 475
216 477
240 477
259 478
440 478
159 479
200 480
205 480
239 480
377 480
108 481
241 481
264 481
182 482
268 482
354 483
247 484
267 484
270 484
296 484
324 485
267 486
224 487
390 487
418 487
120 489
278 489
140 490
167 490
234 490
277 490
329 490
247 491
93 492
337 492
365 492
156 493
279 493
308 493
252 494
193 495
210 495
255 495
258 495
399 495
376 497
221 498
126 499
143 499
179 500
264 500
289 501
318 501
408 502
239 503
350 503
387 503
110 505
423 505
166 507
248 508
361 509
254 510
303 510
329 510
404 511
153 512
265 512
216 513
143 514
193 514
182 515
338 515
242 516
272 516
281 517
170 518
132 519
242 519
246 519
345 519
376 519
291 520
244 521
247 521
253 521
321 521
150 522
249 522
255 522
354 522
118 523
259 523
266 523
272 525
364 527
181 529
212 529
277 529
271 530
171 531
195 531
219 531
311 532
377 532
283 533
156 534
248 534
252 534
244 536
250 536
262 537
255 538
260 539
265 540
270 540
275 540
388 540
333 541
294 542
277 543
302 543
193 544
216 546
221 546
155 547
168 547
178 547
239 548
246 548
268 550
313 550
250 551
260 552
267 552
276 552
273 554
326 556
336 556
352 556
297 557
216 561
170 562
159 564
183 564
192 564
271 570
290 572
320 573
299 574
234 577
193 578
212 578
261 582
