322 2
209 5
256 5
307 5
122 7
163 7
239 8
471 8
282 9
456 10
387 11
109 12
402 12
418 12
227 13
350 13
368 13
432 13
271 14
334 14
442 14
145 15
190 15
323 16
91 18
454 18
259 19
308 19
215 20
295 21
128 22
469 22
172 23
238 24
282 25
374 26
401 26
119 28
197 28
265 28
387 28
419 28
155 29
352 30
183 31
223 31
329 31
344 31
439 31
311 33
454 33
320 34
248 35
98 36
137 36
461 36
476 36
294 37
387 37
165 39
201 39
405 39
270 40
374 40
420 40
229 41
408 41
429 41
434 41
161 42
199 42
352 42
357 42
366 42
427 42
439 42
120 43
350 43
151 44
161 44
352 44
426 44
429 44
439 44
121 45
154 45
182 45
186 45
338 46
448 46
143 47
325 47
347 47
184 48
212 48
321 48
323 48
148 49
252 49
286 49
304 49
326 49
107 50
137 50
144 50
178 50
405 50
404 52
413 52
471 52
132 53
140 53
164 54
169 54
267 54
355 54
367 54
383 54
405 54
421 54
128 55
162 55
226 55
133 56
189 56
194 56
345 56
352 56
192 57
336 57
338 57
340 57
424 57
434 57
183 58
211 58
248 58
321 58
324 58
343 58
88 59
186 59
196 59
156 60
178 60
180 60
183 60
188 60
302 60
147 61
149 61
153 61
178 61
448 61
195 63
225 63
288 63
462 64
171 65
395 65
403 65
412 65
415 65
73 66
106 66
266 66
346 66
348 66
360 66
372 66
136 67
174 67
339 67
355 67
386 67
411 67
477 67
163 68
169 68
406 68
408 68
412 68
133 69
137 69
139 69
330 69
426 69
248 70
325 70
420 70
422 70
425 70
439 71
131 72
133 72
161 72
229 72
156 73
204 73
281 73
304 73
440 73
153 74
159 74
193 75
196 75
121 76
156 76
372 76
453 76
355 77
358 77
403 77
409 77
88 78
179 78
341 78
181 79
184 79
211 79
342 79
412 79
177 80
342 80
177 81
417 81
427 81
250 82
317 82
78 83
169 83
388 83
473 83
133 84
203 84
240 84
293 84
103 85
162 86
275 86
342 87
360 87
402 87
438 87
189 88
195 88
334 88
365 88
371 88
186 89
223 89
257 89
455 89
67 90
370 90
87 91
316 91
150 92
246 92
384 92
388 92
420 92
178 93
115 94
209 94
301 94
237 95
293 96
396 96
274 97
396 97
472 97
196 98
163 99
189 99
344 99
158 100
191 100
194 100
362 100
444 100
214 101
372 101
375 101
186 102
258 102
329 102
124 103
309 103
319 103
371 103
415 103
240 104
94 105
176 105
428 105
394 106
456 106
170 107
399 107
168 108
174 108
285 108
349 109
141 110
197 110
365 110
164 111
227 111
414 111
473 111
195 112
274 112
376 112
452 112
163 113
381 113
76 114
183 114
263 114
358 114
368 114
426 114
332 115
390 115
315 116
325 116
126 117
213 117
382 117
99 118
464 118
177 119
300 119
146 120
176 120
400 120
198 121
252 122
281 122
115 123
226 123
231 123
367 123
376 123
422 123
165 124
219 124
246 124
415 124
60 125
114 125
338 125
352 125
386 126
477 126
268 127
310 127
327 127
186 128
74 129
104 129
107 129
441 129
129 130
206 130
212 130
214 130
233 130
230 131
406 131
97 132
202 132
297 132
339 132
455 132
229 133
172 134
202 134
204 134
95 135
144 135
223 135
278 135
288 135
427 135
192 136
350 136
364 136
385 136
90 137
96 137
217 137
248 137
327 137
465 137
87 138
118 138
213 138
60 139
85 139
90 139
315 139
398 139
438 139
216 140
236 140
411 140
86 142
298 142
81 143
158 143
183 143
227 143
260 143
419 143
103 144
129 144
451 144
107 145
368 145
74 146
152 146
174 146
329 146
340 146
378 146
101 147
245 147
286 147
430 147
98 148
360 148
100 149
103 149
198 149
276 149
316 149
392 149
238 150
401 150
466 150
92 151
96 151
63 152
119 152
234 152
333 152
141 153
208 153
213 153
262 153
303 153
91 154
207 154
346 154
443 154
87 155
89 155
227 155
230 155
419 155
82 156
113 156
156 156
207 156
452 156
85 157
88 157
109 157
226 157
179 158
219 158
249 158
365 158
84 159
196 159
277 159
286 159
376 159
132 160
216 160
239 160
213 161
237 161
338 161
269 162
312 162
325 162
171 163
190 163
240 163
331 163
402 163
234 164
350 164
433 164
469 164
99 165
301 165
169 166
206 166
232 166
360 166
63 167
120 167
256 167
203 168
223 168
228 168
375 168
137 169
199 169
289 169
388 169
163 170
183 170
201 170
423 170
448 170
86 171
197 171
215 171
243 171
274 171
340 172
346 172
174 173
322 173
332 173
192 174
311 174
405 174
436 174
462 174
190 175
229 175
232 175
263 175
368 175
52 176
193 176
228 176
360 176
99 177
208 177
228 177
231 177
292 177
423 177
205 178
130 179
148 179
391 179
72 180
204 180
225 180
249 180
281 181
402 181
440 181
110 182
164 182
182 182
187 182
159 183
214 183
333 183
347 183
450 183
179 184
237 184
272 184
414 184
237 185
317 185
239 186
370 186
123 187
194 187
81 188
99 188
176 188
304 188
388 188
422 188
229 189
432 189
173 190
193 190
206 190
256 190
293 190
466 190
190 191
226 191
149 192
225 192
103 193
167 193
173 193
188 193
285 193
338 193
350 193
404 193
69 194
443 194
279 195
364 195
415 195
377 196
453 196
477 196
36 197
166 197
218 197
327 197
237 198
240 198
428 198
212 199
266 199
140 200
156 200
212 200
309 200
348 200
65 201
83 201
84 201
101 201
182 201
388 201
436 201
230 202
294 202
438 202
44 203
224 203
227 203
249 203
354 203
357 203
399 203
464 203
81 204
357 204
62 205
120 205
326 205
369 205
450 205
115 206
199 206
247 206
364 206
410 206
220 207
245 207
275 207
217 208
280 208
378 208
419 208
114 209
150 209
172 209
215 209
236 209
242 209
271 209
338 209
110 210
218 210
239 210
274 210
315 210
70 211
73 211
108 211
342 211
346 211
386 211
50 212
189 212
233 212
340 212
344 212
48 213
53 213
87 213
90 213
210 213
213 213
230 213
301 213
397 213
437 213
439 213
71 214
143 214
466 214
66 215
84 215
122 215
208 215
253 215
352 215
355 215
426 215
444 215
107 216
226 216
247 216
258 216
288 216
361 216
183 217
203 217
221 217
403 217
408 217
161 218
219 218
272 218
413 218
434 218
452 218
103 219
274 219
275 219
374 219
40 220
101 220
216 220
326 220
437 220
264 221
318 221
330 221
439 221
98 222
115 222
415 222
463 222
199 223
213 223
237 223
301 223
343 223
385 223
419 223
111 224
117 224
133 224
425 224
449 224
174 225
255 225
286 225
355 225
72 226
208 226
226 226
254 226
51 227
74 227
93 227
431 227
88 228
147 228
436 228
31 229
54 229
72 229
105 229
108 229
206 229
248 229
276 229
368 229
403 229
188 230
217 230
240 230
244 230
246 230
306 230
402 230
433 230
438 230
199 231
378 231
47 232
66 232
213 232
52 233
84 233
99 233
235 233
299 233
328 233
387 233
415 233
459 233
48 234
80 234
322 234
83 235
159 235
339 235
417 235
424 235
445 235
68 236
252 236
290 236
348 236
351 236
352 236
397 236
78 237
116 237
280 237
312 237
425 237
41 238
63 238
120 238
242 238
246 238
250 238
283 238
42 239
94 239
207 239
226 239
227 239
244 239
452 239
470 239
92 240
93 240
271 240
273 240
407 240
62 241
217 241
366 241
405 241
412 241
431 241
132 242
133 242
173 242
438 242
251 243
330 244
340 244
378 244
440 244
464 244
127 245
131 245
147 245
270 245
351 245
418 245
200 246
310 246
386 246
424 246
292 247
421 247
83 248
125 248
283 248
302 248
30 249
106 249
255 249
303 249
312 249
313 249
123 250
140 250
323 250
364 250
395 250
451 250
364 251
409 251
432 251
7 252
52 252
157 252
185 252
272 252
339 252
434 252
397 253
400 253
160 254
231 254
381 254
416 254
205 255
380 255
152 256
260 256
351 256
150 257
296 257
385 257
20 258
113 258
293 258
294 258
299 258
309 258
424 258
91 259
148 259
220 259
250 259
285 259
296 259
309 259
361 259
408 259
466 259
43 260
130 260
149 260
315 260
316 260
391 260
193 261
282 261
326 261
368 261
369 261
371 261
425 261
60 262
445 262
238 263
373 263
376 263
431 263
450 263
157 264
177 264
210 264
274 264
338 264
129 265
378 265
380 265
141 266
155 266
432 266
231 267
263 267
348 267
389 267
407 267
477 267
440 268
143 269
438 269
292 270
294 270
301 270
374 270
50 271
124 271
170 271
188 271
207 271
251 271
314 271
358 271
412 271
298 272
303 272
310 272
334 272
399 272
419 272
461 272
285 273
83 274
105 274
224 274
285 274
362 274
419 274
23 275
122 275
151 275
315 275
422 275
424 275
43 276
329 276
351 276
366 276
382 276
425 276
442 276
404 277
427 277
64 278
132 278
407 278
120 279
136 279
242 279
409 279
145 280
198 280
340 280
435 280
59 281
215 281
220 281
391 281
458 281
470 281
62 282
163 282
296 282
333 282
361 282
35 283
57 283
75 283
178 283
217 283
282 283
285 283
291 283
304 283
307 283
398 283
53 284
73 284
216 284
344 284
56 285
98 285
212 285
258 285
418 285
436 285
91 286
351 286
381 286
78 287
144 287
215 287
232 287
353 287
76 288
92 288
230 288
318 288
109 289
114 289
228 289
232 289
319 289
68 290
94 290
251 290
444 290
87 291
173 291
274 291
298 291
311 291
323 291
325 291
332 291
467 291
24 292
47 292
111 292
292 292
304 292
328 292
391 292
151 293
244 293
290 293
298 293
324 293
331 293
362 293
408 293
429 293
64 294
67 294
71 294
86 294
191 294
230 294
295 294
138 295
333 295
342 295
371 295
450 295
201 296
335 296
89 297
202 297
227 297
270 297
344 297
107 298
202 298
414 298
436 298
59 299
104 299
224 299
352 299
44 300
66 300
101 300
117 300
238 300
264 300
309 300
312 301
403 301
101 302
117 302
235 302
315 302
318 302
477 302
13 303
84 303
115 303
147 303
215 303
225 303
295 303
323 303
384 303
407 303
423 303
465 303
36 304
62 304
101 304
293 304
316 304
317 304
443 304
255 305
286 305
290 305
322 305
324 305
356 305
99 306
179 306
238 306
111 307
163 307
191 307
285 307
329 307
334 307
77 308
111 308
234 308
279 308
335 308
341 308
359 308
53 309
110 309
128 309
211 309
231 309
78 310
112 310
341 310
379 310
434 310
26 311
270 311
397 311
455 311
48 312
53 312
70 312
77 312
209 312
249 312
342 312
345 312
473 312
55 313
73 313
75 313
90 313
206 313
208 313
228 313
302 313
303 313
345 313
95 314
313 314
421 314
443 314
55 315
68 315
73 315
75 315
230 315
20 316
73 316
157 316
203 316
227 316
293 316
355 316
386 316
324 317
325 317
329 317
404 317
222 318
225 318
289 318
293 318
319 318
333 318
354 318
464 318
49 319
70 319
242 319
64 320
107 320
287 320
359 320
374 320
41 321
282 321
333 321
430 321
86 322
182 322
259 322
356 322
412 322
449 322
62 323
105 323
184 323
284 323
13 324
154 324
182 324
198 324
263 324
338 324
363 324
395 324
116 325
167 325
341 325
381 325
132 326
150 326
165 326
198 326
219 326
258 326
274 326
281 326
340 326
360 326
435 326
182 327
195 327
152 328
468 328
131 329
260 329
317 329
454 329
128 330
133 330
150 330
163 330
191 330
229 330
278 330
279 330
303 330
311 330
345 330
369 330
419 330
35 331
56 331
136 331
161 331
253 331
274 331
351 331
130 332
255 332
302 332
349 332
401 332
149 333
189 333
199 333
252 333
327 333
325 334
147 335
164 335
173 335
316 335
327 335
348 335
354 335
387 335
441 335
75 336
176 336
319 336
126 337
252 337
478 337
144 338
254 338
393 338
460 338
123 339
125 339
160 339
187 339
228 339
273 339
303 339
91 340
127 340
29 341
51 341
147 341
213 341
269 341
273 341
298 341
328 341
353 341
357 341
159 342
376 342
410 342
424 342
446 342
108 343
172 343
196 343
293 343
334 343
355 343
143 344
252 344
340 344
67 345
127 345
253 345
271 345
145 346
160 346
170 346
255 346
338 346
358 346
467 346
140 347
158 347
291 347
377 347
396 347
429 347
272 348
311 348
318 348
360 348
183 349
210 349
287 349
290 349
292 349
324 349
269 350
308 350
337 350
339 350
239 351
255 351
285 351
356 351
453 351
140 352
156 352
325 352
339 352
432 352
99 353
192 353
252 353
314 353
415 353
121 354
151 354
180 354
192 354
196 354
224 354
250 354
252 354
265 354
290 354
307 354
323 354
328 354
254 355
273 355
403 355
444 355
471 355
192 356
249 356
269 356
291 356
320 356
326 356
329 356
43 357
122 357
208 357
254 357
285 357
308 357
347 357
365 357
317 358
392 358
118 359
266 359
269 359
289 359
458 359
150 360
303 360
346 360
56 361
99 361
166 361
417 361
419 361
16 362
91 362
97 362
149 362
222 362
347 362
406 362
438 362
475 362
74 363
75 363
379 363
403 363
428 363
33 364
60 364
114 364
189 364
236 364
289 364
323 364
391 364
89 365
97 365
133 365
269 365
306 365
56 366
109 366
408 366
117 367
207 367
254 367
75 368
113 368
176 368
454 368
464 368
89 369
108 369
160 369
366 369
396 369
51 370
53 370
69 370
93 370
269 370
409 370
418 370
30 371
143 371
432 371
434 371
48 372
346 372
408 372
205 373
334 373
419 373
445 373
51 374
90 374
220 374
307 374
433 374
7 375
92 375
127 375
276 375
160 376
255 376
419 376
421 376
468 376
110 377
236 377
81 378
108 378
332 378
436 378
44 379
87 379
474 379
49 380
106 380
435 380
174 381
398 381
448 381
458 381
63 382
64 382
87 382
343 382
385 382
423 382
81 383
105 383
411 383
22 384
77 384
158 384
221 384
259 384
440 384
107 385
123 385
281 385
366 385
376 385
41 386
43 386
138 386
302 386
322 386
347 386
425 386
56 387
414 387
440 387
78 388
104 388
291 388
312 388
352 388
428 388
59 389
204 389
244 389
477 389
118 390
341 390
411 390
401 391
462 391
92 392
157 392
265 392
387 392
440 392
455 392
73 393
102 393
105 393
402 393
430 393
56 395
90 395
69 396
173 396
413 396
415 396
427 396
34 397
53 397
111 397
327 397
353 397
401 397
51 398
90 398
137 398
404 398
429 398
68 399
69 399
222 399
245 399
66 400
88 400
107 400
206 400
281 400
365 400
354 401
419 401
457 401
48 402
244 402
251 402
433 402
469 402
7 403
377 403
416 403
189 404
255 404
257 404
292 404
317 404
323 404
339 404
390 404
432 404
30 405
83 405
172 405
418 405
135 406
155 406
307 406
334 406
337 406
352 406
403 406
420 406
121 407
435 407
258 408
351 408
261 409
267 409
337 409
64 410
227 410
475 410
106 411
247 411
258 411
332 411
334 411
362 411
436 411
247 412
335 412
461 412
211 413
269 413
346 413
391 413
2 414
193 414
273 414
408 414
409 414
421 414
276 415
435 415
80 416
248 416
250 416
268 416
347 416
407 416
120 417
273 417
323 417
271 418
278 418
285 418
321 418
325 418
58 419
136 419
156 419
296 419
310 419
348 419
425 419
250 420
277 420
323 420
424 420
450 420
478 420
175 421
233 421
279 421
359 421
17 422
256 422
409 422
437 422
38 423
99 424
213 424
357 424
466 424
80 426
254 426
340 426
455 426
193 427
236 427
257 427
263 427
265 427
412 427
428 427
58 428
153 428
242 428
341 428
378 428
138 429
265 429
268 429
388 429
429 429
369 430
414 430
270 431
35 432
120 432
164 432
241 432
269 432
335 432
442 432
221 433
244 433
331 433
429 433
426 434
78 435
242 435
244 435
281 435
297 435
352 435
431 435
250 436
311 436
328 436
353 436
243 437
323 437
414 437
475 437
431 438
457 438
324 439
389 439
139 440
414 440
166 441
431 441
12 442
99 442
204 442
400 442
166 443
183 443
230 443
232 443
255 443
363 443
419 443
235 444
310 444
430 444
98 445
117 445
121 445
156 445
403 445
416 445
476 445
208 446
266 446
280 446
433 446
35 447
118 447
168 447
337 447
447 447
102 448
170 448
238 448
292 448
377 448
392 448
420 448
79 449
100 449
117 449
211 449
104 450
211 450
243 450
331 450
56 451
84 451
208 451
219 451
462 451
8 452
172 452
175 452
186 452
206 452
326 452
418 452
103 454
192 454
207 454
83 455
212 455
194 456
314 456
405 456
435 456
108 457
142 457
157 457
212 457
421 457
36 458
217 458
222 458
225 458
85 459
219 459
406 459
409 459
435 459
451 459
196 460
220 460
228 460
232 460
12 461
80 461
125 461
193 461
283 461
422 461
440 461
86 462
104 462
160 462
179 462
196 462
223 462
264 462
296 462
63 463
175 463
397 463
439 463
83 464
223 464
237 464
361 464
408 464
89 465
149 465
331 465
423 465
440 465
82 466
87 466
101 466
200 466
228 466
237 466
38 467
104 467
113 467
409 467
424 467
470 467
10 468
84 468
232 468
350 468
64 469
90 469
106 469
162 469
201 469
236 469
239 469
322 469
88 470
109 470
115 470
210 470
454 470
208 471
269 471
313 471
89 472
133 472
165 472
237 472
238 472
302 472
83 473
86 473
166 473
184 473
215 473
284 473
85 474
87 474
165 474
211 474
413 474
424 474
439 474
113 475
247 475
340 475
119 476
168 476
386 476
412 476
426 476
460 476
188 477
329 477
367 477
401 477
43 478
68 478
193 478
219 478
221 478
416 478
403 479
427 479
91 480
119 480
221 480
117 481
167 481
257 481
285 481
318 481
90 482
97 482
270 482
286 482
320 482
358 482
364 482
429 482
315 483
449 483
98 484
115 484
313 484
351 484
387 484
415 484
237 485
401 485
404 485
419 485
429 485
432 485
465 485
173 486
391 486
418 486
432 486
103 487
158 487
314 487
402 487
207 488
300 488
405 488
106 489
299 489
338 489
33 490
181 490
298 490
127 491
215 491
378 491
103 492
104 492
367 492
472 492
67 493
247 493
436 493
453 493
98 494
405 494
101 495
162 495
221 495
324 495
393 495
409 495
77 496
85 496
109 496
259 496
272 496
363 496
81 497
193 497
363 497
409 497
47 498
391 498
424 498
141 499
314 499
463 499
111 500
233 500
348 500
425 500
115 501
201 501
309 501
85 502
283 502
311 502
411 502
447 502
56 503
118 503
175 503
373 503
381 503
414 503
25 504
209 504
300 504
88 505
91 505
118 505
298 505
342 505
426 505
288 506
334 506
401 506
467 506
93 507
123 507
147 507
245 507
297 507
364 507
372 507
402 507
417 507
94 508
182 508
254 508
417 508
270 509
367 509
320 510
359 511
222 512
321 512
52 513
354 513
411 513
433 513
442 513
455 513
134 514
312 514
435 514
111 516
313 516
84 517
159 517
200 517
304 517
310 517
475 517
388 518
142 519
267 519
281 519
292 519
297 519
307 519
384 519
396 519
92 520
98 520
243 520
278 520
291 520
303 520
344 520
390 520
169 521
175 521
238 521
254 521
274 521
334 521
371 521
381 521
171 522
266 522
269 522
271 522
328 522
388 522
439 522
179 523
243 523
325 523
336 523
379 523
422 523
97 524
106 524
146 524
210 524
212 524
324 524
331 524
366 524
372 524
465 524
215 525
359 525
361 525
454 525
150 526
355 526
181 527
182 527
218 527
222 527
361 527
142 528
146 528
150 528
154 528
358 528
78 529
159 529
215 529
471 529
161 530
185 530
220 530
311 530
349 530
447 530
192 531
225 531
262 531
350 531
434 531
112 532
160 532
339 532
150 533
165 533
195 533
379 533
390 533
402 533
90 534
159 534
277 534
340 534
160 535
258 535
280 535
339 535
397 535
121 536
126 536
195 536
239 536
286 536
326 536
331 536
334 536
338 536
57 537
124 537
201 537
202 537
237 537
383 537
129 538
171 538
198 538
324 538
332 538
376 538
204 539
210 539
367 539
416 539
358 540
213 541
355 541
363 541
99 542
144 542
179 542
442 542
461 542
133 543
215 543
299 543
350 543
355 543
144 544
148 544
350 544
427 544
142 545
185 545
341 545
347 545
72 546
178 546
111 547
246 547
260 547
272 547
284 547
153 548
190 548
244 548
152 549
159 549
191 549
280 549
332 549
333 549
450 549
276 550
379 550
390 550
396 550
372 551
401 551
416 551
83 552
166 552
193 552
380 552
386 552
219 553
121 554
202 554
217 554
356 554
385 554
92 555
127 555
155 555
156 555
207 555
214 555
369 555
371 555
163 556
227 556
357 556
372 556
374 556
228 557
233 557
236 557
338 557
344 557
59 558
129 558
130 558
162 558
171 558
336 558
172 559
180 559
254 559
257 559
315 559
342 559
343 559
347 559
353 559
137 560
176 560
242 560
248 560
301 560
182 561
287 561
174 562
189 562
107 563
182 563
194 563
329 563
464 563
261 564
75 565
190 565
447 565
472 565
142 566
194 566
271 566
387 566
401 566
201 568
209 568
207 569
216 569
222 569
223 570
282 570
370 570
378 570
158 571
163 571
237 571
302 572
341 572
359 572
430 572
262 573
462 573
169 574
319 574
101 575
168 575
178 575
443 575
164 576
172 576
183 576
177 577
170 578
183 578
124 579
180 579
418 579
174 580
190 581
271 581
78 582
200 582
213 583
216 583
218 583
139 584
197 584
291 584
346 584
382 584
400 584
215 585
221 585
357 585
367 585
455 585
313 586
421 586
153 587
206 587
468 588
97 589
170 589
441 589
163 590
110 591
181 592
260 592
128 593
183 593
239 594
280 594
138 595
188 595
232 595
238 595
186 596
323 596
403 596
341 597
358 597
387 597
199 598
203 598
207 599
306 599
200 600
369 600
99 601
152 601
446 601
465 601
427 602
210 604
237 604
287 605
167 606
271 606
366 608
124 609
185 609
380 609
315 611
332 613
409 614
423 614
457 614
297 615
96 616
154 616
251 616
226 617
265 617
273 617
447 617
470 617
169 619
191 623
364 624
121 625
349 625
377 625
144 626
201 626
317 626
333 626
213 628
399 628
448 628
156 629
413 629
427 629
237 630
246 630
256 630
391 633
168 634
281 634
290 634
178 636
304 637
