269 4
203 5
363 5
325 6
139 7
159 7
189 7
216 7
289 8
122 9
173 9
228 9
392 9
332 10
102 11
436 11
469 11
302 14
352 14
318 18
406 18
179 19
167 20
194 20
210 21
144 22
232 22
290 22
452 22
131 23
250 23
374 23
109 24
261 25
91 27
301 28
429 28
281 29
351 30
395 30
146 32
314 32
163 33
176 33
188 34
473 34
132 35
201 35
212 35
366 35
441 35
228 36
252 36
326 36
409 36
119 38
102 39
269 39
385 40
91 41
284 41
291 41
287 42
341 42
284 43
302 43
452 43
223 44
289 44
176 45
187 45
306 45
398 45
425 45
153 46
207 46
225 46
232 46
234 46
139 47
219 47
221 47
245 47
126 48
131 48
136 48
141 48
434 48
127 49
148 49
239 49
314 49
317 49
463 49
112 50
133 50
131 51
266 51
323 51
356 51
100 52
382 53
410 53
282 55
286 55
226 56
287 56
290 56
336 56
368 56
449 56
224 57
148 58
160 58
179 58
189 58
200 58
227 58
239 58
252 58
298 58
159 59
298 59
140 60
155 60
142 61
157 61
298 61
121 62
310 62
313 62
349 62
123 63
127 63
133 63
304 63
429 63
316 65
319 65
381 65
107 66
229 66
231 66
323 66
407 66
226 67
253 67
90 68
229 68
271 68
320 68
462 69
439 71
179 72
283 72
155 73
189 73
365 73
157 74
204 74
285 74
336 74
136 75
166 75
201 75
293 75
296 75
298 75
393 75
125 76
205 76
289 76
420 76
125 77
216 77
227 77
450 78
378 79
232 80
248 80
112 81
261 81
353 81
91 82
317 82
406 83
272 84
329 85
148 86
178 86
193 86
207 86
71 87
150 87
159 87
361 87
389 87
433 87
145 88
153 88
287 88
221 89
234 89
370 89
465 89
124 90
365 90
123 91
368 91
302 92
125 93
256 93
343 94
380 94
446 94
107 95
385 95
421 95
316 96
383 96
387 96
267 97
88 98
173 98
386 98
391 98
194 99
186 100
212 100
399 100
400 100
478 100
147 101
150 101
229 101
246 101
155 103
362 103
458 103
122 104
137 104
410 104
437 104
129 105
142 105
146 105
267 105
68 106
122 106
134 106
334 106
362 106
110 107
122 107
366 107
368 107
299 109
387 109
307 110
366 110
392 110
96 111
368 111
183 112
194 112
211 112
340 112
422 112
170 113
228 113
240 113
251 113
390 113
446 113
155 114
352 114
371 114
398 114
471 114
76 115
322 115
376 115
144 116
262 116
377 116
396 116
136 117
147 117
157 117
276 117
115 119
379 119
405 119
123 120
128 121
295 121
61 122
100 122
434 122
457 122
299 123
85 124
191 125
295 125
299 125
339 125
170 126
207 126
234 126
367 126
392 126
416 126
176 127
304 127
305 127
154 128
253 128
165 129
444 129
76 130
271 130
315 130
131 132
318 132
350 132
59 133
101 133
283 133
284 133
381 134
424 134
474 134
186 135
189 135
220 135
200 136
208 136
171 137
407 137
118 138
187 138
194 138
197 138
232 138
296 138
298 138
334 138
250 139
366 139
78 140
306 141
309 141
457 141
261 142
313 142
343 142
104 144
156 144
276 145
438 145
60 146
145 146
164 146
185 146
196 146
393 146
132 147
168 147
179 147
189 147
202 147
378 147
86 148
190 148
223 148
289 148
294 148
329 148
420 148
199 149
466 149
238 150
118 152
252 152
306 152
308 153
263 154
310 154
158 156
345 156
454 156
71 157
311 157
279 158
433 158
315 159
101 160
324 160
390 160
414 160
135 161
201 161
211 161
367 161
182 162
204 162
214 162
202 163
208 163
227 163
234 163
290 163
69 165
230 165
233 165
122 166
251 166
301 166
87 167
165 167
266 168
445 168
148 170
314 170
52 171
423 171
135 172
351 172
383 172
472 172
108 173
281 173
407 173
74 174
332 176
225 177
363 177
456 177
198 178
216 178
61 179
187 179
99 180
154 180
175 180
239 180
245 180
300 180
395 180
437 180
166 181
236 181
139 182
260 182
83 183
342 183
41 185
127 185
421 185
320 186
463 186
276 187
378 187
72 189
353 189
406 189
114 190
218 190
291 190
190 191
206 191
211 191
221 192
224 192
234 192
433 192
209 193
234 193
334 193
178 194
233 194
256 194
472 194
143 195
101 196
305 196
54 197
92 197
165 197
370 197
416 197
454 197
271 198
128 200
318 200
394 200
286 201
348 201
375 201
86 202
150 202
156 202
276 202
322 202
371 202
441 202
82 203
84 203
121 203
152 203
233 203
112 204
113 204
215 204
325 204
356 204
461 204
143 205
42 206
185 206
188 206
195 206
202 206
326 206
352 206
381 206
104 208
142 208
197 208
450 208
105 209
184 209
265 209
306 209
330 209
379 209
64 210
96 210
360 210
385 210
166 211
173 211
342 211
363 211
160 212
170 212
360 212
388 212
411 212
124 213
158 213
279 213
85 214
92 214
126 214
156 214
158 214
225 214
240 214
364 214
55 215
94 215
152 215
214 215
252 215
254 215
341 215
366 215
162 216
200 216
325 216
395 216
83 217
119 217
195 217
252 217
346 217
392 217
150 218
197 219
292 219
372 219
144 220
300 220
328 220
418 220
112 221
181 221
182 221
354 221
396 221
43 222
101 222
173 222
357 222
73 223
133 223
142 223
99 224
108 224
383 224
476 224
133 225
310 225
338 225
378 225
380 225
443 225
99 226
105 226
132 226
260 226
405 226
427 226
128 227
161 227
164 227
206 227
222 227
238 227
241 227
244 227
256 227
339 227
340 227
363 227
164 228
268 228
317 228
361 228
122 229
252 229
90 230
121 230
162 230
186 231
322 231
342 231
56 232
90 232
118 232
285 232
448 232
148 233
180 233
348 233
350 233
369 233
389 233
177 234
346 234
374 234
80 235
87 235
327 235
350 236
377 236
30 237
83 237
106 237
109 237
168 237
243 237
163 238
258 238
379 238
398 238
468 238
160 239
187 239
245 239
356 239
395 239
398 239
434 239
47 240
227 240
249 240
337 240
397 240
415 240
103 241
132 241
253 241
256 241
209 242
262 242
201 243
274 243
66 244
214 244
278 244
172 245
204 245
210 245
281 245
362 245
387 245
97 246
200 246
276 246
285 246
315 246
422 246
38 247
90 247
94 247
315 247
404 247
118 248
145 248
346 248
459 248
92 249
117 249
120 249
161 249
286 249
318 249
370 249
243 250
409 250
59 251
188 251
296 251
324 251
444 251
222 252
240 252
294 252
87 253
222 253
235 253
255 253
290 253
394 253
428 253
82 254
250 254
294 254
297 254
300 254
412 254
271 255
412 255
429 255
48 256
174 256
261 256
355 256
77 257
210 257
213 257
218 257
304 257
103 258
105 258
431 258
24 259
214 259
267 259
271 259
124 260
305 260
119 261
158 261
197 261
336 261
415 261
419 261
275 262
280 262
306 262
310 262
381 262
433 262
454 263
94 264
281 264
286 264
309 264
313 264
315 264
403 264
419 264
434 264
472 264
90 265
136 265
185 265
239 265
242 265
401 265
53 266
244 266
283 266
313 266
34 267
112 267
116 267
246 267
110 268
228 268
235 268
242 268
255 268
294 268
365 268
439 268
67 269
150 269
237 269
240 269
424 269
90 270
109 270
387 270
216 271
257 271
263 271
126 272
207 272
214 272
320 272
106 273
108 273
168 273
202 273
205 273
407 273
275 274
304 274
329 274
370 274
42 275
102 275
277 275
446 275
21 276
142 276
350 276
80 277
281 277
465 277
277 278
410 278
59 279
82 279
283 279
415 279
416 279
430 279
98 280
185 280
238 280
285 280
286 280
394 281
98 282
114 282
117 282
227 282
237 282
253 282
310 282
396 282
34 283
118 283
156 283
335 283
375 283
117 284
210 284
222 284
448 284
395 285
95 286
111 286
130 286
357 286
293 287
92 288
211 288
435 288
72 289
94 289
192 289
267 289
92 291
146 291
167 292
361 292
48 293
364 293
456 293
22 294
88 294
201 294
341 294
367 294
104 295
105 295
225 295
245 295
278 295
365 295
472 295
66 296
182 296
200 296
231 296
235 296
302 296
362 296
388 296
408 296
119 297
201 297
225 297
100 298
104 298
322 298
425 298
38 299
121 299
222 299
264 300
135 301
220 301
58 302
218 302
82 303
372 303
98 304
156 304
174 304
214 304
288 304
112 305
114 306
309 306
35 307
205 307
247 307
359 307
372 307
405 307
417 307
433 307
445 307
375 308
465 308
76 309
391 310
392 310
186 311
329 311
344 311
362 311
27 312
110 312
129 312
373 312
91 313
108 313
234 313
390 313
93 314
294 314
361 314
50 315
109 315
200 316
231 316
257 316
362 316
394 316
107 317
229 317
148 318
183 318
218 318
230 318
364 318
70 319
164 319
279 319
394 319
438 319
425 320
163 321
180 321
315 321
364 321
397 321
454 321
23 322
43 322
245 322
364 322
377 322
123 323
163 323
262 323
282 323
182 324
213 324
316 324
378 324
348 325
472 325
82 326
139 326
197 326
162 327
408 327
366 328
162 329
180 329
296 329
330 329
363 329
40 330
100 330
162 330
282 330
395 330
63 331
179 331
299 331
318 331
364 331
193 332
216 332
381 332
442 332
18 333
232 333
281 333
301 333
459 333
197 334
363 334
476 334
113 335
265 335
397 335
430 335
161 336
196 336
222 336
300 336
318 336
398 336
317 337
350 337
284 338
382 338
250 339
382 339
203 340
385 340
162 341
285 341
381 341
55 342
75 342
397 342
11 343
94 343
139 343
191 343
284 343
317 343
414 343
461 343
34 344
122 344
223 344
367 344
430 344
107 345
159 345
479 345
267 346
283 346
447 346
161 347
240 347
350 348
367 348
208 349
53 351
140 351
368 351
281 352
370 352
316 353
334 353
386 353
177 354
384 354
435 354
468 354
193 355
251 355
400 355
120 356
298 356
368 356
398 356
28 357
197 357
282 357
320 357
51 358
158 358
262 358
277 358
368 358
449 358
87 359
319 359
72 360
194 360
211 360
231 360
352 360
117 361
237 361
295 361
353 361
417 361
418 361
177 362
300 362
317 362
319 362
366 362
402 362
217 363
236 363
351 363
398 363
101 364
195 364
367 364
418 364
435 364
216 365
277 365
293 365
233 366
235 366
383 366
180 367
219 367
354 367
472 367
88 368
219 368
239 368
331 368
381 368
419 368
178 369
244 369
345 369
402 369
20 370
158 370
199 370
240 370
294 370
37 371
54 371
115 371
139 371
180 371
257 371
352 371
297 372
419 372
440 372
182 373
200 373
223 373
264 373
314 373
330 373
356 373
400 373
402 373
178 374
346 374
367 374
382 374
419 374
291 375
315 375
326 375
330 375
356 375
455 375
478 375
74 376
180 376
229 376
136 377
184 377
200 377
225 377
288 377
311 377
418 377
165 378
223 378
227 378
366 378
367 378
384 378
386 378
94 379
182 379
203 379
204 379
342 379
417 379
437 379
282 380
286 380
292 380
354 380
386 380
433 380
55 381
116 381
232 381
341 381
380 381
439 381
160 382
232 382
286 382
308 382
235 383
307 383
369 383
384 384
416 384
435 384
438 384
37 385
182 385
187 385
233 385
238 385
278 385
282 385
380 385
418 385
322 386
323 386
416 386
472 386
15 387
250 387
289 387
212 388
319 388
380 388
383 388
186 389
210 389
335 389
353 389
368 389
383 389
434 389
437 389
115 390
165 390
420 390
161 392
219 392
268 392
319 392
332 392
368 392
404 392
437 392
75 393
138 393
193 393
212 393
317 393
382 393
462 393
334 394
351 394
365 394
116 395
162 395
189 395
216 395
224 395
315 395
347 395
94 396
196 396
221 396
307 396
437 396
55 397
167 397
171 397
192 397
193 397
224 397
346 397
362 397
393 397
439 397
477 397
36 398
164 398
198 398
334 398
392 398
307 399
313 399
418 399
437 399
439 399
170 400
218 400
200 402
231 403
284 403
302 403
405 403
435 403
438 403
77 404
282 404
380 404
406 404
450 404
37 405
235 405
326 405
363 405
436 405
359 406
377 406
174 407
234 407
238 407
263 407
303 407
378 407
389 407
422 407
297 408
141 409
207 409
344 409
378 409
97 410
240 410
243 410
274 410
57 411
117 411
296 411
406 411
438 411
469 411
202 412
211 412
291 413
389 413
437 413
77 414
208 414
315 415
423 415
437 415
17 416
160 416
179 416
315 416
370 416
405 416
38 417
213 417
320 417
375 417
389 417
309 418
388 418
391 418
439 418
370 419
372 419
457 419
216 421
336 421
422 421
479 421
99 422
354 422
387 422
184 423
287 423
406 423
420 423
220 424
223 425
373 425
405 425
132 426
149 426
271 426
420 426
118 427
164 427
228 427
232 428
257 428
299 428
366 428
19 429
40 429
60 429
385 429
386 429
388 429
403 429
404 429
461 429
80 430
226 430
296 431
368 431
192 432
443 432
211 433
101 434
168 434
121 435
417 435
293 436
367 436
430 436
139 437
347 437
382 437
384 437
385 437
413 438
429 438
39 439
207 439
288 439
365 439
200 440
291 440
317 440
321 440
362 440
379 440
123 441
142 441
278 441
282 441
344 441
479 441
278 442
292 442
412 442
83 443
143 443
158 443
207 443
218 443
322 443
21 444
63 444
128 444
222 444
312 444
316 444
342 444
381 444
416 444
157 445
178 445
215 445
253 445
276 445
280 445
378 445
412 445
104 446
128 446
158 446
271 446
338 446
363 446
397 446
429 446
179 447
223 447
279 447
302 447
308 447
336 447
359 447
360 447
467 447
268 448
339 448
412 448
227 449
300 449
305 449
335 449
378 449
145 450
178 450
335 450
429 450
43 451
135 451
218 451
333 451
361 451
428 451
440 451
132 452
150 452
222 452
225 452
227 452
318 452
396 452
441 452
133 453
303 453
313 453
374 453
413 453
185 454
314 454
355 454
373 454
159 455
185 455
191 455
195 455
224 455
301 455
88 456
197 456
294 456
328 456
375 456
392 456
412 456
25 457
106 457
123 457
140 457
194 457
249 457
332 457
164 458
249 458
286 458
291 458
353 458
355 458
391 458
408 458
69 459
160 459
253 459
264 459
269 459
273 459
162 460
207 460
260 460
285 460
332 460
124 461
201 461
262 461
287 461
298 461
347 461
406 461
48 462
198 462
293 462
455 462
291 463
353 463
143 464
204 464
209 464
212 464
326 464
346 464
172 465
215 465
348 465
442 465
131 466
220 466
283 466
93 467
129 467
145 467
320 467
346 467
365 467
402 467
406 467
185 468
278 468
346 468
367 468
471 468
31 469
131 469
280 469
340 469
383 469
146 470
216 470
273 470
285 470
193 471
195 471
231 471
278 471
74 472
173 472
221 472
303 472
337 472
423 472
148 473
150 473
176 473
228 473
235 473
246 473
314 473
116 474
133 474
196 474
252 474
260 474
264 474
376 474
178 475
204 475
245 475
255 475
154 476
237 476
297 476
300 476
302 476
306 476
394 476
440 476
54 477
135 477
200 477
205 477
355 477
121 478
160 478
257 478
334 478
141 479
155 479
179 479
201 479
206 479
305 479
334 479
377 479
422 479
122 480
139 480
211 480
325 480
353 480
396 480
474 480
36 481
99 481
215 481
440 481
456 481
407 482
121 483
139 483
183 483
215 483
292 483
328 483
390 483
224 484
226 485
192 486
165 487
315 487
279 488
65 489
231 489
351 489
369 489
227 490
239 490
346 490
404 490
439 490
42 491
108 491
266 491
344 491
203 492
238 492
345 492
201 493
249 493
419 493
478 493
347 494
89 495
301 495
383 495
456 495
132 496
153 496
323 496
342 497
175 498
340 498
336 499
53 500
286 501
315 501
224 502
357 502
186 503
397 503
97 504
228 504
236 504
267 504
355 504
461 504
75 505
118 505
165 505
228 505
233 505
247 505
336 505
234 507
237 507
332 507
374 507
143 508
202 508
57 509
302 509
430 509
201 510
353 510
124 511
346 511
411 511
322 513
349 513
82 514
106 514
151 514
444 514
185 515
284 515
365 515
228 516
385 516
461 516
62 517
219 517
235 517
236 518
88 520
134 520
251 520
263 520
335 520
359 520
163 521
259 521
311 521
446 521
165 522
201 522
305 522
172 523
200 523
306 523
380 523
114 524
178 526
211 526
216 526
292 526
300 526
327 526
422 526
398 527
73 528
285 528
288 528
458 528
96 529
218 529
292 529
295 529
121 530
144 530
162 530
178 530
179 530
288 530
347 530
227 531
261 531
272 531
233 532
276 532
281 532
253 533
262 533
192 534
240 534
260 534
317 534
414 534
438 534
103 535
313 535
364 535
205 536
209 537
83 538
303 538
129 539
306 539
156 540
219 541
382 541
451 541
182 542
184 542
187 542
287 542
294 542
329 542
166 543
353 543
405 543
162 544
191 544
195 544
227 544
254 544
273 544
290 544
169 545
199 545
234 545
317 545
114 546
140 546
246 546
251 546
270 546
202 547
256 547
206 548
308 548
95 549
176 549
213 549
314 549
368 550
335 551
434 551
300 552
394 552
125 553
155 553
187 553
298 554
193 555
248 555
275 555
285 555
388 555
164 556
195 556
196 556
232 556
241 556
256 556
280 556
106 557
284 557
355 557
172 558
207 558
257 558
276 558
411 558
208 559
319 560
381 561
142 562
302 562
188 564
400 564
339 566
242 567
175 568
260 568
279 568
322 569
226 570
415 570
158 571
193 572
307 572
357 573
379 574
137 575
402 575
176 578
209 578
262 580
334 580
231 582
373 586
308 587
350 589
204 590
220 591
335 592
243 593
266 594
282 594
314 596
359 600
330 604
253 606
288 606
