290 10
336 14
307 19
352 20
239 21
268 21
320 23
285 26
262 28
299 29
337 29
241 32
397 33
310 34
382 35
254 36
213 39
325 39
275 40
365 41
418 41
394 42
235 43
247 44
295 44
343 45
255 47
262 47
265 47
267 48
316 48
436 48
271 49
384 49
221 50
281 51
357 51
417 51
179 52
278 52
329 53
164 54
241 54
298 54
395 54
198 55
242 55
373 57
344 58
434 58
316 59
215 60
257 60
273 60
456 60
269 61
410 61
228 63
287 63
363 63
197 64
174 65
144 66
156 66
239 66
242 67
249 67
450 67
385 68
418 68
262 70
266 70
427 70
325 72
352 72
210 73
281 73
401 74
161 75
461 75
151 76
179 76
191 76
235 77
302 77
340 77
364 77
417 77
246 78
250 78
139 79
242 79
244 79
450 79
317 80
358 82
382 82
262 83
330 83
360 83
215 84
284 84
327 84
328 84
398 84
403 84
430 84
273 85
291 85
157 86
187 86
285 86
462 86
173 87
291 87
294 87
299 87
406 87
189 88
205 88
348 88
410 88
144 89
162 89
176 89
304 89
438 89
439 89
223 90
246 90
380 90
306 91
312 91
320 91
350 91
355 91
422 91
315 92
316 93
317 93
327 93
364 93
331 94
401 94
426 94
265 95
327 95
453 95
280 96
285 96
399 96
337 97
340 97
430 97
434 97
197 98
182 99
289 99
343 99
408 99
139 100
153 100
185 100
189 100
299 100
305 100
313 100
411 100
129 101
170 101
201 101
224 101
296 101
309 101
314 101
356 101
383 101
354 102
418 103
444 103
240 104
334 105
336 105
116 106
255 106
341 107
371 107
423 107
431 107
477 107
269 108
401 108
427 108
407 109
285 110
318 110
351 110
403 110
192 111
286 111
292 111
318 111
385 111
160 112
185 112
203 112
220 112
330 112
360 112
412 112
459 112
135 113
165 113
182 113
187 113
292 113
299 113
143 114
235 114
301 114
331 114
442 114
303 115
336 116
370 116
258 118
313 118
345 118
274 119
429 119
103 120
281 121
288 121
319 121
408 122
473 122
183 123
225 123
297 123
362 123
390 123
236 124
139 125
153 125
168 126
309 126
336 126
422 126
447 126
255 127
420 127
126 128
272 128
340 128
345 129
423 129
425 129
346 130
284 131
288 131
291 131
352 131
382 131
406 131
214 132
293 132
296 132
302 132
307 132
110 133
143 133
300 133
315 133
319 133
359 133
412 133
200 134
206 134
314 134
414 134
469 134
314 135
334 135
442 135
192 136
232 136
245 137
393 137
98 138
180 138
260 138
332 138
337 138
426 138
165 139
215 139
277 139
423 139
402 140
404 140
424 140
431 140
454 140
287 141
346 141
382 142
403 142
309 143
358 143
139 144
356 144
434 144
440 144
312 145
358 145
411 145
414 146
435 146
468 146
225 147
239 147
247 147
322 147
393 147
415 147
437 147
194 148
211 148
325 148
327 148
416 148
174 149
267 149
106 150
337 150
161 151
282 151
345 151
450 151
118 152
297 152
340 152
401 152
305 153
376 153
405 153
95 154
296 154
346 154
429 154
430 154
433 154
351 156
357 156
408 156
311 157
358 157
414 157
431 157
438 157
143 158
221 158
235 158
320 158
325 158
366 158
194 159
208 159
254 159
267 159
330 159
441 160
466 160
175 161
287 161
289 161
396 161
128 162
343 162
286 163
422 163
159 164
424 164
116 165
450 165
193 166
300 166
90 167
311 167
354 167
378 167
405 167
144 168
409 168
104 169
230 169
81 170
138 170
177 170
222 170
238 170
248 170
276 170
412 170
219 171
232 171
236 171
264 171
413 171
461 171
331 172
206 173
222 173
292 173
365 173
202 174
212 174
397 174
438 174
440 175
442 175
125 176
163 176
309 176
313 176
92 177
376 177
315 178
318 178
353 178
110 180
240 180
231 181
326 181
475 181
147 182
219 182
253 182
268 182
385 182
412 182
407 183
228 184
282 184
410 184
431 184
456 184
76 185
102 185
138 185
202 185
204 185
208 185
279 185
313 185
205 186
215 186
289 186
311 186
343 186
370 186
131 188
181 188
296 188
416 188
419 188
324 189
351 189
294 190
303 191
401 191
425 191
443 191
159 192
236 192
239 192
303 192
153 193
306 193
311 193
385 193
406 193
89 194
233 194
406 194
226 195
249 195
316 195
317 195
474 195
202 196
216 196
277 196
338 196
367 196
428 196
112 197
206 197
287 197
410 197
433 198
79 199
140 199
188 199
394 199
453 199
415 200
430 200
175 201
296 201
418 201
101 202
130 202
296 202
358 203
316 204
334 204
165 205
67 206
120 206
229 206
241 206
258 206
386 206
404 206
223 207
271 207
440 207
202 208
207 208
284 208
374 208
216 209
86 210
148 210
215 210
285 210
328 210
111 211
294 211
298 211
359 212
340 214
413 214
249 215
433 215
132 216
260 216
70 217
320 217
390 217
231 218
238 218
312 218
100 219
157 219
192 219
233 219
235 219
354 219
215 220
218 220
230 220
271 220
327 220
224 221
120 222
211 222
216 222
286 222
291 222
398 222
206 224
298 224
306 224
381 224
426 224
140 225
203 225
345 225
448 225
205 226
304 226
168 227
470 227
371 228
157 229
191 229
239 229
317 229
318 229
78 230
255 230
319 230
411 230
131 231
231 231
239 231
176 232
218 232
240 232
271 232
282 232
291 233
457 233
102 234
217 234
221 234
290 234
296 234
359 234
394 234
203 236
206 236
292 236
299 236
305 236
337 236
120 237
418 237
201 238
385 238
67 239
160 239
90 240
313 240
187 241
246 241
252 241
258 241
146 242
186 242
262 242
427 242
445 242
177 243
242 243
245 243
328 243
245 244
254 244
259 244
277 244
373 244
469 244
105 245
181 245
230 245
275 245
408 245
298 247
388 247
409 247
165 248
211 248
75 249
165 249
167 249
202 249
364 249
428 249
121 252
314 252
345 252
250 253
255 253
458 253
96 254
182 254
189 254
250 254
252 254
262 254
272 254
399 254
62 255
149 255
186 255
237 255
247 255
256 255
266 255
418 255
439 255
176 256
177 256
244 256
282 256
442 256
181 257
420 257
171 258
220 258
327 258
112 259
172 259
378 259
78 260
140 260
361 260
164 261
204 261
430 261
166 262
466 262
386 263
411 263
192 264
193 264
197 264
253 264
311 264
425 264
101 265
239 265
282 265
429 265
248 266
412 266
433 266
123 267
157 267
192 267
244 267
414 267
298 268
321 268
219 269
416 269
67 270
350 270
419 270
175 271
180 271
210 271
380 271
84 272
169 272
177 272
399 272
456 272
56 274
202 274
263 274
270 274
276 274
339 274
419 274
439 274
141 275
171 275
256 275
270 275
273 275
279 275
364 275
110 276
243 276
163 277
166 277
243 277
261 278
279 278
284 278
77 279
318 279
408 279
427 279
130 280
307 280
158 281
191 281
224 281
348 281
104 282
223 282
426 282
101 283
102 283
213 283
223 283
226 283
430 283
180 284
218 284
378 284
395 284
93 285
207 285
210 285
428 285
432 285
90 286
121 286
449 286
470 286
326 287
414 287
430 287
90 288
167 288
174 288
253 288
416 288
88 289
144 289
198 289
284 289
362 289
61 290
170 290
403 290
416 290
197 291
240 291
263 291
337 291
401 291
419 291
201 292
238 292
298 292
403 292
434 292
110 293
164 293
190 293
199 293
229 293
418 293
81 294
107 294
163 294
310 294
407 294
129 295
183 295
226 295
387 295
404 295
438 295
478 295
227 296
83 297
346 297
460 297
107 298
213 298
220 298
408 298
75 299
176 299
182 299
217 299
424 299
425 299
101 300
181 300
215 300
324 300
408 300
258 301
274 301
423 301
176 302
283 302
396 302
45 303
119 303
247 303
414 303
119 304
145 304
170 304
234 304
240 304
295 304
355 304
427 304
89 305
166 305
411 305
412 305
447 305
115 306
162 306
198 306
233 306
90 307
338 307
89 308
91 308
232 308
382 308
310 309
62 310
108 310
112 310
216 310
402 310
433 310
471 310
106 311
223 311
435 311
134 312
214 312
318 312
404 312
416 312
419 312
186 313
216 313
258 313
366 313
267 314
282 314
148 315
417 315
455 315
102 316
323 316
405 316
54 317
78 317
99 317
349 317
178 318
234 318
242 318
421 318
104 319
200 319
229 319
297 319
119 320
237 320
332 320
102 321
121 321
140 321
159 321
229 321
231 321
233 321
158 322
196 322
339 322
376 322
394 322
93 323
113 323
133 323
354 323
95 324
119 324
308 324
442 324
113 325
43 326
91 326
171 326
217 326
266 326
218 327
252 327
256 327
258 327
271 327
313 327
314 327
341 327
94 328
288 328
363 328
88 329
127 329
215 329
243 329
256 329
148 330
239 330
249 330
287 330
109 331
130 331
237 331
322 331
346 331
399 331
110 332
183 332
207 332
289 332
291 332
383 332
432 332
467 332
143 333
209 333
239 333
319 333
348 333
107 334
207 334
235 334
325 334
330 334
57 335
82 335
140 335
142 335
143 335
159 335
203 335
297 335
300 335
366 335
202 336
85 337
226 337
227 337
261 337
335 337
352 337
70 338
119 338
300 338
328 338
331 338
139 339
349 339
82 340
116 340
222 340
133 341
217 341
276 341
309 341
334 341
404 341
115 342
244 342
253 342
454 342
133 343
214 343
245 343
273 343
275 343
317 343
337 343
420 343
474 343
97 344
155 344
240 344
313 344
371 344
437 344
134 345
149 345
287 345
317 345
94 346
112 346
113 346
190 346
212 346
239 346
245 346
288 346
211 347
216 347
234 347
265 347
40 348
92 348
108 348
166 348
76 349
105 349
127 349
147 349
263 349
290 349
321 349
355 349
315 350
339 350
341 350
392 350
479 350
106 351
297 351
226 352
254 352
256 352
257 352
463 352
143 353
145 353
206 353
292 353
297 353
316 353
359 353
426 353
55 354
225 354
226 354
251 354
300 354
323 354
378 354
90 355
120 355
123 355
139 355
325 355
358 355
88 356
139 356
276 356
340 356
86 357
158 357
178 357
140 358
158 358
224 358
299 358
319 358
322 358
324 358
111 359
153 359
158 359
221 359
242 359
245 359
276 359
328 359
343 359
344 359
347 359
448 359
85 360
199 360
219 360
278 360
363 360
413 360
305 361
45 362
85 362
117 362
218 362
396 362
66 363
86 364
99 364
238 364
102 365
329 365
454 366
82 367
151 367
170 367
218 367
288 367
99 368
130 368
265 368
381 369
417 369
38 370
98 370
209 370
213 370
347 370
188 371
437 371
98 372
232 372
236 372
476 372
108 373
214 373
368 373
254 374
333 375
92 376
109 376
144 376
233 376
274 376
314 376
402 376
460 376
293 377
53 378
122 378
203 378
163 379
229 379
73 380
235 380
447 380
106 381
87 382
119 382
201 382
203 382
247 382
277 382
182 383
232 383
295 383
353 383
404 383
207 384
316 385
367 385
85 387
117 387
133 387
43 388
114 388
156 388
336 388
422 388
440 388
98 389
100 389
278 390
389 390
200 391
214 391
262 391
296 391
230 392
59 393
471 393
78 394
201 394
215 394
354 394
97 395
246 395
456 395
113 396
175 396
374 396
111 397
93 398
110 398
262 398
144 399
231 399
337 399
214 400
318 400
427 400
178 401
192 401
299 401
194 402
196 402
213 402
277 402
425 402
90 403
176 403
197 403
209 403
334 403
123 404
159 404
173 404
179 404
190 404
393 404
105 405
355 405
376 405
411 405
443 405
457 405
89 406
214 406
232 406
302 406
318 406
52 407
339 407
409 407
411 407
475 407
197 408
214 408
246 408
430 408
71 409
87 409
105 409
120 409
299 409
336 409
357 409
139 410
278 410
359 410
432 410
172 411
176 411
198 411
300 411
317 411
370 411
374 411
398 411
104 412
120 412
190 412
209 412
211 412
228 412
310 412
104 413
155 413
171 413
216 413
296 413
299 413
314 413
338 413
372 413
85 414
106 414
190 414
192 414
281 414
313 414
340 414
83 415
120 415
194 415
214 415
343 415
376 415
412 415
414 415
428 415
117 416
230 416
232 416
326 416
373 416
429 416
216 417
261 417
276 417
290 417
315 417
390 417
106 418
339 418
357 418
48 419
85 419
245 419
326 419
415 419
448 419
462 419
64 420
103 420
117 420
191 420
193 420
213 420
292 420
312 420
358 420
374 420
389 420
417 420
82 421
290 421
390 421
431 421
433 421
229 422
262 422
276 422
342 422
372 422
173 423
176 423
211 423
227 423
231 423
292 423
314 423
346 423
376 423
433 423
85 424
310 424
389 424
290 425
311 425
403 425
85 426
118 426
134 426
194 426
307 426
388 426
390 426
414 426
434 426
100 427
116 427
194 427
226 427
312 427
327 427
329 427
416 427
436 427
120 428
290 428
295 428
375 428
113 429
152 429
178 429
192 429
194 429
214 429
246 429
288 429
292 429
341 429
345 429
387 429
98 430
117 430
234 430
291 430
296 430
419 430
430 430
83 431
226 431
292 431
307 431
326 431
327 431
342 431
449 431
172 432
187 432
207 432
373 432
374 432
403 432
431 432
437 432
228 433
306 433
326 433
403 433
416 433
77 434
96 434
117 434
196 434
210 434
213 434
356 434
402 434
58 435
272 435
343 435
313 436
386 436
421 436
433 436
116 437
372 437
374 437
464 437
196 438
232 438
345 438
355 438
112 439
113 439
117 439
237 439
290 439
308 439
312 439
389 439
401 439
434 439
435 439
132 440
171 440
198 440
215 440
304 440
386 440
95 441
258 441
345 441
197 442
339 442
358 442
193 443
55 444
169 444
388 444
74 445
148 445
450 445
177 446
278 446
303 446
373 446
211 447
168 448
276 448
277 448
360 448
324 449
401 449
112 450
239 450
242 451
245 451
354 451
274 452
344 452
177 453
324 453
437 453
190 454
241 454
272 454
131 455
277 455
342 455
354 455
356 455
174 456
336 456
151 457
216 457
333 457
353 457
197 458
248 458
341 458
354 458
258 459
271 459
358 459
70 460
193 460
339 460
95 461
315 461
388 461
262 462
418 462
168 463
183 463
252 463
372 463
80 465
252 465
168 466
439 466
111 467
133 467
195 467
258 467
347 467
402 467
171 468
180 468
227 468
255 468
330 468
354 468
429 468
154 469
177 469
370 469
64 470
283 470
332 470
347 470
182 471
198 471
308 471
174 472
203 473
243 473
257 473
172 474
271 474
344 474
352 474
357 474
236 475
268 475
270 475
277 475
300 475
341 475
96 476
199 476
242 476
272 476
275 476
325 476
386 476
155 477
115 478
136 478
180 478
340 478
79 479
266 479
336 479
353 480
156 482
213 482
289 482
300 482
400 482
314 483
416 483
297 484
115 486
165 486
178 486
185 486
310 486
180 487
262 487
272 487
289 487
427 487
165 488
248 488
275 488
291 488
268 489
289 489
330 489
162 490
194 490
272 490
181 491
267 491
305 491
313 491
381 491
226 492
286 492
141 493
263 493
79 494
345 494
401 494
180 495
198 495
286 495
361 496
97 497
121 497
200 498
248 499
199 500
240 500
317 500
299 502
274 503
278 503
311 503
250 504
270 504
334 504
355 504
415 504
248 505
147 506
215 506
165 507
169 507
170 507
314 507
370 507
386 507
190 508
307 508
103 509
124 509
288 509
308 509
326 510
168 511
306 511
178 513
226 513
151 515
202 515
275 515
277 515
281 515
319 516
109 517
179 517
260 517
320 517
345 517
183 518
291 518
182 519
311 519
237 520
253 520
310 521
379 521
160 524
133 525
218 525
333 525
356 525
190 526
293 526
118 528
319 529
274 530
165 531
287 531
305 533
143 534
261 536
368 536
176 538
340 538
211 539
228 542
242 543
322 544
236 545
255 545
331 545
355 545
190 546
312 547
142 548
209 548
242 548
306 548
119 549
218 549
347 550
291 551
246 552
274 553
182 556
204 556
159 557
329 558
225 559
136 561
292 563
310 563
257 565
187 566
273 566
152 567
223 567
200 570
168 572
284 577
