423 1
71 2
184 2
195 2
267 2
434 2
150 3
305 3
114 5
412 5
446 5
221 6
287 6
59 7
465 7
178 8
335 9
207 10
276 10
102 11
136 11
245 12
324 12
306 14
163 16
399 17
427 17
358 18
414 18
46 19
69 19
233 19
288 19
376 19
433 19
118 20
344 20
387 20
186 21
140 23
220 23
448 23
469 24
327 25
106 26
205 27
317 27
61 28
478 28
242 29
29 30
95 31
123 31
173 31
387 31
402 31
261 32
414 32
427 32
444 32
74 33
229 33
294 33
349 33
361 33
144 36
461 36
186 37
336 37
44 38
246 38
323 40
176 41
171 42
61 43
83 43
107 43
322 43
409 43
260 44
309 44
428 44
171 45
195 45
389 45
129 46
194 46
373 46
444 46
224 47
166 48
219 48
290 48
352 48
164 49
340 49
357 49
28 50
162 50
184 50
214 50
74 51
98 51
358 51
183 52
239 52
338 52
344 52
338 53
178 54
262 54
325 54
390 54
46 55
139 55
228 55
235 55
319 55
233 56
198 57
436 57
169 58
194 58
219 58
305 58
83 60
57 61
212 61
353 61
456 61
217 62
251 62
357 62
287 63
345 63
472 63
162 64
186 64
334 64
104 65
126 65
207 65
278 65
354 65
33 66
349 66
374 66
176 67
179 67
321 67
323 67
397 67
416 67
200 68
227 68
145 69
176 70
262 70
438 70
117 71
221 71
315 71
193 72
167 74
459 74
64 75
86 75
188 75
212 75
295 75
340 75
212 76
214 76
162 77
378 77
164 78
207 78
132 79
187 79
209 79
234 79
363 79
415 79
272 80
331 80
359 80
401 80
58 81
99 82
180 82
46 83
98 83
351 83
71 84
74 84
153 84
453 84
97 85
47 86
123 86
341 86
392 86
255 87
283 87
248 88
279 89
379 89
205 91
239 91
273 91
317 91
59 92
89 92
141 92
242 92
354 92
86 94
110 94
165 94
413 94
226 95
59 96
113 96
299 96
442 96
56 97
83 97
108 97
261 97
340 97
459 97
31 98
54 98
80 98
254 98
381 98
108 100
181 101
215 101
278 101
475 101
125 102
322 102
352 102
246 103
71 104
275 104
306 104
149 105
73 106
92 106
95 106
401 106
47 107
70 107
425 107
437 107
90 108
382 108
69 109
95 109
262 109
43 110
193 110
289 110
370 110
39 111
84 111
163 111
43 112
86 112
89 113
110 113
116 113
210 113
227 113
330 113
55 114
59 114
108 114
137 114
348 114
245 115
270 115
275 115
310 115
412 115
103 116
394 117
438 117
178 118
270 118
374 118
241 119
49 120
51 120
57 120
25 121
362 121
47 122
170 122
258 122
289 122
99 123
122 123
149 123
196 123
172 124
240 124
244 124
279 124
348 124
353 124
360 124
166 125
320 126
353 126
420 126
93 127
164 127
209 127
228 128
268 128
302 128
339 128
406 128
66 129
166 129
437 129
457 129
113 130
119 130
257 130
266 130
342 130
113 131
181 131
470 131
108 132
331 132
84 133
257 133
335 133
83 134
86 135
177 135
201 135
245 135
32 136
108 136
178 136
373 136
130 137
244 137
281 137
323 137
410 137
82 138
152 138
172 138
217 138
270 138
319 138
353 138
362 138
400 138
169 139
423 139
350 140
50 141
104 141
188 141
262 141
268 141
350 141
355 141
441 141
451 141
305 142
341 142
464 142
164 143
167 143
164 144
226 144
338 144
71 145
92 145
116 145
336 145
179 146
327 146
93 147
116 147
254 147
18 148
246 149
281 149
320 149
325 149
113 150
117 150
137 150
244 150
322 150
381 150
112 151
177 151
198 151
399 151
173 152
266 152
339 152
350 152
414 153
431 153
459 153
470 153
60 154
89 154
109 154
152 154
210 154
267 154
339 154
186 155
37 156
86 156
259 156
105 157
110 157
181 157
185 157
230 157
306 157
256 158
104 159
181 159
296 160
126 161
379 161
398 161
409 161
49 162
75 162
198 162
283 162
298 162
377 162
382 162
421 162
26 163
218 163
250 163
294 163
354 163
366 163
398 163
411 163
464 163
49 164
53 164
144 164
285 164
292 164
339 164
383 164
393 164
401 164
433 164
47 165
75 165
79 165
218 165
279 165
281 165
217 166
317 166
324 166
96 167
437 167
236 168
163 169
207 169
238 169
314 169
184 170
319 170
457 170
206 171
308 171
310 171
312 171
41 172
66 172
114 172
225 172
303 172
382 172
416 172
15 173
256 173
303 173
383 173
222 174
399 174
35 175
68 175
87 175
133 175
364 175
367 175
375 175
392 175
294 176
435 176
283 177
288 177
392 177
400 177
152 178
172 178
342 178
403 178
194 179
219 179
329 179
52 180
245 180
415 180
49 182
80 182
308 183
437 183
438 183
42 184
306 184
317 184
76 185
99 185
313 185
362 185
303 186
372 186
455 186
74 187
259 187
358 187
371 187
384 187
388 187
468 187
72 188
198 188
330 188
405 188
76 189
121 189
176 189
215 189
420 189
155 190
284 190
419 190
423 190
211 191
292 191
437 191
72 192
136 192
291 192
32 193
52 193
323 193
206 194
224 194
246 194
282 194
376 194
221 195
281 195
309 195
376 195
387 195
389 195
392 195
51 196
206 196
311 196
453 196
402 197
411 197
47 198
63 198
262 198
354 198
420 198
82 199
328 199
422 199
47 200
97 200
184 200
218 200
221 200
308 200
60 201
96 201
150 201
266 201
342 201
431 201
47 202
80 202
19 203
60 203
108 203
109 203
127 203
145 203
148 203
235 203
257 203
262 203
437 203
80 204
196 204
143 205
253 205
360 205
376 205
389 205
40 206
210 206
401 206
452 206
282 207
408 207
411 207
57 208
158 208
251 208
275 208
412 208
74 209
171 209
247 209
253 209
55 210
156 210
70 211
104 211
222 211
419 211
429 211
465 211
471 211
71 212
88 212
348 212
54 213
154 213
268 213
330 213
345 213
431 213
29 214
119 214
182 214
201 214
267 214
312 214
324 214
335 214
354 214
478 214
133 215
135 215
244 215
321 215
376 215
118 216
364 216
47 217
48 217
86 217
133 217
135 217
160 217
3 218
154 218
297 218
63 219
64 219
135 219
233 219
259 219
397 219
448 219
42 220
47 220
131 220
411 220
62 221
96 221
129 221
173 221
149 222
154 222
131 223
152 223
432 223
436 223
77 224
108 224
336 224
344 224
349 224
426 224
468 224
90 225
127 225
204 225
371 225
44 226
223 226
323 226
350 226
443 226
17 227
125 227
128 227
245 227
272 227
316 227
338 227
76 228
107 228
127 228
150 228
163 228
326 228
332 228
387 228
37 229
143 230
185 230
273 230
478 230
109 231
123 231
241 231
265 231
57 232
265 232
304 232
89 233
102 233
104 233
108 233
431 233
140 234
143 234
262 234
407 234
459 234
122 235
209 235
429 235
434 235
101 236
140 236
293 236
375 236
229 237
254 237
340 237
347 237
434 237
84 238
98 238
252 238
437 238
29 239
52 239
282 239
325 239
338 239
345 239
351 239
46 240
330 240
350 240
417 240
446 240
5 242
47 242
63 242
136 243
424 243
112 244
269 244
274 244
316 244
364 244
394 244
309 245
174 246
372 246
263 247
456 247
194 248
214 248
239 248
297 248
76 249
262 249
438 249
254 250
256 250
263 250
410 250
286 251
326 251
347 251
126 252
148 252
91 253
230 254
257 254
393 254
419 254
36 255
258 255
366 255
107 256
277 256
472 256
275 258
320 258
70 259
165 259
275 259
454 259
206 260
48 262
221 262
404 262
245 263
344 263
139 264
356 264
293 265
437 265
26 266
304 266
386 266
417 266
467 266
82 267
160 267
258 267
198 268
267 268
368 268
451 269
63 270
99 270
129 270
260 270
262 270
180 271
266 272
332 272
196 273
254 273
258 273
321 273
233 274
282 274
381 274
477 274
94 275
214 275
276 275
156 276
406 276
194 277
261 277
457 277
36 278
256 278
275 278
279 278
361 279
468 279
57 280
250 280
308 280
12 281
256 281
363 281
437 281
252 282
411 282
415 282
436 282
107 283
250 283
270 283
366 283
73 284
190 284
318 284
332 284
369 284
418 284
88 285
272 285
292 285
304 285
476 285
269 286
347 286
423 286
137 287
373 287
417 287
421 288
249 289
401 289
151 290
251 290
267 290
377 290
381 290
426 290
169 291
246 291
383 291
429 291
447 291
50 292
119 292
265 292
404 292
205 293
462 293
189 294
386 294
84 295
222 295
387 295
65 296
272 296
389 296
412 296
265 297
269 297
366 297
385 297
267 298
387 298
245 299
269 299
313 299
334 299
26 300
187 300
367 300
368 300
394 300
454 300
261 301
435 301
62 302
166 302
371 302
396 302
419 302
131 303
238 303
244 303
373 303
376 303
437 303
259 304
437 304
114 305
246 305
265 305
284 305
344 305
399 305
419 305
43 306
243 306
377 306
421 306
79 307
186 307
259 307
313 308
401 308
436 308
273 309
297 309
465 309
383 310
409 311
59 312
127 312
200 312
254 312
438 312
111 313
358 313
184 314
272 314
255 315
365 315
427 315
237 317
252 317
274 317
279 317
333 317
410 317
413 317
221 318
389 318
445 318
250 319
277 319
426 319
13 320
91 320
145 320
163 320
472 320
141 321
348 321
90 322
126 322
160 322
303 322
109 323
147 323
252 323
265 323
303 323
317 323
350 323
366 323
397 323
126 324
241 324
268 324
71 325
202 325
323 325
182 326
249 326
301 326
462 326
93 327
285 327
293 327
325 327
354 327
355 327
447 327
142 328
280 328
349 328
92 329
124 329
285 329
104 330
265 330
270 330
284 330
333 330
373 330
387 330
161 331
261 331
334 331
337 331
89 332
105 332
246 332
264 332
333 332
371 332
401 332
73 333
92 333
121 333
137 333
159 333
222 333
266 333
339 333
356 333
420 333
139 334
142 334
272 334
375 334
123 335
144 335
310 335
334 335
338 335
388 335
105 336
203 336
248 336
468 336
183 337
292 337
341 337
359 337
374 337
391 337
121 338
162 338
293 338
344 338
453 338
135 339
359 339
106 340
345 340
283 341
363 341
422 341
44 342
90 342
106 342
248 342
317 342
343 342
346 342
25 343
71 343
246 343
362 343
87 344
141 344
248 344
250 344
389 344
87 345
101 345
103 345
104 345
344 345
360 345
392 345
441 345
89 346
122 346
139 346
183 346
208 346
227 346
259 346
308 346
311 346
316 346
329 346
331 346
410 346
120 347
161 347
251 347
253 347
362 347
121 348
347 348
54 349
137 349
300 349
328 349
379 349
473 349
87 350
102 350
264 350
269 350
262 351
267 351
328 351
365 351
391 351
393 351
460 351
84 352
105 352
123 352
275 352
280 352
301 352
350 352
362 352
121 353
284 353
296 353
303 353
331 353
345 353
363 353
281 354
323 354
86 355
325 355
329 355
366 355
378 355
38 356
138 356
394 356
68 357
349 357
330 358
395 358
326 359
346 359
359 359
364 359
378 359
241 360
317 360
218 361
476 361
249 362
363 362
446 362
463 362
143 363
247 363
324 363
413 363
427 363
105 364
124 364
159 364
163 364
259 364
13 365
320 365
358 365
126 366
158 366
180 366
253 366
283 366
123 367
271 367
202 368
244 368
259 368
68 369
258 369
395 369
212 370
264 370
414 370
71 371
303 371
342 371
378 371
87 372
141 372
147 372
187 372
344 372
359 372
91 373
106 373
145 373
333 373
82 374
335 374
104 375
108 375
222 375
33 376
51 376
92 376
358 376
396 376
414 376
446 376
286 377
360 377
83 378
108 378
124 378
431 378
377 379
355 380
466 380
149 381
322 381
128 382
146 382
171 382
245 382
354 382
393 382
248 383
350 383
68 384
111 384
201 384
250 384
123 385
145 385
153 385
258 385
308 385
11 386
110 386
150 386
335 386
447 386
85 387
93 387
159 388
212 388
375 388
109 389
411 389
33 390
74 390
114 390
125 390
130 390
294 390
329 390
128 391
160 391
332 391
94 392
278 392
450 392
72 393
90 393
141 393
224 393
284 393
51 394
242 394
270 394
275 394
320 394
430 394
110 395
133 395
266 395
277 395
321 395
130 396
188 396
328 396
92 397
195 397
242 397
253 397
265 397
73 398
115 398
250 398
346 398
86 399
133 399
261 399
95 400
147 400
259 400
321 400
344 401
110 402
118 402
33 403
112 403
133 403
202 403
91 404
114 404
294 404
307 406
98 407
230 407
387 407
74 408
222 408
411 408
55 409
283 409
182 410
190 410
96 411
274 411
118 412
17 414
118 414
160 414
443 414
166 415
261 415
77 416
104 416
144 416
123 417
246 417
318 417
349 417
39 418
81 418
99 418
426 418
117 419
234 419
293 419
81 420
83 421
106 421
223 421
19 422
102 422
342 422
81 423
97 423
122 423
330 423
378 423
308 424
109 425
441 425
129 427
277 427
24 428
300 428
458 428
353 429
337 430
157 431
243 431
48 432
85 432
86 432
110 432
371 432
423 432
84 433
108 433
315 433
66 434
113 434
200 434
28 435
266 435
219 436
227 436
111 437
439 437
109 438
115 438
170 438
291 438
405 438
137 439
54 440
457 440
146 441
185 441
327 441
383 441
243 442
182 443
366 443
472 443
191 444
384 444
124 445
152 445
338 445
341 445
417 445
276 446
381 446
202 447
230 447
321 447
363 448
161 449
381 449
400 449
160 450
295 450
211 451
334 451
349 451
451 451
167 452
169 452
331 452
399 452
431 452
128 453
343 454
394 454
51 455
167 455
288 455
244 456
254 456
323 456
346 456
374 456
174 457
339 457
356 457
59 458
136 458
172 458
357 458
86 459
181 459
187 459
195 459
301 459
393 459
412 459
445 459
374 460
392 460
145 461
237 461
282 461
339 461
371 461
372 461
466 461
116 462
337 463
353 463
34 464
152 465
369 465
384 465
330 466
333 466
313 467
98 468
164 468
332 468
161 469
161 470
175 470
173 471
379 471
129 472
168 472
180 472
189 472
325 472
380 472
438 472
168 473
186 473
321 473
341 473
399 473
180 474
182 474
337 474
106 475
175 475
184 475
191 475
198 475
378 475
178 476
217 476
252 476
300 476
25 477
84 477
188 477
414 477
317 478
369 478
112 479
147 479
350 479
145 481
152 481
233 481
313 481
351 481
458 481
62 482
368 482
233 483
97 484
162 485
429 485
253 486
324 486
98 487
102 487
126 487
205 487
212 487
324 487
347 487
473 487
74 488
125 488
133 488
188 488
200 489
342 490
363 490
384 490
404 490
86 491
133 491
137 491
139 491
86 492
104 492
130 492
359 492
359 494
417 494
230 495
134 496
332 496
354 496
357 496
237 497
286 497
353 497
379 497
449 497
209 498
214 498
220 498
465 498
151 499
305 499
350 499
201 500
324 500
157 501
166 501
252 501
328 501
146 502
207 502
370 502
152 503
275 503
351 503
116 504
236 504
91 505
232 505
297 505
319 505
344 505
238 506
409 506
343 507
387 507
425 507
461 507
127 508
260 509
94 510
96 510
99 510
126 510
128 511
130 511
48 512
94 512
145 512
212 512
283 512
337 512
362 512
105 513
98 514
134 514
400 514
155 515
333 515
107 516
140 516
157 516
202 516
328 516
359 516
381 516
415 516
100 517
102 517
147 517
170 517
186 517
240 517
64 518
153 518
157 518
431 518
28 519
273 519
350 519
115 520
234 520
352 520
215 521
222 521
294 521
70 522
212 522
224 522
225 522
287 522
321 522
37 523
221 523
254 523
78 524
126 524
315 524
391 524
213 525
291 525
86 526
125 526
127 526
207 526
208 526
408 526
127 528
130 528
135 528
203 528
280 528
310 528
236 529
310 529
386 530
440 530
463 530
51 531
97 531
145 531
228 531
147 532
154 532
240 532
458 532
158 533
186 533
222 533
401 533
161 534
218 534
417 534
104 535
301 535
207 536
219 536
295 536
377 536
210 537
323 537
267 538
349 538
286 539
430 539
115 540
254 540
292 540
69 541
131 541
122 542
239 542
284 542
450 542
470 542
141 543
343 543
85 544
123 544
130 544
150 544
314 544
127 545
138 545
234 545
138 546
191 546
221 546
228 546
282 546
310 546
360 546
408 546
47 547
135 547
141 547
197 547
217 547
274 547
156 548
305 548
147 549
152 549
220 549
384 549
418 550
105 551
201 551
203 551
302 551
61 554
74 554
257 554
126 555
348 555
82 556
319 556
374 556
400 556
458 556
293 557
130 558
170 558
239 558
314 558
139 559
286 559
288 559
426 559
472 559
163 560
137 561
171 561
175 561
230 561
242 561
277 561
337 561
338 561
422 561
197 562
149 563
193 563
216 563
221 563
361 563
425 563
209 564
218 564
269 564
274 564
276 564
308 564
446 564
201 565
212 565
415 565
274 566
383 566
265 567
326 567
411 567
413 567
249 569
321 569
355 569
464 569
476 569
94 570
121 570
297 570
325 570
348 570
406 570
437 570
129 571
252 571
263 571
321 571
348 571
352 571
409 571
173 572
243 572
435 572
142 573
318 573
342 574
372 574
398 574
434 574
224 575
228 575
232 575
286 575
420 575
148 576
170 576
208 576
219 576
164 577
166 577
183 577
195 577
420 577
455 578
361 579
272 580
327 580
386 580
431 580
413 581
433 581
429 582
271 583
299 583
263 584
323 584
411 584
241 585
345 585
412 585
432 585
231 586
251 586
321 586
346 586
401 586
475 586
221 587
343 587
373 587
410 587
126 588
202 588
240 588
135 589
195 589
200 589
207 589
229 589
242 589
334 589
402 589
178 590
194 590
216 590
220 590
223 590
218 591
336 591
424 591
163 592
166 592
211 592
333 592
444 592
467 592
282 593
365 593
420 593
327 594
331 594
76 595
358 595
271 596
280 596
300 596
274 597
413 597
457 597
89 598
385 598
410 598
434 598
259 599
100 600
344 600
352 600
319 601
111 602
126 602
252 602
341 603
450 603
237 604
474 604
373 605
203 606
221 606
429 606
157 609
173 609
187 609
297 609
394 609
423 609
360 610
460 610
450 613
272 614
375 615
310 616
337 616
407 616
244 618
111 623
194 625
130 627
151 627
170 630
308 636
288 638
260 639
