285 29
251 34
295 42
319 42
306 43
338 43
355 43
270 44
368 46
253 47
383 47
239 49
408 50
217 54
282 54
317 56
330 56
199 57
303 57
342 59
361 60
391 61
253 62
228 65
168 66
418 69
210 70
270 70
388 71
278 72
432 72
263 73
299 73
316 73
326 73
194 74
254 74
346 75
181 78
236 78
364 78
447 78
220 81
222 81
227 81
385 82
216 83
320 83
323 83
168 84
220 84
230 84
225 85
303 85
325 85
160 86
207 86
341 86
432 86
287 87
331 87
352 87
419 87
204 88
272 89
358 89
359 89
253 90
354 90
211 91
412 91
238 92
234 94
237 94
374 94
189 95
231 96
470 96
303 97
388 97
429 97
131 98
177 98
232 98
285 98
348 98
350 98
293 99
318 99
338 99
217 100
325 100
331 100
334 100
352 100
220 101
263 101
349 101
350 102
451 102
358 103
363 103
410 104
111 106
206 106
223 106
238 106
190 107
203 107
207 107
468 107
225 109
278 109
426 109
174 110
347 111
359 111
131 112
267 112
291 112
323 112
376 112
260 113
320 113
328 113
161 114
300 114
349 114
389 114
441 114
245 115
347 115
362 115
193 117
235 117
406 117
232 119
179 121
411 121
138 122
342 123
420 123
169 124
173 124
323 124
463 124
175 125
205 125
283 125
295 125
432 125
309 126
432 126
365 127
434 127
264 128
197 129
378 129
445 130
155 131
196 131
240 131
400 132
406 133
144 134
322 134
415 134
186 135
189 135
230 135
343 135
421 135
415 136
220 137
417 138
208 140
364 140
276 141
290 141
439 141
257 142
267 142
304 142
436 142
197 143
200 143
470 143
159 144
381 144
439 144
241 145
352 145
150 146
199 146
332 146
402 146
456 146
197 147
191 148
397 148
186 149
232 149
421 149
411 150
424 150
413 151
424 151
182 152
422 152
217 154
309 154
423 154
103 155
296 155
167 156
172 156
318 156
433 156
436 156
261 157
281 157
331 157
161 158
168 158
201 158
348 158
370 158
448 158
250 159
385 159
384 161
122 162
129 162
131 162
152 162
241 162
391 162
89 163
151 164
190 164
406 164
121 165
466 165
158 166
123 167
299 167
306 167
149 168
155 168
281 168
302 168
419 168
109 169
321 169
274 170
289 170
330 170
344 170
366 170
369 170
428 170
376 171
178 172
215 172
262 172
360 172
361 172
371 172
392 172
103 173
254 173
370 173
373 174
391 174
438 174
379 175
384 175
449 175
199 176
395 177
133 178
159 178
233 178
298 178
406 178
125 179
294 179
129 180
288 180
320 180
321 180
400 180
183 181
221 181
305 181
465 181
314 182
281 183
342 183
418 183
353 184
362 184
264 185
364 185
375 186
174 187
255 187
115 188
122 188
385 188
387 188
392 188
166 189
209 189
383 189
244 190
298 190
315 190
316 190
318 190
388 190
397 190
434 190
290 191
305 191
320 191
141 192
236 192
315 192
329 192
387 192
395 192
141 193
283 193
290 193
405 193
193 194
139 195
222 195
342 195
136 196
268 196
354 196
451 196
99 197
131 198
157 199
159 199
303 199
305 199
467 199
123 200
127 200
157 200
311 200
363 200
420 200
125 201
126 201
133 201
157 201
358 201
371 201
130 202
178 202
205 202
249 202
250 202
431 202
154 204
236 204
146 205
174 205
328 205
386 205
283 206
287 206
291 206
298 206
326 206
331 206
197 207
298 207
312 207
318 207
334 207
345 207
445 207
223 208
274 208
290 208
265 209
301 209
351 209
473 209
165 210
171 210
194 210
261 210
269 210
453 210
107 211
193 211
262 211
124 212
256 212
351 212
408 212
144 213
159 213
254 213
363 213
162 214
186 214
243 214
121 215
135 215
137 216
188 217
210 217
232 217
295 217
383 217
95 218
158 218
184 218
285 218
293 218
306 218
426 218
153 219
270 219
273 219
308 219
311 219
323 219
328 219
329 219
135 220
151 220
155 220
158 220
181 220
288 220
472 220
150 221
313 221
391 221
198 222
202 222
444 222
113 223
130 223
175 223
176 223
222 223
342 223
151 224
341 224
404 224
147 225
251 225
126 226
193 226
195 226
255 226
354 226
128 227
195 227
383 227
458 227
240 228
283 228
421 228
213 229
307 229
187 230
241 230
300 230
275 231
325 231
126 232
142 232
183 232
272 232
301 232
314 232
365 232
142 233
160 233
396 233
102 234
123 234
227 234
266 234
268 234
85 235
137 235
340 235
139 236
180 236
257 236
343 236
448 236
476 236
349 237
354 237
137 238
151 238
177 238
244 238
351 239
354 239
116 240
135 240
150 240
179 240
304 240
316 240
292 241
305 241
214 242
239 242
243 242
278 242
319 242
383 242
385 242
389 242
461 242
210 243
276 243
416 243
419 243
436 243
231 244
267 244
270 244
366 244
371 244
437 244
209 245
261 245
208 246
234 246
368 246
397 246
229 247
258 247
338 247
424 247
71 248
202 248
376 248
397 248
430 248
125 249
188 249
255 249
375 249
353 250
457 250
199 251
311 251
380 251
243 252
301 252
432 252
105 253
218 253
241 253
321 253
362 253
364 253
389 253
278 254
387 254
214 255
218 255
280 255
288 255
412 255
415 255
466 255
136 256
216 256
272 256
442 256
208 257
334 257
368 257
234 258
263 258
265 258
375 258
423 258
119 259
154 259
401 259
203 260
375 260
403 260
343 261
377 261
428 261
226 262
204 263
223 263
224 263
250 263
253 263
429 263
176 264
295 264
358 264
438 264
435 265
459 265
221 266
311 266
388 266
390 266
108 267
193 267
269 267
365 267
369 267
413 267
55 268
91 268
145 268
220 268
274 268
283 268
320 268
124 269
214 269
217 269
236 269
263 269
272 269
276 269
366 269
164 270
209 270
235 270
264 271
335 271
420 271
397 272
474 272
186 273
256 273
346 273
375 273
258 274
403 274
404 274
382 275
451 275
43 276
223 276
228 276
387 276
430 276
138 277
203 277
220 277
244 277
294 277
361 277
383 277
226 278
310 278
362 278
244 279
284 279
319 279
365 279
237 280
431 280
238 281
243 281
269 281
417 281
99 282
116 282
192 282
265 282
271 282
461 282
98 283
112 283
114 283
328 283
372 283
395 283
134 284
211 284
267 284
333 284
338 284
439 284
80 285
173 285
260 285
337 285
377 285
130 286
153 286
375 286
380 286
398 286
256 287
351 287
227 288
253 288
345 288
382 288
131 289
251 289
253 289
256 289
358 289
447 289
311 290
355 290
409 290
427 290
90 291
111 291
149 291
282 291
307 291
354 291
388 291
127 292
130 292
131 292
242 292
276 292
473 292
133 293
204 293
244 293
290 293
306 293
312 293
317 293
145 294
242 294
303 294
325 294
362 294
146 295
246 295
268 295
282 295
323 295
366 295
390 295
90 296
267 296
279 296
372 296
124 297
167 297
215 297
262 297
395 297
418 297
111 298
146 298
235 298
150 299
260 299
340 299
459 299
106 300
110 300
340 300
441 300
84 301
125 301
144 301
197 301
397 301
404 301
100 302
104 303
141 303
351 303
384 303
145 304
258 304
301 304
309 304
82 305
178 305
205 305
228 305
253 305
297 305
315 305
343 305
347 305
102 306
156 306
289 306
297 306
318 306
352 306
354 306
368 306
429 306
81 307
136 307
142 307
249 307
280 307
306 307
327 307
350 307
118 308
139 308
222 308
281 308
322 308
117 309
155 309
299 309
351 309
370 309
157 310
158 310
134 311
275 311
287 311
289 311
291 311
357 311
397 311
414 311
472 311
138 312
155 312
241 312
331 312
335 312
395 312
435 312
137 313
362 313
377 313
453 313
77 314
198 314
217 314
263 314
333 314
337 314
112 315
95 316
263 316
91 317
99 317
153 317
172 317
190 317
258 317
344 317
421 317
55 318
136 318
363 318
91 319
95 319
134 319
154 319
158 319
256 319
309 319
344 319
385 319
97 320
114 320
208 320
226 320
253 320
303 320
310 320
315 320
343 320
369 320
188 321
251 321
370 321
94 322
319 322
405 322
445 322
462 322
50 323
111 323
132 323
108 324
169 324
183 324
323 324
325 324
429 324
236 325
467 325
272 326
89 327
170 327
333 327
335 327
218 328
246 328
324 328
44 329
183 329
328 329
331 329
150 330
356 330
435 330
452 330
93 331
168 331
286 331
89 332
164 332
167 332
340 332
362 332
418 332
68 333
263 333
85 334
91 334
357 334
118 335
181 335
163 336
344 336
404 336
118 337
129 337
179 337
212 337
229 337
307 337
258 338
366 338
387 338
459 338
100 339
274 339
323 339
444 339
477 339
163 340
195 340
326 340
345 340
427 340
103 341
161 341
194 341
351 341
86 342
114 342
142 342
324 342
326 342
371 342
178 343
195 343
67 344
114 344
237 344
327 344
84 345
112 345
178 345
331 345
350 345
411 345
449 345
100 346
162 346
293 346
335 346
395 346
82 347
189 347
151 348
222 348
349 348
357 348
111 349
302 349
81 350
176 350
206 350
268 350
337 350
357 350
83 351
97 351
189 351
433 351
174 352
337 352
386 352
469 352
125 353
163 354
230 354
357 354
399 354
310 355
336 355
339 355
136 356
215 356
94 357
146 357
161 357
244 357
261 357
369 357
356 358
418 358
67 359
82 359
93 359
173 359
185 359
200 359
276 359
320 359
175 360
186 360
187 360
345 360
406 360
105 361
260 361
277 361
376 361
388 361
438 361
458 361
172 362
241 362
256 362
391 362
392 362
438 362
226 363
359 363
65 364
299 364
148 365
272 365
275 365
376 365
391 365
423 365
213 366
322 366
419 366
426 366
477 366
160 367
393 367
422 367
438 367
254 368
270 368
377 368
379 368
134 369
254 369
87 370
117 370
145 370
379 370
393 370
145 371
223 371
288 371
364 371
428 371
133 372
169 372
211 372
348 372
99 373
362 373
381 373
396 373
427 373
430 373
133 374
181 374
252 374
307 374
332 374
410 374
444 374
461 374
143 375
157 375
383 375
394 375
425 375
131 376
263 376
195 377
221 377
429 377
132 378
265 378
370 378
397 378
411 378
208 379
251 379
382 379
129 380
233 380
248 380
398 380
411 380
182 381
281 381
369 381
422 381
366 382
386 382
400 382
130 383
154 383
315 383
355 383
384 383
448 383
97 384
126 384
144 384
258 384
368 384
382 384
467 384
298 385
384 385
433 385
264 386
372 386
410 386
115 387
192 387
277 387
79 388
399 388
126 389
139 389
207 389
233 389
248 389
260 389
426 389
142 390
167 390
399 390
411 390
425 390
152 391
245 391
261 391
274 391
138 392
154 392
278 392
401 392
411 392
415 392
400 393
455 393
127 394
261 394
341 394
369 394
428 394
140 396
155 396
189 396
219 396
245 396
262 396
374 396
77 397
290 397
371 397
388 397
246 398
386 398
412 398
441 398
97 399
135 399
175 399
231 399
261 399
275 399
427 399
247 400
273 400
306 400
321 400
359 400
204 401
413 401
430 401
473 401
293 402
309 402
403 402
242 403
334 403
216 404
74 405
309 405
459 405
151 406
166 406
123 407
292 407
307 407
308 407
318 407
385 407
275 408
361 408
373 408
415 408
202 409
305 409
445 409
89 410
107 410
303 410
231 411
135 412
291 412
240 413
346 413
387 413
432 413
461 413
319 414
477 414
214 415
304 415
360 415
290 416
402 416
175 418
418 418
70 419
90 420
200 420
345 420
243 421
274 421
302 421
375 421
107 422
316 422
133 423
300 423
313 423
411 423
188 424
231 424
386 425
431 425
447 425
462 426
160 427
216 427
259 427
296 427
314 427
119 429
202 429
292 429
331 429
174 430
296 430
420 430
279 431
311 431
399 431
130 432
147 432
408 432
476 433
102 434
309 434
184 435
247 435
309 435
313 435
113 436
216 436
357 436
375 436
434 436
160 437
264 437
284 437
389 437
144 438
233 439
282 439
449 439
128 440
307 440
342 441
399 441
420 441
288 442
204 443
206 443
232 443
408 443
171 444
356 444
247 445
386 445
206 446
300 446
478 446
197 447
371 447
435 447
465 447
65 448
111 448
185 449
208 449
369 449
235 451
252 451
268 452
422 452
208 453
218 453
336 453
368 453
206 454
234 454
396 454
397 454
177 456
315 456
408 456
155 457
209 457
331 457
382 457
450 457
195 458
241 458
367 458
369 458
435 458
220 459
464 459
224 460
114 461
276 461
138 462
187 462
167 463
222 463
395 463
235 464
257 464
350 464
365 464
398 465
368 467
125 468
152 468
223 468
235 468
290 468
385 468
235 469
329 469
394 469
408 469
212 470
365 470
397 470
434 470
201 471
223 471
247 471
452 471
93 472
110 472
199 472
225 472
227 472
305 472
421 472
380 473
395 473
466 473
178 474
238 474
397 474
201 475
214 475
324 476
380 476
165 477
239 477
264 477
274 478
364 478
365 478
186 479
249 479
379 479
393 479
203 480
348 480
436 480
453 480
203 481
232 481
238 481
359 481
363 481
421 481
152 482
393 482
122 484
316 484
358 484
382 484
409 484
235 485
283 485
333 485
345 485
466 485
177 486
232 486
453 486
205 487
332 487
333 487
217 488
292 488
206 489
233 489
237 489
395 489
397 489
202 490
305 490
332 490
109 491
154 491
343 491
355 491
378 492
239 493
273 493
393 493
394 493
166 494
191 494
219 494
325 494
378 494
224 495
341 495
205 496
224 496
323 496
327 496
340 496
424 496
438 496
224 497
375 497
179 498
407 498
455 498
147 499
243 499
327 499
469 499
107 500
124 500
229 500
286 500
351 500
393 500
261 501
325 501
336 501
195 502
228 502
338 502
324 503
352 504
363 504
373 505
322 506
374 506
88 507
376 507
387 507
316 508
332 508
372 508
374 508
148 509
219 509
303 509
218 510
276 510
329 510
403 510
438 510
135 511
286 511
343 511
419 511
206 512
209 513
343 513
358 513
220 514
389 514
457 514
209 515
371 515
372 515
387 515
196 516
107 517
174 517
211 518
213 518
239 518
325 518
386 518
466 518
225 519
236 519
239 519
251 519
281 519
402 519
224 520
304 520
337 520
354 520
149 521
268 521
420 521
176 522
199 522
302 522
367 522
120 523
147 523
352 523
369 523
388 523
176 524
199 524
213 524
318 524
352 524
367 524
386 524
437 524
123 525
133 525
160 526
173 526
188 526
198 526
200 526
383 526
328 527
347 527
398 527
175 528
244 528
275 528
309 528
330 528
349 528
385 528
397 528
122 529
148 529
164 529
246 529
283 529
314 529
367 529
146 530
245 530
312 530
330 530
363 530
370 530
399 530
455 530
105 531
301 531
304 531
348 531
366 531
368 531
150 532
177 532
280 532
287 532
364 532
400 532
177 533
192 533
307 533
364 533
380 533
383 533
384 533
162 534
179 534
216 534
366 534
415 534
303 535
248 536
249 536
320 536
394 536
134 537
250 537
267 537
291 537
320 537
365 537
122 538
268 538
396 538
167 539
178 539
191 539
271 539
359 539
399 539
433 539
153 540
208 540
275 540
107 541
122 541
363 541
391 541
124 542
149 542
194 542
196 542
251 542
150 544
166 544
193 544
305 544
359 544
123 545
327 545
331 545
356 545
374 545
391 545
410 545
137 546
152 546
167 546
184 546
196 546
226 546
280 546
301 546
346 546
267 547
297 547
344 547
453 547
123 548
125 548
243 548
374 548
183 549
298 549
325 549
355 549
391 549
395 549
151 550
321 550
391 550
428 550
246 551
256 551
324 551
151 552
183 552
201 552
171 553
199 553
215 553
275 553
152 554
279 554
315 554
336 554
338 554
450 554
122 555
157 555
274 555
336 555
350 555
370 555
172 556
247 556
318 556
336 556
353 556
248 557
280 557
171 558
190 558
232 558
309 558
387 558
139 559
186 559
252 559
350 559
366 559
383 559
141 560
156 560
329 560
404 560
191 561
237 561
286 561
348 561
448 561
107 562
221 562
234 562
285 562
302 562
303 562
328 562
177 564
209 564
223 564
294 564
296 564
386 564
209 565
240 565
190 566
323 566
422 566
143 567
176 567
342 567
358 567
180 568
226 568
319 568
179 569
212 569
225 569
314 570
340 570
175 571
319 571
182 572
335 572
355 572
199 573
244 573
131 574
336 574
400 574
417 574
163 575
179 575
200 575
266 575
310 575
374 575
214 576
355 576
301 577
305 577
307 577
347 577
221 578
284 578
183 579
231 579
322 579
353 579
165 580
201 580
293 580
341 580
184 581
148 582
166 583
206 583
320 583
170 584
185 584
189 584
221 584
258 584
392 584
168 585
408 585
134 586
221 586
363 586
223 587
172 588
206 588
208 588
310 588
329 588
226 589
192 590
287 590
273 591
298 591
325 591
214 592
286 592
298 592
327 592
344 592
387 592
244 593
351 593
175 594
196 595
162 597
180 597
255 598
365 598
417 598
300 599
310 599
197 600
305 600
163 601
240 602
272 603
377 603
284 604
152 607
353 607
391 608
207 609
256 609
172 610
190 611
215 613
345 613
366 614
196 615
238 617
162 618
357 618
330 622
173 623
205 623
223 623
263 623
374 623
285 625
308 625
348 627
255 628
339 628
238 631
363 632
218 634
328 635
