335 1
364 2
159 3
180 3
262 3
324 3
479 3
307 5
221 6
145 7
174 8
296 8
410 10
139 11
246 12
277 12
235 14
367 14
385 14
428 14
200 15
269 15
440 15
336 16
354 16
378 16
394 17
408 17
453 18
329 19
319 20
467 20
250 21
478 21
186 22
306 23
296 24
147 25
236 26
178 28
224 28
278 28
141 29
267 29
348 29
366 29
388 30
334 31
380 31
419 31
130 33
340 33
361 33
395 33
410 33
436 33
168 34
252 34
205 35
319 35
451 36
304 38
468 38
119 39
155 39
293 40
188 41
232 41
234 41
226 42
229 43
231 43
147 44
219 44
228 44
279 44
219 46
407 46
213 47
225 47
230 47
354 47
365 47
135 48
174 48
209 48
221 48
262 48
332 48
345 48
401 48
423 48
380 49
394 49
440 49
204 50
431 50
206 51
454 51
207 52
208 52
210 52
315 52
122 53
205 53
248 53
467 54
292 56
195 57
154 58
229 58
233 58
113 59
281 59
184 60
411 61
421 61
105 62
219 62
221 62
264 62
217 63
353 63
223 64
438 64
133 65
214 65
363 65
379 65
342 66
404 66
452 66
325 67
391 67
168 68
211 68
213 68
204 69
206 69
308 70
202 71
159 72
238 72
124 73
197 73
288 73
473 73
230 74
230 75
232 75
237 75
147 76
418 76
108 77
219 77
269 77
220 78
219 79
226 79
255 79
222 80
347 80
358 80
433 80
364 81
382 81
171 82
329 82
395 82
134 83
322 83
453 83
308 84
243 85
207 86
404 86
470 86
202 87
292 87
233 88
190 89
233 89
479 89
415 90
154 91
276 91
112 92
215 93
250 93
332 93
346 93
221 94
433 94
212 95
354 95
362 95
136 96
379 96
444 96
205 97
303 97
127 98
173 98
204 98
237 98
372 98
101 99
238 99
163 100
208 100
392 100
238 101
240 101
285 101
405 101
230 102
464 102
225 103
260 103
116 104
192 104
230 104
478 105
152 106
220 106
222 106
224 106
250 106
418 106
187 107
215 107
346 107
221 108
105 109
212 109
217 109
97 110
208 110
309 110
316 110
336 110
430 110
138 111
205 111
329 111
362 111
378 112
444 112
209 113
240 113
291 113
277 114
168 115
233 115
388 115
452 115
123 116
265 116
220 117
228 117
400 117
467 118
195 119
220 119
462 119
473 119
158 120
250 120
246 121
249 121
415 121
75 122
149 122
324 123
338 123
350 123
357 123
108 124
305 124
334 124
350 124
427 124
320 125
328 125
332 125
354 125
362 125
232 126
446 126
102 127
139 127
179 127
284 127
293 127
374 127
277 128
224 129
263 129
270 129
270 130
279 130
132 131
259 131
262 131
387 131
460 131
214 132
266 132
242 133
403 134
251 135
91 136
248 136
119 137
321 137
326 137
330 137
335 137
474 137
84 138
298 138
344 138
420 138
153 139
197 139
237 139
318 139
338 139
350 139
357 139
287 140
182 141
230 141
275 141
321 141
324 141
326 141
339 141
345 141
356 141
270 142
359 142
440 142
112 143
146 143
264 143
277 143
366 143
275 144
73 145
259 145
269 145
375 145
383 145
398 145
454 145
260 147
470 147
170 148
244 148
248 148
104 149
131 149
213 149
241 149
242 149
343 150
417 150
242 151
316 151
62 152
201 152
299 152
338 152
160 153
286 153
291 153
324 153
336 153
97 154
272 154
327 154
334 154
278 155
332 155
363 155
436 155
382 156
263 157
279 157
393 157
147 158
186 158
220 158
249 158
251 158
256 158
271 158
262 159
91 160
249 160
406 160
113 161
141 161
216 161
396 161
241 162
239 163
320 163
346 163
350 163
423 163
65 164
207 164
213 164
327 164
341 164
351 164
356 164
452 164
169 165
210 165
228 165
303 165
337 165
362 165
368 165
465 165
128 166
336 166
352 166
438 166
129 167
224 167
284 167
325 167
328 167
332 167
370 167
206 168
357 168
367 168
374 168
131 169
162 169
203 169
263 169
274 169
101 170
75 171
150 171
154 171
193 171
384 171
390 171
392 171
403 171
148 172
245 172
395 172
156 173
415 173
122 174
127 174
150 174
237 174
238 174
125 175
154 175
311 175
149 176
343 176
440 176
221 177
340 177
352 177
354 177
141 178
144 178
279 178
294 178
336 178
337 178
46 179
170 179
224 179
324 179
329 179
333 179
350 179
358 179
69 180
114 180
330 180
353 180
366 180
369 180
381 180
453 180
325 181
366 181
375 181
384 181
88 182
201 182
261 182
380 182
384 182
461 182
210 183
391 183
80 184
212 184
245 184
385 184
401 184
388 185
392 185
399 185
478 185
135 186
156 186
159 186
238 186
129 187
411 187
125 188
126 188
133 188
158 188
131 189
155 189
233 189
99 190
124 190
152 190
338 190
340 190
347 190
426 190
183 191
225 191
286 191
312 191
354 191
356 191
445 191
47 192
122 192
148 192
226 192
296 192
435 192
126 193
361 193
147 194
272 194
320 194
321 194
370 194
378 194
145 195
213 195
261 195
370 195
388 195
389 195
390 195
461 195
68 196
139 196
174 196
213 196
255 196
323 196
326 197
328 197
374 197
380 197
114 198
247 198
389 198
396 198
330 199
333 199
55 200
392 200
403 200
473 200
108 201
166 201
203 201
236 201
84 202
134 202
412 202
430 202
86 203
204 203
348 203
50 204
79 204
160 204
232 204
106 205
235 205
364 205
85 206
277 206
279 206
450 206
81 207
106 207
127 207
187 207
308 207
103 208
217 208
287 208
292 208
295 208
300 208
312 208
314 208
97 209
221 209
256 209
274 209
285 209
381 209
97 210
215 210
252 210
289 210
291 210
320 210
329 210
67 211
94 211
276 211
305 211
313 211
320 211
424 211
143 212
177 212
255 212
315 212
93 213
319 213
434 213
98 214
202 214
205 214
207 214
339 214
464 214
90 215
240 215
453 215
208 216
400 216
92 217
230 217
406 217
86 218
238 218
350 218
88 219
364 219
83 220
105 220
191 220
309 220
89 221
279 221
303 221
415 221
473 221
111 222
152 222
224 222
230 222
306 222
379 222
214 223
216 223
227 223
261 223
268 223
276 223
310 223
84 224
218 224
270 224
274 224
290 224
301 224
313 224
314 224
51 225
77 225
104 225
107 225
146 225
219 225
280 225
287 225
299 225
324 225
34 226
100 226
104 226
187 226
208 226
251 226
260 226
265 226
436 226
445 226
163 227
256 227
430 227
119 228
207 228
214 228
395 228
119 229
179 229
250 229
350 230
206 231
232 231
236 231
242 231
97 232
237 232
456 232
113 234
116 234
409 234
115 235
133 235
225 235
234 235
285 235
91 236
194 236
275 236
290 236
302 236
365 236
471 236
228 237
280 237
291 237
312 237
19 238
60 238
108 238
170 238
218 238
220 238
277 238
288 238
295 238
300 238
302 238
378 238
422 238
88 239
148 239
257 239
258 239
262 239
308 239
311 239
312 239
36 240
82 240
85 240
221 240
251 240
84 241
323 241
324 241
106 242
209 242
247 242
340 242
393 242
437 242
184 243
325 243
329 243
77 244
323 244
338 245
350 245
353 245
122 246
354 246
102 247
239 247
274 247
407 247
450 247
140 248
287 248
50 249
197 249
233 249
352 249
192 250
259 250
366 250
463 250
419 251
312 252
170 253
223 253
303 253
324 253
382 253
471 253
20 254
74 254
94 254
151 254
321 254
330 254
479 254
112 255
320 255
333 255
43 256
324 256
342 257
394 257
432 257
66 258
285 258
342 258
88 259
183 259
210 259
339 259
443 259
254 260
270 260
126 261
357 261
39 262
245 262
408 262
199 263
107 264
371 264
57 265
142 265
230 265
238 265
455 265
325 266
328 266
157 267
190 267
325 267
418 267
30 268
77 268
321 268
334 268
385 268
220 269
337 269
463 269
52 270
170 270
342 270
134 271
334 271
338 271
345 271
214 272
258 272
343 272
358 272
95 273
291 273
345 273
351 273
430 273
475 273
48 274
270 274
282 274
358 274
397 274
114 275
303 276
441 276
374 277
18 278
314 278
147 279
181 279
238 279
322 279
329 280
411 280
108 281
131 281
144 281
327 281
67 282
200 282
229 282
452 282
84 283
111 283
142 283
388 283
81 284
85 284
106 284
125 284
38 285
123 285
158 285
295 285
364 285
104 286
220 286
285 286
102 287
107 287
139 287
190 287
259 287
283 287
427 287
60 288
290 288
296 288
299 288
350 288
461 288
6 289
156 289
272 289
402 289
54 290
80 290
103 290
170 290
213 290
312 290
373 290
319 291
98 292
102 292
319 292
474 292
81 293
100 293
239 293
437 293
118 294
359 294
410 294
94 295
149 295
150 295
324 295
23 296
99 296
115 296
134 296
329 296
232 297
113 298
131 298
135 298
182 298
227 298
285 298
289 298
339 298
367 298
418 298
71 299
130 299
133 299
459 299
392 300
44 301
94 301
115 301
129 301
162 301
200 301
266 301
280 301
290 301
301 301
308 301
143 302
146 302
258 302
290 302
298 302
299 302
447 302
17 303
219 303
295 303
306 303
311 303
315 303
347 303
467 303
127 304
177 304
248 304
403 304
427 304
12 305
64 305
104 305
473 305
84 306
89 306
108 306
140 306
311 306
320 306
377 306
82 307
86 307
105 308
124 308
143 308
157 308
190 308
456 308
434 309
282 310
57 311
139 311
234 311
269 311
335 311
30 312
142 312
209 312
284 313
293 313
365 313
117 314
136 314
290 314
297 314
416 314
152 315
153 315
285 315
293 315
390 315
444 315
155 316
184 316
287 316
319 316
370 316
77 317
117 317
250 317
346 317
21 318
203 318
221 318
260 318
290 318
298 318
301 318
320 318
468 318
95 319
300 319
403 319
99 320
101 320
298 320
304 320
307 320
327 320
42 321
47 321
150 321
253 321
426 321
45 322
69 322
245 322
353 322
379 322
478 322
47 323
136 323
148 323
239 323
309 323
73 324
198 324
241 324
268 324
273 324
279 324
452 324
66 325
95 325
129 325
134 325
361 325
433 325
132 326
161 326
176 326
278 326
333 326
234 327
276 327
279 327
361 327
394 327
413 328
464 328
72 329
111 329
128 329
144 329
160 329
297 329
88 330
147 330
440 330
193 331
212 331
340 331
364 331
366 331
380 331
383 331
65 332
67 332
160 332
258 332
35 333
249 333
253 333
384 333
405 333
421 333
3 334
62 334
127 334
142 334
244 334
474 334
41 335
125 335
226 335
345 335
385 335
78 336
82 336
208 336
242 336
247 336
249 336
302 336
321 336
450 336
124 337
370 337
373 337
62 338
172 338
385 338
52 339
105 339
137 339
154 339
240 339
138 340
391 340
459 340
79 341
119 341
189 341
348 341
429 341
24 342
52 342
79 342
231 342
390 342
411 342
47 343
52 343
136 343
138 343
225 343
264 343
271 343
371 343
121 344
260 344
307 344
394 344
43 345
52 345
99 345
135 345
276 345
375 345
466 345
257 346
446 346
262 347
398 347
400 347
249 348
291 348
374 348
376 348
414 348
43 349
133 349
359 349
361 349
475 349
44 350
68 350
71 350
114 350
248 350
327 350
378 350
452 350
15 351
42 351
47 351
94 351
203 351
311 351
419 351
67 352
132 352
154 352
155 352
237 352
244 352
246 352
276 352
342 353
378 353
379 353
126 354
128 354
170 354
184 354
361 354
365 354
380 354
393 354
376 355
408 355
439 355
64 356
267 356
395 356
400 356
425 356
460 356
5 357
34 357
69 357
141 357
265 357
272 357
327 357
479 357
124 358
143 358
268 358
364 358
63 359
66 359
106 359
346 359
380 359
53 360
254 360
261 360
263 360
364 360
156 361
379 361
466 361
50 362
125 362
140 362
368 362
382 362
446 362
47 363
310 363
329 363
64 364
82 364
124 364
170 364
211 364
238 364
382 364
417 364
46 365
50 365
123 365
154 365
369 365
23 366
47 366
244 366
367 366
401 366
142 367
154 367
158 367
194 367
271 367
368 367
369 367
470 367
138 368
432 368
452 368
234 369
348 369
141 370
157 370
329 370
226 371
267 371
289 371
59 372
97 372
118 372
137 372
157 372
205 372
211 372
373 372
422 372
55 373
72 373
136 373
140 373
153 373
304 373
364 373
370 373
387 373
454 373
11 374
58 374
79 374
263 374
77 375
388 375
56 376
375 376
34 377
287 377
376 377
7 378
51 378
113 378
388 378
460 378
69 379
173 379
183 379
254 379
262 379
365 379
366 379
443 379
479 379
75 380
155 380
207 380
379 380
390 380
396 380
51 381
73 381
132 381
375 381
393 381
75 382
425 382
53 383
139 383
243 383
364 383
66 384
69 384
91 384
124 384
136 384
189 384
281 384
301 384
394 384
156 385
378 385
379 385
380 385
396 385
398 385
69 386
70 386
230 386
395 386
41 387
65 387
158 387
198 387
448 387
466 387
122 388
310 388
366 388
42 389
47 389
106 389
158 389
262 389
395 389
41 390
122 390
209 390
365 390
366 390
378 390
157 391
163 391
349 391
412 391
160 392
392 392
398 392
14 393
62 393
362 393
382 393
450 393
472 393
364 394
34 395
247 395
290 395
394 395
58 396
80 396
176 396
381 396
237 397
393 397
305 398
381 398
130 399
146 399
220 399
394 399
98 400
146 400
193 400
200 400
344 400
379 400
48 401
52 401
69 401
73 401
96 401
263 401
303 401
321 401
380 401
419 401
74 402
207 402
281 402
282 402
322 402
338 402
359 402
363 402
478 402
43 403
320 403
323 403
345 403
458 403
3 404
44 405
438 405
22 406
44 406
62 406
159 406
169 406
167 407
231 407
293 407
319 407
346 407
408 407
87 408
128 408
165 408
167 408
169 408
274 408
288 408
313 408
337 408
118 409
174 409
357 409
363 409
16 410
112 410
449 410
465 410
36 411
114 411
189 411
206 411
314 411
342 411
355 411
422 411
51 412
85 412
175 412
183 412
305 412
338 412
340 412
342 412
50 413
109 413
180 413
189 413
330 413
342 413
50 414
195 414
260 414
298 414
303 414
340 414
362 414
439 414
77 415
104 415
279 415
301 415
314 415
328 415
7 416
41 416
44 416
48 416
109 416
233 416
70 417
407 417
28 418
72 418
99 418
148 418
293 418
63 419
167 419
221 419
352 419
355 419
65 420
259 420
375 420
61 421
68 421
168 421
174 421
250 421
297 421
302 421
322 421
329 421
394 421
159 422
207 422
215 422
321 422
357 422
424 422
472 422
57 423
87 423
172 423
189 423
329 423
335 423
351 423
61 424
119 424
199 424
58 425
185 425
350 425
356 425
438 425
18 426
52 426
103 426
106 426
109 426
115 426
127 426
186 426
243 426
348 426
370 426
48 427
178 427
13 428
51 428
89 428
112 428
407 428
457 428
230 429
391 429
74 430
310 430
7 431
296 431
40 432
137 432
148 432
263 433
293 433
295 433
309 433
312 433
315 433
320 433
422 433
74 434
78 434
281 435
303 435
338 435
445 435
66 436
67 436
197 436
210 436
323 436
329 436
58 437
73 437
88 437
161 437
163 437
173 437
179 437
308 437
99 438
101 438
169 438
175 438
176 438
185 438
193 438
251 438
282 438
306 438
329 438
339 438
63 439
71 439
91 439
173 439
195 439
327 439
331 439
31 440
336 440
56 441
121 441
468 441
50 442
52 442
116 442
117 442
123 442
130 442
239 442
297 442
360 442
380 442
45 443
126 443
133 444
135 444
137 444
333 444
44 445
127 445
143 445
266 445
421 445
139 446
317 446
351 446
131 447
137 447
147 447
223 447
137 448
159 448
377 448
77 449
151 449
203 449
286 449
400 449
144 450
149 450
162 450
255 450
74 451
79 451
92 451
159 451
451 451
460 451
66 452
75 452
85 452
94 452
97 452
99 452
172 452
278 452
86 453
102 453
106 453
190 453
240 453
96 454
110 454
114 454
304 454
325 454
348 454
368 454
413 454
49 455
51 455
65 455
71 455
80 455
82 455
103 455
118 455
436 455
44 456
55 456
56 456
74 456
101 456
104 456
110 456
271 456
47 457
48 457
54 457
467 457
51 458
114 458
124 458
127 458
39 459
44 459
130 459
137 459
227 459
261 459
390 459
27 460
142 460
295 460
341 460
433 460
41 461
126 461
316 461
409 461
474 461
151 462
153 462
216 462
18 463
132 463
138 463
156 463
205 463
449 463
160 464
429 464
6 465
152 465
179 465
281 465
76 466
84 466
157 466
190 466
244 466
63 467
89 467
98 467
106 467
308 467
358 467
379 467
65 468
68 468
74 468
91 468
100 468
402 468
59 469
82 469
100 469
113 469
330 469
443 469
52 470
76 470
105 470
107 470
117 470
234 470
422 470
45 471
107 471
113 471
41 472
53 472
109 472
116 472
268 472
295 472
48 473
50 473
131 473
415 473
455 473
469 473
372 474
121 475
124 475
148 475
210 475
320 475
344 475
140 476
153 476
220 476
389 476
24 477
127 477
144 477
155 477
158 477
256 477
14 478
169 478
180 478
190 478
413 478
201 479
249 479
280 479
431 479
83 480
461 480
74 481
242 481
333 481
7 482
67 482
95 482
103 484
260 484
267 484
447 484
94 485
95 485
106 486
114 486
120 486
124 486
264 486
109 487
117 487
231 487
255 487
117 488
261 488
127 489
130 489
159 489
256 489
292 489
370 489
16 490
133 490
134 490
170 490
219 490
314 490
476 490
38 491
52 491
118 491
193 491
254 491
340 491
394 491
207 492
141 493
182 493
247 493
421 493
463 493
64 494
276 494
280 494
70 495
243 495
362 495
96 496
89 497
100 497
214 498
232 498
269 498
304 498
446 498
329 499
406 499
155 501
162 501
352 501
379 501
433 501
112 502
262 502
117 503
319 503
117 504
132 504
177 504
292 504
468 504
22 505
122 505
140 505
189 505
255 505
372 505
423 505
36 506
134 506
199 506
239 506
249 506
392 506
51 507
57 507
313 507
30 508
137 508
147 508
242 508
413 508
67 509
144 509
228 509
332 509
82 510
149 510
276 510
77 511
87 511
274 511
279 511
303 511
361 511
82 512
161 512
271 512
440 512
458 512
476 512
98 513
100 513
266 513
267 513
112 514
185 514
263 514
273 514
397 514
108 515
115 515
254 515
257 515
266 515
321 515
346 515
91 516
95 516
116 516
250 516
432 516
110 517
114 517
267 517
104 518
120 518
122 518
192 518
253 518
426 518
115 519
226 519
243 519
251 519
378 519
122 520
139 520
147 520
149 520
207 520
241 520
244 520
315 520
338 520
369 520
143 521
152 521
227 521
413 521
137 522
147 522
148 522
215 522
39 523
153 523
163 523
301 523
461 523
52 524
64 524
362 524
406 524
436 524
450 524
73 525
82 525
163 525
166 525
403 525
410 525
445 525
163 526
168 526
180 526
182 526
350 526
413 526
439 526
81 527
83 527
170 527
432 527
104 528
268 528
409 528
415 528
430 528
91 529
188 529
190 529
229 529
234 529
338 529
422 529
89 530
93 530
100 530
105 530
108 530
117 530
120 530
221 530
230 530
238 530
281 530
317 530
373 530
389 530
100 531
197 531
214 531
221 531
324 531
113 532
117 532
121 532
200 532
236 532
208 533
210 533
212 533
131 534
138 534
143 534
149 534
151 534
206 534
138 535
145 536
151 536
154 536
161 536
467 536
134 537
143 538
414 538
424 538
432 538
450 538
158 539
346 539
410 539
418 539
421 539
426 539
32 540
152 540
189 540
233 540
234 540
240 540
251 540
405 540
415 540
437 540
45 541
73 541
84 541
162 541
171 541
172 541
178 541
240 541
261 541
274 541
402 541
57 542
89 542
91 542
92 542
189 542
415 542
82 543
84 543
98 543
184 543
187 543
383 543
391 543
87 544
104 544
99 545
105 545
116 545
197 545
373 545
91 546
112 546
118 546
326 546
116 547
200 547
212 547
316 547
475 547
140 548
204 548
466 548
112 549
119 549
130 549
138 549
143 549
297 549
345 549
351 549
359 549
457 549
131 550
145 550
146 550
149 550
307 550
123 551
139 551
235 551
277 551
289 551
411 551
439 551
448 551
157 552
169 552
218 552
220 552
225 552
242 552
412 552
422 552
424 552
158 553
166 553
172 553
180 553
188 553
237 553
256 553
403 553
435 553
159 554
164 554
189 554
267 554
394 554
175 555
428 555
197 556
41 557
191 557
197 557
201 557
377 557
470 557
58 558
75 559
86 559
113 559
454 559
95 560
99 560
101 560
357 560
366 560
109 561
332 561
339 561
342 561
103 562
326 562
344 562
123 563
138 563
286 563
290 563
293 563
294 563
323 563
325 563
347 563
131 564
157 564
264 564
280 564
288 564
310 564
319 564
345 564
168 565
175 565
197 565
206 565
231 565
295 565
250 566
167 567
195 567
199 567
217 567
395 567
434 567
162 568
164 568
189 568
192 568
382 568
422 568
447 568
170 569
171 569
191 569
197 569
372 569
464 569
362 570
272 574
295 574
300 574
336 574
337 574
48 575
69 575
123 575
282 575
286 575
314 575
350 575
80 576
110 576
286 576
293 576
335 576
341 576
348 576
349 576
291 577
295 577
310 577
318 577
330 577
346 578
348 578
136 579
172 579
187 579
192 579
317 579
324 579
337 579
342 579
354 579
356 579
398 579
168 580
169 580
179 580
211 580
219 580
367 580
151 581
175 581
183 581
471 581
197 582
227 582
238 582
428 582
180 583
183 583
191 583
255 583
375 583
441 583
454 583
198 584
264 584
272 586
289 586
285 587
287 587
295 588
298 588
305 588
307 588
309 588
316 588
70 589
284 589
327 589
315 590
319 590
320 590
85 591
357 591
105 592
119 592
129 593
150 593
185 593
343 593
167 594
195 594
200 594
330 594
159 595
187 595
192 595
198 595
203 595
363 595
402 595
168 596
175 596
176 596
184 596
220 596
463 596
161 597
381 597
417 597
434 597
189 598
191 598
244 598
452 598
261 599
278 603
298 603
85 605
98 605
330 605
128 607
373 607
114 608
347 608
152 609
386 609
161 610
419 610
186 611
220 611
233 611
195 612
208 612
245 612
410 612
267 615
277 618
285 619
301 620
313 621
350 621
338 622
146 623
375 623
137 624
216 624
231 624
238 624
169 625
186 627
260 627
273 630
204 634
233 636
357 636
302 637
317 639
