334 7
345 7
356 7
367 9
379 9
394 12
411 15
302 17
361 17
295 18
311 19
369 20
322 21
381 21
389 24
407 25
350 28
271 29
287 29
298 29
368 30
419 30
426 30
316 31
258 32
307 33
323 33
384 34
436 34
332 35
391 36
446 37
288 39
348 39
410 40
256 42
272 42
305 42
361 42
243 43
374 43
422 43
295 44
227 45
322 45
460 45
381 46
391 48
433 48
338 49
351 49
397 50
300 52
445 52
282 53
410 53
258 54
273 54
319 54
245 55
369 55
232 56
420 56
209 58
337 58
381 58
458 58
430 60
196 61
467 61
348 62
397 63
291 64
304 64
244 65
254 65
271 65
310 65
440 66
230 67
284 67
373 67
321 68
362 68
410 68
338 70
424 72
258 74
385 74
433 74
459 74
274 75
292 75
355 75
366 75
244 76
304 76
396 76
321 78
226 79
207 80
373 80
407 80
443 80
209 81
475 81
333 82
420 84
250 85
261 85
348 85
183 86
306 86
459 86
278 87
281 87
289 87
296 87
309 87
361 87
393 87
427 87
269 88
319 89
406 90
212 91
222 91
374 91
439 91
217 92
321 92
338 93
382 93
474 94
191 95
416 95
355 96
391 96
449 96
274 97
226 98
240 98
258 98
426 98
237 99
299 99
317 99
366 99
215 100
217 100
459 100
175 101
220 101
324 102
435 102
205 103
339 103
191 104
403 104
382 105
354 107
174 108
287 108
413 108
210 109
224 109
251 109
269 109
450 109
197 110
396 111
162 112
424 112
332 113
283 115
439 115
223 116
281 116
379 116
409 116
179 117
223 117
231 117
236 117
292 117
303 117
250 118
265 118
289 118
388 118
464 118
299 119
356 119
419 119
160 120
305 120
309 120
366 121
194 122
319 122
404 122
452 122
257 123
323 123
333 123
431 123
242 124
261 124
265 124
375 124
180 125
251 125
256 125
267 125
343 125
216 126
264 126
290 126
477 126
225 127
383 127
287 128
348 128
164 129
211 129
301 129
306 129
308 129
460 129
201 130
392 130
417 130
442 130
317 131
187 132
253 132
153 133
239 133
260 133
424 133
466 133
142 134
227 134
233 134
256 134
329 134
367 134
231 135
333 135
452 135
165 136
224 136
210 137
330 137
409 138
199 139
273 139
287 139
295 139
432 139
152 140
298 140
340 140
475 140
185 141
252 141
317 141
344 141
302 142
311 142
354 142
384 142
464 142
251 143
256 143
441 143
259 144
320 144
364 144
393 144
419 144
168 145
214 145
222 145
323 145
208 146
262 146
319 146
212 147
270 147
279 147
276 148
284 148
326 148
153 149
189 149
330 149
332 149
382 149
474 149
303 150
336 150
353 150
451 150
177 151
248 151
333 151
409 152
167 153
434 153
263 154
365 154
458 154
132 155
268 155
276 156
418 156
151 157
206 157
286 157
327 157
396 157
329 158
346 158
353 158
188 159
379 159
118 160
131 161
174 161
468 161
227 162
312 162
364 162
170 163
236 163
410 163
430 163
160 164
337 164
101 165
342 165
438 165
213 166
356 166
458 166
146 167
278 167
191 168
193 168
291 168
348 168
395 168
117 169
131 169
197 169
179 170
183 170
380 170
171 171
334 171
423 171
372 172
449 173
257 174
356 174
408 174
228 175
269 175
318 175
431 175
119 176
201 176
217 177
147 178
188 178
192 178
277 178
324 178
108 179
287 179
292 179
352 179
371 179
384 179
438 179
178 180
184 180
190 180
328 180
132 181
175 181
245 181
304 181
418 181
461 181
178 182
252 182
477 182
90 183
236 183
358 183
120 184
340 184
264 185
425 185
80 187
147 187
217 187
280 187
348 187
365 187
204 188
405 188
107 189
187 189
352 189
452 189
132 190
182 190
236 190
325 190
100 191
298 191
173 192
246 193
358 193
397 193
226 194
121 195
199 195
215 195
312 195
384 195
418 195
192 196
91 197
270 197
284 197
343 197
370 197
143 198
188 198
321 198
353 198
111 199
177 199
184 199
290 199
350 199
465 199
327 200
348 200
168 201
172 201
362 201
446 201
81 202
157 202
164 202
377 202
223 203
238 203
429 203
202 204
207 204
210 204
216 204
284 204
307 204
347 204
430 204
433 204
246 205
259 205
365 205
384 205
399 205
71 206
262 206
370 206
401 206
414 206
455 206
476 206
144 207
255 207
290 207
94 208
120 208
178 208
354 208
386 208
437 208
439 208
263 209
291 209
318 209
461 209
113 210
167 210
423 210
166 211
296 211
299 211
346 211
379 211
396 211
86 212
165 212
168 212
269 212
303 212
361 212
440 212
218 213
224 213
361 213
397 213
153 214
208 214
215 214
279 214
368 214
200 215
224 215
247 215
283 215
408 215
56 216
227 216
238 216
302 216
371 216
144 217
197 217
250 217
256 217
451 217
98 218
187 218
289 218
311 218
337 218
414 218
123 219
175 219
248 219
256 219
359 219
417 219
165 220
264 220
293 220
375 220
475 220
71 221
395 221
437 221
163 222
261 222
343 222
378 222
415 222
460 222
213 223
297 223
421 223
200 224
226 224
305 224
423 224
113 225
151 225
218 225
303 225
88 226
222 226
232 226
368 226
62 227
246 227
327 227
370 227
382 227
445 227
466 227
428 228
42 229
138 229
241 229
252 229
185 230
314 230
356 230
406 230
431 230
192 231
255 231
281 231
295 231
335 231
374 231
412 231
55 232
169 232
250 232
78 233
197 233
212 233
218 233
282 233
297 233
379 233
397 233
129 234
165 234
177 234
259 234
319 234
340 234
414 234
434 234
472 234
96 235
226 235
160 236
165 236
288 236
301 236
323 236
365 236
378 236
383 236
163 237
419 237
229 238
289 238
404 238
237 239
271 239
272 239
290 239
420 239
423 239
441 239
43 240
65 240
90 240
117 240
366 240
147 241
308 241
328 241
438 241
137 242
198 242
312 242
142 243
189 243
194 243
210 243
246 243
314 243
422 243
426 243
439 243
178 244
192 244
199 244
299 244
372 244
392 244
429 244
106 245
133 245
139 245
142 245
188 245
252 245
301 245
409 245
57 246
221 246
283 246
448 246
466 246
79 247
179 247
335 247
356 247
228 248
283 248
339 248
411 248
158 249
160 249
262 249
378 249
414 249
49 250
125 250
156 250
160 250
31 251
128 251
403 252
474 252
155 253
241 253
342 253
271 254
309 254
363 254
385 254
435 254
456 254
90 255
405 255
407 255
421 255
41 256
294 256
423 256
436 256
66 257
113 257
183 257
250 257
351 257
214 258
332 258
347 258
353 258
316 259
380 259
172 260
229 260
297 260
409 260
422 260
451 260
338 261
174 262
302 262
374 262
440 262
468 262
32 263
81 263
137 263
316 263
355 263
399 263
56 264
177 264
192 264
263 264
301 264
415 264
102 265
127 265
131 265
389 265
426 265
441 265
160 266
170 266
174 266
178 266
203 266
282 266
198 267
239 267
285 267
322 267
338 267
356 267
429 267
456 267
122 268
431 268
198 269
212 269
271 269
291 269
70 270
144 270
155 270
406 270
418 270
146 271
157 271
327 271
329 271
447 271
49 272
221 272
289 272
348 272
432 272
325 273
410 273
463 273
24 274
113 274
294 274
296 274
262 275
366 275
383 275
415 275
417 275
87 276
141 276
245 276
293 276
298 276
189 277
316 277
433 277
230 278
280 278
404 278
20 279
196 279
199 279
316 279
37 280
135 280
175 280
182 280
335 280
351 280
452 280
56 281
300 281
374 281
436 281
104 282
205 282
469 282
127 283
15 284
266 284
269 284
98 286
252 286
378 286
75 287
158 287
217 287
255 287
344 287
423 287
427 287
288 288
473 289
69 290
149 290
306 290
323 291
44 292
115 292
193 292
254 292
272 292
461 292
25 293
337 293
349 293
381 293
412 293
414 293
88 294
178 294
399 294
228 295
243 295
368 295
138 296
202 296
293 296
109 297
170 297
417 297
246 298
278 298
258 299
341 299
419 299
433 299
449 299
403 300
60 301
103 301
212 301
326 301
373 301
38 302
160 302
280 302
356 302
388 302
79 303
127 303
297 303
312 303
233 305
261 305
54 306
186 306
473 306
360 307
457 307
96 308
198 308
333 308
32 309
179 309
263 309
346 309
394 309
427 309
74 310
146 310
206 310
268 310
299 310
117 311
265 311
319 311
252 312
409 312
427 312
365 313
412 313
444 313
44 314
170 314
271 314
380 314
272 316
285 316
317 316
414 316
462 316
138 317
220 317
88 318
251 318
399 318
450 318
5 319
63 319
109 319
161 319
237 319
402 319
413 319
479 319
24 320
268 320
383 320
433 320
418 321
63 322
195 322
203 322
308 322
403 322
187 323
338 323
367 323
39 324
292 324
304 324
352 324
387 324
466 324
104 325
272 325
322 325
341 325
355 325
78 326
128 326
153 326
290 326
421 326
60 327
74 327
326 327
208 328
223 328
309 328
337 328
357 328
440 328
454 328
148 329
240 329
257 329
323 329
341 329
343 330
357 330
404 330
472 330
32 331
322 331
326 331
355 331
421 331
386 332
13 333
46 333
290 333
345 333
439 333
441 333
174 334
387 334
389 334
118 335
207 335
277 335
322 335
330 335
71 336
313 336
345 336
362 336
42 337
47 337
94 337
375 337
389 337
63 338
258 338
307 338
348 338
361 338
428 338
430 338
457 338
311 339
138 340
225 340
293 340
326 340
360 340
375 340
407 340
115 341
64 342
166 342
376 342
390 342
432 342
476 342
23 343
62 343
68 343
324 343
336 343
364 343
409 343
448 343
205 345
335 345
379 345
426 345
277 346
298 346
413 346
424 346
463 346
6 347
38 347
59 347
160 347
242 347
435 347
182 348
310 348
380 348
399 348
106 349
259 349
286 349
415 349
81 350
287 350
297 350
300 350
312 350
364 350
398 350
401 350
52 351
56 351
326 351
397 351
429 351
438 351
225 352
328 352
338 352
349 352
363 352
399 352
403 352
312 353
325 353
353 353
431 353
154 354
181 354
339 354
380 354
441 354
451 354
298 355
355 355
385 355
398 355
53 356
300 356
302 356
330 356
430 356
47 357
382 357
405 357
24 358
69 358
242 358
302 358
365 358
72 359
78 359
50 360
66 360
122 360
153 360
199 360
288 360
303 360
313 360
317 360
388 360
432 360
47 361
114 361
176 361
224 361
49 362
89 362
95 362
226 362
433 362
113 363
201 363
328 363
370 363
405 363
259 364
287 364
383 364
469 364
86 365
110 365
457 365
238 366
89 367
343 367
12 368
223 368
85 369
109 369
111 369
171 369
210 369
212 369
234 369
384 369
423 369
105 370
149 370
112 371
275 371
304 371
334 371
63 372
89 372
108 372
192 372
221 372
29 373
219 373
438 373
102 374
395 374
458 374
7 375
63 375
112 375
114 375
238 375
56 376
101 376
318 376
346 376
78 377
99 377
110 377
220 377
357 377
426 377
402 378
205 379
258 379
275 379
75 380
83 380
137 380
164 380
217 380
289 380
335 380
77 381
102 381
184 381
444 381
21 382
48 382
49 382
389 382
68 383
103 383
349 383
120 384
125 384
204 384
206 384
231 384
52 385
68 385
257 385
375 385
118 386
120 386
213 386
319 386
101 387
226 387
291 387
362 387
418 387
433 387
70 388
90 388
93 388
177 388
202 388
18 389
41 389
48 389
65 389
100 389
156 389
270 389
302 389
461 389
94 390
40 391
70 391
87 391
98 391
115 391
337 391
403 391
132 393
375 393
388 393
449 393
82 394
94 394
239 394
8 395
56 395
86 395
112 395
196 395
222 395
236 395
350 395
419 395
67 396
82 396
154 397
174 397
209 397
223 397
233 397
235 397
437 397
53 398
109 398
115 398
90 399
219 399
232 399
290 399
338 399
468 399
223 400
405 400
26 401
246 401
317 401
257 402
268 402
305 402
55 403
204 403
218 403
235 403
367 403
46 404
48 404
59 404
162 404
379 404
73 405
218 405
55 406
201 406
341 406
354 406
423 406
456 406
79 407
103 407
143 407
187 407
265 407
49 408
251 408
393 408
186 409
219 409
253 409
415 409
121 410
162 410
185 410
265 410
165 411
243 411
407 411
15 412
180 412
473 412
42 413
162 413
167 413
217 413
138 414
195 414
302 414
316 414
355 414
441 414
46 415
178 415
286 415
329 415
367 415
381 415
229 416
265 416
270 416
459 416
59 417
61 417
94 417
114 417
158 417
193 417
65 418
195 418
41 419
59 419
128 419
244 419
262 419
265 419
279 419
342 419
395 419
54 420
209 420
250 420
477 420
31 421
173 421
191 421
3 422
206 422
208 422
265 422
280 422
433 422
356 423
410 423
447 423
51 424
57 424
64 424
204 424
239 424
300 424
369 424
257 425
267 425
173 426
206 426
242 426
277 426
315 426
50 427
63 427
87 427
204 427
281 427
328 427
53 428
206 428
240 428
52 429
102 429
146 429
187 429
23 430
48 431
219 431
234 431
164 432
167 432
184 432
216 432
382 432
425 432
48 433
182 433
199 433
251 433
341 433
439 433
42 434
45 434
69 434
76 434
255 434
71 435
116 435
161 435
163 435
259 435
261 435
398 435
411 435
80 436
218 436
297 436
312 436
373 436
48 437
214 437
271 437
43 438
217 438
257 438
357 438
386 438
45 439
161 439
10 440
42 440
192 440
249 440
72 441
134 441
232 441
429 441
43 442
103 442
157 442
477 442
35 443
175 443
327 443
401 443
69 444
465 444
2 445
172 446
227 446
417 446
52 447
54 447
69 447
127 447
232 447
357 447
388 447
448 447
60 448
66 448
92 448
191 448
375 448
433 448
152 449
249 449
268 449
221 450
62 451
341 451
22 452
58 452
61 453
308 453
433 453
122 454
207 454
53 455
322 455
349 455
180 456
201 456
244 456
363 456
47 457
142 458
160 458
214 458
266 458
456 458
287 459
391 459
407 459
437 459
9 460
50 460
78 460
110 460
236 460
471 460
42 461
197 461
216 461
380 461
221 462
214 463
260 463
337 463
72 464
211 464
305 464
67 465
102 465
133 465
220 465
238 465
283 465
32 467
169 467
218 467
229 467
317 467
366 467
209 468
462 468
147 469
214 470
393 470
426 470
61 471
92 471
185 471
227 471
277 471
124 472
236 472
253 472
299 472
48 473
54 473
207 473
228 473
381 473
230 474
443 474
13 475
49 475
59 475
227 475
47 476
336 476
153 477
205 477
349 477
43 478
116 478
203 478
208 478
226 478
273 478
83 479
205 479
228 479
316 479
400 479
221 480
291 480
428 480
143 481
170 481
190 481
204 481
223 481
427 481
73 482
202 482
248 482
415 482
37 483
76 483
135 483
220 483
331 483
349 483
432 483
471 483
262 484
418 484
241 485
264 485
267 485
362 485
435 485
447 485
64 486
106 486
142 486
204 486
223 486
247 486
260 486
59 487
132 487
139 487
401 487
403 487
418 487
65 488
69 488
128 488
134 488
215 488
60 489
421 489
437 489
124 490
157 490
257 490
405 490
130 491
152 491
214 491
243 491
285 491
21 492
45 492
91 492
265 492
419 492
374 493
465 493
12 494
125 494
213 494
236 494
238 494
257 494
390 494
436 494
46 495
78 495
262 495
305 495
327 495
455 495
192 496
212 496
281 496
46 497
141 497
175 497
260 497
208 498
355 498
406 498
424 498
428 498
224 499
230 499
276 499
394 499
413 499
222 500
339 500
36 501
66 501
137 501
159 501
249 501
257 501
270 501
366 501
375 501
440 501
71 502
121 502
136 502
204 502
219 502
471 502
61 503
67 503
74 503
167 503
231 503
255 503
272 503
276 503
226 504
229 504
280 504
54 505
69 505
121 505
160 505
218 505
299 505
317 505
59 506
245 506
247 506
252 506
275 506
277 506
420 506
433 506
102 507
123 507
154 507
219 507
399 507
17 508
39 508
45 508
51 508
149 508
158 508
190 508
244 508
422 508
4 509
221 509
276 509
292 509
367 509
45 510
159 510
272 510
346 510
215 511
264 511
387 511
86 512
221 512
273 512
425 512
427 512
138 513
148 513
218 513
239 513
242 513
269 513
271 513
335 513
402 513
75 514
147 514
440 514
442 514
77 515
151 515
212 515
237 515
255 515
259 515
68 516
134 516
143 516
205 516
242 516
263 516
307 516
409 516
209 517
328 517
467 517
58 518
76 518
133 518
136 518
172 518
177 518
410 518
433 518
66 519
164 519
255 519
277 519
346 519
417 519
431 519
231 520
250 520
261 520
25 521
44 521
206 521
236 521
275 521
326 521
351 521
383 521
11 522
378 522
437 522
454 522
111 523
199 523
249 523
275 523
279 523
323 523
346 523
340 524
387 524
150 525
246 525
343 525
367 525
369 525
370 525
153 526
228 526
299 526
321 526
338 526
423 526
276 527
280 527
89 528
144 528
220 528
338 528
357 528
360 528
150 529
156 529
318 529
137 530
186 530
219 530
240 530
250 530
358 530
459 530
147 531
152 531
211 531
349 531
433 531
69 532
123 532
126 532
353 532
215 533
288 533
412 533
56 534
203 534
14 535
126 535
137 535
306 535
380 535
38 536
123 536
131 536
173 536
330 536
367 536
371 536
201 537
240 537
257 537
262 537
265 537
447 537
107 538
123 538
422 538
467 538
338 539
89 540
229 540
324 540
364 540
158 541
194 541
226 541
257 541
279 541
297 541
390 541
393 541
71 542
164 542
220 542
327 542
329 542
356 542
388 542
477 542
375 543
399 543
247 544
253 544
410 544
149 545
155 545
324 545
432 545
142 546
151 546
253 546
316 546
457 546
146 547
214 547
244 547
272 547
210 548
240 548
126 549
134 549
144 549
340 549
8 550
207 550
244 550
54 551
122 551
274 551
22 552
36 552
126 552
229 552
231 552
233 552
271 552
384 552
445 552
90 553
105 553
111 553
123 553
224 553
305 553
377 553
400 553
466 553
74 554
234 554
334 554
401 554
369 555
384 555
413 555
264 556
381 556
179 557
293 557
324 557
374 557
387 557
421 557
327 558
366 558
376 558
144 559
163 559
359 559
364 559
452 559
255 560
279 560
351 560
428 560
476 560
427 561
143 562
248 562
347 562
281 563
240 564
439 564
229 565
233 565
21 566
231 566
437 566
439 566
218 567
225 567
228 567
311 567
464 567
31 568
202 568
208 568
269 568
397 568
406 568
43 569
56 569
76 569
195 569
211 569
385 569
97 570
111 570
178 570
188 570
200 570
300 571
370 571
126 572
173 572
187 572
401 572
139 573
189 573
415 573
450 573
158 574
168 574
186 574
194 574
255 574
287 574
357 574
166 576
172 576
346 576
333 577
432 577
474 577
234 578
246 578
440 578
456 578
272 579
436 579
319 580
220 581
308 581
53 582
61 582
207 582
45 583
199 583
215 583
220 583
402 583
405 583
463 583
80 584
118 584
201 584
203 584
100 585
388 585
136 586
167 586
189 586
293 586
173 587
198 587
398 587
404 587
406 587
158 588
166 588
371 588
412 588
270 589
402 589
414 589
438 589
472 589
149 590
422 590
435 590
446 591
360 592
452 592
38 593
336 593
438 593
236 594
250 594
215 595
220 595
234 595
328 595
50 596
230 596
258 596
320 596
65 598
81 598
222 598
225 598
375 599
95 600
275 600
388 600
403 600
408 600
461 600
291 601
137 602
143 602
118 603
416 603
129 604
406 604
432 604
164 605
176 605
186 605
147 606
470 606
200 607
356 607
61 609
370 609
221 610
314 610
340 610
479 610
233 612
255 612
82 613
104 613
453 613
391 615
412 615
460 615
125 616
274 616
146 618
293 618
404 618
158 620
303 620
182 621
200 621
322 621
216 623
425 623
339 625
349 625
436 625
237 626
82 627
248 627
362 627
448 627
263 628
375 628
103 629
474 629
461 630
393 631
127 633
286 633
293 634
197 635
408 635
152 636
305 636
215 637
419 637
432 637
167 638
