200 80
157 82
265 82
246 86
136 88
183 88
226 90
159 94
119 97
288 97
262 98
197 102
313 103
137 104
233 104
180 106
95 107
219 107
295 108
121 111
272 111
361 111
248 112
343 112
157 113
329 114
227 117
105 119
142 120
289 121
310 121
188 122
332 122
268 123
206 124
91 126
346 126
361 126
127 127
241 127
375 129
171 130
45 131
153 134
108 135
225 135
288 135
343 135
271 136
306 136
357 137
202 139
253 139
323 139
34 140
68 140
370 140
188 141
136 142
380 143
395 145
172 146
56 147
228 148
408 148
87 149
321 149
263 150
306 150
339 150
359 150
125 151
285 151
422 151
240 154
81 156
156 156
45 157
110 158
207 158
272 160
72 161
264 161
270 161
194 162
258 162
260 162
331 162
361 162
397 162
228 163
356 163
366 163
142 164
249 164
307 164
371 164
384 164
395 164
99 165
185 165
366 165
240 166
294 166
392 166
396 166
35 167
400 167
128 168
277 169
420 169
62 170
270 170
174 171
221 172
265 172
271 173
260 174
361 174
118 175
26 176
350 176
372 176
161 177
199 177
303 177
313 177
326 177
370 177
377 177
380 177
242 178
56 179
246 179
81 180
291 180
400 180
100 181
132 181
229 181
417 182
268 183
13 184
186 184
262 185
341 186
150 187
46 188
177 188
258 188
434 188
215 189
370 189
322 190
355 190
374 190
118 191
245 191
366 191
368 191
372 191
384 191
308 192
396 192
84 193
241 193
289 193
449 193
235 194
243 194
385 194
198 195
388 196
37 197
106 197
162 197
272 197
280 198
410 198
69 200
189 200
260 200
322 200
190 201
339 201
347 201
425 201
128 202
157 202
192 202
215 203
265 203
357 203
434 203
65 204
256 204
96 205
122 205
177 205
186 205
364 205
437 205
66 206
147 206
174 206
181 206
314 206
63 207
239 207
243 207
318 207
320 207
177 208
294 208
314 208
379 208
143 209
247 209
312 209
400 209
440 209
446 209
282 210
284 210
404 210
87 211
115 211
170 211
288 211
290 211
325 211
138 212
418 212
226 213
283 213
286 213
290 213
169 214
189 214
344 214
414 214
13 215
44 215
277 215
427 215
50 216
77 216
138 216
191 216
53 217
255 217
258 217
263 217
268 217
363 217
261 218
41 219
49 219
129 219
258 219
429 219
436 219
211 220
246 220
376 220
124 221
175 221
180 221
470 221
72 222
182 222
243 222
299 222
316 222
440 222
67 223
244 223
302 223
125 224
179 224
301 224
404 224
197 225
287 225
303 225
311 225
334 225
397 225
139 226
194 226
243 226
409 226
413 226
42 227
196 227
234 227
276 227
71 228
359 228
417 228
63 229
91 229
160 229
167 229
276 229
451 229
117 230
56 231
66 231
263 231
421 231
132 232
136 232
57 233
59 233
134 233
155 233
213 233
258 233
369 233
426 233
434 233
27 234
66 234
136 234
152 234
178 234
385 234
429 234
59 235
131 235
314 235
334 235
473 235
54 236
128 236
236 236
325 236
347 236
52 237
109 237
172 237
317 237
50 238
130 238
286 238
292 238
308 238
440 238
61 239
84 239
284 239
303 239
356 239
398 239
402 239
409 239
146 240
149 240
169 240
173 240
278 240
450 240
49 241
54 241
199 241
57 242
78 242
84 242
197 242
271 242
44 243
167 243
219 243
47 244
123 244
142 244
426 244
102 245
144 245
255 245
138 246
251 246
373 246
97 247
160 248
468 249
158 250
315 250
330 250
201 251
234 251
303 251
339 251
69 252
93 252
114 252
273 252
291 252
442 252
67 253
169 253
61 254
63 254
171 254
271 254
275 254
348 254
44 255
59 255
124 255
192 255
194 255
260 255
269 255
360 255
36 256
84 256
86 256
190 256
274 256
61 257
251 257
413 257
187 258
244 258
254 258
370 258
78 259
139 259
185 259
209 259
204 260
162 261
429 261
466 262
53 263
55 263
94 263
97 263
127 263
388 263
76 264
79 264
100 264
121 264
296 264
306 264
113 265
115 265
128 265
174 265
190 265
194 265
225 265
282 265
477 265
121 266
325 266
52 267
72 267
93 267
114 267
260 267
340 267
70 268
121 268
164 268
255 268
266 268
269 268
144 269
162 269
209 269
355 269
69 270
72 270
443 270
45 271
413 271
83 272
133 272
244 272
43 273
172 273
234 273
242 273
36 274
66 274
84 274
155 274
42 275
103 275
156 275
83 276
130 277
150 277
222 277
287 277
304 277
382 277
465 277
11 278
76 278
80 278
313 278
391 278
271 279
276 279
54 280
121 280
327 280
435 280
121 281
252 281
257 281
345 281
394 281
4 282
141 282
255 282
348 282
397 282
76 283
198 283
237 283
333 283
342 283
352 283
245 284
365 284
367 284
474 284
156 285
362 285
375 285
412 285
25 286
87 286
175 286
133 287
371 287
378 288
191 289
210 289
283 289
299 289
385 289
255 291
259 291
326 291
383 291
391 291
425 291
43 292
166 292
248 292
317 292
387 292
17 293
146 293
254 293
126 294
338 294
349 294
465 294
94 295
109 295
184 295
205 295
244 295
354 295
60 296
436 296
197 298
220 298
359 298
398 298
272 299
364 299
372 299
73 300
174 300
277 300
473 300
136 301
287 301
309 301
410 301
277 302
295 302
367 302
86 303
152 303
267 303
452 303
51 304
209 304
247 304
255 304
336 304
30 305
101 305
380 305
235 306
332 306
338 306
186 307
343 307
348 308
353 308
387 308
394 308
126 309
357 309
426 309
177 310
44 311
225 311
353 311
362 311
396 311
110 312
159 312
358 312
464 312
80 313
140 313
268 313
280 313
300 313
216 314
287 314
321 314
368 314
436 314
16 315
37 315
195 315
272 315
320 316
373 316
398 316
90 317
244 317
260 317
324 317
365 317
250 318
337 318
57 319
238 319
248 319
118 320
151 320
167 320
334 320
380 320
406 320
71 322
205 322
230 322
8 323
119 323
183 323
343 323
389 323
87 324
292 324
97 325
309 325
477 325
218 326
300 326
421 326
85 327
114 327
353 327
451 327
159 328
195 328
362 328
45 329
110 329
388 329
112 330
266 330
430 330
22 331
126 331
257 331
365 331
458 331
78 332
209 332
248 332
250 332
261 332
329 332
91 333
236 333
398 333
108 335
169 335
365 335
151 336
223 336
339 336
377 336
406 336
62 337
202 338
304 338
372 338
439 338
103 339
181 339
465 339
87 340
215 340
311 341
37 342
104 342
130 342
257 342
71 343
253 343
319 343
417 343
112 344
194 344
255 344
271 344
177 345
390 345
443 345
159 346
236 346
280 346
328 346
230 347
248 347
250 347
254 347
260 347
244 348
285 348
296 348
362 348
367 348
395 348
83 349
393 349
396 350
426 350
28 351
81 351
343 351
369 351
63 352
139 352
218 352
307 352
123 353
151 354
371 354
374 354
2 355
458 355
42 356
107 356
189 356
376 356
91 357
167 358
209 358
317 358
407 358
254 359
333 359
358 359
379 359
433 359
261 360
296 360
383 360
388 360
464 360
133 361
184 361
240 361
265 361
90 362
147 362
247 362
249 362
278 362
164 363
231 363
258 363
262 363
413 363
18 364
118 364
132 364
253 364
265 364
389 364
241 365
268 365
270 365
470 365
55 366
71 366
199 366
305 366
323 366
101 367
345 367
394 367
447 367
129 368
131 368
222 368
178 369
286 369
397 369
421 370
31 371
396 371
214 372
392 372
475 372
83 373
316 373
337 373
109 374
352 374
379 374
173 375
193 375
244 375
254 375
294 375
373 375
379 376
8 377
46 377
95 377
138 377
242 377
249 377
264 377
381 377
233 378
252 378
254 378
264 378
377 378
406 378
456 378
125 379
206 379
245 379
247 379
260 379
381 380
383 380
64 381
152 381
362 381
432 381
346 382
380 382
123 383
223 383
276 383
386 383
328 384
363 384
23 385
106 385
166 385
77 387
198 387
370 387
439 387
42 388
147 388
217 388
288 388
415 388
150 389
370 389
373 389
134 390
261 390
390 390
395 390
397 390
20 391
91 391
119 391
180 391
244 391
250 391
266 391
371 391
59 392
145 392
393 392
469 392
149 393
161 393
193 393
249 393
372 393
252 394
355 394
396 394
418 394
441 394
130 395
237 395
273 395
320 395
144 396
205 396
375 396
400 396
294 397
102 398
130 399
277 399
13 400
72 400
342 400
461 400
114 401
176 401
222 401
298 401
377 401
127 402
158 402
388 402
68 403
297 403
300 403
390 403
202 404
446 404
33 405
330 405
392 405
99 406
247 406
262 406
292 406
139 407
296 407
71 408
83 408
262 408
382 408
69 409
251 409
272 409
300 409
349 409
364 409
399 409
245 410
255 410
293 410
320 410
428 410
213 411
302 411
316 411
412 411
468 411
68 412
124 413
196 413
242 413
266 413
305 413
319 413
379 413
50 414
69 414
155 414
381 414
400 414
5 415
171 415
280 415
299 415
233 416
24 417
63 417
301 417
337 417
399 417
435 417
45 418
66 418
306 418
320 418
321 418
94 419
110 419
136 419
209 419
189 420
354 420
63 421
81 421
122 421
249 421
259 421
278 421
288 421
303 421
386 421
457 421
478 421
42 422
226 422
373 422
290 423
389 423
62 424
241 424
242 424
292 424
386 424
75 425
150 425
310 425
422 425
135 426
169 426
263 426
279 426
293 426
371 426
388 426
78 427
107 427
326 427
341 427
44 428
61 428
358 428
394 428
19 429
42 429
293 429
307 429
312 429
375 429
388 429
461 429
92 430
279 430
309 430
408 430
75 431
294 431
361 431
59 432
63 432
121 432
267 432
297 432
308 432
201 433
221 433
293 433
41 434
57 434
61 434
252 434
342 434
395 434
447 434
164 435
267 435
294 435
365 435
469 435
61 436
150 436
360 436
361 436
400 436
75 437
103 437
133 437
266 437
329 437
430 437
41 438
55 438
89 438
185 438
363 439
383 439
413 439
118 440
248 440
252 440
267 440
11 441
35 441
166 441
265 441
313 441
327 441
367 441
161 442
232 442
350 442
475 442
400 443
249 444
332 444
171 445
189 445
216 445
329 445
380 445
456 445
202 446
267 446
354 446
54 447
86 447
166 447
251 447
282 447
367 447
370 447
100 448
148 448
164 448
168 448
328 448
437 448
231 449
245 449
348 449
385 449
131 450
182 450
297 450
418 450
34 451
116 451
333 451
347 451
20 452
71 452
187 452
388 452
264 453
314 453
185 454
344 454
463 454
148 455
259 455
329 455
404 455
50 456
85 456
169 456
188 456
278 456
333 456
335 456
354 456
389 456
100 457
259 457
357 457
422 457
442 457
183 458
216 458
170 459
243 459
280 459
257 460
334 460
116 461
204 461
260 461
314 461
328 461
347 461
372 461
393 461
232 462
258 462
279 462
295 462
131 463
165 463
337 463
170 464
257 464
274 464
330 464
359 464
362 464
391 464
393 464
164 465
168 465
252 465
277 465
335 465
28 466
99 466
359 466
390 466
393 466
427 466
145 467
164 467
336 467
362 467
449 467
47 468
224 468
251 468
412 468
289 469
349 469
362 469
377 469
65 470
251 470
164 471
208 471
313 471
363 471
397 471
83 472
337 472
459 472
476 472
163 473
170 473
379 473
189 474
269 475
302 475
382 475
394 475
113 476
252 476
432 476
25 477
147 477
171 477
190 477
340 477
6 478
166 478
251 478
328 478
58 479
189 479
341 479
398 479
449 479
43 480
97 480
264 480
284 480
324 480
365 480
369 480
67 481
117 481
190 481
234 481
269 481
300 481
311 481
382 481
217 482
366 482
134 484
146 484
178 484
197 484
266 484
66 485
80 485
101 485
382 485
420 485
41 486
134 486
151 486
399 486
26 487
64 487
67 487
131 487
367 487
436 487
468 487
113 488
263 488
370 488
298 489
352 489
451 489
40 490
132 490
147 490
226 490
259 490
279 490
368 490
370 490
385 490
53 491
135 491
149 491
275 491
153 492
209 492
252 492
257 492
336 492
81 493
83 493
147 493
273 493
280 493
386 493
25 494
53 494
402 494
66 495
80 495
114 495
251 495
472 495
118 496
185 496
243 496
247 496
253 496
280 496
295 496
310 496
137 497
151 497
241 497
275 497
368 497
97 498
323 498
119 499
132 499
149 499
152 499
236 499
274 499
385 499
421 499
96 500
220 500
243 500
10 501
66 501
136 501
252 501
269 501
277 501
441 501
132 502
369 502
66 503
84 503
97 503
155 503
241 503
272 503
275 503
338 503
25 504
66 504
111 504
138 504
171 504
190 504
266 504
53 505
122 505
151 505
275 505
373 505
66 506
269 506
290 506
386 506
459 506
53 507
99 507
119 507
353 507
370 507
79 508
306 508
81 509
112 510
138 510
202 510
266 510
269 510
391 510
478 510
36 511
52 511
64 511
123 511
261 511
425 511
157 512
160 512
254 512
370 512
136 513
267 513
303 513
387 513
64 514
125 514
211 514
338 514
371 514
53 515
97 515
160 515
256 515
139 516
258 516
262 516
409 516
49 517
110 517
221 517
231 517
245 517
370 517
22 518
95 518
241 518
264 518
287 518
4 519
78 519
112 519
145 519
160 519
244 519
248 519
376 519
466 519
35 520
66 520
100 520
239 520
316 520
446 520
284 521
301 521
49 522
187 522
334 522
164 523
352 523
49 524
65 524
125 524
99 525
275 525
312 525
316 525
48 526
64 526
67 526
18 527
281 527
298 527
428 527
65 528
393 528
63 529
310 529
411 529
49 530
147 530
294 530
373 530
114 531
66 532
198 532
449 532
34 533
47 533
173 533
2 534
242 534
295 534
330 534
351 534
471 534
223 535
292 535
82 536
211 536
99 537
134 537
155 537
260 537
414 537
64 538
306 538
66 539
292 539
434 539
15 540
49 540
183 540
454 541
51 542
394 542
32 543
345 543
256 544
120 545
162 545
227 545
286 545
68 546
140 546
302 547
50 548
192 548
248 549
321 549
276 550
419 550
14 551
104 551
315 551
47 552
86 552
342 552
66 553
126 553
205 553
362 553
148 554
391 554
50 555
173 555
292 555
32 556
406 556
442 556
460 556
232 557
295 557
372 558
220 559
266 559
310 559
53 560
257 560
13 561
115 561
156 561
134 562
48 563
86 563
290 563
68 564
101 564
191 564
355 565
52 566
427 566
164 567
243 567
308 567
409 567
69 568
73 568
120 568
335 568
366 568
142 569
448 569
71 570
212 570
279 570
34 571
230 571
91 572
55 573
57 573
59 574
78 574
122 574
74 575
112 575
172 575
350 575
14 576
76 576
58 577
152 577
327 577
430 577
53 578
191 579
271 579
296 579
411 579
56 580
76 580
93 580
261 580
383 580
456 580
36 581
111 581
54 582
206 582
96 584
115 584
233 584
15 585
162 585
220 586
317 586
354 586
103 587
247 587
378 587
137 588
285 589
65 590
102 591
119 591
171 591
64 592
88 592
403 592
182 593
278 593
88 594
104 594
124 594
310 594
344 594
17 595
328 595
40 596
45 596
107 596
149 596
197 596
447 596
65 597
86 598
270 598
46 599
88 599
299 599
92 600
108 600
223 600
262 600
367 600
20 602
416 602
398 604
451 604
248 605
336 605
45 606
138 606
315 606
162 607
190 607
96 608
118 609
393 610
26 611
77 611
210 611
237 611
282 611
172 612
218 612
328 612
436 612
385 613
354 614
129 615
153 616
299 616
56 617
185 618
269 618
107 619
415 619
5 621
60 621
201 621
345 621
378 621
441 621
219 622
34 623
90 624
251 624
286 624
315 624
138 625
234 625
170 626
334 627
367 627
12 629
69 629
405 629
149 630
186 630
427 630
44 631
121 631
301 631
99 632
273 632
357 633
396 633
219 634
22 637
80 637
260 637
318 637
159 638
389 638
246 639
