126 102
158 102
111 103
178 103
197 104
208 104
48 106
98 107
233 107
255 109
70 110
83 110
277 111
296 113
135 116
159 117
175 117
57 118
195 118
148 119
320 119
214 120
224 120
336 121
236 123
40 124
273 124
101 125
115 126
253 126
355 126
91 128
371 128
79 130
25 131
313 131
68 132
295 132
180 133
199 133
329 133
160 134
220 134
131 135
60 136
143 136
233 138
247 138
125 139
348 139
43 140
113 140
275 141
96 144
289 144
307 144
89 145
184 145
377 145
31 146
170 147
196 147
210 147
147 148
229 148
76 149
327 149
131 151
248 151
422 151
18 152
398 152
275 154
110 155
299 155
362 155
59 156
100 157
379 159
205 160
85 161
376 161
220 162
80 163
174 163
186 163
254 163
73 164
156 164
235 164
332 164
268 165
389 165
136 166
392 166
406 166
278 167
130 168
24 169
120 169
304 169
352 169
102 172
368 172
424 172
364 174
367 174
86 175
205 175
68 176
71 176
191 176
217 176
327 176
7 177
74 177
173 177
230 178
245 178
261 178
381 178
49 179
58 179
64 179
276 179
41 180
44 180
154 180
385 180
49 181
393 181
296 182
131 184
398 184
37 185
77 185
405 185
114 186
325 186
463 187
337 188
362 188
25 189
99 189
59 190
61 190
65 190
247 190
363 190
377 190
198 191
211 191
227 191
421 191
54 192
236 192
367 192
185 193
383 193
436 193
4 195
44 195
271 195
288 195
367 195
374 195
381 195
78 196
152 196
170 197
392 197
77 198
305 198
394 198
70 199
325 199
449 199
42 200
139 200
32 201
120 202
342 202
65 203
118 203
123 203
410 203
247 204
240 205
364 205
234 206
467 206
19 207
106 207
112 207
211 207
213 207
217 207
230 207
261 207
91 208
110 208
195 208
369 208
425 208
103 209
204 209
230 209
378 209
384 209
2 210
50 210
84 210
274 210
286 210
376 210
179 211
374 211
385 211
100 212
299 212
376 212
383 212
85 213
381 213
159 214
320 214
439 214
35 216
405 216
341 217
29 218
77 218
138 219
362 219
359 220
366 220
454 220
212 221
126 222
238 222
246 222
363 222
18 223
62 223
225 223
233 223
264 223
110 224
221 224
237 224
380 224
194 225
375 225
427 225
50 226
178 226
5 227
112 227
300 227
393 227
100 228
102 229
469 229
92 230
323 230
87 231
100 231
104 231
160 231
406 231
40 232
83 233
88 233
443 233
31 234
253 234
341 234
143 235
228 236
372 236
126 237
265 237
285 237
357 237
375 237
385 237
22 238
65 238
209 238
231 238
389 238
183 239
299 240
312 240
363 240
393 240
191 241
293 241
298 241
306 241
312 241
358 241
458 241
185 242
115 243
301 243
425 243
167 244
325 244
48 245
407 245
7 246
78 246
163 246
384 247
146 248
231 248
240 248
241 248
343 248
256 249
99 250
277 250
354 250
357 250
441 250
472 250
205 251
211 251
66 252
187 252
194 252
207 252
216 252
283 252
344 252
31 253
131 253
364 253
288 254
296 254
399 254
22 255
174 255
371 255
451 255
172 256
180 256
182 256
373 257
379 257
411 257
53 258
115 258
168 258
160 259
320 259
330 259
383 259
167 260
169 260
327 260
339 260
81 261
100 261
234 261
12 262
149 262
249 262
465 262
232 263
286 263
196 264
205 264
214 264
239 264
270 264
360 264
202 265
220 265
237 265
287 265
434 265
36 266
200 266
207 266
1 267
189 267
192 267
363 267
301 268
303 268
311 268
361 268
68 269
130 269
178 269
415 269
478 269
380 270
104 271
319 272
456 273
235 274
58 275
151 275
215 275
221 275
242 275
263 275
391 275
203 276
24 277
194 277
206 277
356 277
278 278
286 278
354 278
196 279
299 279
309 279
398 279
49 280
87 280
313 280
316 280
13 281
143 281
193 281
301 281
323 281
439 281
473 281
317 282
127 283
339 283
175 284
321 284
333 284
385 284
8 285
115 285
128 285
415 285
74 286
124 286
126 286
265 287
267 287
275 287
238 288
287 288
350 288
356 288
456 288
104 289
156 289
214 289
254 289
101 290
111 290
215 290
223 290
397 290
34 291
64 291
145 291
151 291
208 291
220 291
371 291
432 291
100 292
102 292
308 292
141 293
152 293
97 294
100 294
333 294
335 294
91 295
1 296
55 296
191 296
139 297
341 297
450 297
241 298
267 298
269 298
351 298
418 298
96 299
127 299
137 299
251 299
346 299
395 299
171 300
257 300
281 300
297 300
92 301
237 301
261 301
274 301
18 302
45 302
82 302
219 302
77 303
87 303
159 303
318 303
429 303
119 304
152 304
215 304
117 305
202 305
330 305
379 305
111 306
156 306
324 306
150 307
345 307
111 308
203 308
336 308
36 309
71 309
108 309
185 309
444 309
101 310
106 311
133 311
278 311
356 311
398 311
4 312
93 312
131 312
232 312
254 312
292 312
364 312
248 313
96 314
218 314
85 315
121 315
307 315
83 316
87 316
91 316
213 316
383 316
427 316
58 317
168 317
217 317
462 317
120 318
327 318
334 318
338 318
349 318
217 319
438 319
22 320
207 320
342 320
347 320
48 321
153 321
279 321
115 322
252 322
256 322
259 322
282 322
397 322
474 323
75 324
186 324
193 324
245 324
261 324
298 324
366 324
177 325
231 325
314 325
412 325
141 326
182 326
244 326
453 326
9 327
38 327
177 327
179 327
373 327
104 328
174 328
331 328
177 329
217 329
431 330
126 331
32 332
206 332
340 332
394 332
90 333
267 333
161 334
169 334
253 334
272 334
287 334
437 334
57 335
191 335
472 335
238 336
307 336
361 336
432 336
24 337
152 337
193 337
195 337
199 337
406 337
110 339
370 339
44 340
326 340
138 341
225 341
418 341
75 342
184 342
440 342
213 343
271 343
284 343
382 343
462 343
100 344
172 344
260 344
265 344
273 344
344 344
446 344
9 346
391 346
165 347
420 347
422 347
430 347
125 348
170 348
201 348
428 348
33 349
231 349
366 349
62 350
85 350
430 350
139 351
164 351
303 351
409 352
438 352
155 353
288 353
478 353
184 354
266 354
326 354
438 354
440 354
54 355
107 355
188 355
216 355
264 355
277 355
406 355
24 356
346 357
380 357
409 357
413 357
128 358
254 358
417 358
420 358
460 358
168 359
197 359
74 360
197 360
425 360
447 360
145 361
167 361
356 361
361 361
419 361
43 362
195 362
97 363
192 363
227 363
358 363
14 364
115 364
186 364
270 364
311 364
396 364
164 365
272 365
290 365
362 365
61 366
430 366
136 367
185 367
276 367
455 367
472 367
34 368
254 368
324 368
335 368
7 370
175 370
180 370
212 370
379 370
409 370
438 370
82 371
152 371
350 371
101 372
124 372
202 372
26 373
197 373
232 373
443 373
355 374
417 374
264 375
53 376
190 376
253 376
274 376
111 377
296 377
392 377
160 378
275 378
423 378
70 379
185 379
393 379
246 380
309 380
369 380
371 380
90 381
330 381
335 381
458 381
15 382
431 382
41 383
131 383
343 383
402 383
176 384
233 384
348 384
85 385
204 385
437 385
469 386
146 387
174 387
277 387
279 387
292 387
361 387
266 388
270 388
277 388
34 389
58 389
100 389
368 389
402 389
478 389
116 390
167 390
218 391
448 391
74 392
418 392
186 393
244 393
382 393
5 394
88 394
136 394
191 394
237 394
26 395
375 395
294 396
309 396
330 396
386 396
103 397
204 397
320 397
339 397
47 398
152 398
332 398
455 398
180 399
342 399
126 400
264 400
84 401
279 401
19 402
223 402
269 402
80 403
63 404
99 404
165 404
362 404
373 404
395 404
39 405
427 405
360 406
372 406
466 406
117 407
192 407
250 407
254 407
258 407
431 407
10 408
138 408
403 408
254 409
366 409
370 409
406 409
250 410
432 410
240 411
312 411
406 411
412 411
414 411
443 411
474 411
364 412
30 413
207 413
281 413
286 413
318 413
80 414
131 414
155 414
272 414
411 414
107 415
277 415
291 415
309 415
330 415
370 415
415 415
2 416
53 416
265 416
283 416
410 416
479 416
168 417
291 417
338 417
421 417
181 418
229 418
256 418
274 418
202 419
259 419
379 419
452 419
146 421
347 421
425 421
20 422
396 422
428 422
44 423
70 423
392 423
425 423
109 424
113 424
124 424
390 424
401 424
93 425
111 425
251 425
215 426
288 426
304 426
357 426
87 427
158 427
194 427
244 427
366 427
409 427
302 428
405 428
432 428
36 429
61 429
239 429
287 429
465 429
11 430
81 430
102 430
398 430
409 430
263 431
276 431
279 431
414 431
173 432
242 432
282 432
299 432
313 432
402 432
438 432
105 433
297 433
364 433
370 433
413 433
418 433
187 434
305 434
310 434
334 434
382 434
406 434
316 435
371 435
436 435
439 435
443 435
29 436
113 436
274 436
474 436
4 437
51 437
74 437
101 437
132 437
205 437
229 437
296 437
383 437
409 437
99 438
253 438
345 438
377 438
381 438
117 439
273 439
418 439
150 440
383 440
388 440
95 441
113 441
253 441
479 441
110 442
166 442
226 442
265 442
286 442
336 442
251 443
294 443
452 443
21 444
88 444
203 444
267 444
382 444
66 446
181 446
269 446
286 446
357 446
362 446
45 447
108 447
200 447
248 447
310 447
91 448
224 448
241 448
351 448
38 449
124 449
279 449
320 449
89 450
218 450
326 450
396 450
107 451
142 451
216 451
314 451
372 451
432 451
460 451
15 452
80 452
162 452
201 452
259 452
361 452
195 453
261 453
318 453
402 453
255 454
279 454
240 455
335 455
81 456
211 456
376 456
408 456
472 456
55 457
157 457
297 457
368 457
31 459
116 459
174 459
278 459
414 459
219 460
114 461
229 461
390 461
441 461
475 461
135 462
254 462
304 462
51 463
93 463
116 463
251 463
355 463
387 463
391 463
67 464
249 464
379 464
382 464
252 465
278 465
317 465
450 465
2 466
94 466
274 466
89 467
247 467
271 467
295 467
363 467
422 467
213 468
299 468
389 468
110 469
208 469
246 469
316 469
338 469
384 469
91 470
150 470
190 470
256 470
267 470
270 470
274 470
169 471
227 471
364 471
369 471
88 472
214 472
245 472
298 472
387 472
395 472
460 472
40 473
83 473
124 473
284 473
323 473
230 474
249 474
362 474
120 475
148 475
213 475
246 475
271 475
284 475
392 475
14 476
59 476
209 476
289 476
396 476
434 476
98 477
167 477
227 477
299 477
309 477
344 477
404 477
134 478
225 478
265 478
270 478
117 479
208 479
308 479
376 479
378 479
80 480
81 480
205 480
231 480
351 480
96 481
116 481
264 481
441 481
469 481
130 482
417 482
51 483
98 483
185 483
286 483
307 483
333 483
355 483
403 483
410 483
30 484
117 484
264 484
269 484
406 484
247 485
267 485
385 485
424 485
5 486
147 486
329 486
332 486
475 486
115 487
269 487
382 487
386 487
389 487
412 487
415 487
424 487
96 488
111 488
129 488
266 488
363 488
428 488
72 489
113 489
126 489
144 489
166 489
193 489
270 489
330 489
365 489
450 489
94 490
111 490
362 490
415 490
420 490
431 490
227 491
246 491
313 491
366 491
386 491
22 492
114 492
204 492
392 492
46 493
96 493
271 493
335 493
278 494
340 494
370 494
456 494
110 495
127 495
166 495
292 495
342 495
387 495
426 495
433 496
142 497
270 497
400 497
432 497
66 498
180 498
227 498
344 498
461 498
351 499
379 499
394 499
466 499
166 500
268 500
319 500
399 500
16 501
103 501
270 501
376 501
37 502
209 502
321 502
101 503
413 503
250 504
328 504
348 505
432 505
473 505
270 506
407 506
414 506
86 507
122 507
254 507
301 507
351 507
353 507
386 507
443 507
162 508
179 508
276 508
379 508
382 508
440 508
31 509
57 509
99 509
137 509
230 509
376 509
390 509
254 510
393 510
413 510
423 510
2 511
103 511
147 511
332 511
382 511
387 511
439 511
450 511
120 512
254 512
262 512
392 512
275 513
355 513
381 513
73 514
151 514
244 514
131 515
147 515
202 515
212 515
231 515
263 515
341 515
97 516
99 516
252 516
362 516
99 517
134 517
181 517
277 517
331 517
459 517
48 518
335 518
363 518
422 518
113 519
279 519
283 519
345 519
306 520
433 520
284 521
287 521
317 521
338 521
19 522
259 522
268 522
312 522
392 522
42 523
306 523
315 523
365 523
369 523
267 524
376 524
113 525
130 525
162 525
256 525
295 525
311 525
314 525
83 526
144 526
283 526
339 526
437 526
10 527
63 527
219 527
355 527
374 527
474 527
159 528
231 528
345 528
262 529
96 530
129 530
205 530
220 530
286 530
329 531
261 532
326 532
357 532
359 532
377 532
386 532
389 532
412 532
36 533
130 533
292 533
321 533
262 534
204 535
321 535
385 535
3 536
221 536
299 536
353 536
387 536
392 536
80 537
129 537
208 537
223 537
333 537
388 537
18 538
131 538
144 538
357 538
385 538
239 539
244 539
456 539
160 540
400 540
419 540
237 541
337 542
339 542
365 542
109 543
141 543
273 543
399 543
72 544
306 544
123 545
125 545
245 545
260 545
270 545
330 545
364 545
375 545
302 546
400 546
46 547
249 547
273 547
9 548
91 548
148 548
310 548
142 549
150 549
349 549
382 549
436 549
474 549
211 550
213 550
219 550
274 550
280 550
316 550
407 550
162 551
253 551
301 551
377 551
67 552
192 552
234 552
303 553
342 553
354 553
374 553
125 554
127 554
130 554
237 555
310 555
415 555
87 556
106 556
314 556
324 556
343 556
389 556
479 556
146 557
215 557
218 557
258 557
284 557
339 557
387 557
392 557
40 558
127 558
261 558
311 558
357 558
450 558
385 559
362 560
381 560
388 560
256 561
271 561
316 561
358 561
21 562
153 562
167 562
259 562
37 563
146 563
272 563
397 563
62 564
247 564
287 564
292 564
428 564
15 565
127 566
263 566
291 566
463 566
33 567
83 567
198 567
268 567
248 568
301 568
370 568
131 569
227 569
9 570
130 570
136 570
272 570
305 570
407 570
56 571
99 571
150 571
296 571
281 572
336 572
446 572
128 573
130 573
277 573
6 574
133 574
153 574
253 574
416 574
115 575
255 575
479 575
178 576
250 576
260 576
345 576
134 577
158 577
300 577
307 577
381 577
3 578
24 578
75 578
206 578
150 579
283 579
307 579
99 580
237 580
135 581
278 581
309 581
316 581
140 582
242 582
44 583
158 583
141 584
121 585
244 585
398 585
134 586
156 586
317 586
362 586
438 586
267 587
65 588
321 588
405 588
266 589
269 589
271 589
449 589
11 590
219 590
248 590
293 590
116 591
189 591
269 591
58 592
87 592
246 592
166 593
250 593
279 593
374 593
31 594
246 594
467 594
147 595
280 595
303 595
140 596
143 596
428 597
52 598
76 598
282 598
311 598
257 599
277 599
279 599
284 599
388 599
102 600
339 600
199 601
394 601
125 602
19 603
177 603
153 604
236 604
445 604
37 605
67 605
211 606
357 606
105 607
320 608
59 609
93 609
238 609
464 610
85 611
162 611
303 611
417 611
78 612
372 612
134 613
190 613
274 613
114 614
245 614
380 616
5 617
44 617
340 617
437 617
141 618
172 618
226 618
392 620
259 621
290 621
179 622
206 623
323 623
401 623
473 623
33 624
83 625
352 625
63 626
154 626
20 627
102 627
299 628
418 628
191 629
116 630
131 631
435 631
12 632
48 632
239 632
166 633
137 634
279 634
373 634
460 634
3 635
389 637
476 637
36 638
