156 142
141 143
175 143
195 145
205 146
215 147
233 151
254 153
157 155
140 156
109 157
122 157
179 157
197 157
276 157
291 159
213 162
227 162
308 164
243 165
255 166
327 168
162 169
126 170
146 170
188 170
269 170
174 171
108 173
285 173
207 175
354 175
88 176
225 176
76 177
306 177
253 180
376 183
277 184
181 185
130 186
152 186
162 186
110 187
196 187
209 187
339 187
96 189
354 189
229 190
245 192
253 192
76 193
307 194
59 195
277 196
45 197
327 198
380 198
165 199
178 199
191 200
125 201
145 201
216 201
340 201
103 202
162 202
173 202
188 202
202 202
211 202
221 202
225 203
297 203
398 203
190 204
192 204
231 204
291 204
341 204
349 204
84 206
226 206
346 206
247 207
307 208
318 208
412 208
30 209
69 209
259 209
270 209
360 209
361 209
350 210
273 211
360 212
17 213
282 214
297 214
48 215
174 215
182 215
188 215
206 215
213 215
377 215
154 216
186 216
197 216
299 216
310 216
193 217
217 217
222 217
307 217
314 217
318 217
424 217
10 218
120 218
138 218
177 218
190 218
202 218
310 218
329 218
163 219
226 219
228 219
242 219
340 219
209 220
217 220
307 220
434 220
109 221
32 222
234 222
242 222
253 222
262 222
394 222
92 223
236 223
251 223
256 223
262 224
271 224
342 224
354 224
257 225
274 225
345 225
347 225
351 225
356 225
406 226
447 228
73 229
358 229
365 229
17 230
164 230
167 230
213 230
301 230
453 230
206 231
312 231
54 232
182 232
190 232
203 232
419 232
146 234
379 234
125 235
161 235
234 235
42 236
240 236
249 236
263 236
328 236
338 237
245 238
102 239
394 239
268 240
351 240
26 242
89 242
175 243
287 243
358 243
437 243
14 244
89 244
189 245
309 245
164 246
172 246
194 246
212 246
176 247
197 247
230 247
405 247
72 248
158 248
372 248
161 249
405 249
411 249
54 250
139 250
324 250
245 251
45 253
123 253
453 253
111 254
119 254
264 254
414 254
111 256
285 256
346 256
91 257
107 257
195 257
392 257
25 258
106 258
89 259
179 259
189 259
215 259
169 260
227 261
402 261
427 261
77 262
179 262
190 262
247 262
305 262
8 263
368 263
405 263
429 263
463 263
146 264
436 265
129 266
433 266
39 267
262 267
345 267
410 267
412 267
324 268
105 269
27 270
60 270
410 270
445 270
108 271
356 271
217 272
283 272
90 273
95 273
106 273
201 273
157 274
182 274
367 274
388 274
12 275
83 275
427 275
478 275
148 276
237 276
75 277
248 277
302 277
346 278
82 279
116 279
132 279
454 279
253 281
262 281
121 282
264 282
266 282
315 282
322 282
350 282
355 282
429 282
432 282
275 283
411 284
437 284
105 285
274 285
462 285
26 286
167 286
188 286
204 286
370 286
405 286
415 287
61 288
147 288
157 288
225 288
286 288
343 288
153 289
341 289
407 289
411 289
86 290
247 290
348 290
417 290
307 291
417 292
14 293
417 294
119 295
353 295
423 295
449 295
476 296
6 297
267 297
329 297
392 297
41 298
106 298
196 298
424 298
174 299
217 299
332 299
91 300
148 300
155 300
294 300
371 300
150 301
405 301
253 302
341 302
407 302
78 303
140 303
241 303
247 303
339 303
28 304
136 304
231 304
256 304
310 305
353 305
70 306
128 306
252 306
254 306
265 307
409 307
417 307
464 307
17 308
323 308
107 309
321 309
275 310
356 310
417 310
55 311
176 311
187 311
204 311
292 311
326 311
329 311
419 311
219 312
334 312
368 312
393 312
424 312
448 312
154 313
159 313
237 313
7 314
156 314
92 315
153 315
157 315
247 315
257 315
306 315
426 315
472 315
424 316
430 316
40 317
79 317
347 317
349 317
405 317
428 317
257 318
479 318
28 319
134 320
271 320
347 320
429 320
121 321
214 321
322 321
68 322
384 322
179 323
185 323
198 323
295 323
192 324
225 324
438 324
204 325
57 326
163 326
235 326
247 326
460 326
21 327
101 327
152 327
265 329
342 329
367 329
131 330
401 331
44 332
84 332
378 332
6 334
193 334
216 334
327 334
451 334
210 335
237 335
293 335
432 335
472 335
31 336
183 336
200 336
213 336
227 336
68 337
114 337
163 337
187 337
191 337
231 337
172 338
254 339
271 341
310 341
393 341
476 341
22 342
61 342
148 342
345 342
101 343
373 343
210 344
135 345
217 345
51 346
87 346
198 346
206 346
228 346
231 346
234 346
328 346
123 347
207 347
294 347
449 347
185 348
189 348
205 348
169 349
175 349
234 349
35 350
343 350
382 350
407 350
429 350
110 351
161 351
172 351
256 351
70 352
147 353
207 355
271 355
314 355
418 355
54 357
96 357
141 357
208 357
282 357
422 357
467 357
184 358
190 358
228 358
398 358
79 359
19 360
126 360
245 360
367 360
444 360
41 361
291 361
336 361
423 361
74 363
115 363
154 363
423 363
475 363
44 364
66 365
71 365
222 365
246 365
374 365
453 365
67 366
203 366
270 366
272 366
429 366
5 367
105 367
409 367
141 368
276 369
350 369
28 370
78 370
80 370
170 370
356 370
359 370
53 371
58 371
288 371
318 371
352 371
124 372
283 372
94 373
152 374
292 374
385 374
420 374
47 375
49 375
71 375
210 375
224 375
239 375
362 375
42 376
73 376
294 376
333 376
425 376
16 377
65 377
181 377
254 377
299 377
42 378
180 379
307 379
334 379
426 379
36 380
82 380
173 380
256 380
347 380
410 380
470 380
63 381
104 381
280 381
349 381
433 381
79 382
135 382
163 382
346 382
372 383
410 383
2 384
54 384
80 384
163 384
278 384
282 384
284 384
437 384
74 385
78 385
346 385
413 385
245 386
418 386
476 386
224 387
349 387
416 387
449 387
21 388
72 388
147 388
206 388
241 388
287 388
419 388
119 389
196 389
290 389
323 389
359 389
87 390
178 390
398 390
453 390
59 391
174 391
182 391
293 391
332 391
38 392
254 392
264 392
383 392
457 392
106 393
172 393
260 393
332 393
404 393
136 394
165 394
430 394
77 395
338 395
341 395
461 395
269 396
282 396
333 396
433 396
46 397
193 397
273 397
336 397
366 397
406 397
10 398
70 398
150 398
279 398
343 398
432 398
205 399
228 399
411 399
27 400
44 400
124 400
192 400
223 401
290 401
466 401
239 402
114 403
351 403
165 404
255 404
325 404
376 404
414 404
58 405
62 405
82 405
133 405
241 405
268 407
356 407
446 408
215 409
419 409
11 410
72 410
99 410
194 410
333 410
477 410
48 411
151 411
182 411
251 411
24 412
50 412
124 412
362 412
42 414
46 414
165 414
291 414
368 414
455 414
38 417
85 417
223 417
306 417
136 419
249 419
401 419
430 419
55 420
108 420
15 421
193 421
201 421
204 421
223 421
379 421
150 422
207 422
349 422
50 423
271 423
96 424
49 425
50 425
182 425
316 425
408 425
466 426
121 427
24 428
71 428
287 429
384 429
62 431
167 431
442 431
85 432
134 432
226 432
357 432
205 433
229 433
472 433
14 434
37 434
207 434
222 434
232 434
330 434
210 435
225 435
292 435
62 436
192 436
207 436
237 436
448 436
56 437
80 437
97 437
154 437
209 437
214 437
255 437
393 437
422 437
60 438
111 438
129 438
217 438
362 438
28 440
263 440
111 441
301 441
454 441
74 442
263 442
266 442
269 442
274 442
276 442
377 442
4 443
54 443
174 443
341 443
372 443
479 443
143 444
273 446
119 447
18 448
35 448
215 448
272 448
279 448
347 448
369 448
431 448
83 449
163 449
225 449
373 449
406 449
275 450
282 450
315 450
384 450
82 451
84 451
184 451
229 451
378 451
462 451
202 452
256 452
81 453
245 453
279 453
385 453
6 454
233 454
239 454
43 455
98 455
227 455
255 455
356 455
362 455
410 455
59 456
235 456
294 456
377 456
440 456
111 457
115 457
174 457
218 457
76 458
152 458
238 458
267 458
390 458
222 459
415 459
92 460
95 460
249 460
267 460
385 460
23 461
88 461
189 461
330 461
391 461
470 461
211 462
365 462
382 462
396 462
362 463
123 465
395 465
397 465
143 466
204 466
399 466
163 467
209 467
237 467
275 467
310 467
339 467
396 467
34 468
51 468
205 468
449 468
15 469
86 469
104 469
237 469
29 470
68 470
208 470
240 470
120 471
273 471
276 471
398 471
10 472
182 472
205 472
372 472
158 473
242 473
248 473
371 473
401 473
427 473
117 474
204 474
221 474
134 475
249 475
318 475
95 476
259 476
292 476
82 477
99 477
176 477
204 477
373 477
383 477
116 478
199 478
266 478
353 478
399 478
24 479
58 479
381 479
459 479
372 480
81 481
98 481
324 481
330 481
358 481
379 481
407 481
196 482
332 482
150 483
172 483
269 483
348 483
389 483
414 483
38 484
114 484
166 484
375 484
379 484
439 484
128 485
273 485
437 485
18 486
108 486
218 486
251 486
331 486
363 486
381 486
406 486
416 486
169 487
174 487
249 487
273 487
408 487
412 487
74 488
165 488
275 488
308 488
442 488
468 488
192 489
218 489
237 489
271 489
353 489
390 489
90 490
93 490
171 490
173 490
301 490
342 490
413 490
163 491
308 491
363 491
409 491
48 492
259 492
300 492
314 492
343 492
356 492
387 492
106 493
166 493
274 493
318 493
360 493
415 493
84 494
189 494
284 494
289 494
340 494
421 494
128 495
171 495
220 495
240 495
261 495
281 495
347 495
374 495
390 495
56 496
88 496
187 496
202 496
255 496
339 496
11 497
68 497
91 497
285 497
369 497
104 498
373 498
400 498
422 498
7 499
90 499
92 499
144 499
266 499
295 499
189 500
224 500
268 500
284 500
345 500
27 501
184 501
242 501
270 501
379 501
392 501
397 501
404 501
103 502
165 502
268 502
318 502
460 502
203 503
262 503
345 503
417 503
163 504
270 504
289 504
350 504
377 504
38 505
186 505
224 505
244 505
286 505
331 505
293 506
380 506
440 506
2 507
247 507
332 507
377 507
382 507
431 507
53 508
324 508
407 508
144 509
403 509
168 510
244 510
268 510
306 510
354 510
356 510
121 511
188 511
248 511
408 511
34 512
186 512
273 512
330 512
438 512
17 513
62 513
84 513
162 513
192 513
351 513
338 514
437 514
97 515
171 515
208 515
259 515
302 515
362 515
364 515
435 515
143 516
169 516
184 516
280 516
308 516
334 516
386 516
408 516
479 516
71 517
101 517
192 517
307 517
338 517
341 517
411 517
420 517
82 518
252 518
263 518
312 518
329 518
356 518
360 519
448 519
171 520
185 520
187 520
279 520
301 520
370 520
412 520
415 520
31 521
208 521
304 521
124 522
234 522
236 522
284 522
429 523
10 524
262 524
308 524
312 524
403 524
416 524
432 524
237 525
310 525
344 525
398 525
463 525
45 526
81 526
188 526
292 526
319 526
95 527
109 528
143 528
212 528
234 528
404 528
53 529
95 529
295 529
426 529
430 529
218 530
240 530
375 530
407 530
3 531
58 531
97 531
66 532
94 532
265 532
287 532
299 532
353 532
116 533
126 533
215 533
246 533
434 533
99 534
239 534
317 534
409 534
26 535
41 535
93 535
273 535
416 535
435 535
446 535
171 536
217 536
298 536
438 536
222 537
325 537
353 537
412 537
226 538
383 538
194 539
417 539
92 540
218 541
228 541
283 541
295 541
416 541
93 542
97 542
36 543
284 543
426 543
465 543
66 544
78 544
217 544
333 544
423 544
115 546
226 546
300 546
393 546
419 546
50 547
149 547
204 547
302 547
366 547
22 548
116 548
286 548
311 548
255 549
306 549
313 549
438 549
95 550
224 550
400 550
131 551
319 551
105 552
209 552
287 552
310 552
8 554
105 554
120 554
203 554
230 554
315 554
402 554
435 554
445 554
34 555
285 555
288 555
344 555
240 556
298 556
410 556
287 557
291 557
453 557
319 558
381 558
152 559
417 559
461 559
95 560
109 560
204 560
234 560
235 560
293 560
352 560
409 560
49 561
64 561
201 561
210 561
267 561
298 561
325 561
354 561
35 562
183 562
206 562
322 563
333 563
467 563
241 564
247 564
389 564
19 565
207 565
360 565
430 565
216 566
275 568
328 568
358 568
362 568
396 568
211 569
79 570
189 570
359 570
33 571
146 571
213 571
219 571
222 571
340 571
109 572
49 573
66 573
213 573
130 574
230 574
249 574
458 574
223 575
281 575
16 576
166 576
220 576
194 577
314 577
202 578
323 578
343 578
346 578
415 578
84 579
152 579
220 579
320 579
135 580
231 580
323 580
325 580
380 580
221 581
424 581
232 582
221 583
434 584
112 585
265 585
355 585
386 585
141 586
227 586
296 586
327 586
207 587
303 587
395 587
441 587
53 588
238 588
355 588
358 588
25 589
115 589
270 589
183 590
213 590
237 590
338 590
447 590
207 591
240 591
277 591
459 592
71 593
344 593
6 594
96 594
408 594
244 595
371 595
40 596
165 596
282 596
216 597
219 598
326 599
78 600
193 600
253 600
347 600
350 600
152 601
290 601
352 601
430 602
386 603
203 607
16 608
134 608
306 608
451 608
178 609
107 610
269 610
400 610
465 610
86 611
230 611
344 611
66 613
313 614
7 615
354 616
30 617
169 617
281 617
423 617
116 618
50 619
194 619
75 621
97 621
121 621
373 621
441 621
248 622
130 623
149 623
335 624
462 625
22 626
302 626
154 627
387 627
58 628
231 628
265 628
8 630
85 630
133 630
401 630
41 631
188 631
109 632
352 632
161 633
414 633
213 635
281 635
322 635
163 637
373 637
424 637
433 637
144 638
289 638
458 639
