283 1
326 1
174 2
225 2
299 2
423 2
89 3
145 3
446 4
58 5
262 5
346 5
209 6
366 6
158 10
243 10
390 10
106 11
468 11
183 12
408 12
327 13
75 14
219 14
279 15
444 15
124 16
312 16
94 17
300 17
350 17
137 18
265 18
163 19
199 19
245 19
381 19
61 22
228 23
341 23
400 23
149 25
184 25
285 25
419 25
82 26
306 26
327 26
108 28
437 28
463 28
171 29
206 30
244 30
264 30
361 31
287 32
122 33
391 33
157 34
332 34
348 35
408 35
224 36
63 37
269 37
319 37
89 38
421 38
253 39
457 39
183 40
350 40
431 40
473 41
104 42
133 42
357 42
234 43
293 43
340 43
109 44
203 44
230 44
238 44
373 44
294 45
385 45
98 46
331 46
409 46
75 47
151 47
168 47
228 47
288 47
293 47
446 47
47 48
276 48
301 48
457 48
255 49
297 49
123 50
207 51
98 52
119 53
207 53
209 53
240 53
347 53
357 53
362 53
470 53
323 54
332 54
403 55
183 56
320 56
384 56
429 56
114 57
231 57
323 57
59 58
81 58
132 58
320 58
264 59
153 60
169 60
311 60
444 60
50 61
214 61
251 62
343 62
354 62
98 63
205 63
211 63
356 63
96 64
282 64
458 64
201 65
331 65
349 65
372 65
382 66
98 67
280 67
403 67
419 67
431 67
474 67
68 69
140 69
188 69
87 71
93 71
157 71
225 71
262 71
440 71
83 72
206 72
301 72
303 73
322 73
329 73
38 74
127 74
212 74
217 74
342 74
356 74
358 74
450 74
83 75
249 75
296 75
324 75
368 75
170 76
210 76
289 76
334 76
387 76
398 76
461 76
189 79
232 79
238 79
284 80
414 80
473 80
50 81
75 81
160 82
190 82
264 82
138 83
231 83
428 83
266 84
327 84
108 85
444 85
124 86
179 86
283 86
305 86
87 87
96 87
149 87
292 87
318 87
344 87
359 87
153 88
178 88
211 88
302 88
378 88
170 89
395 89
405 89
417 89
207 90
241 90
244 90
388 90
459 90
120 91
251 91
60 92
87 92
90 92
139 92
145 92
195 92
248 92
35 93
115 93
198 93
237 93
166 94
433 94
115 95
475 95
188 96
329 96
230 97
286 97
27 98
82 98
110 98
279 98
185 99
275 99
288 99
312 99
365 99
378 99
83 100
123 100
346 100
266 101
274 101
413 101
452 101
126 102
179 102
200 102
49 103
120 103
203 103
213 103
391 103
210 104
262 104
168 105
206 105
208 105
68 106
139 106
327 106
362 106
402 106
472 106
96 107
118 107
248 107
435 107
111 108
113 108
167 108
191 108
300 108
89 109
137 109
290 109
320 109
447 109
110 110
154 110
235 110
277 110
381 110
129 111
133 111
319 111
345 111
84 114
262 114
365 115
462 115
86 116
175 116
182 116
210 116
214 116
430 116
31 117
144 117
256 118
115 119
207 119
247 119
383 119
473 119
117 120
121 120
242 120
317 120
275 121
302 121
403 121
450 121
115 122
134 122
401 122
93 123
232 123
365 123
400 123
414 123
91 124
267 125
71 126
113 126
426 126
131 127
146 127
262 127
432 127
31 128
71 128
86 128
128 128
190 128
321 129
347 129
49 130
85 130
161 130
300 130
433 130
11 131
45 131
207 131
257 131
84 132
272 132
275 132
289 132
399 132
440 132
101 133
137 133
270 133
366 133
441 133
61 134
82 134
140 134
178 134
274 134
64 135
137 135
268 135
276 135
457 135
152 136
196 136
241 137
82 138
154 138
321 138
43 139
62 139
117 139
225 139
331 139
307 140
433 140
57 141
164 141
75 142
147 142
398 142
433 142
97 143
94 144
358 144
405 144
18 145
103 145
213 145
256 145
259 145
290 145
375 145
469 145
52 146
57 146
411 146
413 146
122 147
75 148
201 148
409 148
415 148
102 149
311 149
450 149
53 150
75 150
174 150
77 151
97 151
121 151
330 151
341 152
395 152
425 152
27 153
151 153
434 153
460 153
232 154
355 154
432 154
48 155
110 155
145 155
147 155
301 155
438 155
279 156
44 157
114 157
147 157
288 157
406 157
111 158
191 158
261 158
272 158
440 158
85 159
107 159
163 159
269 159
318 159
442 159
473 159
45 161
60 161
65 161
105 161
164 161
211 162
331 162
383 162
391 162
413 162
453 163
247 164
60 165
176 165
393 165
63 166
425 166
16 167
78 167
84 167
151 167
236 167
377 167
460 167
59 168
228 168
283 168
319 168
398 168
351 169
34 171
59 171
100 171
124 171
191 171
266 171
296 171
331 171
378 171
406 171
381 172
195 173
393 173
442 173
74 174
171 174
339 175
163 176
189 176
254 176
449 176
477 176
77 177
308 177
395 177
241 178
398 178
183 179
207 179
116 180
159 180
315 180
375 180
323 181
426 181
141 182
355 182
457 182
7 183
45 183
292 183
382 183
90 184
161 184
274 184
386 184
51 185
173 185
191 185
203 185
233 185
406 185
48 186
178 186
386 186
23 187
42 187
68 187
441 187
179 188
311 188
339 188
366 188
390 188
468 188
393 189
151 190
170 190
367 190
44 191
109 191
218 191
417 191
173 192
42 193
373 193
164 194
166 194
172 194
289 194
353 194
64 195
192 195
303 195
376 195
454 195
476 195
164 196
251 197
381 197
429 197
61 198
82 198
128 198
166 198
168 198
183 198
242 198
329 198
104 199
163 199
171 199
188 199
413 199
76 200
209 200
366 200
146 201
243 201
364 201
437 201
15 203
52 203
274 203
279 203
316 203
228 204
339 204
342 204
467 204
285 205
35 206
73 206
121 206
161 206
205 206
257 206
320 206
397 206
254 207
50 208
184 208
255 209
295 209
449 209
252 210
405 210
407 210
140 211
52 212
100 212
305 212
334 212
410 212
329 213
383 213
406 213
417 213
311 214
408 214
434 214
250 215
412 215
456 215
66 216
199 216
254 216
261 216
264 216
312 216
434 216
69 217
221 217
257 217
266 217
271 217
314 217
5 218
24 218
292 218
316 218
319 218
343 218
65 219
136 219
157 219
178 219
269 219
290 220
367 220
80 221
292 221
42 222
67 222
81 222
321 222
429 222
47 223
120 223
351 223
393 223
448 223
300 225
471 225
99 226
61 227
172 227
308 227
330 227
353 227
378 227
432 227
77 228
455 228
48 229
57 229
135 229
415 229
269 230
418 230
18 231
60 231
256 231
281 231
312 231
359 231
58 232
217 232
315 232
317 232
290 233
339 233
420 233
423 233
282 234
346 234
155 235
241 235
401 235
463 235
284 236
406 236
445 236
76 237
193 237
234 237
320 237
368 237
385 237
410 237
56 239
350 239
74 240
115 240
134 240
319 240
57 241
323 241
414 241
429 241
450 241
252 242
306 242
329 242
94 243
325 243
333 243
473 243
176 244
15 245
256 245
276 245
242 246
244 246
263 246
74 247
154 247
376 248
241 249
55 250
207 250
360 250
113 251
188 251
226 251
241 251
289 251
338 251
392 251
419 251
440 251
294 252
358 252
407 252
172 253
291 253
93 254
133 254
297 254
423 254
426 254
461 254
255 255
440 255
267 256
292 256
262 257
344 257
446 257
72 258
264 258
267 258
316 258
34 259
257 259
261 259
333 259
393 259
410 259
246 260
136 261
156 261
320 261
335 261
432 261
235 262
242 262
281 262
430 262
7 263
308 263
321 263
336 263
383 263
474 263
431 264
223 265
285 265
339 265
449 265
322 266
335 266
370 266
113 267
196 267
178 268
337 268
51 269
260 269
418 269
31 270
313 270
435 270
136 271
250 271
273 271
353 271
465 271
159 272
247 272
404 272
406 272
438 272
71 273
115 273
294 274
297 274
344 274
241 275
374 275
237 276
273 277
327 277
392 277
181 278
268 278
261 279
287 279
296 279
361 279
425 279
424 280
89 281
470 281
28 282
11 283
137 283
183 283
409 283
113 284
187 284
219 284
254 284
315 284
331 284
236 285
443 285
47 286
71 286
144 286
379 286
170 287
138 288
187 288
285 288
397 288
69 289
168 289
173 289
192 290
197 290
349 290
430 290
166 291
414 291
463 291
194 292
475 292
174 293
281 293
301 293
400 294
154 295
333 295
199 296
318 296
416 296
447 296
184 297
366 297
70 298
98 298
275 298
383 298
433 299
467 299
123 301
160 301
162 301
135 302
158 302
197 302
351 302
215 303
242 303
369 303
335 304
452 304
118 305
137 305
140 305
169 305
298 305
50 306
53 306
318 306
12 307
290 307
404 307
253 308
367 308
56 309
169 309
178 309
469 309
125 310
145 310
189 310
32 311
151 311
182 311
244 311
437 311
173 312
186 312
422 312
125 313
143 313
177 313
388 313
60 314
175 314
186 314
281 314
178 315
229 315
352 315
453 315
57 316
77 316
78 316
127 316
132 316
146 316
185 317
334 317
53 318
311 318
403 318
55 319
127 320
210 320
369 320
105 321
166 321
402 321
15 322
35 322
161 322
265 322
269 322
334 322
388 322
406 323
423 323
323 324
348 324
404 324
140 325
174 325
254 325
269 325
289 325
422 325
386 326
457 326
61 327
133 327
364 327
83 328
168 328
182 328
246 328
425 328
177 329
383 329
437 329
470 329
40 330
193 330
424 330
189 331
439 331
148 332
187 332
238 332
330 332
366 332
417 332
437 332
123 333
154 333
202 333
284 333
279 334
305 335
126 336
436 336
439 336
16 337
153 338
156 338
166 338
275 338
372 338
457 338
90 339
107 339
220 339
364 340
369 340
178 341
269 341
315 341
68 342
133 342
136 342
249 342
253 343
271 343
177 344
388 344
43 345
197 345
473 345
138 346
246 346
268 346
346 347
402 347
4 348
244 348
246 348
247 348
266 348
358 348
362 348
22 349
241 349
286 349
236 350
346 350
385 350
49 351
157 351
309 351
359 351
402 351
416 351
75 352
225 352
438 352
344 353
371 353
436 353
162 354
208 354
103 355
275 355
372 355
436 355
126 356
174 356
277 356
420 356
135 357
252 357
306 357
387 357
439 357
323 358
337 358
423 358
456 358
256 359
440 359
10 360
138 360
186 360
250 360
340 360
32 361
57 362
370 362
385 362
58 364
148 364
383 364
470 364
86 365
214 365
238 365
300 365
80 366
317 366
355 366
370 367
65 368
333 368
386 368
452 368
20 369
153 369
155 369
41 370
60 370
68 370
119 370
162 370
165 370
396 370
37 371
171 371
94 372
126 372
159 372
162 372
163 372
198 372
365 372
228 373
418 373
129 374
182 374
188 374
192 374
255 374
124 375
134 375
70 376
180 376
191 376
434 376
69 378
130 379
107 381
271 381
396 381
450 381
73 382
78 382
209 382
399 382
157 383
162 383
286 383
304 383
394 383
414 383
242 384
348 384
378 384
170 385
173 385
196 385
469 385
75 386
157 386
175 386
363 386
392 386
80 387
85 387
159 387
53 388
177 388
193 388
260 388
374 388
29 389
59 389
313 389
55 390
57 390
178 390
230 390
323 390
412 391
448 391
429 392
219 393
254 393
339 394
358 394
376 394
478 394
210 395
269 395
41 396
43 396
156 396
68 397
98 397
137 397
69 398
73 398
154 398
163 398
466 399
44 400
187 400
203 400
109 401
184 401
242 401
389 401
73 402
279 403
298 404
405 404
22 405
387 405
117 407
126 407
231 407
363 407
366 407
384 407
477 407
29 408
348 408
385 408
55 409
85 409
309 409
400 410
135 411
217 411
251 411
382 411
461 411
400 412
155 413
422 413
168 414
268 414
186 415
282 415
320 415
377 415
395 415
399 415
437 416
243 417
335 418
476 418
109 419
236 420
392 420
47 421
73 421
201 421
376 421
251 423
221 424
293 424
454 424
127 425
331 425
375 425
401 425
166 426
179 426
268 426
310 426
353 426
373 426
471 426
87 427
154 427
33 428
40 429
372 429
243 430
63 431
417 431
203 432
327 432
364 432
431 432
257 433
303 433
381 433
278 434
321 434
399 434
464 434
394 435
381 436
106 437
115 437
187 437
361 437
365 437
445 437
221 438
377 439
394 439
125 440
133 440
166 440
339 440
427 440
411 441
461 441
159 442
265 442
243 443
313 443
376 443
81 444
147 444
230 446
388 446
441 446
86 447
257 447
261 447
279 448
310 448
302 449
371 449
389 449
423 449
252 450
384 450
457 450
473 450
59 451
102 451
105 451
280 451
307 451
98 452
365 452
403 452
169 453
102 454
159 454
244 454
70 455
133 455
139 455
152 455
399 455
121 456
147 456
209 456
241 456
137 457
297 457
397 457
81 458
130 458
263 458
268 458
290 458
322 458
120 459
134 459
148 459
156 459
266 459
291 459
380 459
82 460
146 460
292 460
194 461
339 461
378 461
450 461
463 461
226 462
261 462
285 462
308 462
412 463
431 463
320 464
396 464
98 465
177 465
280 465
282 465
284 465
104 466
283 466
355 466
47 467
98 467
251 467
314 467
373 467
109 468
427 468
209 469
244 469
373 469
59 470
108 470
106 471
270 471
457 471
109 472
122 472
245 472
268 472
294 472
327 472
370 472
137 473
349 473
69 474
141 474
158 474
190 474
238 474
383 474
403 474
127 475
145 475
289 475
385 475
400 475
421 475
370 476
397 476
440 476
297 477
365 477
471 477
225 478
291 479
261 480
316 481
91 482
363 482
248 483
394 483
100 484
133 484
206 484
334 484
358 484
410 484
52 485
108 485
451 485
193 486
387 486
117 487
170 487
172 487
200 487
167 488
248 488
428 488
179 489
197 489
299 489
183 490
268 490
275 490
370 490
171 491
186 491
323 491
462 491
180 492
348 492
444 492
72 493
230 493
293 494
402 495
475 495
312 497
368 497
396 497
95 499
142 499
214 499
363 499
417 500
198 501
248 501
336 501
181 502
184 502
245 502
282 502
435 502
119 503
189 503
276 503
357 503
181 504
244 504
244 506
449 506
238 507
271 508
374 508
263 509
321 509
371 509
409 510
467 510
90 511
227 511
293 511
397 511
217 512
347 512
392 512
138 514
187 514
205 514
395 514
429 514
173 515
254 515
119 516
162 516
182 517
193 517
336 517
362 517
384 518
453 518
244 519
252 519
254 519
423 519
477 520
273 521
298 521
353 522
320 523
356 523
225 524
348 524
377 524
324 525
204 526
439 526
99 527
190 527
109 528
161 528
184 528
415 528
198 529
261 529
312 529
168 530
172 530
193 530
461 530
150 531
189 531
134 532
341 532
360 533
357 534
361 534
328 535
275 536
332 536
388 536
474 536
246 537
405 537
423 537
295 538
325 538
353 538
358 538
447 539
199 542
227 542
312 542
193 543
340 543
106 544
174 544
188 544
211 544
193 545
336 545
398 545
166 546
194 546
274 546
332 546
369 546
432 546
189 547
193 547
127 548
145 548
177 548
159 549
459 549
423 550
359 551
354 553
380 553
245 554
312 554
286 556
166 563
121 567
142 567
191 568
421 568
175 571
281 575
441 576
234 577
262 577
318 577
366 578
358 581
426 581
348 582
409 586
399 589
249 592
369 593
381 593
