210 2
311 2
378 2
232 3
247 5
431 5
323 6
471 6
338 8
270 9
401 11
116 12
134 13
289 13
149 14
161 14
364 14
418 14
453 14
182 15
199 15
218 16
235 19
308 19
252 20
429 20
467 21
334 22
391 22
268 23
280 24
354 24
100 25
116 25
130 27
152 28
184 28
167 29
147 30
415 30
449 30
199 31
219 31
373 31
235 32
340 33
260 34
398 37
466 37
96 38
127 38
283 38
112 39
362 39
122 40
296 40
309 40
427 40
302 41
313 41
412 41
319 42
438 42
177 43
315 43
324 43
189 44
206 44
228 44
379 44
138 46
150 46
184 46
187 46
454 48
120 49
278 49
338 49
95 50
249 50
257 50
262 51
406 51
269 52
299 52
350 52
272 53
297 53
371 54
290 55
314 55
302 56
306 56
312 56
425 56
198 57
211 57
473 57
176 58
234 58
317 58
137 59
154 59
172 59
183 59
391 59
241 60
95 61
108 61
124 61
336 61
447 61
251 63
255 64
244 65
263 65
271 65
355 65
251 66
276 66
405 66
217 67
236 67
241 67
246 67
257 67
470 67
269 68
160 69
169 69
184 69
303 69
136 70
143 70
194 70
288 70
298 70
425 70
122 71
311 71
380 71
317 72
105 73
433 73
83 74
312 74
314 74
95 75
449 75
334 76
399 76
71 77
76 77
262 77
162 78
211 78
233 78
251 78
268 78
188 79
198 79
262 79
272 79
347 79
411 79
463 79
143 80
162 80
193 80
195 80
359 81
289 82
292 82
300 82
366 82
298 83
308 83
314 83
114 84
478 84
125 85
315 85
430 85
103 86
312 86
385 86
324 87
380 87
387 87
399 87
395 88
87 89
408 89
450 89
81 90
180 90
198 90
242 90
262 90
278 90
348 90
162 91
259 91
267 91
152 92
208 92
225 93
305 93
143 94
469 94
372 95
129 96
302 96
305 96
309 96
362 96
319 97
371 97
317 98
376 98
433 98
102 99
115 99
276 99
388 99
315 100
242 101
248 101
257 101
267 101
332 101
244 102
266 102
269 102
285 102
290 102
392 102
404 102
298 103
343 103
400 103
90 104
193 104
287 104
444 104
174 105
145 106
207 106
224 106
297 106
356 106
159 107
363 107
233 108
136 109
241 110
259 110
367 110
248 111
424 111
462 111
110 112
255 112
263 112
370 112
378 112
381 113
288 114
290 114
374 114
93 115
302 115
307 115
386 115
389 115
397 115
229 116
336 117
385 117
477 117
78 118
178 118
193 118
206 118
440 118
72 119
165 119
343 119
154 120
248 120
259 120
402 120
413 121
60 122
134 122
142 122
354 123
416 123
407 124
414 124
453 124
113 125
361 125
416 125
363 126
412 126
426 126
375 127
430 127
230 128
387 128
417 128
202 129
218 129
251 129
275 129
304 129
321 129
379 129
471 129
95 130
289 130
393 131
174 132
188 132
335 132
430 132
440 132
80 133
149 133
162 133
344 133
130 135
352 135
399 135
69 136
61 137
405 137
446 137
120 139
252 139
286 139
419 139
227 140
298 140
422 140
106 141
212 141
239 141
266 141
379 141
425 142
182 143
199 143
313 143
333 143
169 144
383 144
387 145
391 145
83 146
92 146
471 146
150 147
354 148
399 148
135 149
396 149
63 150
265 150
365 150
72 151
409 151
437 151
445 151
411 152
440 152
121 153
224 153
244 153
310 153
283 154
294 154
419 154
208 155
324 155
415 155
425 155
52 156
108 156
83 157
162 157
181 157
95 158
344 158
430 158
458 158
425 159
143 161
144 161
350 161
354 161
352 162
131 163
135 163
269 163
411 163
74 164
122 164
126 164
266 164
291 164
366 164
404 164
129 165
134 165
205 165
308 165
113 166
222 166
241 166
446 166
193 167
248 167
328 167
417 167
67 168
98 168
177 168
422 168
477 168
386 169
347 170
422 170
427 170
155 171
350 171
425 171
56 172
90 172
50 173
152 173
354 173
150 174
208 174
347 174
352 174
118 175
399 175
290 176
405 176
464 176
81 177
198 177
256 177
308 177
438 177
141 178
240 178
242 178
265 178
367 178
405 178
135 179
322 179
132 180
170 180
183 180
223 180
331 180
411 180
450 180
115 181
138 181
132 182
135 182
416 182
66 183
108 183
419 183
135 184
154 184
347 184
417 184
56 185
158 185
380 185
389 185
151 186
265 186
268 186
159 187
200 187
322 187
351 187
99 188
157 188
246 188
289 188
306 188
348 188
356 188
46 189
237 189
332 189
343 189
430 189
462 189
146 190
179 190
339 190
349 190
225 191
336 191
346 191
360 191
435 191
90 192
156 192
405 192
143 193
148 193
445 194
67 195
138 195
147 195
206 195
136 196
378 196
412 196
57 197
122 197
138 197
182 197
265 197
270 197
420 197
422 197
83 198
292 198
259 199
314 199
329 199
332 200
393 200
423 200
51 201
244 201
253 201
256 201
334 201
110 202
220 202
459 202
72 203
206 203
361 203
346 204
435 204
185 205
402 205
42 206
101 206
172 206
160 208
479 208
271 209
30 210
118 210
140 210
294 210
318 210
375 210
266 211
412 211
63 212
263 212
275 212
139 213
246 213
335 213
90 214
236 214
253 214
391 214
448 214
131 215
191 216
204 216
220 217
347 217
469 217
54 218
429 218
79 219
179 219
115 220
288 221
365 221
477 221
43 222
159 222
170 222
301 223
407 223
438 223
457 223
246 224
250 225
314 225
73 226
147 226
202 226
243 226
328 226
379 226
154 227
194 227
105 228
143 228
337 228
27 229
227 229
468 229
66 230
139 230
349 230
183 231
389 231
450 231
421 232
136 233
215 233
268 233
94 234
357 234
171 235
208 236
296 236
308 236
367 236
403 236
52 237
159 237
248 237
432 237
457 237
288 238
121 239
236 239
280 239
323 239
479 239
160 240
194 240
270 240
274 240
81 241
150 241
194 241
333 241
114 242
152 242
196 242
38 243
263 243
333 243
343 243
383 243
414 243
149 244
221 244
443 244
213 245
216 245
247 245
389 245
173 246
176 246
357 246
472 246
69 247
104 247
138 247
211 247
215 247
254 247
309 247
347 247
28 248
174 248
250 248
300 248
302 248
317 248
319 248
390 248
133 249
232 249
240 249
292 249
326 249
399 249
52 250
246 250
357 250
396 250
429 250
453 250
97 251
130 251
162 251
227 251
241 251
287 251
304 251
371 251
198 252
164 253
265 253
273 253
400 253
404 253
19 254
132 254
157 254
375 254
377 254
90 255
155 255
164 255
214 255
60 256
129 256
157 256
213 256
260 256
328 256
150 257
182 257
191 257
238 257
373 257
434 257
479 257
41 258
305 258
154 259
188 259
209 259
236 259
253 259
316 259
335 259
337 259
345 259
352 259
463 259
81 260
121 260
288 260
293 260
316 260
382 260
385 260
106 261
145 261
153 261
207 261
289 261
323 261
329 261
389 261
390 261
175 262
180 262
204 262
245 262
291 262
345 262
357 262
287 263
389 263
418 263
51 264
77 264
356 264
392 264
445 264
399 265
117 266
170 266
360 266
471 266
101 267
238 267
262 267
267 267
400 267
168 268
194 268
236 268
371 268
367 269
25 270
132 270
307 270
313 270
320 270
372 270
375 270
429 270
47 271
251 271
326 271
334 271
410 271
68 272
93 272
205 272
208 272
228 272
297 272
302 272
305 272
339 272
111 273
128 273
160 273
253 273
300 273
336 273
375 273
380 273
383 273
200 275
282 275
344 275
386 275
460 275
479 275
147 276
356 276
380 276
14 277
63 277
233 277
38 278
145 278
198 278
235 278
363 278
416 278
143 279
191 279
256 279
282 279
390 279
85 280
195 280
280 280
125 281
262 281
368 281
441 281
120 282
146 282
163 282
252 282
277 282
139 283
186 283
210 283
255 283
273 283
275 283
316 283
398 283
423 283
190 284
341 284
101 285
167 285
186 285
248 285
267 285
272 285
302 285
375 285
467 285
54 286
138 286
219 286
295 286
244 287
323 287
77 288
241 288
350 288
449 288
23 289
112 289
157 289
240 289
406 289
154 290
202 290
287 290
47 291
94 291
181 291
69 292
133 292
277 292
361 292
275 293
471 293
232 294
391 294
152 295
170 295
279 295
148 296
178 296
258 296
128 297
370 297
15 298
88 298
108 298
176 298
196 298
316 298
437 298
154 299
418 299
169 300
218 300
335 300
82 301
125 301
268 301
302 301
457 301
33 302
103 302
167 302
478 302
294 303
381 303
422 303
62 304
192 304
263 304
286 304
348 304
185 305
240 305
120 306
189 306
210 306
27 307
47 307
140 307
144 307
259 307
402 307
78 308
180 308
184 308
276 308
281 308
122 309
137 309
366 309
161 310
430 310
58 311
98 311
181 311
372 311
445 311
136 312
159 312
230 312
271 312
43 313
140 313
311 313
321 313
410 313
466 313
21 314
72 314
114 314
196 314
199 314
337 314
135 315
177 315
200 315
250 315
382 315
247 316
276 316
280 316
138 317
196 317
267 317
271 317
351 317
450 317
38 318
93 318
193 318
224 318
15 319
297 319
471 319
129 320
133 320
194 320
198 320
249 320
265 320
268 320
394 320
71 321
67 322
168 322
174 322
368 323
371 323
431 323
109 324
167 324
169 324
186 324
195 324
372 324
400 324
403 324
125 325
227 325
472 325
52 326
315 326
455 326
32 327
49 327
206 327
288 327
324 327
368 327
380 327
8 328
85 328
145 328
240 328
261 328
373 328
375 328
412 328
336 329
105 330
188 330
190 330
168 331
225 331
379 331
123 332
164 332
207 332
347 332
67 333
205 333
379 333
387 333
26 334
190 334
239 334
385 334
392 334
428 334
60 335
100 335
281 335
394 335
47 336
187 336
238 336
301 336
359 336
361 336
442 336
466 336
151 337
137 338
164 338
257 338
180 339
202 339
368 339
407 339
80 340
118 340
169 340
185 340
239 340
323 340
396 340
94 341
277 341
400 341
164 342
168 342
206 342
334 342
60 343
199 343
471 343
79 344
381 344
340 345
132 346
298 346
417 346
459 346
35 347
58 347
181 347
218 347
346 347
386 347
92 348
204 348
234 348
478 348
149 349
14 350
52 350
75 350
383 350
394 350
431 350
9 351
56 351
166 351
179 351
204 351
233 351
254 351
353 351
73 353
110 353
185 353
236 353
393 353
129 354
164 354
179 354
221 354
269 354
323 354
395 354
448 354
29 355
68 355
88 355
182 355
217 355
185 356
300 356
359 356
398 356
147 357
195 357
367 357
460 357
65 358
68 358
178 358
161 359
181 359
219 359
327 359
471 359
203 360
304 360
104 361
128 361
67 362
180 362
252 362
379 362
413 362
37 364
83 364
348 364
385 364
61 365
160 365
379 365
383 365
424 365
116 366
129 367
286 367
390 367
99 368
144 368
315 368
393 368
438 368
59 369
220 369
384 369
27 370
53 370
200 370
237 370
272 370
306 371
389 371
391 371
397 371
54 372
72 373
114 373
163 373
180 373
360 373
454 373
50 374
57 374
362 374
19 375
47 375
55 375
74 375
75 375
257 375
339 375
323 376
365 376
396 376
403 376
45 377
95 377
127 377
239 377
294 377
344 377
369 377
52 378
146 378
367 378
466 378
476 378
371 379
110 380
201 380
278 380
379 380
313 381
382 381
411 381
71 382
10 383
62 383
65 383
163 383
183 384
224 384
242 384
263 384
424 385
38 386
59 386
83 386
353 386
205 387
302 387
335 387
387 387
389 387
148 388
266 388
62 389
65 389
437 389
450 389
55 390
165 390
287 390
364 390
32 391
226 391
465 391
308 392
363 392
389 392
479 392
53 393
56 393
107 393
62 394
79 394
136 394
392 394
401 394
151 395
367 395
372 395
57 396
121 396
187 396
248 396
310 396
398 396
23 397
207 397
371 397
378 397
47 398
79 398
343 398
107 399
274 399
372 399
72 400
296 400
90 401
170 401
227 401
315 401
382 401
385 401
453 401
122 402
136 402
206 402
273 403
355 403
283 404
298 404
337 404
378 404
430 404
432 404
465 404
74 405
208 405
233 405
260 405
317 405
320 405
382 405
423 405
93 406
235 406
281 406
298 406
431 406
432 406
433 406
89 407
436 407
474 407
154 408
257 408
383 408
175 409
431 409
433 409
40 410
70 410
306 410
194 411
238 411
403 411
407 411
445 411
140 412
365 413
368 413
398 414
34 415
330 415
373 415
352 416
178 417
417 417
462 417
85 418
221 418
264 418
270 418
272 418
287 418
378 418
58 419
291 419
373 419
418 419
423 419
104 420
161 420
246 420
315 420
319 420
144 421
243 421
289 421
337 421
125 422
224 422
252 422
274 422
378 422
416 422
82 423
184 423
246 423
430 423
205 424
226 424
321 424
418 424
426 424
229 425
304 425
50 426
205 426
232 426
292 426
22 427
310 427
79 428
114 428
128 428
204 428
253 428
259 428
305 428
368 428
387 428
167 429
235 429
294 429
346 429
44 430
254 430
274 430
331 430
393 430
455 430
114 431
146 431
474 431
78 432
111 432
263 432
394 432
99 433
239 433
261 433
261 434
297 434
427 434
192 435
261 435
282 435
285 435
214 436
264 436
299 436
338 436
59 437
115 437
212 437
235 437
432 437
35 438
109 438
129 438
303 438
359 438
382 438
74 439
96 439
111 439
152 439
174 439
218 439
265 439
288 439
436 439
438 439
216 440
409 440
96 441
131 441
135 441
175 441
222 441
286 441
436 441
107 442
196 442
344 442
27 443
89 443
111 443
394 443
455 443
133 444
156 444
159 444
198 444
327 444
387 444
414 444
463 444
178 445
183 445
224 445
289 445
473 445
93 446
201 446
288 446
368 446
393 446
109 447
133 447
163 447
296 447
355 447
45 448
135 448
189 448
308 448
64 449
183 449
395 449
167 450
205 450
256 450
292 450
376 450
431 450
104 451
278 451
295 451
336 451
437 452
361 453
120 454
164 454
386 454
439 454
125 455
317 455
300 456
385 456
440 456
114 457
128 457
369 457
451 457
69 458
121 458
258 458
363 458
367 458
387 458
44 459
99 459
370 459
460 459
166 460
474 460
169 461
210 461
283 461
129 462
177 462
197 462
265 462
377 462
268 463
286 463
88 464
242 464
392 464
62 465
178 465
308 465
384 465
154 466
379 466
394 466
86 467
129 467
199 467
245 467
272 467
82 468
44 469
85 469
139 470
180 470
274 470
297 470
134 471
182 471
207 471
246 471
403 471
164 472
185 472
226 472
279 472
313 472
359 472
401 472
79 473
190 473
447 473
86 474
137 474
249 474
338 474
368 474
416 474
455 474
463 474
64 475
82 475
142 475
169 475
279 475
304 475
468 475
105 476
192 476
414 476
422 476
476 476
140 477
211 477
285 477
377 477
419 477
93 478
122 478
251 478
175 479
197 479
379 479
383 479
236 480
282 480
289 480
345 480
48 481
171 481
179 481
194 481
212 481
235 481
259 481
263 481
378 481
113 482
384 482
389 482
153 483
216 483
195 484
258 484
267 484
291 484
392 484
198 485
241 485
243 485
356 485
397 485
80 486
131 486
203 486
263 486
65 487
162 487
179 487
246 487
363 487
90 488
184 488
165 489
202 489
410 489
138 490
331 490
471 490
479 490
93 491
100 491
226 491
301 491
427 491
444 491
461 491
47 492
144 492
270 492
109 493
164 493
208 493
231 493
228 494
252 494
372 494
383 494
104 495
171 495
211 495
235 495
255 495
279 495
344 495
110 496
252 496
376 496
381 496
387 497
117 498
195 498
233 498
236 498
397 498
154 499
197 499
280 499
316 499
392 499
398 500
58 501
129 501
195 501
262 501
356 501
73 502
181 502
89 503
92 503
406 503
87 504
198 504
223 504
243 504
264 504
226 505
369 505
422 505
436 505
81 506
96 506
200 506
221 506
362 506
452 506
471 506
266 507
329 507
367 507
98 508
106 508
205 508
224 508
227 508
269 508
302 508
378 508
172 509
188 510
233 510
110 511
115 511
205 511
236 511
383 511
271 512
388 512
385 513
121 514
151 514
240 514
394 514
116 515
211 515
272 515
279 515
310 515
216 516
221 516
343 516
391 516
396 516
401 516
164 517
55 518
284 518
353 518
395 518
398 518
412 518
430 518
73 519
225 519
253 519
92 520
134 520
247 520
365 520
170 521
199 521
414 521
416 521
455 521
463 521
476 521
439 522
447 522
99 523
359 523
363 523
366 523
374 524
149 525
330 525
366 525
378 525
179 526
295 526
337 526
376 526
380 526
371 527
214 528
338 529
344 529
156 530
230 530
381 530
118 531
348 531
408 531
53 532
70 532
190 532
271 532
343 532
418 532
425 533
359 534
413 534
310 535
454 535
469 535
84 536
358 536
420 536
131 537
319 537
351 537
355 537
425 537
437 537
438 537
248 538
323 538
96 539
362 539
202 540
373 540
326 541
178 542
393 542
214 543
256 543
402 543
106 544
294 544
340 545
404 545
398 546
413 546
266 547
338 547
410 547
442 547
421 548
465 548
64 549
149 549
123 550
433 550
81 551
275 552
312 553
169 554
377 554
100 555
136 555
197 555
284 555
391 555
395 555
214 556
227 556
245 557
379 557
397 557
115 558
403 558
254 559
151 560
180 560
412 560
301 561
461 561
327 562
422 562
260 563
446 563
455 563
342 564
437 564
109 566
164 566
275 566
90 567
366 567
221 568
123 569
199 569
136 572
378 572
178 573
401 574
102 575
239 576
316 576
325 576
449 576
145 577
248 577
424 577
438 578
162 579
206 579
260 580
340 580
274 582
179 584
358 584
117 585
294 585
305 587
379 587
135 589
237 589
392 589
403 589
194 590
210 590
317 590
412 591
151 592
248 592
341 595
268 596
166 597
351 598
283 599
178 600
183 600
362 600
374 600
297 602
218 604
227 604
312 604
206 605
253 608
337 608
268 610
344 610
282 613
