414 1
163 3
212 5
296 6
318 6
344 6
430 6
204 7
329 7
270 8
286 8
360 8
189 9
378 9
144 10
252 10
136 14
398 14
229 15
168 16
131 17
310 17
461 17
215 18
300 18
316 18
333 18
204 19
421 19
283 20
355 20
265 22
477 22
154 23
194 23
375 23
433 24
246 25
439 26
111 27
180 27
233 28
303 28
393 28
318 29
224 30
292 30
332 30
456 30
172 31
409 31
136 33
345 33
209 34
479 34
161 35
421 35
198 36
273 36
357 36
266 38
281 38
300 38
190 39
291 39
372 39
437 39
253 40
241 42
384 42
115 43
447 43
401 46
102 48
211 49
466 49
411 50
417 50
196 53
427 53
308 54
367 54
89 55
377 55
119 58
342 58
389 58
443 58
400 62
106 63
460 64
207 66
417 66
281 69
343 69
271 70
361 70
475 70
254 71
96 72
244 72
374 72
434 73
386 74
441 74
151 76
184 76
226 76
178 78
396 79
452 79
113 80
336 81
80 82
311 82
462 83
165 85
264 85
104 86
256 86
200 87
369 87
246 88
474 88
439 90
150 93
188 93
225 94
178 96
288 96
450 96
117 97
265 98
460 99
87 100
207 100
139 101
317 101
170 102
376 102
203 103
77 105
106 105
383 106
438 107
474 107
157 108
228 108
448 110
98 111
187 111
405 111
267 112
454 113
259 114
304 115
418 115
62 116
178 117
463 117
144 118
431 120
115 121
168 121
386 121
223 122
231 122
83 123
268 123
349 123
400 124
50 125
444 125
132 127
479 127
214 128
410 128
103 129
291 129
302 129
310 129
72 130
319 130
379 130
417 131
455 131
328 132
231 134
341 135
392 135
425 135
196 137
220 138
357 138
468 139
404 140
437 140
55 143
141 143
241 143
303 143
315 143
292 144
476 144
273 145
283 145
445 145
208 146
328 146
380 146
80 147
263 147
417 147
228 148
336 148
342 148
387 149
130 150
43 152
71 152
222 152
354 152
455 152
101 153
198 153
397 153
286 154
294 154
306 155
430 155
276 156
299 156
213 157
313 157
369 157
467 157
326 158
405 158
34 159
165 159
186 159
322 159
63 160
236 160
380 160
439 160
339 162
413 162
476 163
203 164
226 164
351 166
80 167
133 168
275 168
291 168
452 168
154 169
218 169
392 169
360 170
428 170
47 172
77 172
192 172
238 173
329 174
374 175
406 175
324 176
463 176
438 177
119 178
203 178
217 178
233 178
339 178
384 179
416 179
67 180
265 180
273 180
284 180
226 181
260 181
303 181
355 183
209 184
313 184
473 184
243 185
35 186
449 186
60 187
323 187
477 187
328 188
428 188
107 189
81 190
190 190
237 190
403 191
217 192
270 193
341 194
460 195
144 196
209 196
284 197
313 197
365 197
439 197
225 198
242 199
349 199
416 199
383 200
466 200
157 201
446 202
471 203
169 204
331 204
391 205
265 206
362 206
113 207
290 207
336 207
428 209
454 209
94 210
399 210
233 211
211 212
372 212
82 215
459 215
323 216
416 217
219 218
295 218
357 218
380 218
440 218
27 219
266 219
302 221
465 221
100 222
251 222
166 223
365 225
389 225
448 225
235 226
20 227
179 227
339 228
414 230
398 233
222 234
455 234
474 234
244 235
379 235
142 236
203 237
36 238
65 238
310 238
349 239
426 239
330 241
448 242
215 244
248 244
29 245
434 245
239 246
319 246
357 247
463 247
279 248
340 248
51 249
147 249
181 249
231 249
25 252
285 252
77 253
443 253
22 257
344 257
420 257
449 257
48 259
268 259
330 259
177 260
190 261
473 261
347 262
138 264
65 265
334 266
459 266
87 267
353 269
371 269
478 269
197 270
444 270
32 271
59 271
112 271
321 273
463 273
434 274
340 275
171 276
221 276
376 277
79 278
324 278
51 279
288 279
465 280
132 281
361 281
216 282
242 282
273 283
401 283
250 284
235 285
292 285
441 285
22 286
157 286
180 286
312 286
469 286
71 287
91 288
455 288
329 289
366 289
115 291
280 291
297 292
266 293
315 293
140 294
256 294
476 294
64 295
228 295
368 295
382 295
204 296
284 299
39 300
84 300
333 300
395 300
463 300
164 301
448 301
318 302
205 304
272 304
188 307
247 309
174 310
299 310
387 310
419 310
261 311
321 311
109 312
436 312
288 313
453 313
473 313
92 314
310 314
26 316
323 317
244 318
273 318
257 319
365 322
20 323
227 323
48 324
201 325
477 325
353 328
463 328
221 332
427 332
93 333
207 333
257 333
39 335
82 335
449 335
253 337
412 337
118 339
303 339
326 340
433 341
384 343
471 343
397 344
349 345
455 346
91 347
144 348
46 349
416 349
129 350
213 351
27 352
61 352
436 352
462 355
440 357
479 357
24 358
181 358
378 358
241 360
354 360
340 361
445 362
39 363
211 363
419 363
130 364
231 364
406 366
55 367
74 368
88 368
434 369
176 370
339 371
468 371
37 372
163 372
316 372
451 372
188 373
436 373
407 374
54 376
223 377
396 377
422 377
437 377
129 378
145 379
168 380
198 380
69 381
350 381
115 382
284 382
326 382
425 382
32 383
263 383
442 383
475 383
363 385
130 386
299 386
49 387
428 389
363 390
132 391
160 391
176 391
314 391
447 391
460 391
147 392
187 392
414 393
194 394
432 394
338 396
297 397
464 398
84 399
325 400
65 401
364 402
390 403
136 405
175 406
323 406
156 409
293 409
35 410
65 410
469 410
446 413
425 414
188 415
309 415
197 416
255 416
87 417
378 418
393 419
47 420
164 420
144 421
128 423
478 424
75 425
375 426
459 426
151 428
295 428
394 428
362 430
191 432
372 432
423 433
446 433
270 434
326 435
396 435
137 437
384 437
41 439
58 439
77 439
214 439
469 440
170 441
232 441
100 442
321 442
397 444
454 444
351 446
128 447
184 448
275 448
382 448
154 449
444 449
478 449
193 450
294 451
365 452
164 454
214 454
306 454
395 456
453 456
78 457
264 457
61 459
90 459
176 460
462 462
187 463
359 463
97 465
389 465
71 466
372 466
241 467
276 467
198 468
478 468
446 470
135 471
165 471
82 473
456 474
109 475
175 476
366 477
398 477
183 478
327 478
392 478
89 479
195 480
440 481
158 482
211 482
66 483
227 483
472 483
97 485
300 485
128 487
449 487
293 489
318 489
411 490
422 490
135 491
177 491
404 491
110 492
82 493
430 493
459 493
145 494
116 495
244 495
309 495
435 495
472 496
154 497
90 498
323 500
163 501
300 501
126 502
342 502
445 503
455 504
192 506
315 506
436 506
423 507
219 509
413 509
149 510
403 511
157 512
393 514
301 515
130 516
180 516
385 516
342 520
193 521
204 521
436 521
443 521
276 522
419 522
427 522
457 522
145 523
284 523
302 523
367 523
218 524
258 524
265 524
153 525
232 525
246 525
333 525
357 526
163 528
325 529
172 531
400 532
414 533
342 534
380 534
191 535
263 535
271 535
285 535
207 536
311 536
300 537
363 537
356 538
222 540
235 540
349 540
174 543
252 543
264 547
420 547
396 548
286 549
215 550
340 551
381 551
350 553
357 553
176 554
230 554
309 554
255 556
197 559
209 561
294 564
331 564
234 566
311 567
187 568
197 569
257 572
278 573
213 574
