260 15
215 18
267 19
314 21
230 24
279 25
168 26
243 27
327 27
177 29
214 30
248 31
291 31
372 33
187 34
266 37
230 38
350 39
310 40
158 42
274 42
165 45
176 46
245 47
360 48
395 48
128 52
252 52
149 55
260 55
339 55
415 55
371 56
219 57
164 59
268 60
377 61
90 62
430 62
186 63
315 63
275 64
105 65
235 65
197 67
355 68
206 69
245 69
150 71
251 71
440 71
327 72
412 72
216 73
220 73
461 73
390 74
165 75
264 76
337 76
88 77
175 77
368 77
112 79
187 79
348 82
399 82
205 83
136 84
434 84
377 85
354 87
63 88
156 89
161 90
78 91
94 93
177 93
362 93
186 95
391 95
132 96
194 96
413 96
311 98
47 101
51 101
145 101
459 101
375 102
65 103
425 103
229 106
90 107
382 107
110 108
169 108
244 108
295 108
464 109
471 111
135 112
182 112
150 113
264 113
440 113
195 115
363 115
44 119
448 119
67 120
77 120
225 120
320 121
88 123
236 124
330 124
356 124
120 125
431 125
153 128
176 130
307 130
35 133
192 133
348 134
53 135
206 135
69 136
321 136
226 137
377 139
471 140
125 141
143 142
242 142
360 142
340 143
32 145
257 145
269 147
479 147
186 148
61 150
70 150
222 151
282 152
450 152
91 153
319 153
205 154
292 154
26 155
237 155
359 155
328 156
37 157
338 161
258 162
465 162
180 164
188 165
348 167
206 168
74 169
216 169
121 170
25 171
323 171
452 171
129 172
289 172
138 173
430 174
151 176
159 176
304 176
403 176
252 177
339 178
372 178
173 179
463 180
189 181
265 182
313 182
419 183
383 184
74 185
101 185
322 185
45 186
214 186
353 186
474 186
453 188
18 189
224 189
298 189
155 190
13 191
174 192
245 192
360 193
192 195
204 195
320 196
286 198
265 199
330 200
76 202
92 202
105 202
167 203
299 203
447 203
41 205
61 205
278 205
473 206
14 207
25 207
252 208
261 210
6 211
437 214
108 215
281 215
141 216
334 216
99 217
227 217
373 217
82 219
173 219
295 219
383 219
301 220
68 221
242 221
58 222
199 222
460 222
314 223
354 223
262 224
422 224
218 226
272 226
21 227
13 228
478 229
236 230
331 230
98 231
284 231
111 232
443 233
378 234
296 235
256 236
307 236
217 237
451 237
68 239
319 240
276 241
327 242
27 243
34 243
48 243
432 243
99 244
468 244
7 246
294 246
412 249
345 250
268 251
479 251
102 255
359 255
448 255
27 256
76 256
88 257
295 257
425 257
336 260
136 261
183 261
370 261
7 262
214 262
460 263
472 263
346 264
411 264
43 265
437 266
36 268
242 268
23 270
116 271
423 271
9 273
177 273
82 275
275 276
236 277
378 277
434 277
347 278
456 278
416 279
462 280
252 281
123 283
135 283
116 284
141 284
221 284
263 284
335 284
102 285
368 285
424 285
446 285
229 286
22 287
402 287
88 288
469 288
9 289
345 290
377 292
282 293
325 293
192 294
357 295
390 295
445 295
125 296
113 297
422 298
37 299
336 300
458 300
145 301
140 303
349 303
218 304
186 306
390 306
199 307
284 307
440 307
472 307
335 310
419 310
262 313
452 314
121 315
345 315
23 317
277 317
106 318
357 318
11 319
203 319
329 319
174 320
255 323
467 324
310 325
274 326
134 328
26 329
289 329
452 329
63 331
231 331
111 332
299 334
46 337
182 338
275 338
313 338
27 340
37 340
158 340
444 340
467 341
370 342
226 343
292 343
109 344
141 344
203 345
215 346
415 347
11 348
167 350
458 350
157 351
305 351
2 352
411 354
465 354
368 355
441 356
290 357
28 358
417 358
300 359
61 360
262 361
86 362
179 362
337 362
478 363
10 365
47 365
277 366
457 366
98 367
241 369
292 369
325 369
196 370
466 371
257 372
414 372
28 373
184 373
443 373
209 374
262 374
60 375
166 375
333 375
374 376
275 377
354 377
475 378
316 379
124 380
140 380
453 380
88 381
346 381
223 384
235 384
432 384
184 385
197 385
391 386
71 387
171 387
248 387
297 387
369 387
467 387
31 389
332 389
356 389
268 390
309 390
25 391
400 392
279 393
341 393
84 394
446 394
381 395
182 396
254 396
407 397
329 398
349 398
464 399
162 401
391 401
374 402
456 403
34 404
141 405
184 407
216 407
341 407
462 407
363 408
405 408
192 409
21 410
172 410
388 410
74 411
309 411
15 412
44 414
449 414
358 416
115 417
420 417
381 418
36 419
136 419
321 419
460 419
477 419
185 420
345 420
29 422
106 422
164 422
175 422
313 423
369 424
451 425
151 426
392 427
474 428
88 429
415 429
200 432
219 432
81 433
235 433
247 433
447 433
72 434
306 434
183 435
363 435
158 437
170 437
270 437
428 438
472 438
283 439
392 439
357 441
135 443
443 443
199 444
295 444
190 445
86 446
120 447
422 448
78 449
388 449
470 449
164 450
108 452
282 453
453 453
135 454
313 454
147 455
337 455
95 457
238 460
125 461
176 461
446 461
85 462
119 462
161 462
386 462
424 462
326 463
107 466
150 468
396 469
31 470
478 470
99 471
168 472
461 472
242 473
136 474
319 475
402 475
425 475
62 476
89 476
198 476
256 476
122 477
153 478
342 478
15 480
40 480
449 480
104 485
312 485
162 486
287 486
353 486
395 486
416 487
226 488
462 488
27 489
243 490
252 490
265 492
404 493
302 494
314 496
427 496
161 498
451 498
473 498
41 499
279 499
321 500
153 501
123 503
291 503
224 504
31 505
115 505
395 505
458 507
304 508
333 508
22 510
161 510
268 510
200 511
465 511
314 513
384 513
280 514
339 514
15 515
71 515
94 516
448 517
178 518
319 518
472 518
61 521
246 521
292 521
172 522
214 522
345 522
478 522
434 523
455 523
324 524
188 528
301 528
47 529
73 531
464 531
145 532
176 532
329 532
367 532
444 532
351 533
69 535
334 535
311 536
36 537
203 537
62 538
166 538
288 538
453 538
136 539
85 540
375 540
411 540
476 540
298 542
320 543
339 543
359 543
56 544
124 544
245 545
459 545
415 546
438 546
229 547
302 549
325 549
347 549
20 550
47 550
72 550
384 550
115 551
165 552
203 553
284 553
448 554
472 554
351 555
310 556
332 557
87 558
391 559
59 560
294 560
410 560
454 560
175 562
315 562
376 562
55 564
433 564
302 567
343 568
25 569
228 569
418 569
283 570
464 570
143 572
308 572
288 573
255 575
389 575
445 575
471 575
154 576
293 576
372 576
216 577
31 579
136 579
452 579
83 580
478 580
197 582
430 582
116 583
312 583
286 585
461 586
130 588
208 588
232 588
380 588
222 589
110 590
313 591
71 594
338 594
204 595
455 595
421 597
127 598
305 599
156 601
276 601
246 602
294 602
405 602
170 603
442 603
467 603
44 604
201 604
185 605
126 606
218 606
253 606
358 606
473 606
84 607
232 607
389 607
317 608
23 609
410 609
450 609
112 611
151 611
169 611
199 612
357 612
218 613
262 613
305 613
337 613
378 613
416 613
432 613
139 614
236 614
458 614
82 615
185 616
280 617
294 617
138 619
361 619
96 620
202 620
221 621
331 621
465 621
378 622
396 622
184 623
247 623
405 623
321 624
120 626
167 626
354 626
270 627
287 627
309 627
228 628
257 628
449 629
83 630
299 630
346 630
241 631
187 634
270 634
121 636
338 636
205 637
236 638
369 638
