216 2
279 2
454 4
230 5
310 6
348 6
424 7
392 8
246 9
399 10
202 11
295 11
142 12
175 12
262 12
127 13
369 13
162 14
406 14
472 14
108 15
112 15
219 16
440 16
308 18
335 18
281 19
454 21
249 22
383 23
209 24
269 24
423 24
458 24
133 26
354 26
172 27
329 29
472 29
230 30
112 31
285 31
94 32
441 32
82 34
342 34
197 35
301 35
411 37
141 38
265 38
161 39
213 39
379 39
415 39
451 39
312 40
174 43
229 43
105 47
428 47
468 48
118 49
124 49
80 50
433 50
68 51
151 53
268 53
403 54
236 56
446 56
217 57
169 58
318 60
412 60
462 61
99 62
117 63
291 63
235 65
204 66
83 67
268 67
368 67
222 72
401 72
100 78
113 78
458 78
203 79
442 80
148 81
303 82
361 83
222 84
393 84
419 86
287 87
338 89
370 89
105 92
86 93
460 93
67 95
430 97
356 98
388 98
163 102
328 102
359 102
84 104
113 105
438 106
66 107
179 107
443 109
467 110
196 112
48 113
342 113
111 114
135 115
156 116
369 116
80 117
93 117
69 119
292 119
465 122
259 123
329 123
45 124
408 124
126 127
306 127
360 127
142 128
475 128
82 130
341 130
282 131
69 132
420 133
454 134
374 135
48 138
265 138
153 139
135 140
353 140
328 141
275 142
103 143
468 143
26 144
85 145
113 145
242 146
68 147
47 150
125 150
141 151
345 151
450 152
34 154
156 156
72 157
326 157
175 158
380 160
464 160
53 161
312 163
434 163
119 165
247 165
135 166
363 166
151 168
209 168
24 169
101 169
447 169
71 170
261 171
174 172
299 172
322 172
346 172
224 173
52 174
398 177
238 178
460 178
35 179
104 179
127 180
277 180
329 180
80 181
149 181
252 181
20 182
212 183
406 183
466 183
441 184
65 185
413 186
473 186
184 187
48 188
227 189
287 189
20 191
265 191
479 192
99 193
126 193
202 193
454 193
141 194
238 194
424 195
159 196
273 196
74 198
184 200
218 200
33 202
128 203
464 203
112 204
285 204
148 205
204 205
93 206
385 207
167 209
266 209
367 209
58 210
240 210
447 210
184 211
136 214
39 215
376 217
420 217
22 221
178 221
259 221
122 223
385 224
462 224
140 225
308 225
200 226
362 227
7 229
160 229
295 231
30 232
213 232
186 234
124 235
279 235
372 235
55 236
397 236
450 237
479 237
18 238
146 239
198 240
289 241
37 243
180 245
6 246
314 249
250 250
191 251
23 252
52 253
468 253
347 255
304 256
171 257
71 259
261 259
324 259
478 259
10 260
128 261
145 261
182 262
290 262
416 262
214 263
353 266
402 266
451 267
167 268
22 269
191 270
223 270
275 270
315 270
434 272
113 274
199 275
464 275
38 277
14 278
97 278
233 279
303 279
417 280
170 281
287 282
182 283
391 283
28 284
214 284
448 284
187 287
350 287
313 288
336 288
110 290
129 291
458 291
93 292
194 292
19 294
40 294
84 295
226 295
173 298
301 299
441 300
473 300
329 301
123 302
182 302
356 302
7 304
103 305
187 306
89 308
153 308
454 311
168 312
316 312
22 313
368 313
422 313
340 314
299 316
464 317
32 318
106 318
323 318
400 318
469 318
52 320
349 320
285 322
268 324
329 324
64 326
191 326
444 326
217 327
381 327
411 328
166 331
201 331
450 331
314 332
386 332
236 334
4 335
44 335
130 335
424 335
458 335
98 336
208 336
16 339
188 339
394 339
262 342
324 342
474 343
158 345
306 345
34 346
247 346
267 346
50 347
419 348
67 350
271 350
402 351
451 352
7 354
210 355
479 356
133 357
318 357
168 358
29 360
260 362
281 362
80 364
40 365
148 365
60 367
264 367
391 367
419 367
95 368
306 369
447 369
331 374
41 376
138 376
212 377
314 377
256 379
12 381
29 381
126 385
322 385
392 386
75 387
145 387
54 388
42 390
270 390
11 392
111 395
151 395
96 398
132 398
383 398
58 401
171 401
358 401
287 402
411 402
157 403
463 404
27 409
138 409
299 411
343 412
454 412
83 413
310 418
456 419
86 422
108 423
129 423
215 423
192 424
323 424
242 425
461 425
174 426
295 426
402 426
33 427
49 427
11 428
152 429
354 430
476 430
114 433
306 433
205 435
322 437
451 437
182 439
260 440
107 442
167 444
382 444
433 447
34 448
95 449
470 450
57 452
83 453
138 454
153 454
259 455
409 455
232 456
333 456
458 456
36 457
400 458
383 459
373 460
182 461
208 461
302 461
240 462
99 463
314 465
76 467
40 469
253 470
416 471
63 473
109 476
202 476
305 476
366 476
382 476
83 481
445 481
145 483
216 483
102 484
426 487
49 488
69 489
301 490
399 491
232 492
467 492
138 493
409 493
212 494
383 494
92 495
273 495
319 497
450 500
113 501
216 501
285 502
326 502
191 503
254 504
336 504
431 505
103 506
234 508
354 508
418 508
365 510
383 510
398 511
85 513
182 513
274 514
63 515
113 519
249 520
167 521
219 522
343 522
90 523
370 525
147 526
303 526
200 527
235 528
266 528
405 528
392 529
127 531
182 531
158 532
318 532
282 535
134 537
218 537
193 540
256 542
113 543
142 544
231 544
170 546
123 548
207 549
239 549
284 553
185 555
221 555
295 555
155 556
252 556
261 560
232 563
212 570
