269 4
203 5
363 5
325 6
139 7
159 7
189 7
216 7
289 8
122 9
173 9
228 9
392 9
332 10
102 11
436 11
469 11
302 14
352 14
318 18
406 18
179 19
167 20
194 20
210 21
144 22
232 22
290 22
452 22
131 23
250 23
374 23
109 24
261 25
91 27
301 28
429 28
281 29
351 30
395 30
146 32
314 32
163 33
176 33
188 34
473 34
132 35
201 35
212 35
366 35
441 35
228 36
252 36
326 36
409 36
119 38
102 39
269 39
385 40
91 41
452 43
223 44
176 45
187 45
398 45
425 45
207 46
141 48
434 48
127 49
463 49
112 50
266 51
323 51
356 51
100 52
382 53
226 56
287 56
368 56
449 56
179 58
189 58
200 58
252 58
349 62
127 63
381 65
107 66
229 66
90 68
271 68
462 69
439 71
179 72
155 73
189 73
365 73
166 75
298 75
393 75
205 76
125 77
227 77
450 78
378 79
248 80
112 81
353 81
91 82
406 83
71 87
389 87
221 89
234 89
465 89
365 90
343 94
380 94
446 94
107 95
421 95
267 97
88 98
400 100
478 100
155 103
458 103
146 105
68 106
122 106
134 106
362 106
110 107
299 109
392 110
96 111
183 112
340 112
422 112
228 113
251 113
446 113
352 114
471 114
76 115
377 116
115 119
128 121
61 122
434 122
457 122
85 124
191 125
339 125
207 126
234 126
367 126
392 126
305 127
154 128
444 129
76 130
131 132
350 132
59 133
101 133
381 134
474 134
189 135
407 137
232 138
296 138
334 138
250 139
366 139
78 140
457 141
261 142
343 142
104 144
156 144
438 145
60 146
145 146
393 146
132 147
202 147
378 147
172 148
223 148
329 148
466 149
118 152
252 152
263 154
158 156
345 156
454 156
71 157
324 160
390 160
414 160
135 161
182 162
227 163
234 163
290 163
69 165
122 166
251 166
165 167
266 168
445 168
148 170
52 171
135 172
351 172
472 172
407 173
74 174
332 176
363 177
456 177
198 178
61 179
187 179
231 179
99 180
154 180
175 180
245 180
139 182
260 182
342 183
41 185
127 185
421 185
320 186
463 186
276 187
378 187
72 189
353 189
406 189
221 192
234 193
334 193
178 194
256 194
472 194
143 195
305 196
54 197
92 197
370 197
454 197
271 198
128 200
318 200
394 200
286 201
348 201
156 202
441 202
233 203
325 204
461 204
42 206
450 208
265 209
64 210
360 210
342 211
124 213
279 213
158 214
225 214
55 215
214 215
325 216
83 217
300 220
112 221
354 221
43 222
73 223
99 224
476 224
443 225
132 226
405 226
206 227
383 227
272 231
56 232
448 232
148 233
369 233
80 235
30 237
243 237
258 238
468 238
187 239
356 239
434 239
47 240
337 240
132 241
66 244
362 245
387 245
315 246
38 247
145 248
459 248
161 249
286 249
59 251
324 251
444 251
235 253
394 253
412 255
48 256
174 256
77 257
210 257
304 257
24 259
124 260
158 261
197 261
381 262
454 263
434 264
472 264
90 265
185 265
53 266
34 267
67 269
295 269
109 270
407 273
42 275
446 275
21 276
142 276
350 276
80 277
465 277
59 279
415 279
238 280
227 282
253 282
34 283
118 283
210 284
448 284
130 286
92 288
435 288
146 291
456 293
22 294
341 294
104 295
225 295
245 295
278 295
365 295
472 295
200 296
302 296
408 296
38 299
121 299
264 300
98 304
288 304
211 305
114 306
35 307
247 307
405 307
445 307
375 308
465 308
76 309
391 310
329 311
27 312
129 312
91 313
257 316
107 317
183 318
230 318
279 319
394 319
438 319
315 321
454 321
23 322
245 322
123 323
262 323
213 324
348 325
472 325
139 326
408 327
330 329
40 330
100 330
63 331
299 331
216 332
442 332
18 333
232 333
459 333
476 334
265 335
430 335
222 336
350 337
250 339
203 340
11 343
94 343
139 343
414 343
461 343
34 344
122 344
177 344
223 344
300 344
367 344
430 344
159 345
479 345
267 346
447 346
350 348
208 349
53 351
140 351
316 353
334 353
435 354
468 354
251 355
298 356
28 357
158 358
262 358
277 358
449 358
87 359
72 360
194 360
352 360
236 363
101 364
472 367
219 368
244 369
20 370
158 370
37 371
54 371
352 371
264 373
455 375
478 375
74 376
136 377
94 379
182 379
204 379
232 381
307 383
438 384
37 385
278 385
322 386
472 386
15 387
250 387
289 387
210 389
353 389
115 390
75 393
462 393
365 394
162 395
221 396
193 397
346 397
477 397
36 398
200 402
450 404
37 405
377 406
174 407
263 407
141 409
296 411
469 411
77 414
17 416
179 416
405 416
38 417
457 419
479 421
354 422
184 423
420 423
220 424
149 426
271 426
164 427
257 428
19 429
40 429
403 429
461 429
192 432
443 432
101 434
168 434
121 435
39 439
207 439
200 440
123 441
479 441
83 443
21 444
63 444
157 445
178 445
253 445
467 447
43 451
150 452
441 452
133 453
355 454
159 455
185 455
25 457
106 457
123 457
69 459
162 460
201 461
287 461
48 462
455 462
326 464
215 465
442 465
93 467
145 467
471 468
31 469
131 469
383 469
195 471
74 472
173 472
314 473
178 475
154 476
306 476
54 477
206 479
353 480
474 480
36 481
99 481
456 481
121 483
139 483
183 483
215 483
192 486
165 487
279 488
65 489
231 489
369 489
42 491
108 491
201 493
249 493
478 493
89 495
301 495
383 495
456 495
132 496
153 496
175 498
211 498
53 500
315 501
186 503
397 503
228 504
267 504
355 504
461 504
75 505
118 505
165 505
247 505
374 507
143 508
57 509
201 510
124 511
82 514
106 514
151 514
444 514
185 515
284 515
461 516
62 517
219 517
236 518
88 520
134 520
446 521
165 522
305 522
114 524
422 526
73 528
458 528
96 529
121 530
144 530
178 530
347 530
272 531
233 532
414 534
438 534
103 535
364 535
83 538
129 539
156 540
451 541
405 543
234 545
114 546
140 546
95 549
434 551
394 552
125 553
155 553
388 555
195 556
232 556
106 557
411 558
381 561
142 562
302 562
188 564
400 564
339 566
242 567
175 568
260 568
279 568
322 569
226 570
415 570
158 571
193 572
307 572
357 573
379 574
137 575
402 575
176 578
209 578
262 580
334 580
231 582
373 586
308 587
350 589
204 590
220 591
335 592
243 593
266 594
282 594
314 596
359 600
330 604
253 606
288 606
