279 12
295 12
312 12
328 13
348 13
373 13
362 14
379 16
392 18
412 22
304 26
347 26
284 27
318 27
332 27
435 27
269 28
357 28
242 29
376 29
445 31
393 32
218 35
408 35
254 38
425 39
463 39
323 42
302 44
477 44
229 45
442 45
285 46
402 47
416 50
458 51
217 53
438 56
330 57
205 58
195 59
233 60
301 60
402 61
285 62
457 63
222 65
424 68
434 70
207 72
407 72
443 73
242 74
324 74
354 75
454 76
190 79
399 79
470 80
223 82
277 82
424 84
477 84
172 85
378 85
261 88
438 88
207 90
450 92
340 94
195 95
300 95
460 95
313 96
229 97
392 99
474 99
184 101
178 104
216 104
436 105
455 110
163 111
239 111
365 111
196 112
311 112
333 112
295 114
394 114
475 116
265 119
423 119
140 120
183 121
433 121
208 124
289 124
355 125
447 125
166 127
346 127
462 127
276 129
314 130
387 130
157 131
305 131
418 131
473 131
261 133
192 134
297 135
245 139
454 139
179 140
376 141
130 144
348 144
416 144
467 144
167 145
232 145
313 146
328 146
300 150
155 151
188 152
286 153
456 155
138 159
310 159
455 159
298 160
472 161
329 162
442 163
123 164
219 166
427 167
398 169
313 170
376 170
388 170
437 170
360 171
448 171
234 172
340 172
408 173
466 173
140 174
203 174
292 178
426 179
128 180
442 181
334 182
343 182
357 182
378 182
238 183
402 184
456 184
112 186
146 186
228 186
269 186
222 188
214 191
419 191
434 191
471 191
174 192
367 194
377 194
387 194
240 196
350 196
334 197
124 198
449 198
158 199
196 199
412 199
228 200
464 203
211 206
144 207
247 207
393 208
450 208
288 210
333 211
409 211
239 212
229 214
464 214
435 215
126 216
313 217
449 220
150 222
208 223
290 223
109 224
344 224
415 224
466 225
431 227
274 230
221 231
193 232
244 232
445 232
128 233
259 235
399 235
459 235
159 236
344 237
208 239
231 239
116 240
181 240
471 240
280 241
171 245
140 246
221 246
243 247
353 247
358 247
368 247
389 247
265 249
342 249
97 250
410 250
458 250
207 251
126 253
185 253
158 254
256 254
225 255
439 258
472 258
247 259
319 259
191 260
359 260
144 261
214 262
278 262
451 262
175 263
260 264
108 265
256 266
268 266
432 268
463 268
199 269
231 269
329 269
162 271
368 271
256 272
128 273
280 275
447 275
216 277
246 277
413 278
184 279
175 280
146 281
268 282
107 283
427 283
460 283
365 284
375 284
388 285
466 287
350 288
131 290
255 290
284 290
405 291
90 292
447 292
472 292
415 294
274 295
299 296
116 297
323 297
359 298
378 298
392 298
478 298
118 301
226 301
244 301
314 302
463 303
261 304
102 306
305 309
402 309
442 309
382 310
470 310
126 311
255 312
276 312
367 312
145 313
168 314
418 314
452 314
87 315
245 317
479 319
288 320
267 321
110 322
200 322
262 324
461 324
372 325
402 325
100 328
409 328
329 330
356 331
92 332
421 332
288 333
447 333
119 334
471 334
319 338
387 338
431 339
453 340
80 341
107 341
366 341
402 341
219 343
243 343
157 344
176 344
102 345
359 345
477 345
195 346
418 348
441 349
147 351
462 351
326 352
119 353
392 353
90 354
165 354
382 354
339 355
115 358
404 358
429 358
367 360
107 361
334 361
448 361
468 362
130 364
210 366
154 367
350 367
224 368
328 368
123 369
419 372
456 373
286 374
309 374
473 374
90 375
115 376
142 376
236 378
423 378
405 381
301 382
134 383
250 383
284 383
477 383
446 384
461 384
196 385
102 387
264 390
125 392
151 393
466 394
172 395
206 395
278 395
312 395
395 395
429 395
243 396
92 397
335 403
111 404
382 404
135 405
399 406
418 408
161 410
196 410
269 413
99 414
441 414
463 414
366 416
125 417
247 419
141 420
173 420
230 420
467 420
326 422
87 424
135 425
400 427
472 427
149 428
446 428
107 430
228 430
245 430
207 431
187 432
347 433
123 438
303 439
409 439
143 440
477 442
93 443
162 445
310 446
368 448
109 450
258 450
279 450
303 451
457 451
392 452
310 453
435 453
372 455
414 456
99 459
179 459
373 460
441 463
286 466
419 466
374 467
397 467
307 468
114 469
217 469
472 469
381 471
235 472
447 472
478 472
175 473
376 473
423 473
329 474
351 474
289 478
98 480
218 481
271 481
430 481
92 482
465 484
110 485
174 487
236 487
258 487
131 488
193 490
411 490
289 491
355 491
385 492
440 492
309 493
473 494
121 495
240 497
361 498
479 498
448 499
195 501
106 502
173 502
218 502
421 502
181 505
457 506
219 508
290 509
340 510
202 513
221 514
435 515
475 516
249 519
294 519
349 521
449 522
225 523
105 524
130 524
231 524
457 526
186 527
302 530
359 530
142 532
468 532
355 533
332 534
165 536
213 536
195 538
286 538
151 539
338 539
131 540
178 541
238 541
373 542
115 543
108 544
122 545
344 546
162 547
473 547
206 549
138 551
223 551
320 553
428 554
351 555
251 558
277 558
449 558
301 559
329 560
178 561
457 562
154 563
231 563
358 563
203 564
411 565
369 566
120 568
431 571
287 572
445 572
218 573
317 574
386 575
453 575
133 576
248 579
351 579
326 581
406 581
228 582
188 584
276 584
365 584
150 585
335 587
421 587
164 589
375 589
214 593
392 595
258 598
221 599
182 600
269 600
324 600
360 602
193 603
234 603
280 605
203 609
349 611
216 613
303 614
221 616
261 617
324 618
282 621
240 622
