400 1
417 1
183 2
428 2
286 3
408 3
459 3
115 4
387 4
365 5
109 6
180 6
242 6
354 6
474 6
264 8
326 8
136 9
172 9
206 9
341 9
102 10
231 10
166 11
194 13
310 13
436 13
443 13
402 14
451 14
289 15
386 15
418 15
150 16
274 16
375 16
95 17
117 18
246 18
361 18
466 18
188 19
345 20
138 22
212 22
436 22
257 23
476 23
328 24
446 24
286 25
317 25
173 26
221 26
157 27
380 27
276 28
392 28
403 29
413 29
101 30
367 30
423 30
228 31
347 31
126 32
187 33
238 33
293 33
465 33
264 34
436 34
476 34
92 35
143 35
206 35
336 35
117 36
323 38
256 39
279 39
215 40
386 40
404 40
307 41
249 43
365 43
106 44
423 44
432 44
264 45
299 45
445 45
146 46
335 48
164 49
455 49
467 50
477 50
94 52
371 52
382 52
265 53
402 53
411 54
312 55
419 56
294 57
429 58
82 59
105 59
253 60
443 60
459 61
266 64
479 64
74 66
389 66
413 66
117 67
134 67
173 67
198 67
236 67
351 68
426 69
68 70
291 70
145 71
169 71
63 72
89 72
439 72
456 74
466 74
247 75
255 75
473 75
275 76
103 78
121 78
238 79
202 80
392 80
77 82
96 82
342 83
170 84
283 86
474 86
316 87
450 88
305 89
398 91
142 92
162 92
187 92
354 92
376 92
410 92
291 94
343 94
468 94
440 96
265 97
80 98
150 98
329 99
448 100
476 100
51 101
255 101
318 101
277 103
90 104
305 104
418 104
461 105
67 107
103 108
140 108
156 108
289 108
356 108
338 110
238 111
472 112
323 113
113 114
451 115
54 116
311 117
304 118
73 119
299 119
466 120
245 121
46 123
171 123
278 123
351 123
390 123
445 123
219 124
120 125
154 125
40 126
86 126
186 126
102 128
211 129
461 129
319 130
75 131
234 131
307 131
58 134
114 134
147 135
442 135
478 136
51 137
452 138
93 139
161 139
350 139
178 140
222 140
459 140
66 141
329 141
104 142
423 142
44 144
116 144
191 144
318 144
406 144
265 146
475 146
61 148
414 148
151 149
236 149
451 149
81 150
359 151
348 152
371 152
36 153
58 154
167 154
336 154
462 154
91 155
429 155
77 157
103 157
285 157
468 157
56 158
274 158
402 158
179 159
72 160
27 161
117 162
477 162
50 163
445 164
136 165
266 165
216 166
20 167
69 167
305 167
453 167
294 168
359 168
368 168
154 169
188 169
463 169
44 170
236 170
396 170
334 171
342 171
355 171
130 172
287 173
61 174
472 174
323 175
37 176
201 176
85 177
231 177
450 177
478 178
144 180
183 180
56 181
31 182
225 182
356 183
459 184
47 185
25 186
69 186
344 186
156 188
216 188
255 190
118 191
283 191
470 191
83 192
328 192
94 193
171 193
16 194
443 194
321 195
239 196
477 196
112 198
130 198
207 198
231 198
344 199
456 199
37 200
56 200
165 200
356 200
74 201
297 202
391 204
125 205
467 205
54 208
87 208
106 208
143 208
413 209
443 209
25 210
68 210
158 210
179 211
475 211
357 212
49 213
196 213
453 214
122 215
394 215
101 216
77 219
460 220
61 221
36 224
11 225
113 225
210 225
259 226
444 226
470 226
79 229
55 230
132 230
448 230
32 232
93 232
474 234
49 235
75 235
128 235
149 235
381 235
27 236
343 236
406 236
92 238
389 238
457 238
167 239
250 239
107 240
316 241
41 242
184 242
287 242
463 242
20 243
90 243
371 245
346 248
243 249
279 249
450 249
468 249
7 250
270 250
72 252
356 252
381 252
362 253
194 254
259 254
27 255
160 255
240 256
328 256
478 256
301 257
119 258
337 259
460 260
102 261
287 261
47 262
346 262
441 262
62 263
274 263
15 264
231 264
463 264
188 265
422 266
40 267
80 267
447 267
355 268
310 269
132 270
321 270
470 270
362 271
3 272
329 272
31 274
337 275
408 275
453 275
128 277
435 278
278 279
50 280
28 281
114 281
172 281
315 281
19 284
157 285
329 285
371 285
462 285
113 286
64 287
98 287
264 287
146 290
446 290
310 291
467 291
250 292
7 293
15 293
116 296
284 296
318 296
452 296
474 296
170 297
408 297
31 299
216 299
387 299
149 300
438 301
199 302
308 304
327 304
346 304
19 305
416 305
461 305
357 306
376 307
442 307
255 308
298 309
332 309
76 311
286 311
392 311
107 312
151 312
9 313
364 314
450 315
471 317
204 318
218 318
32 320
276 320
300 320
370 320
142 321
79 322
269 322
407 322
478 323
159 324
457 324
23 325
414 326
297 327
8 331
221 332
228 332
309 332
133 334
416 334
209 335
32 338
147 338
465 338
156 339
106 340
405 341
447 341
426 344
453 345
474 345
66 346
376 346
10 348
128 348
237 349
30 350
178 350
212 350
458 350
42 351
144 351
197 351
415 351
435 351
163 352
189 352
99 353
111 358
396 359
468 359
123 361
268 361
277 362
448 362
12 363
247 363
134 364
258 364
231 365
309 365
33 367
95 367
198 367
475 367
353 368
46 369
458 370
62 371
431 371
379 372
110 373
248 374
406 375
416 376
10 377
280 378
76 379
131 379
210 379
323 379
37 380
271 381
147 383
28 384
41 384
259 384
455 384
466 384
347 385
58 386
109 386
185 387
247 387
300 388
171 389
337 389
442 389
477 389
75 393
20 396
277 396
268 397
56 398
321 398
399 398
446 399
241 400
455 400
35 402
254 402
373 402
468 402
42 405
68 405
183 406
192 406
203 406
215 406
236 406
118 407
229 407
79 409
53 410
125 411
333 411
19 412
366 412
402 414
409 414
136 415
361 416
252 417
66 419
154 419
460 419
470 419
478 419
106 420
227 420
450 420
43 421
214 421
237 421
394 421
203 422
192 424
78 425
380 425
118 426
55 428
371 428
28 432
92 432
354 432
362 432
406 432
134 433
251 434
146 435
67 436
217 436
241 436
453 436
159 437
204 438
308 438
229 439
396 439
444 440
79 441
297 441
335 442
378 442
47 443
61 446
326 446
131 447
271 448
421 448
362 449
92 450
251 450
406 450
181 451
199 452
244 452
475 452
25 453
208 453
222 453
354 453
231 454
74 455
458 455
372 456
41 458
448 458
443 459
435 460
88 461
151 461
286 461
62 463
130 464
427 465
189 466
202 466
479 466
69 468
231 469
217 470
239 470
466 470
78 471
454 471
156 474
338 474
34 475
114 476
445 476
93 477
324 478
194 479
430 479
50 480
181 480
357 480
272 481
474 481
64 482
268 482
208 483
232 483
245 483
259 483
107 484
220 484
315 484
415 484
153 486
463 486
303 488
117 489
333 489
450 489
33 490
83 490
292 491
479 491
368 492
186 493
436 493
206 495
48 497
94 497
228 497
59 498
145 499
107 501
462 501
70 503
78 506
339 506
443 506
210 507
34 508
85 508
277 508
223 509
265 510
318 510
43 511
236 511
53 513
469 513
107 516
345 516
456 516
68 517
369 519
203 520
221 520
320 520
116 521
336 521
239 522
259 522
301 522
278 523
471 525
48 527
401 528
454 528
386 529
63 530
254 531
324 531
208 533
239 533
76 534
421 535
122 538
478 538
459 540
229 541
388 541
307 543
442 544
56 545
291 545
205 547
354 547
153 548
415 548
71 549
118 549
399 551
169 552
218 552
228 552
465 552
264 555
278 555
443 555
186 556
241 556
344 556
205 559
413 559
428 559
64 563
126 563
470 564
236 565
83 566
173 566
142 568
267 568
287 568
308 568
354 568
454 568
94 570
156 570
188 570
443 570
108 571
424 573
171 576
220 576
121 578
130 578
477 578
79 579
183 579
234 580
461 580
141 581
352 581
445 582
163 583
111 586
206 586
218 587
282 589
121 591
467 593
475 593
139 594
299 595
158 596
314 596
169 597
193 597
229 599
368 599
389 601
105 602
261 602
403 602
285 603
419 604
437 604
114 606
302 609
470 609
326 610
457 610
180 611
131 612
149 613
196 613
278 613
210 614
337 614
390 614
369 615
227 618
240 618
159 619
166 620
254 620
406 620
425 620
300 623
441 623
284 624
177 625
309 625
186 626
336 626
191 628
379 629
200 630
207 633
219 633
360 635
370 637
226 638
