262 43
277 43
290 44
305 44
246 46
231 50
216 53
278 54
287 54
298 54
268 55
308 55
206 56
257 56
322 57
246 58
336 58
195 59
235 60
349 60
182 62
221 64
209 67
284 67
291 67
298 67
308 67
317 67
363 67
330 68
267 69
192 71
254 71
340 71
241 73
231 74
353 74
364 76
175 77
215 77
303 78
274 79
292 79
317 80
326 80
202 81
381 81
162 82
264 83
191 84
341 84
393 84
254 85
150 86
237 86
354 86
283 88
292 88
361 88
406 88
177 89
302 89
168 90
222 90
312 90
375 91
136 92
322 92
200 94
155 96
340 96
252 97
279 97
387 97
186 98
358 100
299 101
141 102
369 102
171 103
404 103
309 104
323 105
195 106
381 107
413 107
134 108
335 108
153 109
389 109
293 112
353 112
305 113
142 114
177 114
369 115
401 116
189 117
320 117
163 118
210 118
384 119
157 121
197 121
130 122
257 122
270 122
334 122
349 122
240 123
418 123
279 124
149 126
402 126
116 127
180 127
376 127
409 130
205 131
102 133
131 133
391 133
341 134
156 135
368 135
270 136
296 137
422 137
407 139
379 140
220 141
149 142
107 143
134 143
332 143
197 144
279 144
264 146
393 146
437 146
421 147
124 148
182 149
368 150
403 150
137 151
131 152
204 153
269 153
330 153
90 154
150 154
279 154
412 154
431 154
251 155
457 155
216 156
106 157
190 157
326 159
141 160
206 160
362 160
392 160
443 160
156 161
264 161
286 162
424 162
259 163
334 163
250 164
237 165
405 165
92 166
432 166
311 167
344 167
418 168
166 169
457 169
110 170
361 170
392 170
181 172
210 172
262 172
322 172
374 173
158 174
251 174
300 174
336 174
291 175
444 175
203 176
305 176
405 176
80 177
240 177
115 179
170 179
311 179
386 179
432 179
131 180
234 180
253 180
349 180
93 181
223 181
148 182
266 182
275 182
419 182
328 184
366 185
293 186
447 186
184 187
340 187
118 188
208 188
305 188
379 189
428 189
80 190
175 190
409 190
98 192
200 192
317 192
349 192
237 193
248 193
322 193
274 194
280 194
356 195
420 196
443 196
460 196
144 197
397 197
299 198
366 198
108 199
330 199
160 201
207 201
241 202
180 203
408 203
87 204
253 204
66 205
116 205
278 205
131 206
154 206
379 206
218 207
289 208
102 209
297 209
329 209
356 209
462 209
208 210
390 210
397 212
421 212
76 213
144 213
448 213
239 214
259 214
272 214
336 214
363 214
373 215
97 216
161 217
183 218
279 218
86 219
117 220
411 220
205 221
437 221
106 223
298 223
62 225
132 225
193 225
152 226
243 226
256 226
336 226
371 226
167 227
314 228
359 228
397 228
56 229
78 229
378 229
466 229
108 230
184 230
225 230
446 230
286 231
342 231
143 232
213 232
70 233
176 233
431 233
209 234
333 236
246 237
270 237
297 237
322 237
353 237
370 237
454 238
238 239
153 240
65 241
231 241
415 241
134 242
309 242
396 242
458 242
207 244
222 244
342 244
114 245
422 245
180 246
294 246
330 246
125 247
263 247
444 247
71 248
385 249
49 250
274 250
245 251
466 251
232 253
239 253
351 253
368 253
253 254
300 254
413 254
452 254
117 255
223 255
288 255
262 256
67 257
172 257
198 258
217 258
271 258
315 258
130 259
152 259
303 260
276 261
380 261
420 261
238 262
111 263
210 263
363 263
331 264
75 265
228 265
309 265
404 266
254 267
444 267
54 268
142 269
159 269
299 269
322 269
122 270
219 270
85 271
196 271
262 271
392 273
428 273
115 274
239 274
466 274
211 276
66 277
273 277
341 277
289 278
330 278
232 279
251 279
306 279
376 279
433 279
168 280
202 280
184 281
131 282
148 282
451 282
73 283
110 283
419 283
54 284
319 285
439 285
142 287
293 287
457 287
159 288
336 288
179 289
235 289
245 289
102 290
444 290
367 291
389 292
253 293
309 293
324 293
205 294
230 294
48 296
186 296
172 297
296 297
461 297
59 298
133 299
376 299
446 299
298 302
234 303
367 303
70 304
432 304
41 305
326 306
286 308
416 308
451 309
65 310
207 310
260 312
312 312
82 313
373 313
387 315
405 317
54 318
312 318
224 319
339 320
96 321
176 321
71 322
136 322
197 322
351 323
378 323
459 324
394 325
413 325
152 326
271 327
328 327
64 328
219 328
128 329
46 330
254 330
364 330
434 330
447 331
353 332
85 333
418 333
163 334
234 334
123 335
143 335
318 335
102 337
331 337
406 337
35 338
311 338
366 338
56 340
158 340
383 340
74 341
214 341
284 341
250 343
424 343
192 344
229 344
397 344
117 345
408 345
439 345
453 345
48 347
135 347
66 350
282 350
333 350
370 351
386 352
165 354
185 354
298 355
430 356
345 358
414 358
444 358
218 359
399 359
38 360
83 361
309 362
56 365
98 365
158 365
215 365
401 365
283 366
433 367
449 367
361 368
119 369
31 371
375 371
419 371
245 372
401 373
449 373
49 374
259 374
296 374
349 374
116 376
148 376
165 376
208 376
438 376
89 377
423 377
111 378
72 379
255 380
285 380
321 380
107 381
453 381
408 383
202 384
41 385
62 385
105 385
129 385
160 385
238 385
311 385
282 387
323 388
337 388
439 388
269 390
365 390
408 390
96 392
198 392
397 392
427 393
169 396
335 396
308 398
369 398
50 399
90 399
382 399
247 400
413 400
338 401
228 402
207 405
185 406
431 408
60 409
223 409
201 410
338 411
44 412
400 412
304 413
156 414
238 415
320 415
387 415
417 415
74 416
260 416
362 417
133 418
175 418
336 418
376 419
196 421
419 421
239 423
254 424
303 424
325 424
144 425
66 426
188 426
339 426
405 426
391 429
422 430
364 431
184 434
204 434
40 435
224 435
133 436
408 437
424 438
62 439
264 439
52 441
178 442
197 442
342 442
240 444
393 444
82 445
296 445
326 447
412 447
43 448
74 451
384 451
354 453
369 453
399 455
165 456
271 456
230 458
58 460
204 460
341 460
300 462
154 463
402 463
372 464
386 464
327 465
359 466
46 467
113 468
240 468
79 469
196 469
311 471
143 472
390 474
65 476
162 477
259 477
376 477
131 479
251 480
177 481
361 481
53 482
111 482
328 482
85 483
347 485
47 486
79 486
73 488
103 488
144 489
223 489
382 489
245 490
265 490
363 490
286 491
69 492
182 493
93 495
233 496
63 498
168 499
277 499
194 501
328 502
352 502
105 504
149 504
248 506
141 507
272 507
98 508
130 508
211 509
92 512
118 513
171 513
73 515
203 515
243 516
323 518
144 520
154 520
261 521
312 521
103 522
277 522
238 524
134 526
91 528
123 528
229 528
291 528
305 528
166 530
78 531
215 532
248 532
114 534
261 535
158 536
196 537
311 537
104 538
279 538
297 538
146 539
231 539
124 544
137 544
222 545
248 545
323 545
286 547
112 548
208 549
265 550
305 554
153 555
232 556
142 557
250 557
269 557
118 558
127 558
225 558
292 558
215 561
111 562
192 562
207 562
179 565
186 565
278 565
172 567
158 568
246 569
144 572
236 572
218 574
208 576
193 577
155 581
173 583
