178 5
304 5
262 6
196 7
350 7
377 9
215 10
281 10
230 12
323 14
256 15
294 15
392 16
363 17
162 18
182 19
204 19
333 19
307 20
145 21
281 23
232 24
379 24
414 25
190 27
214 27
248 27
295 27
319 27
354 27
174 29
263 29
158 30
390 30
278 31
142 33
339 34
373 34
300 36
349 36
407 36
227 38
242 38
384 38
211 39
319 39
198 40
182 41
174 42
276 42
332 42
366 42
418 43
158 44
291 45
137 47
150 47
347 48
402 49
242 51
303 51
385 51
206 52
415 52
434 52
192 53
263 53
274 54
324 55
366 55
167 57
290 58
401 59
133 61
149 61
123 62
341 62
239 63
255 63
186 66
420 66
173 67
145 69
127 70
157 70
303 70
433 70
402 72
111 74
221 75
444 76
199 77
249 77
376 77
413 78
157 81
301 83
423 83
356 84
136 85
366 86
434 88
226 89
256 89
119 90
200 90
104 91
274 91
334 91
408 91
279 92
171 93
184 94
88 95
343 95
301 96
448 96
152 97
312 98
354 98
224 99
420 99
139 100
395 100
125 101
188 101
245 101
255 101
325 101
266 103
402 103
335 104
463 104
114 106
170 106
282 106
439 108
94 110
153 110
210 110
234 110
307 110
197 111
296 111
383 111
417 111
134 113
187 113
316 113
79 114
172 115
453 115
358 116
246 117
257 117
398 117
429 117
127 118
332 118
268 119
372 119
217 120
226 120
276 120
113 121
141 121
197 122
106 123
288 123
344 124
175 125
184 125
468 125
300 126
385 127
85 128
310 128
419 128
155 129
233 129
253 130
72 131
141 132
210 132
222 132
267 133
124 134
197 134
182 135
456 135
281 137
102 138
431 138
164 140
210 140
379 140
86 141
249 141
255 141
150 142
228 142
314 142
446 143
134 144
196 144
348 144
76 145
184 146
472 146
324 147
124 148
170 148
331 148
66 149
112 150
239 150
275 150
285 151
454 151
226 152
162 153
215 153
255 153
434 153
300 155
351 155
406 155
150 156
200 156
313 156
138 157
323 157
91 158
386 158
183 159
467 159
128 160
80 161
364 161
257 162
245 163
478 163
65 164
228 164
270 164
421 164
448 164
213 165
340 165
373 165
288 166
297 167
351 167
405 167
149 168
202 168
304 168
385 169
319 170
359 170
131 173
94 174
251 174
80 175
231 175
465 175
168 176
416 176
210 177
337 177
369 177
396 177
157 178
272 178
446 179
347 180
402 180
59 181
292 181
144 182
314 183
130 184
209 185
358 185
230 186
266 186
331 186
384 186
77 189
282 189
340 189
159 190
171 190
417 191
465 191
113 192
300 192
349 192
145 194
58 195
331 195
213 196
226 196
312 196
427 196
243 197
356 197
130 198
323 198
182 199
88 200
350 200
412 200
449 200
277 201
121 202
287 202
370 203
169 204
113 205
335 205
223 206
234 206
307 206
70 207
259 207
428 207
206 208
244 208
380 209
53 210
143 210
192 210
342 210
274 211
460 211
100 212
352 212
365 212
401 212
326 213
176 214
435 214
132 215
119 216
232 218
310 218
414 218
80 219
162 219
251 219
262 219
472 219
223 220
341 220
444 220
105 222
276 222
425 222
150 223
60 224
287 224
366 224
183 225
193 225
355 225
404 226
388 227
302 228
171 229
430 229
458 229
156 230
248 230
259 230
241 231
313 231
410 231
222 232
272 232
76 234
204 235
383 235
65 236
198 237
443 238
469 238
187 239
299 239
400 240
420 240
54 241
155 242
120 243
309 244
321 244
381 244
242 245
217 246
279 246
346 246
407 246
80 247
111 247
430 248
143 249
163 250
205 250
291 250
392 250
454 250
103 251
332 251
352 251
67 253
416 254
307 255
239 256
249 256
357 256
317 257
439 257
54 258
122 258
145 258
222 259
270 259
470 259
82 260
170 260
281 260
209 262
326 262
403 262
347 263
76 265
298 265
428 265
130 267
305 268
353 268
96 269
158 269
252 270
390 270
453 270
61 271
183 271
234 271
412 271
121 272
337 272
211 273
225 273
377 274
204 275
314 275
439 275
141 276
284 276
83 277
343 277
292 278
397 279
463 279
323 280
367 280
416 280
47 281
383 281
71 284
255 284
303 284
330 284
426 284
218 285
263 285
471 285
231 287
372 287
448 287
208 289
276 289
311 289
176 290
337 290
90 292
357 292
407 292
198 293
283 293
58 294
167 294
218 294
477 294
107 295
289 296
396 296
359 297
381 297
261 298
342 298
458 298
48 299
75 299
159 299
321 299
426 299
128 301
232 302
444 303
204 304
300 304
71 305
178 305
430 305
228 306
350 307
369 308
449 308
137 309
220 309
257 309
470 309
87 310
60 311
148 312
309 312
407 312
416 312
436 312
188 313
167 314
53 315
128 315
213 315
374 315
392 316
456 316
79 317
107 317
357 317
233 318
339 319
157 320
288 320
95 323
174 323
68 324
223 324
380 324
423 324
137 325
249 326
261 326
403 326
300 327
345 327
363 327
467 327
60 328
211 328
323 328
197 329
274 329
164 330
385 330
241 331
80 332
184 332
407 332
429 333
306 334
327 334
50 335
126 335
226 335
350 335
387 336
99 337
371 337
283 338
69 339
178 339
454 339
311 341
353 341
411 341
260 343
236 344
249 344
291 344
191 345
211 345
333 345
89 346
395 346
60 347
294 348
375 348
359 349
105 350
230 350
147 351
319 351
80 352
459 352
124 353
169 354
225 354
340 355
186 356
301 357
444 357
67 358
220 358
117 359
203 359
342 360
93 361
471 361
164 362
249 362
325 362
426 362
266 363
367 363
386 363
286 364
305 364
110 365
231 365
407 365
198 366
83 367
147 368
328 368
452 368
159 369
255 369
349 370
367 371
270 372
311 372
391 373
74 374
371 374
101 375
229 375
141 377
295 377
331 377
258 378
463 379
316 380
117 381
396 382
60 383
356 383
135 384
228 384
300 385
376 385
87 386
195 386
420 386
212 387
443 387
149 389
166 389
338 389
131 390
178 390
251 391
105 392
268 392
472 392
74 393
196 394
178 396
306 396
428 396
87 397
237 397
163 400
408 400
454 400
103 401
215 401
388 401
84 403
192 403
257 403
230 404
346 404
291 406
96 408
462 408
219 410
352 410
370 410
72 412
116 412
143 413
175 413
196 413
234 413
394 413
333 414
265 415
442 415
85 417
399 417
109 418
196 418
314 418
473 418
380 421
249 422
272 422
301 422
141 423
176 423
287 423
320 425
199 426
405 426
78 427
242 427
339 427
225 429
457 429
97 430
156 431
295 432
366 432
408 432
324 433
118 434
389 434
135 436
372 438
163 439
114 440
394 440
87 441
346 441
442 441
474 441
329 442
208 443
253 443
266 443
305 443
350 444
422 444
186 445
104 447
452 447
379 448
126 450
215 451
431 451
334 453
404 453
468 453
259 454
272 455
314 455
437 455
294 458
356 458
115 459
200 460
245 460
385 460
137 461
413 461
366 462
177 464
323 464
299 465
449 465
253 466
98 467
204 467
423 468
351 470
461 470
130 472
374 472
117 473
401 473
430 474
211 475
441 476
136 477
261 477
409 479
194 480
310 481
359 481
147 483
221 484
418 484
450 484
103 487
121 489
427 489
250 490
371 491
133 492
204 493
275 493
257 496
234 497
150 499
188 500
356 502
410 502
158 504
338 506
246 507
423 508
127 509
367 509
314 510
202 511
432 512
250 513
142 514
150 517
324 517
373 517
351 518
407 519
156 520
186 520
218 522
243 523
284 525
391 526
198 527
230 529
344 529
368 529
289 530
138 532
319 532
177 533
211 534
378 534
398 534
275 535
353 536
249 538
404 538
149 539
328 540
194 541
298 541
222 542
158 543
258 544
283 544
365 545
206 546
233 546
305 546
343 547
169 548
379 550
180 551
245 551
320 551
267 552
219 554
252 554
295 556
334 556
356 556
195 557
341 559
205 561
370 562
315 563
237 564
267 564
291 565
332 567
304 570
252 572
295 579
