281 9
269 10
294 10
308 12
328 13
335 13
348 15
365 15
377 20
383 21
245 23
235 24
257 24
212 25
265 25
272 25
396 25
285 26
441 26
311 28
193 30
202 30
330 30
449 31
348 32
359 33
413 35
379 37
423 38
169 39
246 41
256 41
242 42
244 42
279 42
395 42
431 42
224 43
303 43
244 44
247 44
296 44
331 44
384 44
216 45
262 45
268 45
344 45
382 45
302 46
311 46
203 47
355 47
194 48
358 48
396 50
327 51
345 51
394 51
407 51
181 52
372 53
172 55
262 55
416 55
256 56
363 56
381 56
456 57
260 58
269 58
278 59
309 59
316 59
426 59
310 60
319 60
323 60
377 60
145 61
281 61
381 61
308 62
211 63
226 63
242 63
315 63
134 64
347 64
323 65
350 65
438 65
341 66
195 67
126 68
474 68
350 69
185 70
405 70
178 71
364 71
375 71
291 72
358 72
274 73
452 73
164 74
268 74
292 74
301 74
306 74
285 75
287 75
416 75
245 76
298 76
320 76
237 77
242 77
291 77
318 77
322 77
324 77
316 78
323 79
145 80
339 80
349 80
222 81
464 82
439 83
356 84
360 84
433 84
207 85
129 86
199 86
415 86
189 87
114 88
259 88
433 88
417 90
473 90
170 91
257 91
269 91
321 91
232 92
248 92
316 92
266 93
380 94
97 95
158 95
223 95
446 95
477 95
215 96
391 97
210 98
359 98
149 99
406 99
408 99
357 100
409 100
198 101
298 101
459 102
191 103
251 103
255 103
426 103
246 104
251 105
371 105
271 106
285 106
258 107
264 107
275 107
165 108
224 108
260 108
304 108
331 108
334 108
109 109
432 109
357 110
157 111
217 111
321 111
341 111
474 112
338 113
144 114
204 114
445 114
345 115
190 117
294 118
378 118
181 119
284 119
287 119
304 119
452 119
115 120
247 120
301 120
306 120
365 120
375 120
417 120
422 120
302 121
168 122
236 122
244 122
324 122
379 122
461 122
102 123
388 123
224 124
315 124
382 124
330 125
331 125
208 127
407 127
85 128
345 128
404 128
438 128
358 129
144 130
361 130
399 130
192 131
353 131
370 131
132 132
358 132
267 133
277 133
281 133
293 133
363 133
241 134
280 134
307 134
423 134
266 135
377 135
478 135
171 136
454 136
232 137
104 139
160 139
220 139
325 140
392 141
432 141
150 142
199 142
354 142
351 143
445 143
290 144
134 145
188 146
241 147
362 147
376 147
469 147
120 148
412 148
420 148
175 149
234 150
243 150
309 150
105 151
221 152
334 152
388 152
297 153
340 153
396 153
477 153
286 154
324 154
208 156
274 156
436 157
137 158
443 158
193 159
347 159
451 159
256 160
370 160
414 160
119 162
176 162
185 162
233 163
249 163
376 163
419 163
164 164
172 164
368 164
113 165
173 165
377 165
462 165
153 166
159 166
221 166
381 166
322 167
421 167
286 168
304 168
338 168
430 168
426 169
160 170
209 170
272 170
327 170
280 171
90 172
354 172
471 172
262 173
264 173
82 174
192 174
196 174
354 174
475 174
127 175
130 175
402 175
137 176
441 176
135 177
237 177
412 177
446 177
63 178
129 178
306 178
416 178
119 179
309 179
453 179
223 180
305 180
423 180
165 181
214 181
297 181
301 181
334 181
325 182
201 183
267 183
96 184
197 184
334 184
338 184
351 184
161 185
344 185
396 185
368 186
437 186
251 187
345 187
353 187
235 188
249 188
349 188
357 188
402 188
437 188
469 189
89 190
130 190
134 190
303 190
357 190
381 190
363 191
416 191
443 192
211 193
367 193
388 193
175 194
274 194
322 194
391 194
161 195
238 195
386 195
477 195
329 196
417 196
228 197
422 197
198 198
396 198
76 199
393 199
283 200
344 200
251 201
254 201
428 201
182 202
243 202
246 202
461 202
108 203
138 203
402 204
269 206
381 206
58 208
164 208
283 208
161 209
303 209
328 209
274 210
420 210
446 210
159 211
165 211
333 211
84 212
93 212
126 212
153 212
473 212
84 214
118 214
183 214
345 214
254 215
380 215
449 215
146 216
250 216
395 216
151 217
154 217
355 217
431 217
369 218
423 218
112 219
311 219
457 219
106 220
201 220
234 220
289 220
319 220
328 220
131 221
302 221
315 221
432 221
437 221
141 222
198 222
283 222
286 222
318 222
136 223
267 223
279 223
292 223
376 223
411 223
407 224
91 226
127 226
264 226
267 226
467 226
156 227
161 227
347 227
379 227
360 228
413 228
440 228
119 229
122 229
251 229
355 229
418 229
422 229
206 230
248 230
396 230
444 230
144 231
390 231
427 231
235 232
237 232
419 232
474 232
145 233
289 233
402 233
449 233
140 234
308 234
325 234
277 235
293 235
303 235
113 236
225 236
338 236
341 236
405 236
479 236
223 237
411 237
430 237
99 238
157 239
188 239
197 239
186 240
223 240
258 240
437 240
459 240
390 241
128 242
157 242
242 242
418 242
237 244
185 245
209 245
121 246
300 246
320 246
332 246
365 246
144 247
397 247
124 248
292 248
305 248
342 248
373 248
442 248
468 248
230 249
347 249
273 250
378 250
203 251
85 252
113 252
200 252
250 252
134 253
147 253
173 253
224 253
266 253
449 253
76 254
355 254
132 255
135 255
474 255
188 256
242 256
299 256
363 256
385 256
315 257
454 257
135 258
163 258
184 258
209 258
403 258
188 259
436 259
206 260
404 260
476 260
65 261
124 261
406 261
459 261
186 262
346 262
350 262
354 262
374 262
406 262
348 263
427 263
201 264
205 264
443 264
479 264
115 265
153 265
276 265
354 265
410 266
52 267
203 267
269 267
432 267
172 268
243 268
296 268
305 268
90 269
177 269
221 269
299 269
448 269
112 270
168 270
331 270
78 271
194 271
370 271
467 271
143 272
235 272
308 272
328 272
403 272
163 273
294 273
298 273
451 273
103 274
255 274
373 274
374 274
214 275
346 275
192 276
285 276
288 276
372 276
98 277
279 277
350 277
226 278
378 278
97 279
161 279
190 279
358 279
455 279
223 280
226 280
243 280
354 280
100 281
135 281
414 281
443 281
269 282
474 282
93 283
134 283
323 283
435 283
459 283
237 284
156 285
306 285
337 285
419 285
440 285
175 286
267 286
423 286
478 286
75 287
198 287
216 287
346 287
122 288
146 288
424 288
461 288
391 291
372 292
87 293
356 293
408 293
142 294
272 294
465 294
374 295
448 295
207 296
305 296
378 296
385 296
81 297
187 297
326 297
400 297
80 298
114 298
240 298
111 299
135 299
333 299
382 299
106 300
160 300
389 300
454 301
217 302
220 302
235 302
284 302
288 302
345 302
407 302
473 302
76 303
265 303
236 304
404 304
111 305
152 305
155 305
180 305
212 305
408 305
440 305
102 307
134 307
303 307
315 307
86 308
373 308
395 308
440 308
299 309
426 309
210 310
329 310
355 310
397 310
64 311
107 311
208 311
245 311
413 311
415 311
430 311
224 312
298 312
401 312
464 312
227 313
413 313
416 313
147 314
205 314
172 315
282 315
96 316
204 316
239 316
449 316
118 317
145 317
142 318
273 318
311 318
345 318
363 318
187 319
279 319
422 319
246 320
275 320
303 320
332 321
346 321
350 321
352 321
454 321
471 321
368 322
252 323
394 323
293 324
152 325
214 325
335 325
163 326
264 326
354 326
83 327
357 327
424 327
457 327
85 328
336 328
395 328
113 329
283 329
80 330
127 330
134 330
359 330
82 331
344 331
426 331
478 331
133 332
234 332
260 332
308 332
103 333
444 333
157 334
192 334
416 334
462 334
101 335
131 335
274 335
206 336
232 336
300 336
381 336
98 337
101 337
402 337
414 337
71 338
294 338
368 338
433 338
95 339
101 339
128 339
186 339
431 339
116 340
254 340
435 340
466 340
171 342
340 342
145 343
212 343
229 343
237 343
267 343
61 344
141 344
181 344
378 344
354 345
114 346
314 346
452 346
278 347
358 347
436 347
184 348
227 348
309 348
329 348
472 348
56 349
195 349
396 349
426 350
104 351
138 351
248 352
139 353
258 353
366 353
371 354
384 354
83 355
98 355
48 356
75 356
102 356
345 356
370 356
133 357
137 357
203 357
270 357
296 357
399 357
476 357
283 358
427 358
430 358
131 359
313 359
460 359
129 360
171 360
232 360
233 360
153 361
173 361
416 361
147 362
355 362
196 363
217 363
207 364
390 364
420 364
93 365
112 366
148 366
193 366
241 366
266 366
304 366
466 366
360 367
362 367
433 367
92 368
108 368
130 368
148 368
242 368
277 368
405 369
251 370
301 370
364 370
84 371
127 371
144 371
161 371
378 371
450 371
177 372
329 372
120 373
252 373
440 373
100 374
122 374
143 374
176 374
213 374
260 374
163 375
202 375
427 375
454 375
118 376
262 376
142 377
157 377
186 377
224 377
239 377
300 377
347 377
365 377
381 377
58 378
160 378
413 378
382 380
430 380
82 381
172 381
112 382
456 382
97 383
352 383
428 383
210 384
259 384
129 385
154 385
157 385
272 385
372 385
411 385
53 386
172 386
248 386
402 386
71 387
306 387
330 387
387 387
400 387
170 388
180 388
272 388
476 388
127 389
156 389
166 389
258 389
49 390
228 390
371 390
126 391
181 391
219 391
336 391
374 391
419 391
389 392
87 393
164 393
237 393
89 394
421 394
461 394
122 395
124 395
193 395
306 395
425 395
357 396
449 396
43 397
269 397
372 397
376 397
138 398
319 398
389 398
465 398
415 399
138 400
256 400
344 400
95 401
174 401
236 401
357 401
439 401
100 402
178 402
318 402
116 403
266 403
96 404
255 404
467 404
223 405
443 405
110 406
313 406
254 407
406 407
184 408
199 408
213 408
224 408
277 408
430 408
95 409
389 409
212 410
350 410
400 410
90 411
128 411
289 411
333 411
347 411
446 412
91 413
156 413
208 413
263 413
142 414
185 414
319 414
408 414
50 415
84 415
378 415
110 416
171 416
183 416
210 416
421 416
274 417
287 417
71 418
109 418
264 418
318 418
448 418
252 419
399 419
409 419
194 420
218 420
289 420
219 421
233 421
165 422
407 422
221 423
254 423
208 424
219 424
230 424
265 425
133 426
164 426
232 426
273 426
277 426
321 426
322 426
358 426
380 426
426 426
63 427
218 427
177 428
189 428
369 428
456 428
191 429
414 429
152 430
163 430
468 430
191 431
243 431
117 432
56 433
98 433
177 434
231 434
253 434
78 435
148 435
241 435
392 435
201 436
323 436
359 436
54 437
111 437
306 437
128 438
189 438
264 439
430 439
444 439
175 440
252 440
94 441
227 441
328 441
113 443
143 443
264 443
363 443
407 443
110 444
128 444
206 444
252 444
348 444
384 444
478 444
69 445
46 446
367 446
404 446
89 447
297 447
308 447
158 448
275 448
436 448
157 450
316 450
420 450
123 451
140 451
264 451
330 451
64 452
121 452
319 452
352 452
106 453
388 453
467 453
81 454
107 454
169 454
242 454
125 455
334 455
338 455
396 455
108 457
123 457
288 457
320 457
342 457
436 457
359 458
193 459
204 459
217 459
440 459
101 460
266 460
323 460
361 460
424 460
134 461
180 461
343 461
453 461
301 462
428 462
286 463
240 464
305 464
326 464
378 464
441 464
280 465
320 466
365 466
472 466
402 467
167 468
216 468
369 469
99 470
113 470
462 470
228 471
355 471
370 471
401 471
117 472
129 472
145 472
201 472
253 472
127 473
368 473
268 474
240 475
296 475
322 475
407 475
129 476
294 476
306 476
433 476
296 477
360 477
386 477
190 478
310 478
88 479
313 479
358 479
393 479
143 480
190 480
268 480
341 480
125 481
188 481
217 481
257 481
310 481
326 481
358 481
468 481
85 482
391 482
396 482
156 483
244 483
258 483
298 483
377 483
389 483
342 484
377 485
411 485
379 486
216 487
399 487
107 488
186 488
285 488
289 488
330 488
123 489
270 489
319 489
334 489
302 490
399 490
416 490
419 490
438 490
273 491
347 491
203 492
258 492
288 492
291 492
421 492
423 492
304 493
199 494
214 494
372 494
442 494
71 495
154 495
257 495
288 495
290 495
340 495
358 495
402 495
422 495
459 495
272 496
276 496
324 496
356 496
405 496
426 496
440 496
120 497
359 497
377 498
408 498
168 499
246 499
134 500
324 500
357 500
220 501
326 501
363 502
382 502
387 502
408 502
201 503
294 503
306 503
343 503
479 503
329 504
345 504
82 505
347 505
361 505
430 505
467 505
167 506
187 506
450 506
202 507
234 507
335 507
413 507
428 507
296 508
365 508
388 508
397 508
434 510
130 511
150 511
264 511
333 511
337 511
413 511
247 512
290 512
416 512
110 513
166 513
205 513
215 513
301 513
373 513
200 514
280 516
354 516
399 516
420 516
292 517
473 517
202 518
356 518
404 518
419 518
88 519
182 519
310 519
344 519
423 519
444 519
225 520
327 520
421 520
123 522
168 522
227 522
284 522
298 522
421 522
309 523
285 524
364 524
316 525
448 525
207 526
313 526
103 527
224 527
396 527
427 527
150 528
208 528
351 528
453 528
320 530
335 530
373 530
433 530
231 531
322 532
119 533
233 533
254 533
324 533
412 533
151 534
169 534
187 534
204 534
288 534
459 534
308 535
383 535
468 536
341 537
188 538
345 538
132 539
152 539
209 539
280 539
346 540
225 541
357 541
395 541
240 542
258 542
173 543
100 544
212 545
285 545
361 545
302 546
285 547
368 547
153 548
194 548
265 548
333 548
413 548
434 548
458 549
135 551
157 551
381 551
177 552
286 552
343 552
292 553
291 555
293 555
308 555
341 555
390 555
420 555
118 556
344 556
346 556
399 557
223 558
338 558
340 558
205 559
224 559
352 559
434 559
160 560
202 560
270 560
413 560
352 561
229 562
361 562
210 563
443 563
448 564
454 564
252 565
326 566
183 568
259 568
292 568
383 568
236 569
402 569
395 570
146 571
167 571
218 571
334 571
277 573
302 574
341 574
419 574
172 576
349 576
432 577
444 577
205 578
310 578
456 578
154 579
361 579
209 580
178 581
228 582
271 583
376 583
385 583
395 583
185 584
294 584
410 584
193 586
278 588
258 591
344 591
200 594
425 594
356 595
410 595
394 596
366 597
268 598
325 601
234 602
341 602
420 606
408 607
217 608
259 609
400 609
312 611
376 611
362 612
224 613
