424 2
312 3
372 5
407 6
245 7
335 7
381 7
262 8
233 9
387 9
465 9
276 10
293 10
353 10
219 11
439 11
190 12
309 12
419 12
364 14
400 14
171 15
323 17
449 17
477 17
241 20
378 20
436 20
277 21
226 22
256 22
340 22
204 23
298 24
416 24
183 25
308 25
157 26
168 26
444 26
324 27
463 27
357 29
397 29
434 31
474 31
273 32
233 33
259 33
287 33
248 34
338 34
222 35
298 35
408 35
177 36
191 36
206 36
347 36
371 36
160 38
316 39
452 39
145 40
326 41
353 41
388 42
421 42
346 43
464 43
252 44
339 44
424 44
228 45
232 45
343 45
270 46
397 46
221 47
293 47
299 47
302 47
214 48
284 48
194 49
208 49
298 49
309 49
316 49
314 50
473 50
318 51
442 52
166 53
330 53
377 53
133 55
148 56
388 56
453 57
239 59
246 59
257 59
271 59
353 59
359 60
395 60
434 61
216 62
289 62
203 63
403 63
432 63
463 63
192 64
175 65
180 65
311 65
325 65
365 65
406 65
410 66
435 66
156 68
142 69
225 69
236 69
255 69
339 69
343 69
375 69
221 70
236 71
334 71
200 72
331 72
344 72
451 72
212 73
277 73
342 73
386 73
422 73
476 73
123 74
284 74
426 74
429 75
431 75
458 75
357 76
297 77
403 77
400 79
166 80
242 80
263 80
411 80
405 81
266 82
374 82
166 83
467 83
164 84
153 85
445 85
169 86
339 86
417 86
143 87
287 87
414 87
188 88
292 88
416 88
350 89
395 89
132 90
241 90
245 90
303 90
347 90
355 90
478 90
294 91
353 91
430 91
224 92
232 92
302 92
315 92
424 92
458 92
116 93
356 93
359 93
393 93
307 94
317 94
299 95
401 95
405 95
368 96
198 97
438 97
162 98
254 99
371 99
412 100
152 101
244 101
335 101
469 101
275 102
284 102
331 102
337 103
449 103
131 104
277 104
353 104
380 104
422 104
289 105
349 106
390 106
115 107
199 107
296 107
189 108
300 108
420 108
184 109
394 109
400 109
175 110
178 110
318 110
432 110
461 111
244 112
264 112
274 112
275 112
318 112
319 112
229 113
236 113
281 113
283 113
323 113
329 113
367 113
226 114
256 114
268 114
327 114
149 115
319 115
336 115
376 115
414 115
136 116
323 116
339 116
405 116
416 116
473 116
215 117
378 117
335 118
338 118
447 119
188 120
344 120
347 120
376 120
420 120
265 121
349 121
355 121
172 122
275 122
293 122
116 123
177 123
236 123
254 123
268 123
393 123
422 123
165 124
172 124
261 124
312 124
104 125
316 126
323 126
460 126
163 127
212 127
147 128
159 128
206 128
324 128
400 128
144 129
333 129
433 129
199 130
339 130
341 130
377 131
412 133
258 134
342 134
128 135
244 135
288 135
167 136
176 136
350 136
388 136
118 137
227 137
239 137
269 137
420 137
449 138
474 138
138 139
151 139
155 139
308 139
104 140
210 140
229 140
139 141
198 141
365 141
398 141
325 142
430 142
133 144
324 144
328 144
374 144
185 145
461 145
410 146
120 147
239 147
347 147
381 147
166 148
187 148
293 148
159 149
266 149
283 149
287 149
289 149
153 150
169 150
228 150
276 150
442 150
351 151
420 151
162 152
306 152
470 152
391 153
319 154
101 155
207 155
325 155
425 155
195 156
215 156
218 156
200 157
371 157
193 158
256 158
186 159
201 159
131 160
274 160
272 161
345 161
410 161
433 161
169 162
291 162
349 162
383 162
407 162
305 163
342 163
111 164
414 164
420 164
314 165
153 166
225 166
362 166
419 166
441 166
460 166
213 167
251 167
323 167
370 168
396 168
422 168
143 169
201 169
203 169
228 169
325 170
405 170
453 170
135 171
380 171
286 172
192 173
410 173
406 174
433 174
178 175
474 175
120 176
300 176
409 176
166 177
236 178
309 178
373 178
412 178
232 179
249 179
259 179
348 179
395 179
260 180
323 180
102 181
153 181
231 181
278 181
452 181
206 182
275 182
283 182
427 182
140 183
198 183
280 183
420 183
328 184
336 184
364 184
297 185
330 185
386 186
406 186
426 186
429 186
185 187
126 188
310 188
461 188
347 189
373 189
172 190
232 190
412 190
232 191
240 191
396 191
412 191
216 192
262 192
321 192
107 193
156 193
271 193
359 193
469 193
223 194
285 194
279 195
332 195
361 195
297 196
97 197
140 197
337 197
448 197
195 198
387 198
179 199
309 199
422 199
124 200
430 200
312 201
314 202
347 202
241 203
254 203
377 203
395 203
170 204
324 204
413 204
454 204
190 205
241 205
278 205
360 205
112 207
213 207
215 207
221 207
230 207
289 207
418 207
432 207
155 208
227 208
363 208
139 209
179 209
203 209
405 209
417 209
141 210
177 210
212 210
345 210
389 210
310 211
100 212
176 212
303 212
466 212
205 213
351 213
200 214
319 214
321 214
445 214
275 215
377 215
122 216
163 216
330 216
247 217
285 217
403 217
273 218
113 219
150 219
265 219
267 219
186 220
221 220
227 220
284 220
341 220
385 220
367 221
404 221
429 222
453 222
477 222
204 223
219 224
416 224
102 225
201 225
303 225
311 225
136 226
142 226
169 226
372 226
315 227
168 228
260 228
267 228
396 228
166 229
193 229
249 229
254 229
277 229
355 229
401 229
462 229
95 230
158 230
235 231
242 231
379 231
159 232
222 232
230 232
281 232
426 232
157 233
188 233
224 233
298 233
118 234
185 235
339 235
302 236
121 237
208 237
343 237
146 238
176 238
178 238
203 238
210 238
367 238
389 238
450 238
142 239
204 239
313 239
207 240
316 241
171 242
202 242
319 242
412 242
475 242
103 243
230 243
266 243
356 243
127 244
161 244
248 244
413 244
432 244
233 245
256 245
269 245
329 245
417 245
187 247
227 247
328 247
330 247
91 248
151 248
287 248
359 248
213 249
221 249
223 249
399 249
461 250
117 251
206 252
363 252
421 252
387 253
403 253
201 254
338 254
389 254
408 254
173 255
319 255
428 255
141 256
276 256
279 256
387 256
411 256
264 257
276 257
317 257
449 257
109 258
273 258
283 258
424 258
197 259
294 259
163 260
375 260
470 260
354 261
123 263
333 263
96 264
188 264
331 264
360 264
411 264
442 264
209 265
212 266
242 266
149 267
210 267
461 268
90 269
180 269
264 269
269 269
174 270
234 270
341 270
400 270
448 270
304 271
360 271
234 272
292 272
363 272
114 273
200 273
253 273
294 273
405 273
137 274
223 274
342 274
422 274
227 275
317 276
348 276
107 277
437 277
157 278
248 278
276 279
471 279
239 280
244 280
393 280
428 280
453 280
167 281
276 281
278 281
392 281
121 282
126 282
129 282
188 282
273 282
285 282
298 282
146 283
148 283
236 283
282 283
292 283
98 284
269 284
298 284
202 285
416 285
124 286
143 286
458 286
227 287
253 287
330 287
397 287
90 288
114 288
178 288
358 288
219 289
479 289
222 290
354 290
379 290
307 291
195 292
251 292
337 292
211 293
357 293
362 293
420 293
153 294
210 294
238 294
314 294
171 295
274 295
240 296
318 296
445 296
102 297
146 298
187 298
207 298
323 298
385 298
409 298
211 299
296 299
467 299
230 300
258 300
282 300
285 300
366 300
403 301
164 302
205 302
295 302
117 303
140 303
303 303
407 303
351 305
141 306
201 306
223 306
306 306
372 306
452 306
199 308
243 308
427 308
471 308
176 309
310 309
349 309
429 309
437 309
239 310
329 310
347 310
353 310
392 310
109 311
258 311
356 311
478 311
129 312
212 312
231 312
269 312
271 312
376 312
255 313
279 313
314 313
235 314
333 314
152 316
334 316
353 316
317 317
458 317
168 318
207 318
284 318
334 318
126 319
150 319
189 319
290 319
317 319
415 319
314 320
418 320
147 321
191 321
376 321
165 322
167 322
383 322
345 323
403 323
417 323
136 324
185 324
187 324
205 324
360 324
378 324
441 324
182 325
241 325
278 325
362 325
423 325
109 326
244 326
319 326
421 326
159 327
276 327
425 327
156 328
223 328
242 328
282 328
300 328
363 328
135 329
182 329
359 329
400 329
425 329
467 329
242 330
134 331
270 331
401 331
300 332
388 332
104 333
253 333
385 333
219 334
287 334
364 334
407 334
130 335
197 335
449 335
180 336
271 336
343 336
368 336
386 336
236 337
290 337
312 337
365 337
393 337
253 338
413 338
432 338
162 339
196 339
436 339
120 340
251 340
475 340
248 341
278 341
312 342
315 342
335 342
412 342
356 343
336 344
136 345
279 345
369 345
375 345
408 345
214 346
230 346
355 346
312 347
331 347
334 348
457 348
153 349
358 349
440 349
159 350
186 350
267 350
312 350
413 350
107 351
295 351
415 351
461 351
188 352
359 352
200 353
399 353
435 353
131 354
135 354
215 354
378 354
394 354
127 355
283 355
336 355
130 356
233 356
316 356
318 356
152 357
154 357
247 357
256 357
320 357
363 357
399 357
344 358
361 358
404 358
443 358
129 359
287 359
306 359
381 359
468 359
257 360
360 360
421 360
169 361
305 363
326 363
168 364
257 364
259 364
273 364
360 364
184 365
407 365
214 366
325 366
384 366
106 367
166 367
259 367
305 367
402 367
429 368
451 368
121 369
234 369
143 370
165 370
211 370
308 370
328 370
214 371
180 372
476 372
161 373
251 373
261 373
276 373
314 373
348 373
414 373
426 373
179 374
250 374
351 374
233 375
347 375
390 375
114 376
178 376
196 376
238 376
263 376
460 376
181 377
217 377
313 377
135 378
198 379
218 380
236 380
280 380
283 380
354 380
391 380
393 380
287 381
356 381
440 381
178 382
285 382
413 383
420 383
334 384
417 384
128 385
150 385
163 386
317 386
357 386
197 387
303 387
467 387
255 388
258 389
268 389
426 389
243 390
322 390
159 391
257 391
355 391
428 391
144 392
197 392
380 392
115 393
203 393
215 393
223 393
261 393
382 393
450 393
195 396
204 396
246 396
361 396
381 396
242 398
324 398
366 398
137 399
179 399
199 399
366 400
199 401
181 402
433 402
457 402
387 404
153 405
267 405
281 405
410 405
131 406
225 407
300 407
437 409
124 410
251 410
328 410
353 410
467 410
168 411
225 411
418 412
170 413
275 413
285 413
351 413
444 413
185 414
212 414
235 414
253 414
258 414
368 414
396 415
185 416
145 417
349 417
170 418
257 418
355 418
184 419
239 419
351 419
401 419
307 420
213 421
218 421
238 421
352 421
211 422
240 422
453 422
291 423
189 424
260 424
264 424
212 425
236 425
282 425
161 426
315 426
462 426
158 427
336 427
340 427
161 429
196 429
221 429
380 429
361 430
409 430
435 430
219 431
248 431
388 431
174 432
169 433
323 433
254 434
320 434
416 435
201 436
233 436
472 436
181 438
201 438
275 438
349 438
298 439
395 439
445 439
278 440
181 441
207 441
393 441
400 441
155 442
232 442
344 442
422 443
259 444
311 445
286 446
397 446
329 447
359 447
454 447
214 449
336 449
431 450
166 451
463 451
220 452
243 452
265 452
289 452
357 452
388 452
313 453
390 453
410 453
438 453
291 454
185 455
471 455
362 457
271 458
447 458
152 459
336 459
385 459
315 460
225 461
317 461
297 462
198 464
369 465
398 465
342 466
373 466
284 467
353 467
395 467
279 468
398 468
459 468
209 469
234 469
177 471
381 471
432 471
374 472
306 473
378 473
243 475
408 475
189 478
223 479
267 479
386 479
316 480
359 480
444 480
197 482
419 482
271 483
337 484
323 486
396 486
207 487
297 487
346 488
181 489
278 489
302 489
326 489
352 489
354 489
428 489
239 490
373 490
354 491
383 492
358 493
408 493
265 495
219 496
328 497
331 498
388 499
196 500
341 500
365 500
416 502
232 503
346 504
271 507
297 507
373 507
400 507
213 509
348 509
438 510
326 511
280 512
256 513
306 513
387 514
225 515
333 516
364 516
266 519
400 519
338 520
341 522
318 524
273 525
355 525
377 526
335 532
314 534
322 536
354 537
