223 69
139 74
270 74
285 75
202 76
187 78
124 81
172 83
241 85
152 88
224 89
289 89
320 90
272 91
306 91
207 93
255 94
136 96
188 98
173 102
340 102
86 103
228 103
264 104
304 104
124 105
318 105
284 106
79 110
154 110
209 112
241 112
108 113
354 113
68 116
196 116
270 116
332 116
141 117
260 117
315 117
96 118
230 118
307 119
186 120
240 122
58 124
174 126
84 127
219 127
115 128
277 128
347 129
326 130
374 130
79 132
243 133
258 133
52 134
97 137
130 137
229 138
272 139
43 142
213 143
256 144
340 144
355 145
378 145
114 146
247 146
323 146
368 146
81 147
307 148
397 148
232 150
409 150
103 152
160 152
31 153
66 153
219 155
345 155
269 156
338 156
124 157
357 157
94 158
177 158
212 158
321 158
20 159
146 160
246 160
54 162
379 163
401 163
296 164
112 165
81 166
322 166
220 168
422 169
8 170
343 171
73 172
254 173
361 173
435 174
39 175
177 175
375 175
240 176
316 179
190 180
405 180
65 181
419 181
268 184
132 185
26 188
53 188
208 188
177 189
323 190
384 190
343 192
448 192
80 193
193 194
352 194
409 195
165 196
258 196
269 196
48 197
140 197
424 198
123 199
246 199
373 201
97 202
150 204
440 204
329 206
63 207
7 208
254 209
357 210
411 210
459 210
31 211
55 212
239 213
428 215
131 216
19 217
292 218
305 218
222 219
279 219
323 219
44 221
263 221
350 222
444 222
64 225
411 225
130 229
464 229
31 231
150 231
300 231
377 231
432 231
218 232
274 232
5 233
97 234
178 235
338 236
445 237
352 238
411 239
22 242
423 244
249 246
465 246
12 247
39 248
142 249
396 249
358 250
201 251
57 252
104 252
121 252
475 252
90 253
216 254
264 254
194 255
252 255
283 255
306 255
409 255
450 256
70 257
134 257
333 258
3 260
206 260
26 262
48 262
347 262
65 265
124 265
393 265
465 266
285 267
41 269
157 269
175 269
317 269
77 270
11 271
214 271
35 272
165 276
53 277
288 277
226 278
307 278
451 278
5 279
351 279
423 279
70 280
180 281
216 281
255 283
394 283
431 284
460 284
193 285
245 286
20 287
42 287
109 288
235 288
405 288
76 289
208 289
439 290
466 290
376 291
222 293
60 295
200 295
102 296
180 297
211 297
318 297
385 297
444 297
256 298
355 298
35 300
192 300
8 301
396 302
236 303
158 304
230 304
370 304
459 306
96 308
26 309
61 309
217 310
466 311
106 313
151 313
316 313
381 313
434 313
208 315
249 317
471 317
240 318
274 318
184 319
446 319
16 321
230 321
346 321
394 321
130 322
305 322
423 322
477 323
286 325
101 326
353 327
31 328
178 328
316 328
337 328
159 329
458 329
214 330
295 330
407 330
434 330
84 331
141 331
110 332
244 332
8 335
96 336
124 337
442 338
367 339
417 339
23 341
153 341
167 343
288 343
474 343
107 344
373 346
460 346
357 347
91 348
181 348
403 348
420 348
21 349
135 349
309 349
59 350
121 350
465 351
295 352
193 353
344 353
390 353
207 354
450 354
145 356
379 356
105 357
74 358
285 358
14 359
177 359
116 360
298 360
318 360
431 360
130 361
161 361
352 361
34 362
474 362
204 363
416 363
265 364
103 365
254 365
303 365
142 366
85 367
405 367
274 368
439 369
341 371
460 371
128 372
237 372
308 372
325 372
372 372
157 373
392 373
6 374
27 375
173 375
276 377
428 377
82 378
140 378
114 379
126 379
362 379
467 379
229 380
312 380
396 380
330 382
380 383
414 383
153 384
171 384
64 385
112 385
453 385
140 386
474 386
22 388
349 388
239 389
368 389
96 390
125 390
436 390
205 391
384 391
317 392
419 392
168 394
286 394
153 395
462 395
138 396
373 396
274 397
123 399
16 400
40 400
171 400
444 400
60 403
220 403
302 405
470 405
236 407
351 408
9 409
450 409
39 411
134 411
250 411
22 412
189 412
153 414
56 415
107 415
221 416
172 417
300 417
209 419
120 420
18 421
238 421
420 421
467 422
193 423
333 423
34 425
151 425
297 425
104 426
52 427
171 427
260 428
439 428
71 429
195 431
456 431
153 435
292 436
307 436
320 436
33 437
173 437
272 437
477 437
12 438
393 438
428 438
242 439
444 439
137 440
198 440
460 440
362 441
379 443
307 444
34 446
157 447
266 447
412 447
62 449
288 449
75 451
141 451
121 452
397 452
431 452
33 453
255 453
450 455
90 456
348 456
228 457
469 457
160 459
281 460
19 461
127 461
144 461
318 461
5 462
49 462
34 463
435 463
109 464
350 467
315 468
419 468
476 468
271 469
222 471
456 471
146 473
242 473
106 474
232 474
298 474
32 477
74 478
153 479
440 479
16 480
406 480
174 481
288 481
324 481
90 482
135 483
423 483
462 483
76 484
109 484
30 488
160 488
60 489
184 490
124 491
468 491
256 492
45 493
223 493
274 493
447 493
166 494
235 494
14 495
94 495
112 497
359 497
197 499
30 501
175 503
153 505
474 506
12 507
455 507
116 508
405 508
99 509
388 510
29 512
162 512
81 513
185 513
219 513
280 516
246 517
370 518
424 518
126 520
170 520
11 521
463 521
327 523
259 524
28 525
180 525
68 527
295 527
443 527
156 529
244 529
366 529
470 531
137 532
399 532
49 533
89 533
188 533
285 535
313 535
30 536
166 536
126 537
6 538
73 538
146 538
395 540
447 540
237 541
54 543
178 543
417 544
479 545
31 546
464 546
79 549
188 549
199 551
119 552
141 552
385 554
35 556
58 556
168 556
279 556
1 557
413 558
258 561
331 561
15 563
266 563
452 563
40 564
207 564
473 564
66 565
182 565
299 566
255 567
226 568
191 569
237 569
372 569
432 570
317 571
21 572
47 573
458 573
171 574
75 576
363 576
221 580
239 580
470 581
54 583
157 583
445 583
28 584
190 584
321 587
206 588
170 589
219 589
141 590
237 590
65 592
118 592
35 593
338 593
14 594
182 595
445 595
461 596
101 597
200 597
156 598
216 598
46 600
78 601
236 601
428 601
192 602
320 602
284 603
135 604
174 605
114 606
382 606
308 608
346 608
60 609
414 609
88 610
208 611
150 612
294 612
225 613
189 614
333 614
364 614
132 616
243 616
282 616
400 616
438 616
451 616
104 617
167 617
264 617
73 618
219 620
320 620
354 621
427 622
181 624
304 624
290 626
375 626
89 627
154 627
276 627
345 627
60 628
121 628
412 629
204 630
363 630
239 631
256 631
169 633
220 633
404 633
327 634
105 635
74 636
136 636
355 636
146 638
187 638
389 638
316 639
