400 32
337 34
350 34
370 36
414 38
428 42
388 43
296 44
313 44
326 44
339 45
442 46
354 48
404 48
452 50
366 52
415 54
374 55
325 56
307 57
387 57
290 58
429 59
466 59
345 61
356 62
443 62
249 64
373 65
398 65
262 66
381 66
275 67
301 68
412 69
457 69
285 70
316 71
330 72
429 73
343 74
469 75
357 76
373 76
449 78
477 79
389 80
240 81
252 81
401 81
273 83
296 83
413 86
427 86
316 88
441 88
454 91
470 92
254 95
268 96
476 96
261 97
417 97
228 98
245 98
281 98
400 98
217 99
315 99
206 100
429 102
442 104
455 107
383 108
303 110
271 111
338 112
404 112
475 112
240 113
258 113
414 113
423 113
229 114
214 115
435 115
444 117
301 118
200 119
188 120
461 120
341 121
327 122
369 123
275 125
413 127
437 128
477 128
220 129
230 130
340 132
455 132
204 135
377 135
423 137
394 138
263 140
279 140
475 140
194 141
240 142
443 142
224 143
408 144
415 145
181 146
212 148
360 148
461 148
345 149
202 150
378 150
300 151
314 151
278 153
445 154
471 154
183 156
419 156
478 156
172 158
227 159
342 160
358 160
288 162
463 162
159 163
279 163
260 165
243 166
191 169
446 169
232 170
356 170
364 171
428 172
286 173
295 173
460 173
175 174
216 174
395 174
265 177
446 177
200 179
162 180
245 182
326 182
463 182
315 183
152 184
373 184
476 184
187 185
283 187
223 188
275 188
446 188
174 190
213 191
264 191
400 191
317 193
364 194
417 194
462 194
208 195
424 195
300 196
161 197
233 197
473 197
194 198
288 199
443 200
277 201
183 202
359 202
375 202
151 203
331 203
405 204
451 204
340 205
418 205
142 206
212 206
310 206
300 207
424 207
460 208
172 209
165 211
284 211
431 211
469 211
380 213
439 213
358 214
477 214
332 215
399 216
446 216
184 219
299 219
413 219
419 220
149 221
210 222
248 222
291 222
457 222
281 224
429 225
464 226
166 229
402 229
440 229
227 230
318 230
474 230
259 231
310 231
415 232
245 233
295 233
368 235
453 235
183 237
345 237
278 238
424 238
153 239
392 240
462 240
310 242
443 242
146 243
188 243
301 243
470 244
223 245
291 246
450 246
479 247
250 248
358 249
369 250
275 251
165 252
462 253
131 254
235 254
318 254
442 254
157 256
302 256
192 257
427 258
182 260
357 260
449 260
149 262
277 262
290 262
472 262
344 263
144 266
320 266
407 266
456 266
441 268
310 269
378 269
416 270
306 271
134 272
258 272
276 273
339 273
423 273
465 273
292 274
325 275
450 275
158 276
287 277
471 278
185 279
247 279
310 280
346 281
441 281
176 282
229 282
391 282
207 284
277 284
400 284
462 284
329 285
146 286
301 286
445 287
316 288
168 289
195 289
272 290
294 290
370 290
468 290
142 291
420 292
290 293
452 294
135 295
310 295
204 296
394 296
474 296
231 297
439 297
305 298
325 298
401 298
246 299
285 299
156 300
199 300
369 300
217 302
442 302
409 303
463 303
258 305
298 305
317 305
452 306
338 307
149 308
391 309
287 310
367 310
207 311
420 311
311 312
333 312
457 312
246 313
399 313
227 314
292 314
469 314
281 315
141 316
449 316
159 317
179 319
303 320
470 320
369 321
409 321
237 322
323 322
131 323
389 324
435 324
475 324
457 326
417 327
151 328
364 328
207 329
229 329
296 329
346 332
302 333
142 334
425 334
445 334
123 335
374 335
386 335
162 336
409 336
462 336
178 337
234 338
139 339
155 339
432 339
275 340
340 341
394 341
449 342
192 343
415 344
401 345
469 345
350 346
207 347
337 347
166 348
437 348
185 349
240 349
253 350
455 350
422 351
268 352
145 353
292 354
411 354
442 354
477 354
235 355
334 356
246 357
127 358
155 360
460 361
447 362
190 364
274 365
121 366
140 366
260 366
241 368
353 369
270 370
453 371
164 372
328 373
466 373
222 374
256 374
342 377
438 377
295 378
130 379
267 379
326 379
408 379
443 380
278 381
354 381
427 381
468 381
371 383
454 383
263 384
175 385
216 385
249 385
126 387
299 388
411 388
234 389
311 390
448 390
471 391
277 392
147 393
189 393
456 396
228 398
259 398
414 398
139 399
361 399
397 399
244 400
273 402
378 402
477 402
160 403
346 403
132 404
256 404
401 405
461 405
443 407
148 410
311 410
330 411
364 411
423 411
174 413
198 413
402 413
463 414
235 417
283 417
447 418
168 419
194 419
379 419
145 420
367 420
427 421
404 422
467 423
351 425
369 425
250 427
333 427
187 428
388 428
296 429
430 430
182 432
157 433
351 433
455 434
240 437
389 437
412 438
299 440
314 440
337 440
273 441
287 441
436 441
173 442
149 443
261 443
418 443
198 444
247 446
462 446
397 447
441 448
341 450
141 452
270 453
400 453
158 454
188 454
227 454
346 455
364 456
445 456
377 457
426 457
177 462
144 463
284 463
450 463
381 464
406 465
198 467
219 467
470 467
335 468
190 470
251 470
455 470
167 471
385 471
410 473
361 475
156 477
178 478
460 478
340 479
418 479
287 480
150 481
239 482
392 482
444 482
254 483
422 483
266 484
463 484
171 485
347 490
235 491
375 491
428 491
452 491
157 492
192 493
217 493
404 494
328 495
354 495
262 496
180 499
383 499
434 499
466 499
410 500
246 501
361 501
278 502
261 504
168 505
198 507
218 508
367 508
447 510
337 511
420 512
186 513
373 516
287 517
456 517
249 518
173 519
346 519
264 520
406 521
249 524
322 524
188 525
352 525
296 527
217 528
236 529
274 529
444 530
174 532
362 532
260 533
307 535
203 536
315 537
456 538
427 539
186 540
370 540
288 542
228 545
435 545
214 546
379 546
445 546
300 547
411 547
268 550
386 550
289 557
312 557
397 557
218 559
235 559
229 561
246 562
370 562
346 563
435 564
474 564
264 565
412 566
453 566
382 570
424 570
289 571
357 571
301 572
333 573
221 575
250 576
370 576
394 576
234 577
242 577
310 577
404 578
440 578
458 578
267 581
322 581
274 582
283 582
469 584
295 586
413 586
427 586
355 587
369 590
384 592
399 594
443 594
277 596
340 596
294 597
308 601
320 604
381 604
348 606
401 607
266 610
289 612
307 615
333 618
355 618
373 622
