215 2
419 2
256 4
314 4
377 5
297 6
385 6
404 6
474 6
360 9
199 11
348 11
235 12
274 13
444 14
184 15
328 16
430 17
222 18
416 18
311 19
406 19
163 20
468 20
249 21
461 21
395 22
205 23
378 23
298 24
362 25
284 26
190 28
349 28
235 29
331 30
139 31
268 31
467 31
177 32
320 33
443 33
387 34
413 34
426 34
218 35
305 37
372 37
248 38
290 39
206 41
349 41
116 42
336 42
451 45
468 45
138 46
183 46
268 47
415 47
302 50
380 50
396 50
363 52
214 53
125 55
241 55
347 55
155 56
412 57
441 57
459 58
403 59
430 59
475 59
309 61
105 64
299 64
140 65
234 65
397 67
275 69
422 69
220 70
408 71
444 71
462 71
326 72
126 73
150 79
293 79
194 80
106 82
235 82
279 82
447 84
135 85
359 85
413 85
461 86
314 88
122 90
292 92
158 93
106 95
200 96
357 99
476 99
141 100
90 101
436 101
464 101
303 103
129 104
448 105
80 106
290 108
459 108
164 109
108 112
144 113
271 113
405 114
474 115
391 116
327 117
349 117
358 117
129 118
317 118
165 120
443 121
82 123
460 123
187 124
274 124
149 125
391 125
113 126
216 126
465 126
255 127
371 127
378 127
404 128
169 131
340 131
132 132
306 132
289 133
94 134
270 135
448 136
181 137
154 138
200 139
251 139
348 139
80 140
384 140
110 141
368 141
469 142
140 143
303 144
171 145
267 146
247 149
369 149
91 150
154 150
204 150
447 150
123 151
230 152
390 152
186 153
303 153
459 154
82 156
280 156
103 157
211 157
265 157
174 158
474 158
133 159
247 160
70 161
202 161
435 161
352 162
308 163
337 163
366 163
396 163
269 165
221 166
449 166
379 167
252 168
408 168
325 171
161 172
308 172
69 173
153 173
351 173
391 173
232 174
466 174
282 175
266 176
362 176
122 177
171 178
447 178
373 179
248 180
231 183
384 183
317 184
347 184
73 185
298 185
217 186
274 187
460 187
100 188
122 188
91 189
362 189
400 189
203 190
469 191
57 192
109 195
382 195
444 195
342 197
66 198
186 198
234 199
264 200
398 200
364 201
459 201
122 202
174 202
202 202
217 203
468 205
52 206
136 206
79 207
110 207
291 207
312 208
332 208
357 209
318 210
364 211
443 211
403 212
229 213
66 215
170 215
90 217
319 217
139 218
419 218
456 218
292 219
303 219
328 220
53 221
274 221
127 223
464 223
74 225
263 226
45 227
141 228
238 229
114 230
303 230
290 231
315 231
333 231
163 232
85 233
222 233
427 233
459 233
54 235
104 236
215 236
262 236
189 237
306 238
72 239
316 239
375 239
471 239
443 240
143 241
345 242
415 242
64 243
224 243
214 245
270 245
292 245
390 245
421 245
81 246
154 246
298 246
305 246
452 246
57 248
256 248
319 248
90 249
372 250
200 251
242 252
330 252
405 252
233 253
464 253
136 254
441 254
102 256
217 257
297 257
354 257
475 257
151 258
276 258
82 260
452 260
178 261
258 261
124 262
246 262
17 263
325 263
342 263
64 265
386 266
277 269
266 270
310 270
364 270
469 270
114 271
16 272
153 273
179 273
255 273
246 274
384 274
446 274
331 275
28 276
299 277
228 278
67 280
167 280
363 280
44 281
141 281
406 282
183 283
112 285
203 285
339 285
376 285
442 285
466 285
21 286
71 287
194 287
242 288
349 288
387 288
51 289
478 289
172 290
216 290
11 291
233 291
359 291
30 293
451 293
183 294
398 294
207 295
371 295
80 296
138 296
161 296
294 296
334 296
56 299
112 299
194 299
343 299
457 299
167 301
230 301
302 301
149 302
352 302
19 303
316 303
467 303
184 304
395 304
158 305
213 305
384 305
424 305
33 306
50 306
63 307
402 307
239 308
197 309
370 309
172 310
337 310
452 310
438 312
478 312
7 313
53 313
258 313
25 314
308 314
73 315
206 315
319 316
381 316
184 317
465 318
156 319
290 319
284 320
364 320
174 321
235 321
263 321
395 322
413 323
477 323
376 324
454 324
11 325
120 325
31 327
438 327
424 328
406 329
461 329
185 330
329 330
204 331
107 332
389 332
91 333
301 333
219 334
261 334
336 334
21 335
369 335
114 336
132 336
416 336
471 336
209 337
313 337
451 338
98 339
199 339
13 340
49 340
380 340
403 341
433 342
478 342
31 343
189 343
386 343
262 345
306 345
440 346
463 346
5 347
107 347
124 348
139 348
417 348
315 349
340 349
358 349
370 349
78 350
91 350
21 351
210 351
397 353
446 353
172 354
291 354
328 354
380 354
402 354
116 355
474 355
54 356
148 356
98 357
428 357
229 358
255 358
33 360
343 360
453 360
186 361
279 361
321 361
163 362
295 364
311 364
460 365
106 366
158 366
392 366
91 367
203 367
350 367
3 368
138 368
227 368
240 368
176 370
193 370
305 370
284 371
322 372
468 372
263 374
295 375
189 376
218 376
451 376
66 378
15 379
34 379
389 379
82 380
332 380
412 380
373 382
109 383
182 383
310 384
8 385
474 385
286 386
457 386
250 387
440 387
26 388
174 390
196 390
423 390
45 391
104 391
391 392
297 394
463 394
191 395
412 396
447 397
248 398
320 398
378 398
18 399
164 400
287 400
234 401
433 401
36 402
182 402
475 403
262 404
383 404
142 405
294 405
330 405
441 405
14 407
48 407
159 408
198 408
223 408
460 408
370 410
30 411
132 411
392 411
172 412
446 412
335 413
353 413
318 414
464 414
215 415
302 415
289 418
255 419
398 419
40 420
450 420
342 421
156 422
235 422
245 422
308 422
5 423
325 423
473 423
115 424
167 424
211 425
33 427
406 428
67 429
232 429
332 429
295 430
314 430
210 431
464 431
16 432
191 432
179 433
229 433
350 433
449 433
430 434
165 436
96 437
147 437
251 437
336 438
10 439
189 439
208 439
227 439
478 439
355 441
436 442
456 442
131 443
163 443
418 445
90 446
403 446
21 447
76 447
330 447
391 448
442 448
120 450
284 450
318 450
382 450
423 450
4 451
344 451
358 452
102 453
161 454
334 454
448 455
430 456
34 457
413 457
213 458
271 459
101 460
84 461
118 461
419 461
389 462
458 464
100 465
439 465
23 467
58 468
339 468
405 468
129 469
217 469
365 469
423 469
82 471
181 471
312 471
326 471
397 471
38 474
249 474
476 474
428 475
127 476
463 476
114 477
447 477
386 479
401 479
415 479
21 480
305 481
82 482
99 482
466 482
263 485
434 485
187 486
220 486
35 487
404 488
457 489
16 490
473 490
390 491
81 492
51 494
98 494
186 496
272 496
13 497
35 497
209 497
152 498
466 498
118 499
413 501
33 502
451 502
236 504
249 504
284 504
369 506
386 506
355 508
457 508
474 509
317 514
332 515
377 515
444 515
271 516
218 517
466 517
14 518
33 518
98 518
187 518
228 521
293 521
394 522
432 523
112 524
413 524
251 525
450 525
34 526
348 527
474 527
208 529
304 529
291 530
17 531
383 531
434 531
319 532
32 533
135 533
275 533
459 533
188 535
266 536
418 537
163 538
255 538
464 538
443 539
353 540
469 540
121 542
403 542
237 543
40 546
61 546
23 548
428 548
477 548
148 549
305 550
111 551
297 552
6 553
412 553
134 555
243 556
459 556
291 557
90 558
316 559
281 560
419 560
439 560
119 561
378 561
346 562
22 563
213 564
231 564
103 565
179 565
425 566
306 567
298 568
128 569
287 569
450 569
110 572
116 572
41 573
192 573
476 573
90 574
354 574
329 576
413 576
45 577
221 577
267 578
311 580
463 580
153 582
297 582
362 582
223 584
336 584
380 584
238 585
406 585
445 585
83 586
288 586
110 588
168 588
202 588
282 588
354 589
13 590
318 590
457 591
176 593
120 594
313 594
75 595
306 595
418 595
355 597
98 599
224 599
298 599
34 600
161 600
345 600
238 601
291 601
329 602
472 602
132 603
432 603
10 604
108 604
249 604
274 605
16 607
318 607
213 608
385 608
438 608
267 609
78 610
120 610
147 610
206 610
157 611
414 611
221 612
302 612
56 613
126 614
187 614
233 614
94 615
359 615
425 615
295 616
401 616
31 617
337 617
104 618
134 618
281 619
323 620
380 620
463 620
251 621
312 621
233 622
389 622
412 623
47 624
209 624
75 625
197 625
225 625
448 627
286 628
124 630
61 631
353 631
374 632
333 633
272 635
321 635
402 635
306 636
