414 1
163 3
212 5
296 6
318 6
344 6
430 6
204 7
329 7
270 8
286 8
360 8
189 9
378 9
144 10
252 10
136 14
398 14
229 15
168 16
131 17
310 17
461 17
215 18
300 18
316 18
333 18
204 19
421 19
283 20
355 20
265 22
477 22
154 23
194 23
375 23
433 24
246 25
439 26
111 27
180 27
233 28
303 28
393 28
318 29
224 30
292 30
332 30
456 30
172 31
409 31
136 33
345 33
209 34
479 34
161 35
421 35
198 36
273 36
357 36
266 38
281 38
300 38
190 39
291 39
372 39
437 39
253 40
115 43
447 43
143 46
102 48
466 49
411 50
417 50
196 53
89 55
119 58
186 58
389 58
443 58
175 61
400 62
106 63
139 64
460 64
307 68
131 69
162 69
319 69
361 70
475 70
96 72
193 72
434 73
386 74
441 74
232 75
151 76
184 76
452 79
113 80
80 82
138 82
322 83
462 83
277 84
297 84
165 85
264 85
104 86
256 86
246 88
474 88
127 90
439 90
330 92
150 93
188 93
225 94
406 95
450 96
117 97
265 98
278 98
362 99
460 99
87 100
258 100
139 101
170 102
249 102
77 105
106 105
383 106
338 107
474 107
130 108
157 108
228 108
448 110
98 111
126 111
187 111
354 111
267 112
216 113
454 113
259 114
252 115
62 116
178 117
463 117
144 118
431 120
115 121
168 121
223 122
83 123
400 124
50 125
444 125
188 126
132 127
479 127
410 128
103 129
291 129
302 129
310 129
72 130
319 130
417 131
455 131
179 132
150 134
231 134
120 135
264 135
425 135
93 138
253 139
468 139
404 140
437 140
87 141
368 142
55 143
141 143
241 143
303 143
315 143
292 144
476 144
273 145
283 145
445 145
80 147
108 147
158 147
417 147
228 148
342 148
387 149
130 150
43 152
71 152
455 152
101 153
198 153
286 154
294 154
306 155
430 155
121 156
276 156
299 156
213 157
313 157
467 157
405 158
34 159
186 159
322 159
63 160
236 160
255 160
439 160
89 162
476 163
203 164
110 165
351 166
80 167
275 168
291 168
452 168
154 169
262 169
392 169
172 170
253 170
428 170
244 171
47 172
77 172
192 172
238 173
146 174
374 175
463 176
438 177
119 178
217 178
233 178
384 179
67 180
93 180
265 180
273 180
159 181
226 181
260 181
177 183
254 183
355 183
196 184
209 184
313 184
473 184
243 185
35 186
449 186
60 187
477 187
397 188
428 188
107 189
81 190
190 190
372 190
403 191
165 192
217 192
270 193
297 193
460 195
144 196
209 196
252 196
284 197
313 197
365 197
242 199
383 200
466 200
181 201
93 202
446 202
43 203
70 203
198 203
471 203
331 204
217 205
265 206
290 207
336 207
303 209
428 209
454 209
94 210
148 210
191 212
347 212
372 212
59 213
162 213
314 213
106 214
171 215
459 215
323 216
295 218
357 218
27 219
141 220
261 220
465 221
100 222
331 222
448 225
315 226
20 227
339 228
323 232
356 233
455 234
474 234
156 236
279 236
36 238
310 238
349 239
426 239
448 242
291 243
82 244
215 244
29 245
319 246
463 247
147 249
181 249
193 250
303 250
25 252
285 252
77 253
207 253
443 253
261 255
22 257
292 257
420 257
449 257
312 258
94 259
166 259
177 260
190 261
473 261
347 262
295 263
138 264
367 264
65 265
459 266
250 268
318 268
302 269
353 269
478 269
197 270
444 270
32 271
59 271
112 271
259 271
124 272
149 272
283 272
463 273
184 275
171 276
268 276
307 276
145 277
376 277
79 278
324 278
51 279
288 279
465 280
419 281
216 282
242 282
273 283
378 283
401 283
250 284
346 284
192 285
235 285
292 285
441 285
22 286
157 286
180 286
312 286
469 286
91 288
211 288
455 288
329 289
115 291
280 291
339 291
408 291
167 292
297 292
266 293
315 293
154 294
256 294
476 294
64 295
368 295
382 295
58 296
342 296
284 299
39 300
192 300
395 300
463 300
164 301
413 301
431 301
448 301
318 302
99 303
205 304
272 304
188 307
78 309
247 309
174 310
299 310
419 310
162 311
261 311
350 312
373 312
288 313
453 313
473 313
92 314
310 314
26 316
123 316
244 318
273 318
257 319
390 319
301 321
407 321
423 321
440 321
20 323
243 325
477 325
258 326
326 328
353 328
463 328
120 329
238 329
379 329
393 330
409 330
221 332
427 332
207 333
257 333
64 334
39 335
176 335
449 335
236 337
412 337
433 341
179 343
471 343
229 344
397 344
455 346
91 347
144 348
251 348
159 349
416 349
129 350
27 352
194 352
436 352
168 353
143 355
159 355
263 355
462 355
440 357
479 357
24 358
181 358
391 358
403 358
241 360
303 360
204 362
215 362
224 362
445 362
39 363
211 363
419 363
130 364
231 364
55 367
74 368
287 369
176 370
339 371
468 371
37 372
163 372
451 372
188 373
361 375
371 375
54 376
211 377
223 377
129 378
145 379
87 380
168 380
198 380
69 381
350 381
115 382
32 383
442 383
475 383
130 386
385 386
49 387
232 389
363 390
132 391
160 391
176 391
447 391
460 391
147 392
187 392
400 392
115 394
194 394
279 394
432 394
216 395
338 396
101 397
207 397
297 397
464 398
84 399
325 400
65 401
173 401
351 401
418 401
364 402
240 404
136 405
175 406
270 406
225 408
156 409
35 410
65 410
469 410
446 413
188 415
197 416
255 416
250 417
321 419
393 419
47 420
164 420
144 421
128 423
478 424
75 425
217 426
375 426
459 426
175 427
279 428
182 430
191 432
372 432
446 433
137 437
384 437
243 438
286 438
41 439
58 439
77 439
438 440
469 440
232 441
100 442
296 444
454 444
184 448
332 448
444 449
478 449
193 450
202 451
294 451
131 452
164 454
235 454
270 456
395 456
453 456
78 457
61 459
90 459
462 462
187 463
435 463
97 465
252 465
71 466
123 466
155 467
241 467
276 467
296 467
198 468
214 468
335 468
478 468
446 470
82 473
401 473
456 474
109 475
146 477
348 477
392 478
89 479
195 480
250 481
440 481
158 482
211 482
66 483
227 483
322 483
472 483
97 485
300 485
128 487
376 487
449 487
293 489
318 489
411 490
422 490
135 491
177 491
404 491
110 492
82 493
276 493
430 493
459 493
145 494
116 495
309 495
435 495
472 496
154 497
90 498
163 501
300 501
366 501
126 502
382 502
178 503
445 503
455 504
280 505
192 506
315 506
436 506
423 507
234 509
413 509
149 510
403 511
157 512
393 514
301 515
130 516
180 516
385 516
372 519
193 521
204 521
436 521
443 521
276 522
419 522
427 522
457 522
145 523
284 523
302 523
367 523
218 524
258 524
265 524
153 525
232 525
246 525
333 525
357 526
163 528
325 529
172 531
400 532
414 533
342 534
380 534
191 535
263 535
271 535
285 535
207 536
311 536
300 537
363 537
356 538
222 540
235 540
349 540
174 543
252 543
264 547
420 547
396 548
286 549
215 550
340 551
381 551
350 553
357 553
176 554
230 554
309 554
255 556
197 559
209 561
294 564
331 564
234 566
311 567
187 568
197 569
257 572
278 573
213 574
