334 7
345 7
356 7
367 9
379 9
394 12
411 15
302 17
361 17
295 18
311 19
369 20
322 21
381 21
389 24
407 25
350 28
271 29
287 29
298 29
368 30
419 30
426 30
316 31
258 32
307 33
323 33
384 34
436 34
332 35
391 36
446 37
288 39
348 39
410 40
256 42
272 42
368 42
243 43
374 43
422 43
295 44
357 44
227 45
331 45
371 45
460 45
281 48
341 48
391 48
433 48
397 50
306 51
323 51
335 51
397 52
445 52
282 53
360 53
410 53
258 54
273 54
319 54
245 55
387 55
232 56
389 56
420 56
330 57
398 57
209 58
337 58
362 58
458 58
430 60
196 61
324 61
467 61
317 62
302 63
376 63
397 63
290 64
330 64
244 65
254 65
271 65
377 65
381 66
395 66
440 66
230 67
356 67
373 67
410 68
311 69
333 70
281 71
319 71
424 72
356 73
258 74
433 74
459 74
274 75
292 75
366 75
244 76
286 76
304 76
321 78
345 78
226 79
298 79
310 79
207 80
283 80
373 80
407 80
443 80
302 81
475 81
307 83
322 83
235 84
284 84
420 84
250 85
261 85
332 85
183 86
226 86
285 86
328 86
459 86
216 87
278 87
295 87
361 87
393 87
427 87
269 88
339 88
230 89
301 89
406 90
217 91
330 91
374 91
439 91
208 92
321 92
355 93
382 93
474 94
191 95
217 95
312 95
416 95
335 96
355 96
391 96
449 96
274 97
354 97
226 98
258 98
348 98
426 98
366 99
281 100
355 100
459 100
175 101
225 101
320 101
435 102
191 104
403 104
340 105
382 105
203 107
305 107
174 108
356 108
413 108
207 109
224 109
251 109
269 109
450 109
197 110
240 110
297 110
396 111
162 112
424 112
281 113
341 113
230 114
323 114
333 114
439 115
235 116
332 116
379 116
409 116
179 117
223 117
250 118
265 118
301 118
388 118
464 118
341 119
419 119
160 120
317 121
386 121
194 122
356 122
379 122
400 122
404 122
452 122
257 123
431 123
242 124
266 124
351 124
386 124
180 125
337 125
224 126
477 126
339 127
374 127
287 128
164 129
299 129
333 129
356 129
460 129
352 130
417 130
442 130
314 131
326 131
187 132
258 132
153 133
272 133
424 133
466 133
142 134
245 134
349 134
367 134
395 134
232 135
452 135
165 136
218 136
335 136
409 138
199 139
273 139
295 139
432 139
152 140
303 140
354 140
391 140
475 140
185 141
252 141
317 141
351 141
353 141
240 142
345 142
384 142
398 142
464 142
441 143
219 144
371 144
379 144
389 144
393 144
419 144
168 145
269 145
350 145
262 146
374 146
209 147
326 147
153 149
189 149
335 149
382 149
474 149
297 150
347 150
451 150
177 151
307 151
372 151
251 152
330 152
409 152
167 153
434 153
234 154
263 154
365 154
458 154
132 155
202 156
277 156
418 156
151 157
353 157
389 157
396 157
346 158
360 158
188 159
332 159
339 159
379 159
118 160
131 161
165 161
468 161
174 162
220 162
227 162
364 162
178 163
388 163
410 163
160 164
288 164
337 164
342 164
101 165
368 165
186 166
329 166
458 166
146 167
184 167
278 167
165 168
291 168
391 168
395 168
404 168
117 169
131 169
182 169
221 169
427 169
380 170
319 171
379 171
214 172
372 172
169 173
365 173
449 173
257 174
225 175
228 175
269 175
349 175
378 175
431 175
119 176
287 176
431 176
175 177
217 177
290 177
147 178
191 178
236 178
277 178
434 178
108 179
371 179
377 179
384 179
334 180
427 180
132 181
245 181
326 181
461 181
211 182
252 182
339 182
477 182
90 183
164 183
236 183
283 183
372 183
392 183
120 184
195 184
327 184
359 184
264 185
338 185
192 186
207 186
220 186
321 186
80 187
147 187
280 187
325 187
329 187
342 188
107 189
286 189
288 189
452 189
132 190
167 190
175 190
200 190
281 190
307 190
100 191
298 191
204 192
337 192
342 192
192 193
246 193
301 193
213 194
340 194
121 195
355 195
418 195
176 196
386 196
411 196
91 197
172 197
270 197
304 197
370 197
143 198
368 198
111 199
290 199
317 199
465 199
170 200
227 200
418 201
446 201
81 202
157 202
162 202
220 202
242 202
436 202
362 203
161 204
178 204
227 204
347 204
413 204
422 204
430 204
217 205
228 205
252 205
71 206
165 206
455 206
476 206
144 207
163 207
94 208
120 208
285 208
354 208
371 208
386 208
237 209
266 209
461 209
113 210
306 210
166 211
198 211
217 211
229 211
346 211
86 212
172 212
207 212
440 212
302 213
361 213
397 213
153 214
175 214
212 214
230 214
189 215
320 215
56 216
227 216
236 216
281 216
289 216
301 216
302 216
144 217
214 217
281 217
451 217
98 218
197 218
251 218
337 218
373 218
388 218
123 219
359 219
425 219
214 220
261 220
436 220
475 220
71 221
161 221
168 221
173 221
175 221
343 222
415 222
460 222
192 224
233 224
113 225
151 225
209 225
271 225
283 225
302 225
88 226
230 226
429 226
62 227
327 227
382 227
404 227
445 227
466 227
200 228
42 229
138 229
244 229
254 230
356 230
434 230
163 231
202 231
335 231
402 231
432 231
55 232
176 232
198 232
78 233
299 233
375 233
129 234
261 234
340 234
472 234
96 235
161 235
167 235
202 235
233 235
160 236
217 236
226 236
323 236
396 236
298 237
436 237
206 238
305 238
385 238
237 239
238 239
272 239
297 239
441 239
43 240
65 240
90 240
117 240
221 240
230 240
366 240
147 241
347 241
358 241
193 242
210 243
246 243
324 243
333 243
342 244
351 244
360 244
372 244
392 244
426 244
82 245
183 245
252 245
315 245
355 245
403 245
409 245
430 245
57 246
134 246
221 246
448 246
466 246
79 247
176 247
283 247
169 248
228 248
262 249
326 249
378 249
49 250
126 250
160 250
31 251
81 251
155 251
304 251
433 251
434 251
289 252
474 252
104 253
109 253
241 253
311 253
439 253
271 254
363 254
385 254
408 254
456 254
200 255
343 255
41 256
147 256
186 256
66 257
250 257
331 257
139 258
214 258
335 258
87 259
350 259
380 259
430 259
229 260
345 260
355 260
451 260
357 261
101 262
374 262
468 262
32 263
90 263
173 263
282 263
326 263
399 263
56 264
164 264
192 264
263 264
301 264
85 265
179 265
321 265
389 265
441 265
203 266
100 267
128 267
239 267
407 267
456 267
306 268
212 269
271 269
70 270
447 271
49 272
149 272
221 272
335 273
463 273
24 274
293 274
262 275
366 275
383 275
97 276
141 276
245 276
415 276
84 277
352 277
94 278
179 278
230 278
280 278
315 278
333 278
409 278
20 279
91 279
37 280
168 280
194 280
332 280
420 280
452 280
56 281
103 281
105 281
300 281
374 281
123 282
205 282
469 282
95 283
250 283
269 283
15 284
152 284
440 284
98 286
394 286
423 286
75 287
217 287
344 287
288 288
134 289
270 289
397 289
473 289
69 290
86 290
142 290
306 290
428 290
323 291
44 292
91 292
115 292
193 292
461 292
25 293
337 293
349 293
381 293
100 294
178 294
244 294
112 295
228 295
202 296
258 296
293 296
372 296
375 296
113 297
146 297
170 297
381 297
98 298
81 299
149 299
278 299
341 299
419 299
449 299
374 300
405 300
60 301
133 301
212 301
326 301
38 302
114 302
160 302
356 302
79 303
132 303
249 303
265 303
297 303
312 303
438 304
89 305
128 305
140 305
233 305
280 305
371 305
54 306
186 306
473 306
360 307
457 307
96 308
198 308
333 308
32 309
179 309
346 309
394 309
74 310
87 310
129 310
206 310
299 310
112 311
140 311
319 311
444 313
44 314
95 314
124 314
170 314
251 314
380 314
429 314
84 315
101 315
269 316
285 316
317 316
414 316
462 316
220 317
450 318
5 319
63 319
109 319
116 319
144 319
161 319
237 319
479 319
24 320
256 320
383 320
392 320
52 321
198 321
195 322
203 322
304 322
320 322
154 323
336 323
419 323
39 324
371 324
466 324
75 325
104 325
272 325
292 325
48 326
153 326
159 326
190 326
356 326
401 326
436 326
60 328
69 328
78 328
171 328
185 328
208 328
223 328
306 328
454 328
52 329
78 329
129 329
148 329
240 329
257 329
65 330
472 330
32 331
51 331
158 331
325 331
343 331
386 331
179 332
427 332
13 333
183 333
441 333
174 334
200 334
357 334
376 334
118 335
207 335
277 335
407 335
310 336
47 337
94 337
189 337
200 337
295 337
68 338
163 338
186 338
258 338
457 338
78 339
346 339
48 340
138 340
225 340
325 340
115 341
138 341
177 341
154 342
476 342
23 343
124 343
448 343
363 344
378 344
411 344
63 345
205 345
42 346
141 346
277 346
463 346
6 347
38 347
135 347
145 347
165 347
242 347
424 347
435 347
153 348
171 348
182 348
314 348
106 349
259 349
81 350
287 350
299 350
398 350
123 351
326 351
225 352
349 352
382 352
416 352
365 353
123 354
181 354
441 354
451 354
189 355
192 355
339 355
401 355
24 358
152 358
242 358
300 358
316 358
67 359
72 359
122 360
153 360
199 360
355 360
388 360
53 361
176 361
350 361
322 362
412 362
433 362
216 363
246 363
328 363
370 363
405 363
57 364
69 364
259 364
287 364
383 364
414 364
469 364
74 365
209 365
457 365
216 366
232 366
331 366
66 367
343 367
12 368
111 369
171 369
335 369
384 369
423 369
86 370
149 370
273 370
323 370
344 370
246 371
304 371
192 372
211 372
258 372
268 372
29 373
436 373
272 374
395 374
458 374
7 375
238 375
276 376
318 376
346 376
329 377
417 377
61 378
81 378
258 379
137 380
164 380
289 380
404 380
102 381
184 381
444 381
21 382
46 382
271 382
343 382
389 382
428 382
68 383
78 383
218 383
349 383
416 383
64 384
125 384
206 384
221 384
231 384
239 384
257 385
264 385
375 385
421 385
274 386
319 386
291 387
335 387
362 387
70 388
177 388
18 389
156 389
270 389
302 389
461 389
94 390
248 390
267 390
40 391
71 391
337 391
350 391
414 391
53 392
78 392
436 392
45 393
132 393
249 393
327 393
349 393
375 393
388 393
449 393
235 394
8 395
196 395
331 395
358 395
402 395
419 395
47 397
63 397
113 397
154 397
174 397
257 397
278 398
290 399
332 399
338 399
468 399
280 400
26 401
73 401
205 401
270 401
392 401
118 402
215 402
369 402
382 402
219 403
367 403
410 403
440 403
114 404
164 404
178 404
316 404
332 404
48 405
410 405
341 406
363 406
380 406
456 406
79 407
143 407
315 407
365 407
69 408
251 408
333 408
338 408
385 408
61 409
119 409
270 409
378 409
121 410
205 410
286 410
320 410
44 411
116 411
219 411
224 411
236 411
15 412
305 412
473 412
50 413
230 413
90 414
138 414
302 414
355 414
441 414
41 415
286 415
381 415
77 416
459 416
41 417
98 417
158 417
235 417
299 417
65 418
190 418
347 418
379 418
438 418
55 419
72 419
128 419
244 419
342 419
44 420
219 420
477 420
31 421
98 421
206 421
3 422
433 422
177 423
182 423
356 423
406 423
410 423
447 423
79 424
209 424
231 424
263 424
300 424
330 424
354 424
369 424
173 425
219 425
361 425
104 426
240 426
257 426
326 426
87 427
216 427
310 427
316 427
64 428
95 428
102 429
146 429
165 429
225 429
230 429
375 429
23 430
59 430
101 430
320 430
381 430
289 431
317 431
69 432
71 432
382 432
425 432
352 433
431 433
367 434
425 434
116 435
174 436
254 436
297 436
336 436
354 436
76 437
197 437
228 437
317 437
89 438
93 438
277 438
345 438
415 438
115 439
10 440
47 440
319 440
434 440
99 441
139 441
210 441
282 441
285 441
108 442
157 442
206 442
227 442
402 442
420 442
477 442
35 443
175 443
209 443
327 443
84 444
310 444
465 444
2 445
45 445
229 445
425 445
50 446
73 446
172 446
213 446
127 447
357 447
388 447
448 447
191 448
212 448
375 448
409 448
426 448
67 449
141 449
236 449
249 449
268 449
106 450
221 450
320 450
431 450
313 451
341 451
22 452
127 453
159 453
88 454
122 454
217 454
301 454
115 455
120 455
322 455
349 455
410 455
416 455
66 456
180 456
213 456
244 456
363 456
225 457
406 457
420 457
160 458
234 458
266 458
430 458
456 458
127 459
287 459
391 459
407 459
9 460
68 460
110 460
234 460
309 460
439 460
471 460
57 461
159 461
197 461
225 461
380 461
78 462
208 463
217 463
260 463
284 463
337 463
102 465
133 465
238 465
239 465
290 466
32 467
43 467
169 467
317 467
366 467
432 467
74 468
235 468
304 468
306 468
429 468
462 468
147 469
401 469
431 469
90 470
228 470
306 470
393 470
426 470
82 471
185 471
232 471
277 471
404 471
253 472
299 472
303 472
160 473
381 473
48 474
95 474
443 474
13 475
74 475
64 476
228 476
288 476
336 476
77 477
349 477
117 478
160 478
203 478
214 478
273 478
52 479
74 479
83 479
400 479
424 479
291 480
295 480
420 480
135 481
156 481
170 481
190 481
423 482
37 483
128 483
224 483
331 483
349 483
434 483
471 483
262 484
424 484
43 485
362 485
447 485
106 486
158 487
429 488
49 489
68 489
257 490
429 490
244 491
285 491
21 492
91 492
138 492
214 492
251 492
401 492
374 493
465 493
12 494
80 494
390 494
247 495
305 495
327 495
427 495
455 495
74 496
192 496
281 496
431 496
128 497
156 497
175 497
254 497
257 497
278 497
205 498
355 498
419 498
427 498
66 499
230 499
394 499
130 500
339 500
36 501
62 501
366 501
375 501
471 502
58 503
167 503
274 503
276 503
121 504
139 504
226 504
43 505
299 505
317 505
61 506
102 507
143 507
147 507
219 507
399 507
17 508
39 508
70 508
190 508
4 509
42 509
54 509
292 509
367 509
436 509
346 510
387 511
52 512
86 512
269 512
48 513
54 513
148 513
335 513
423 513
153 514
244 514
421 514
442 514
270 515
213 516
307 516
417 516
141 517
244 517
328 517
415 517
467 517
66 518
75 518
172 518
177 518
164 519
346 519
60 520
68 520
414 520
25 521
44 521
308 521
11 522
106 522
405 522
437 522
454 522
199 523
306 524
277 525
369 525
253 526
299 526
423 526
400 527
89 528
357 528
217 529
312 529
317 529
318 529
186 530
306 530
459 530
91 531
433 531
69 532
140 533
241 533
353 533
412 533
56 534
93 534
109 534
267 534
299 534
327 534
14 535
210 535
38 536
173 536
300 536
101 537
115 537
147 537
376 537
447 537
282 538
291 538
438 538
467 538
127 539
152 539
157 539
349 539
390 539
398 540
194 541
366 541
71 542
147 542
164 542
223 542
259 542
305 542
314 542
341 542
477 542
107 543
157 543
294 543
307 543
356 543
430 543
129 544
122 545
295 545
432 545
316 546
342 546
457 546
246 548
298 548
333 548
135 549
154 549
295 549
8 550
107 550
54 551
149 551
231 551
274 551
342 551
22 552
36 552
160 552
382 552
445 552
90 553
201 553
412 553
466 553
74 554
98 554
393 554
401 554
332 555
372 555
413 555
259 556
108 557
110 557
179 557
311 557
319 557
361 557
436 557
402 558
417 558
85 559
156 559
163 559
452 559
105 560
323 560
428 560
476 560
113 561
167 561
233 561
143 562
108 563
119 563
281 563
418 563
427 563
82 564
169 565
190 565
210 565
21 566
119 566
198 566
323 566
138 567
225 567
311 567
357 567
464 567
31 568
269 568
397 568
432 568
436 568
43 569
56 569
76 569
105 569
210 569
331 569
343 569
385 569
418 569
438 569
149 571
300 571
370 571
126 572
161 573
175 573
183 573
205 573
424 573
450 573
110 574
196 574
287 574
95 575
134 575
238 576
431 576
116 577
213 577
333 577
474 577
180 578
230 578
246 578
456 578
333 579
226 580
319 580
436 580
103 581
142 581
308 581
53 582
61 582
106 582
232 582
260 582
45 583
140 583
152 583
156 583
180 583
463 583
80 584
118 584
437 584
100 585
213 585
256 585
262 585
357 585
388 585
430 585
136 586
145 586
195 586
267 586
293 586
432 586
255 587
327 587
333 587
398 587
158 588
175 588
371 588
321 589
417 589
472 589
149 590
246 591
446 591
103 592
236 592
360 592
440 592
452 592
38 593
330 593
336 593
432 593
133 594
250 594
425 594
438 594
157 595
199 595
246 595
253 595
328 595
356 595
435 595
50 596
224 596
320 596
349 596
221 597
233 597
65 598
81 598
119 598
223 598
414 598
113 599
375 599
412 599
95 600
131 600
268 600
275 600
339 600
388 600
461 600
291 601
137 602
143 602
118 603
416 603
129 604
406 604
432 604
164 605
176 605
186 605
147 606
470 606
200 607
356 607
61 609
370 609
221 610
314 610
340 610
479 610
233 612
255 612
82 613
104 613
453 613
391 615
412 615
460 615
125 616
274 616
146 618
293 618
404 618
158 620
303 620
182 621
200 621
322 621
216 623
425 623
339 625
349 625
436 625
237 626
82 627
248 627
362 627
448 627
263 628
375 628
103 629
474 629
461 630
393 631
127 633
286 633
293 634
197 635
408 635
152 636
305 636
215 637
419 637
432 637
167 638
