280 32
341 34
364 36
246 40
306 40
298 43
293 44
196 47
348 49
357 49
368 51
311 52
265 53
380 53
298 54
249 56
400 57
199 60
275 61
333 61
356 61
446 61
168 62
319 62
345 62
364 63
416 63
376 65
456 65
389 67
213 68
181 71
243 71
410 72
299 73
318 73
286 74
425 74
373 76
221 78
265 78
252 79
385 79
188 81
239 83
243 83
302 87
320 87
333 87
351 87
256 88
283 88
434 89
372 92
402 92
209 93
251 93
247 94
394 94
381 95
235 96
454 97
193 99
225 99
439 99
249 100
310 100
322 100
336 100
348 100
285 101
298 101
419 102
404 103
215 104
256 104
260 104
268 104
357 105
179 106
255 107
373 108
249 109
381 109
390 109
171 110
405 110
455 110
104 111
268 111
307 111
196 112
314 113
324 114
333 114
138 115
410 115
425 115
188 116
283 116
295 116
345 117
418 117
155 118
223 118
356 118
434 118
244 119
367 120
181 121
226 121
384 121
392 121
262 122
377 122
363 123
449 123
225 124
234 124
404 124
171 125
212 125
241 125
383 125
401 125
334 126
352 126
375 126
457 126
121 127
188 127
198 127
305 127
331 128
168 129
210 129
313 129
292 130
347 130
326 131
347 131
163 132
361 132
423 132
229 133
269 133
291 133
433 133
438 133
373 134
477 134
320 135
165 136
167 136
197 137
358 137
409 137
430 137
185 138
245 138
349 138
412 138
102 139
262 139
337 139
137 140
224 140
407 140
454 140
241 141
282 141
306 141
339 141
377 141
415 141
238 142
367 142
152 143
426 143
95 145
157 145
241 145
258 145
109 146
161 146
175 147
439 148
185 149
436 149
398 150
301 151
362 151
414 151
443 151
479 151
102 152
222 152
251 152
317 152
322 152
172 153
410 153
80 155
169 155
329 155
419 155
141 156
239 156
244 156
320 156
265 157
267 157
287 157
302 157
343 157
460 157
166 158
193 158
245 158
307 158
388 158
410 159
93 160
109 160
126 160
375 161
70 162
268 162
332 162
211 163
220 163
240 163
273 163
372 164
276 165
444 165
474 166
176 167
356 167
409 167
332 168
453 168
340 169
342 169
202 170
229 170
264 170
305 170
423 170
76 171
101 171
207 171
267 171
269 171
364 171
287 172
311 172
274 173
95 174
298 174
383 174
459 174
163 175
398 175
192 176
138 177
411 177
110 178
136 178
213 178
442 178
180 179
471 179
87 180
219 181
239 181
359 181
319 183
400 183
424 183
64 184
103 184
155 185
197 185
305 185
478 185
77 186
157 186
290 186
242 187
275 187
389 187
56 188
129 188
167 188
278 188
323 188
353 188
438 188
267 189
270 189
97 190
112 190
259 191
467 191
212 192
408 192
147 193
180 193
342 193
388 193
443 193
246 194
264 194
332 194
71 195
157 195
109 196
210 197
198 198
237 198
303 198
316 198
424 198
451 198
476 198
127 199
170 199
227 199
233 199
374 199
122 200
328 200
243 201
274 201
292 201
78 202
163 202
220 202
224 202
281 202
438 202
363 203
461 203
239 204
329 204
335 204
96 205
255 206
262 206
374 206
117 207
414 207
129 208
299 208
148 210
202 210
205 210
390 210
124 211
473 211
304 212
321 212
425 212
177 213
359 213
207 214
433 214
45 215
62 215
279 215
82 216
211 216
273 216
342 216
103 217
128 217
327 217
362 217
404 217
135 218
147 218
211 218
259 218
357 218
372 218
190 219
252 219
469 219
128 220
150 220
169 220
215 220
449 220
252 221
415 221
115 222
77 223
130 223
223 223
383 223
305 224
319 224
391 225
48 226
210 226
301 226
479 226
310 227
323 227
429 227
179 228
218 228
358 228
66 229
237 229
267 229
437 230
464 230
257 231
363 231
107 232
318 232
406 232
123 233
272 233
331 233
373 233
142 234
351 235
411 235
39 236
131 236
248 236
296 236
379 236
449 236
64 237
168 237
299 237
417 237
233 238
251 238
278 238
287 238
311 238
387 238
56 239
299 239
268 240
455 240
96 241
415 241
114 242
182 242
223 242
417 242
121 243
139 244
361 244
420 244
461 244
166 246
73 247
303 247
319 247
214 248
220 248
369 248
433 248
124 249
157 249
182 249
243 249
334 249
184 250
261 250
272 250
360 250
444 250
469 250
46 251
90 251
168 251
244 251
254 251
276 251
226 252
277 252
107 253
141 254
157 254
333 254
478 254
417 255
181 256
189 256
379 256
88 257
207 257
239 257
389 257
225 258
271 258
386 258
130 259
147 259
251 259
314 259
329 259
352 259
397 259
456 259
254 260
365 260
381 260
100 261
115 261
150 261
370 261
275 262
391 262
144 263
351 263
419 264
427 264
130 265
153 265
397 265
405 265
78 266
175 266
280 266
148 267
332 267
159 268
346 268
449 268
465 268
130 269
289 269
173 270
326 270
341 270
30 271
182 271
206 271
210 271
196 272
221 272
415 272
242 273
302 273
366 273
294 274
472 274
215 275
263 275
344 275
454 275
72 276
104 276
89 277
137 277
151 277
153 277
188 277
193 277
254 277
52 278
120 278
180 278
372 278
284 279
295 279
301 279
424 279
197 280
313 281
427 281
31 282
188 282
379 282
78 283
101 283
145 283
83 284
258 284
308 284
406 284
307 285
67 286
316 286
245 287
295 287
323 287
448 287
466 287
231 288
111 289
155 290
288 290
367 290
413 290
196 291
344 291
126 292
471 292
22 293
281 293
311 293
437 293
61 294
92 294
43 295
138 295
305 295
63 296
398 296
235 297
270 297
441 297
456 297
209 298
34 299
201 299
211 299
218 299
278 299
330 299
146 300
304 300
198 301
236 301
381 301
477 301
78 302
264 302
284 302
405 302
423 302
102 303
49 304
116 304
289 304
214 305
297 305
446 305
67 306
170 306
211 306
236 306
29 307
200 307
237 307
364 307
387 307
129 308
158 308
177 308
411 308
204 309
237 309
96 310
215 310
41 311
234 312
371 312
141 313
227 313
110 314
270 314
468 315
126 316
203 316
394 316
41 317
223 317
276 317
418 317
67 318
186 318
378 318
90 319
153 319
207 319
330 319
57 320
171 320
184 321
251 321
38 322
194 322
259 322
145 323
339 323
396 323
73 324
90 324
170 324
441 324
149 325
345 327
413 327
308 328
460 328
30 329
148 329
194 329
200 329
386 329
475 329
244 330
48 331
68 332
176 332
265 332
434 333
186 334
299 334
329 334
403 334
356 335
449 335
137 336
160 336
200 336
354 336
116 337
128 338
141 338
111 339
139 339
170 339
268 339
79 340
337 340
464 340
159 342
282 342
336 342
20 343
38 343
200 343
243 343
321 343
479 343
217 344
84 345
151 345
186 345
201 345
267 345
149 346
408 346
176 347
213 347
219 347
453 347
306 348
77 349
110 349
192 349
52 350
296 350
382 350
397 350
332 351
343 351
83 352
125 352
195 352
238 352
268 352
366 352
471 352
412 354
149 355
182 355
190 355
276 355
169 356
441 356
220 358
260 358
369 358
151 359
263 359
457 359
279 360
341 360
27 361
143 361
146 361
413 361
88 362
102 362
386 362
412 362
306 363
63 364
209 364
401 364
211 365
334 365
478 365
120 366
355 366
81 367
164 368
304 368
140 369
185 369
280 369
344 370
461 370
129 371
207 371
373 371
303 372
479 372
251 373
387 373
445 373
55 374
116 374
201 374
330 374
417 374
419 374
97 375
227 375
295 375
355 375
424 375
183 376
307 377
140 378
317 378
31 379
273 379
465 381
344 382
448 382
114 383
128 383
221 383
244 383
372 383
156 384
240 384
320 384
339 384
356 384
179 385
438 385
49 386
199 386
287 386
388 386
136 387
342 387
219 388
135 390
451 390
191 391
222 391
336 391
122 393
238 393
306 393
320 393
208 394
66 395
340 395
313 396
166 397
224 397
211 398
280 399
322 399
81 400
208 400
339 401
215 402
233 403
246 403
410 403
83 404
377 404
385 404
417 404
102 405
231 405
253 405
297 405
393 405
472 405
97 406
120 406
155 406
316 406
419 406
95 407
350 407
358 407
389 407
402 407
453 407
190 408
199 408
147 409
73 410
127 410
230 410
290 411
276 412
47 413
368 414
235 415
252 415
356 415
426 415
315 416
67 418
181 420
225 420
413 420
127 421
170 421
445 422
92 423
361 423
267 424
381 424
36 425
306 425
335 425
348 425
411 425
150 426
171 426
244 426
32 427
472 427
94 428
285 428
420 428
429 428
96 429
278 429
340 429
227 430
445 430
456 430
150 432
362 432
108 433
173 433
210 434
384 434
336 435
389 435
80 436
94 436
164 436
270 436
282 436
428 437
187 438
395 438
198 439
231 439
436 439
295 440
164 441
112 442
310 442
221 443
238 443
277 443
106 444
344 444
428 444
186 446
402 446
423 446
256 447
132 448
195 448
359 448
452 448
132 449
137 449
217 449
345 449
180 450
440 450
96 451
170 451
204 451
63 452
180 453
203 453
469 453
54 454
167 454
274 454
232 455
400 455
91 456
334 456
296 458
214 459
223 459
294 459
171 461
398 461
147 462
312 462
425 462
331 463
413 464
131 465
171 465
366 465
450 465
112 466
236 466
313 466
248 468
72 469
139 469
159 469
435 469
106 470
123 470
421 470
434 470
408 471
479 471
97 472
221 473
336 473
35 474
62 474
304 474
393 474
136 475
281 475
134 476
170 477
211 477
53 478
316 478
376 478
479 478
88 479
241 479
260 479
211 480
281 480
324 480
232 481
278 481
418 481
52 482
309 482
360 482
418 482
272 484
169 485
323 485
339 485
416 485
442 485
251 486
260 487
293 487
388 487
75 488
322 488
119 490
193 490
40 491
130 491
198 491
231 491
236 491
370 491
426 491
170 492
183 493
270 493
284 493
353 493
231 494
384 494
128 495
191 495
67 496
210 496
426 496
215 497
152 499
336 499
303 501
423 501
104 502
147 502
57 503
98 503
226 503
244 503
260 503
132 504
139 504
190 504
216 504
288 504
151 505
378 505
206 506
142 507
176 507
220 507
392 507
160 509
408 509
465 509
41 510
140 510
173 510
289 510
83 511
203 511
235 511
239 511
166 512
205 512
215 512
289 513
241 514
296 514
420 514
71 515
116 515
148 515
153 516
205 516
256 516
139 517
346 517
372 517
254 519
315 519
59 520
459 520
166 521
241 521
281 521
327 521
337 521
132 522
99 523
196 523
350 525
384 525
48 526
234 526
266 526
213 527
390 527
193 529
348 529
357 529
270 530
374 530
73 531
321 531
222 532
413 532
470 532
190 533
266 533
403 533
143 534
296 534
316 534
332 534
148 535
250 535
338 535
120 536
285 536
430 536
183 537
214 538
224 538
253 539
137 540
151 540
192 540
309 540
445 540
320 541
410 541
128 542
220 542
354 542
460 542
107 543
209 543
423 543
281 544
311 544
334 545
377 545
428 545
177 546
475 546
158 547
166 547
371 547
191 548
386 548
404 548
154 549
334 549
187 550
407 550
287 552
324 554
467 554
132 555
202 555
247 555
251 555
191 556
139 557
181 557
190 557
329 557
178 558
246 558
313 558
432 558
113 559
199 559
386 559
209 560
98 561
252 561
80 562
215 562
362 562
412 562
255 563
311 563
396 563
163 564
168 564
170 564
258 564
167 566
193 566
288 566
379 566
478 566
268 567
274 567
276 567
231 568
333 569
447 569
352 571
301 572
403 572
423 572
179 574
345 574
163 575
173 577
369 577
397 577
431 578
170 579
210 579
317 579
341 580
409 580
471 582
259 583
385 583
254 585
285 585
199 586
466 586
357 587
157 588
328 588
458 588
134 589
221 589
248 589
273 589
297 589
141 591
196 591
406 592
166 595
340 595
474 595
382 596
209 597
197 598
283 598
232 599
146 600
248 600
430 600
361 602
118 603
128 603
319 604
162 607
186 607
309 607
346 607
330 608
213 609
281 610
438 610
249 611
265 614
302 617
361 619
315 620
335 620
435 622
186 624
206 625
222 626
326 630
