372 2
396 2
432 2
175 3
258 3
385 3
436 3
424 4
171 6
239 6
356 7
347 8
221 9
337 9
449 10
295 13
315 13
200 14
208 14
395 14
192 15
416 16
468 16
175 17
272 17
245 18
255 18
437 18
429 19
372 20
347 21
230 22
362 22
169 23
452 23
155 24
330 24
212 26
314 26
401 26
140 27
147 27
381 28
288 29
417 29
464 29
267 30
194 31
186 33
255 33
476 35
168 36
236 36
438 36
362 37
378 38
449 38
333 39
353 39
320 40
148 41
213 41
245 41
258 41
305 41
252 42
382 44
136 45
194 45
409 45
466 45
283 46
365 46
120 47
273 47
407 48
438 48
174 49
404 49
419 49
275 50
251 51
428 51
107 52
391 52
167 53
268 53
318 54
350 54
147 55
336 55
365 55
391 55
405 55
438 55
225 56
424 56
447 56
155 57
140 58
297 58
207 59
275 59
257 60
287 60
369 61
399 61
189 63
417 63
464 63
254 64
363 64
424 64
171 66
419 66
234 68
338 69
324 70
355 70
359 70
408 70
151 72
295 72
311 72
400 72
214 73
253 73
273 73
385 73
445 73
373 75
416 76
190 77
269 78
367 78
400 78
412 78
132 79
238 79
465 79
170 80
120 81
313 81
378 81
163 82
271 82
476 82
112 83
333 83
382 83
297 84
365 84
415 84
108 85
227 85
231 85
256 85
288 85
306 85
348 85
247 86
316 86
381 86
390 86
275 87
426 87
453 87
162 88
290 88
149 89
194 89
232 89
318 89
306 90
92 91
270 91
387 91
466 91
259 92
170 93
206 94
296 94
329 94
357 94
132 95
180 95
198 95
260 95
344 95
387 95
418 95
183 96
267 96
307 96
395 96
169 97
201 97
361 97
475 97
172 99
281 99
369 99
382 99
113 100
157 100
166 100
247 100
287 100
403 100
410 100
459 101
226 102
180 103
244 104
403 104
203 105
272 105
332 105
93 106
286 106
354 106
376 106
136 107
344 107
383 107
424 107
393 108
442 108
220 109
399 109
82 110
224 110
238 110
376 110
228 111
453 111
175 112
218 112
235 112
295 112
396 112
117 113
180 113
292 113
420 114
246 115
416 115
194 116
229 116
280 116
317 116
145 117
238 117
369 117
273 118
343 118
358 118
477 118
207 119
268 119
462 119
179 120
199 120
319 120
373 120
402 120
127 121
171 121
364 121
204 122
125 123
167 123
263 123
394 124
90 125
200 125
190 126
446 126
129 127
246 127
474 127
131 128
191 128
244 128
300 128
318 128
408 128
336 129
226 130
283 130
173 131
369 131
75 132
140 132
157 132
353 132
379 132
423 132
105 133
185 133
193 133
374 133
458 133
209 134
318 134
247 135
169 136
435 136
66 137
167 137
146 138
292 138
383 138
390 139
236 140
254 140
282 140
472 140
90 141
119 141
195 141
259 141
444 141
139 142
151 143
229 143
242 143
413 143
130 144
157 144
82 145
174 145
219 145
364 145
208 146
329 146
376 146
175 147
246 147
317 147
349 147
396 147
426 148
102 149
122 149
198 149
459 149
305 150
255 151
373 151
266 152
432 152
73 153
128 153
173 153
277 153
236 154
249 154
467 154
241 155
135 156
176 157
113 158
185 158
383 158
441 158
323 159
334 159
62 160
157 160
219 160
367 160
305 161
339 161
199 162
206 162
352 162
420 162
433 162
288 163
264 164
326 164
340 164
95 165
124 165
173 165
189 165
363 165
432 165
440 166
453 166
376 167
348 168
416 168
124 169
145 169
227 169
252 169
421 169
168 170
387 170
79 171
151 171
200 171
407 171
195 172
264 172
268 172
300 172
318 172
427 172
470 172
245 173
332 173
121 174
258 174
404 174
406 174
132 175
204 175
254 175
286 175
340 176
69 177
103 177
263 177
125 178
258 178
276 178
446 178
148 179
154 179
368 179
429 180
143 181
154 181
246 181
350 181
63 182
181 182
229 182
267 182
377 182
416 182
426 182
169 183
192 183
413 183
454 183
93 184
216 184
251 185
314 185
141 186
149 186
269 186
347 186
395 186
301 187
431 187
55 188
204 188
275 188
468 188
185 189
341 190
440 190
112 191
149 192
333 193
103 194
246 194
441 194
71 195
138 195
291 195
130 196
225 197
308 197
369 197
150 198
379 198
146 199
320 199
345 199
65 200
111 201
203 201
226 201
455 202
98 203
317 203
393 203
243 204
270 204
284 204
292 204
94 205
257 205
286 205
327 205
427 205
154 206
80 207
188 207
373 208
120 209
132 209
219 209
405 209
178 210
465 210
343 211
47 212
339 212
387 212
439 212
296 213
443 214
100 215
416 215
477 215
67 216
247 216
259 216
315 216
332 216
87 217
137 217
234 217
276 217
292 217
188 218
375 218
289 219
301 219
94 220
347 220
112 221
156 221
454 221
56 223
428 223
125 224
210 224
342 224
391 224
462 225
172 226
264 226
329 226
398 226
76 227
404 227
435 227
102 228
254 228
347 228
200 229
238 229
288 229
302 229
470 230
142 231
280 231
410 231
227 232
343 232
44 233
158 233
118 234
219 234
378 234
442 234
418 235
183 236
36 237
65 237
118 237
330 238
83 239
229 239
251 239
449 239
393 240
125 241
202 241
260 241
270 241
287 241
355 241
207 242
429 242
300 243
343 243
353 243
408 243
266 244
437 244
50 245
161 245
348 245
28 246
87 246
379 246
429 246
81 247
118 247
218 247
311 247
361 247
239 248
329 248
459 248
111 249
273 250
357 250
439 250
107 251
167 251
243 251
286 251
41 252
66 252
88 252
134 252
191 252
327 252
408 252
426 252
173 253
241 253
257 254
300 254
347 254
94 255
190 255
410 255
148 256
227 256
234 256
445 256
468 256
267 257
382 257
202 258
78 259
310 259
329 259
171 260
207 260
374 260
378 260
382 260
117 261
186 261
120 262
321 262
424 262
426 262
97 263
158 263
382 263
43 264
93 264
207 264
237 264
281 264
411 264
433 264
478 264
256 265
457 265
118 266
183 266
295 266
64 267
153 267
216 267
129 269
248 269
381 269
150 270
239 270
269 270
408 270
313 271
429 271
245 273
363 273
418 273
425 273
92 274
188 274
445 274
111 275
187 275
217 275
348 275
75 276
325 276
328 276
468 276
106 277
233 277
272 277
283 277
377 277
45 278
137 279
208 279
299 279
374 279
208 280
247 280
243 281
347 281
433 281
83 282
89 282
94 282
453 282
35 283
176 283
112 284
198 284
237 284
313 284
361 284
119 285
172 285
427 285
389 286
119 287
128 287
265 288
57 289
230 289
286 289
324 289
221 290
343 290
26 291
163 291
189 291
263 291
461 291
122 292
130 292
222 292
300 292
414 292
50 293
74 293
201 293
236 293
247 294
263 294
157 295
181 295
376 295
126 296
114 297
251 297
449 297
469 297
91 298
214 298
236 298
333 298
39 299
319 299
361 299
438 299
93 300
147 300
205 300
244 300
294 300
342 300
428 300
64 301
108 301
131 301
169 301
235 301
240 301
249 301
329 301
199 302
389 303
413 303
222 304
231 304
238 304
322 305
158 306
228 306
460 306
147 307
162 307
306 307
346 307
111 308
145 308
192 308
410 308
438 308
78 309
105 309
246 309
479 309
208 310
373 310
117 311
219 311
290 311
321 311
420 311
156 312
245 312
398 312
25 313
119 313
134 313
179 313
266 313
271 313
49 314
142 314
151 314
208 314
429 314
236 315
348 315
136 316
299 316
358 316
402 316
93 317
384 317
466 317
131 318
148 318
326 318
328 318
401 318
84 319
102 319
105 319
239 319
332 319
408 319
431 319
121 320
200 320
324 320
17 321
38 321
66 321
82 321
231 321
261 321
450 321
90 322
139 322
282 322
175 323
310 324
391 324
151 325
195 325
246 325
373 325
198 326
243 326
417 326
203 327
294 327
336 327
33 328
114 328
219 329
231 329
334 329
206 330
252 330
319 330
343 330
346 330
438 330
475 330
188 331
381 331
459 331
238 332
363 332
129 333
359 333
94 334
133 334
168 334
352 334
51 335
72 335
239 335
217 336
307 336
404 336
426 336
352 337
24 338
93 339
214 339
215 339
262 339
144 340
283 340
388 340
100 341
235 341
350 341
445 341
184 342
241 342
467 342
91 343
343 343
123 344
144 344
183 344
219 344
279 344
292 344
323 344
39 345
66 345
157 345
213 345
154 346
411 346
374 347
90 348
113 348
156 348
315 348
160 349
177 349
201 349
215 349
228 349
145 350
340 350
439 350
32 351
263 351
265 351
299 351
431 351
148 352
363 352
476 352
96 353
167 353
186 353
356 353
143 354
324 354
418 354
132 355
168 355
276 355
29 356
52 356
76 356
279 356
445 356
113 357
130 357
215 357
266 357
277 357
385 357
126 358
94 359
122 359
132 359
305 359
403 359
182 360
190 360
210 360
284 360
106 361
138 361
181 361
207 361
99 362
433 362
113 363
119 363
466 363
155 364
176 365
231 365
263 365
332 365
455 365
88 366
90 366
98 366
202 366
371 366
427 366
112 367
287 367
391 367
60 368
304 368
195 369
266 369
296 369
316 369
436 370
128 371
148 371
104 372
308 372
320 372
166 373
356 373
29 374
219 374
341 375
406 375
81 376
255 376
376 376
244 377
396 377
424 377
77 379
324 379
138 380
231 380
420 380
445 380
207 381
405 381
478 381
157 382
236 382
365 382
43 383
101 383
317 383
346 383
328 384
382 385
177 386
90 387
239 387
262 387
319 388
401 388
463 389
427 390
52 391
147 391
198 391
423 391
451 391
216 392
90 393
328 393
390 393
125 394
277 394
165 395
233 395
287 395
314 395
416 395
84 396
89 396
254 396
304 396
344 396
435 396
87 398
108 398
101 399
188 399
138 400
207 400
466 400
246 401
297 401
44 402
102 402
143 402
228 402
311 402
342 402
82 403
222 403
416 403
75 404
285 404
181 405
365 405
380 405
409 405
203 406
290 406
349 406
405 407
38 408
373 408
382 408
397 408
455 408
132 409
223 409
301 409
313 409
69 410
87 410
251 410
323 410
387 410
389 410
414 410
31 411
102 411
366 411
159 412
250 412
436 412
171 413
274 413
283 413
196 414
299 414
341 414
476 414
195 415
216 415
383 415
89 416
434 416
297 417
315 417
345 417
441 417
370 418
144 419
252 419
246 420
52 421
271 421
299 421
336 421
407 422
460 422
162 423
192 423
234 423
165 424
250 424
280 424
312 424
402 424
443 424
92 425
98 425
305 425
44 426
401 426
226 427
375 427
210 428
276 428
425 428
118 429
271 429
389 429
114 430
268 430
417 430
464 430
305 431
64 433
114 433
404 433
101 434
168 434
192 434
282 434
292 434
83 435
126 435
265 435
407 435
417 436
449 436
98 437
263 437
295 437
367 437
413 437
101 438
153 438
206 438
348 438
400 438
93 439
424 439
406 440
147 442
168 442
239 442
46 443
75 443
247 443
267 443
349 443
467 443
94 444
221 445
296 445
337 445
116 446
185 446
243 447
334 447
238 448
314 448
159 449
301 449
452 449
137 450
436 450
264 451
423 451
211 452
370 452
378 452
411 452
110 453
153 453
321 454
53 455
235 455
344 455
189 456
77 457
240 457
311 457
334 457
386 459
70 460
236 460
280 461
288 461
469 461
234 462
350 462
138 463
277 465
295 465
315 465
395 465
440 465
393 466
458 466
66 467
251 467
396 467
94 468
163 468
204 468
385 468
298 469
407 469
411 469
215 470
426 470
177 471
333 471
365 471
366 471
376 471
302 472
121 473
188 473
212 473
149 474
277 474
335 474
113 475
445 475
236 476
354 476
475 477
207 478
243 479
67 480
220 480
196 481
356 481
371 482
412 482
265 483
354 483
114 484
350 484
137 485
310 485
430 485
160 486
238 486
252 486
398 487
360 488
92 489
109 489
229 489
204 490
445 490
96 491
359 491
121 492
336 493
464 493
84 494
169 494
208 494
262 494
308 494
232 495
431 495
231 496
180 497
382 497
84 498
105 498
290 498
370 498
113 499
115 499
119 499
218 499
73 500
108 500
356 500
465 500
139 501
323 501
325 501
250 502
326 502
400 502
416 502
201 503
218 503
240 503
341 503
352 503
57 505
210 505
252 505
158 506
223 507
280 507
432 507
468 507
321 508
247 509
267 509
299 509
450 509
83 510
94 510
198 510
213 510
237 510
266 510
335 510
341 510
151 511
264 511
125 512
207 512
400 512
172 514
384 514
281 515
338 515
369 515
318 516
76 517
434 519
245 522
248 522
273 522
348 523
230 524
231 524
296 524
314 524
399 524
213 525
219 525
276 525
468 525
127 526
155 526
191 526
177 527
206 528
226 529
94 530
190 530
280 530
289 530
436 530
372 531
174 532
257 532
382 532
82 533
150 533
217 533
245 533
327 533
418 534
184 535
219 535
196 536
284 536
304 536
399 536
69 537
222 537
468 537
138 538
166 538
240 538
109 539
202 539
194 540
167 541
340 541
246 543
454 543
95 544
167 544
187 544
242 544
272 544
296 545
317 545
357 545
415 545
151 546
181 546
192 546
379 546
121 547
175 548
226 548
214 550
397 550
251 551
259 552
355 552
467 552
79 553
168 553
247 553
375 553
288 554
436 555
310 556
132 557
193 557
233 557
246 557
213 558
260 558
150 559
184 559
207 561
397 561
324 562
279 563
449 564
228 567
171 568
195 568
299 568
342 568
367 569
411 569
131 570
222 570
250 571
315 572
244 573
267 573
291 574
387 574
154 575
179 579
334 579
209 581
305 583
404 583
425 583
136 585
281 585
233 586
160 588
191 589
295 590
356 590
241 593
269 594
212 595
261 600
366 600
392 600
230 601
277 605
309 608
