141 1
312 2
401 2
204 4
233 4
347 4
456 4
271 5
159 7
175 8
361 8
407 8
325 9
248 10
425 10
294 11
84 12
476 12
101 13
186 13
66 14
116 14
228 14
437 15
441 15
134 16
310 16
146 17
264 18
201 19
391 19
323 20
158 21
214 21
455 22
249 23
277 23
286 23
405 25
176 27
234 28
63 29
110 29
300 29
376 29
84 30
96 30
188 30
471 30
56 31
261 31
345 31
477 31
49 32
158 32
129 33
425 33
435 33
140 34
203 34
323 35
250 36
358 36
216 37
394 37
178 38
407 40
162 41
215 41
339 41
164 42
302 42
396 42
150 43
374 44
460 44
103 45
230 45
338 45
85 46
302 46
262 47
337 47
427 47
170 48
63 49
37 50
53 50
136 50
469 50
177 51
198 51
234 51
368 52
395 52
476 53
305 55
443 55
188 56
243 56
303 57
333 57
388 57
174 58
221 58
110 59
156 59
352 59
388 59
405 59
192 61
216 61
336 61
398 61
125 62
224 62
237 62
419 63
50 64
207 64
271 64
338 64
460 64
76 65
393 65
337 66
397 66
39 67
292 67
384 67
137 68
236 68
88 69
94 69
186 69
384 69
470 69
191 70
227 72
199 73
120 74
159 75
402 75
445 75
116 76
265 77
333 77
343 77
213 78
240 78
395 78
418 78
307 79
337 79
354 79
54 80
69 80
160 81
314 81
337 81
379 81
135 82
266 82
240 83
250 83
315 83
320 83
466 83
97 84
379 84
251 85
358 86
213 87
256 87
94 88
109 88
386 88
107 89
245 89
259 89
350 89
371 89
107 90
167 90
197 90
268 90
276 90
293 90
439 90
38 91
230 91
340 91
121 92
244 92
265 93
291 93
376 94
282 96
185 97
417 97
456 97
71 98
86 98
148 98
270 98
308 98
388 98
145 99
401 99
42 100
216 100
315 100
313 101
126 102
233 102
320 103
379 105
170 106
207 106
301 106
249 107
373 107
303 108
443 108
93 109
187 109
325 109
331 109
269 110
291 110
127 111
263 111
300 111
326 111
419 111
39 113
58 113
77 113
222 113
86 114
96 115
235 116
329 116
378 116
390 116
135 117
363 117
465 117
303 118
318 118
435 118
145 119
171 121
196 121
237 121
166 122
322 122
248 123
303 123
399 123
406 123
450 123
81 124
118 124
120 124
150 124
478 124
37 126
84 126
188 126
207 126
221 126
262 126
304 126
58 127
85 127
110 127
370 127
131 128
105 129
283 129
327 129
187 130
191 130
298 130
352 130
75 131
303 131
321 131
310 132
316 132
198 133
114 134
241 134
419 134
47 135
279 135
347 135
141 136
194 136
416 136
128 137
164 137
65 138
87 138
394 138
422 138
40 139
68 139
105 139
171 139
210 139
315 139
426 139
451 139
18 140
62 140
86 140
152 140
260 140
55 141
310 141
315 142
372 142
410 142
417 142
49 143
348 144
58 145
108 145
195 145
102 146
51 147
414 147
274 148
236 149
421 149
69 150
296 150
401 150
477 150
143 151
146 151
158 151
384 151
415 151
100 152
250 152
302 152
23 153
40 153
114 154
340 154
141 155
342 155
451 155
94 156
333 156
355 156
49 157
336 157
266 158
332 158
367 158
422 158
431 159
43 160
99 160
235 160
296 160
344 160
228 161
233 161
390 161
94 162
213 162
396 162
403 162
350 163
124 165
145 165
212 165
244 165
368 165
447 165
59 166
41 167
42 167
19 168
113 168
187 169
212 169
159 170
177 171
196 173
223 173
340 173
265 174
282 174
413 174
373 175
406 175
66 176
166 176
286 176
44 177
296 177
391 177
424 177
234 178
49 179
404 179
50 180
56 180
26 181
72 181
204 181
415 181
471 181
111 182
129 182
236 182
370 182
373 182
103 183
148 183
232 183
69 184
210 184
235 184
332 185
354 185
42 186
161 186
174 186
206 186
383 186
399 186
443 186
257 187
113 188
300 188
283 190
297 190
45 191
74 191
205 191
25 192
184 192
271 192
389 192
126 193
234 193
297 194
301 194
375 194
399 194
435 194
222 195
456 195
198 196
308 196
362 196
81 197
115 197
149 197
342 198
388 198
371 199
168 200
406 200
432 200
463 200
278 201
362 201
87 202
173 202
57 203
191 203
474 203
80 204
195 204
380 204
396 204
419 204
433 204
42 205
109 205
188 205
226 205
330 205
437 205
21 207
123 207
313 207
357 207
387 207
287 208
185 209
129 210
442 210
240 211
161 212
259 212
400 213
202 214
321 214
422 214
85 216
98 216
454 216
303 217
31 218
51 218
63 218
216 218
120 219
123 219
426 219
155 220
387 220
104 221
193 221
195 222
229 222
96 223
260 224
288 225
355 225
476 225
87 226
127 226
310 226
167 227
181 227
209 227
252 227
337 227
412 227
378 228
385 228
34 229
90 229
105 229
242 229
52 230
70 230
417 230
439 230
217 231
247 231
293 231
88 233
185 233
271 233
366 233
418 233
14 235
134 235
164 235
295 235
345 235
449 235
149 236
256 236
324 236
159 237
226 237
391 237
54 238
97 238
191 238
244 238
413 238
76 239
113 239
84 240
131 240
336 241
33 242
91 242
102 242
304 242
401 242
426 242
204 243
230 243
155 244
176 244
226 245
284 245
15 246
213 246
461 246
79 247
374 247
56 249
321 249
246 250
325 250
68 251
140 251
170 251
272 251
362 251
369 251
192 252
348 252
128 253
193 253
316 253
32 254
338 255
256 256
416 256
443 256
478 256
113 257
279 257
163 258
177 259
111 260
185 260
300 260
456 260
12 261
178 261
265 261
369 261
389 261
403 261
65 262
122 262
239 262
125 263
242 263
351 263
103 264
131 264
162 264
371 264
463 264
42 265
218 266
356 267
289 268
232 269
313 269
28 270
81 270
253 270
126 272
337 272
432 272
204 273
324 273
15 274
25 274
172 274
356 274
386 274
62 275
100 275
153 275
260 275
280 275
322 275
84 278
299 278
375 278
397 278
478 278
48 279
134 279
140 279
335 279
383 279
113 280
187 280
240 280
383 280
141 281
229 282
306 282
445 282
390 283
30 284
111 284
154 284
325 284
370 284
87 285
111 285
163 285
224 285
225 285
416 285
117 286
64 287
76 287
140 287
86 288
124 288
204 288
417 288
145 289
290 289
310 289
399 289
253 290
351 290
416 290
456 290
205 291
401 291
112 292
140 292
164 292
174 292
51 293
158 293
428 293
40 295
392 295
412 295
94 296
468 296
105 297
106 297
125 297
381 297
78 298
229 298
279 298
298 298
477 298
130 299
240 299
135 300
216 300
23 301
118 301
337 301
442 301
58 302
143 302
360 302
438 305
15 306
403 306
106 307
165 307
212 307
322 307
159 308
176 308
230 308
288 308
310 308
253 309
390 309
43 310
253 310
424 310
145 311
147 311
202 312
401 312
421 312
30 313
74 313
249 313
346 313
385 313
114 314
125 314
62 315
269 315
137 316
127 317
378 317
411 317
160 318
466 318
276 319
407 319
234 320
302 320
370 321
106 322
190 322
58 323
122 323
248 323
355 323
15 324
94 324
165 324
231 324
246 324
48 325
79 325
96 325
280 325
478 325
129 326
250 326
364 326
55 328
70 328
171 328
297 328
447 328
68 329
136 329
196 329
215 329
251 329
273 329
312 329
49 330
419 330
287 331
114 333
151 333
237 333
350 333
382 333
54 334
77 334
199 334
24 336
88 336
68 337
376 337
462 337
369 338
433 339
121 340
183 340
40 341
93 341
117 341
322 341
402 341
50 343
159 343
268 343
226 344
303 344
318 344
476 344
35 345
245 345
118 346
269 346
367 346
409 346
13 347
84 347
209 347
363 347
400 347
136 348
173 348
198 349
330 349
376 349
99 350
244 350
29 351
416 351
457 351
146 352
231 352
275 352
302 352
399 352
62 354
109 354
113 354
385 354
216 355
297 355
46 356
291 356
336 356
421 356
113 357
188 357
285 357
304 357
307 357
47 358
292 358
357 358
372 358
20 359
285 359
366 359
158 360
169 360
322 360
254 361
263 361
364 361
122 362
193 362
276 362
239 363
298 363
198 364
436 364
156 365
337 365
85 366
243 366
35 367
60 368
132 368
202 368
276 368
357 368
449 368
13 369
96 369
181 369
386 369
177 370
88 371
370 371
60 372
70 372
204 372
177 373
109 374
121 374
192 374
268 374
415 374
434 374
70 375
153 375
95 377
231 377
27 378
65 378
104 378
124 378
170 378
270 378
443 378
468 378
51 379
292 379
350 379
434 380
251 381
398 381
428 381
70 382
77 382
142 382
256 382
424 382
215 383
80 384
92 384
129 384
316 384
341 384
68 385
276 385
334 385
356 385
456 385
138 387
359 387
240 388
354 388
361 388
387 388
431 388
101 389
109 389
24 390
64 390
152 390
181 390
350 391
78 393
112 393
413 393
96 394
123 394
432 394
367 395
393 395
268 396
429 396
166 397
207 397
261 397
329 397
287 398
444 398
144 400
176 400
229 400
264 400
439 400
61 401
308 401
479 401
21 402
40 402
92 402
135 402
193 402
252 402
78 403
400 403
171 404
229 404
334 404
339 404
84 405
293 405
343 405
423 405
377 406
404 407
60 408
416 408
459 408
243 410
365 410
79 411
319 411
324 411
156 412
18 413
121 413
325 413
59 414
180 414
91 415
265 415
40 416
209 416
323 416
406 416
140 418
391 418
476 418
81 419
286 419
125 420
165 420
325 420
350 420
353 420
356 420
18 422
62 422
283 422
386 422
221 423
258 423
346 423
455 423
126 424
212 424
321 424
99 425
189 425
353 425
375 425
84 426
104 426
292 426
397 426
43 427
212 428
301 428
424 428
206 429
208 429
130 430
150 430
330 430
337 430
409 430
65 431
117 431
171 431
404 431
219 432
243 432
346 432
395 432
268 433
312 434
225 435
366 435
393 435
44 437
280 437
389 437
426 437
434 437
470 437
67 438
204 438
366 438
341 439
436 440
445 440
263 441
271 441
346 441
157 442
198 442
215 442
150 443
181 443
219 443
244 443
254 443
260 443
349 443
418 443
354 444
121 445
210 445
233 445
271 446
291 446
95 447
115 447
176 447
198 447
200 447
73 449
166 449
366 449
395 449
147 450
247 450
52 451
191 451
246 452
250 452
271 452
312 452
425 452
320 453
438 453
461 453
393 455
121 456
271 456
342 456
420 456
144 457
332 458
386 458
64 459
88 459
105 459
175 459
190 459
201 460
288 460
187 461
235 461
239 461
378 461
412 461
127 462
143 462
146 464
265 464
363 464
304 465
321 465
334 465
340 467
346 468
83 469
156 469
240 469
268 469
277 469
320 469
446 469
471 469
200 470
347 470
405 470
95 471
170 471
192 471
59 472
111 472
387 472
136 473
238 473
432 473
193 475
188 476
222 476
238 476
246 476
285 476
381 476
425 476
289 477
51 478
184 478
372 478
141 479
204 479
103 480
119 480
220 480
418 480
167 481
303 482
361 482
202 484
335 484
345 484
451 484
235 485
265 485
290 485
323 485
303 487
401 488
70 489
92 489
310 489
443 489
149 490
180 490
247 490
297 490
315 490
213 491
287 491
290 491
385 492
131 494
190 494
378 494
160 495
117 496
371 496
292 498
425 498
266 499
309 499
328 499
100 500
228 500
343 500
415 501
83 503
171 503
200 503
299 504
407 504
244 507
396 507
148 508
91 509
389 510
130 511
217 511
306 512
187 513
259 513
170 514
430 514
329 515
370 515
196 516
118 517
231 517
343 517
97 518
279 520
170 521
412 521
147 522
243 523
210 525
309 526
296 527
180 528
391 529
314 530
137 531
263 532
324 532
361 532
344 533
160 534
273 534
230 535
278 535
204 540
174 541
245 542
303 544
153 545
190 547
334 547
221 548
364 548
264 549
352 549
198 554
240 555
171 556
317 559
182 560
210 561
269 564
278 564
