236 1
452 1
459 4
253 5
384 6
472 7
342 8
184 9
273 9
307 9
420 9
103 11
122 11
169 11
201 11
354 11
434 12
396 13
222 14
241 14
319 14
365 14
298 19
448 19
74 20
253 20
381 20
86 21
336 21
67 22
271 23
463 23
107 24
394 24
141 25
158 25
175 25
194 25
209 26
285 26
349 26
359 26
122 27
223 28
478 29
306 31
244 32
374 32
449 32
418 34
71 35
90 35
257 35
334 35
64 38
226 38
274 38
322 39
396 39
125 40
141 40
172 40
350 40
157 41
204 41
426 41
431 41
466 41
115 42
289 42
341 43
355 43
248 44
308 45
330 45
377 45
99 46
375 46
479 46
277 49
410 49
172 50
212 50
323 50
379 50
450 50
77 51
191 51
203 51
382 51
220 52
239 52
430 52
434 52
408 54
234 55
145 56
182 56
358 57
388 57
467 57
259 58
314 58
395 58
122 59
345 59
98 60
417 60
113 61
166 61
439 62
478 62
219 63
276 63
382 63
429 63
443 63
202 64
349 64
408 64
78 65
393 65
410 65
297 66
415 66
185 68
245 68
359 68
327 69
331 69
211 71
261 71
308 71
381 71
389 71
390 71
456 71
218 72
374 72
422 72
112 73
138 73
383 73
164 74
414 74
462 74
277 75
101 76
201 76
379 76
151 77
158 77
418 77
467 77
86 78
432 78
171 79
193 79
339 79
374 79
426 79
475 79
300 80
66 81
183 81
123 82
313 82
421 82
105 83
345 83
427 83
277 84
354 84
204 85
313 85
392 85
350 86
322 87
90 88
118 88
132 88
323 88
358 88
267 90
284 90
302 90
331 90
152 91
222 91
365 91
331 92
354 92
393 92
84 93
174 93
278 93
458 93
238 94
294 94
302 94
313 94
320 94
357 94
382 95
428 95
63 96
101 96
190 96
432 96
249 97
108 98
287 98
362 98
387 98
105 99
373 99
377 99
100 100
150 100
263 100
272 100
87 101
216 101
310 101
315 101
400 101
66 102
135 102
146 102
375 102
424 102
117 103
278 103
335 103
417 103
472 103
301 104
135 105
288 105
152 106
155 106
382 106
163 107
90 108
106 108
423 108
79 109
105 109
132 109
137 109
184 109
373 109
450 109
97 110
142 110
408 110
258 111
391 111
111 112
117 112
323 112
334 112
64 113
132 113
197 113
404 113
229 114
345 114
351 114
43 115
94 115
294 115
113 116
119 117
125 117
269 117
380 117
253 118
307 119
404 119
163 120
216 120
462 120
432 121
390 122
82 123
351 123
278 124
285 124
323 124
237 125
251 126
275 126
321 126
355 126
297 127
394 127
60 128
418 128
471 128
269 129
412 129
39 130
201 130
251 130
294 130
121 131
364 131
477 131
137 132
151 132
343 132
409 132
104 133
427 133
429 133
217 134
419 134
182 135
292 135
408 135
85 136
66 137
312 137
379 137
261 138
402 138
182 139
235 139
175 141
248 141
280 141
329 141
151 142
45 143
131 143
173 143
194 143
277 143
331 143
340 143
465 143
251 144
107 145
177 145
315 145
333 145
337 145
177 147
367 147
442 147
84 148
320 148
420 148
174 149
395 150
64 151
271 151
281 151
427 151
318 152
165 153
150 154
379 154
43 155
138 155
234 155
108 156
120 156
185 156
455 156
311 157
427 157
289 158
404 158
267 159
289 159
265 162
306 162
466 162
101 163
239 163
391 163
437 163
63 164
433 164
174 165
367 165
194 166
327 166
403 166
84 167
315 167
473 167
143 169
39 170
126 170
207 170
230 170
283 170
109 171
347 171
155 172
247 173
410 173
384 174
455 174
109 175
206 175
168 176
239 176
335 176
72 177
184 177
208 177
231 177
434 177
219 179
262 179
53 180
228 180
304 180
366 180
199 182
274 182
140 183
433 183
35 184
418 184
443 184
85 185
212 185
343 185
423 185
469 185
93 186
220 186
233 186
377 186
336 188
354 188
289 189
438 189
65 190
162 191
244 191
453 191
479 191
178 192
253 192
304 193
348 193
131 194
143 194
195 194
46 195
101 195
362 195
417 195
382 196
202 197
268 197
343 197
237 199
354 199
211 200
424 200
434 200
142 201
208 201
61 202
75 202
307 202
146 203
346 203
369 203
321 204
170 205
294 205
442 205
281 206
299 206
433 206
437 206
475 206
193 207
256 207
380 207
46 208
107 208
378 208
439 208
33 209
212 210
214 210
384 210
449 210
88 211
138 211
291 211
356 211
205 212
227 212
329 212
395 212
455 212
303 213
366 213
431 213
315 214
427 214
436 214
58 215
271 215
365 215
411 215
135 216
225 216
247 216
390 218
425 218
459 218
171 219
187 219
221 219
317 219
382 219
130 220
210 220
345 220
430 220
117 221
216 221
372 221
98 222
153 222
235 222
308 222
223 223
230 223
263 223
399 223
464 223
73 224
123 224
292 224
294 226
328 226
232 227
436 227
443 227
155 228
249 228
397 228
173 229
356 229
387 229
439 229
55 230
135 230
194 230
275 230
320 230
408 230
423 230
425 230
98 231
387 231
114 232
316 232
320 232
367 232
479 232
232 234
40 235
81 235
301 235
140 236
153 236
387 236
425 236
341 237
409 237
122 238
161 238
294 238
258 239
292 239
324 239
454 239
117 240
180 240
62 241
198 241
439 242
100 243
304 243
223 244
272 244
352 244
418 244
372 245
47 246
408 246
83 247
280 247
467 247
167 248
424 248
146 249
185 249
355 249
137 250
247 250
401 250
122 251
423 251
313 252
346 252
30 253
71 253
207 253
260 253
339 254
451 254
98 257
230 257
299 257
382 257
59 258
271 258
323 258
330 259
154 260
353 260
402 260
245 261
131 263
193 263
368 263
79 264
216 264
392 264
310 265
333 265
436 266
283 267
417 267
443 267
470 267
111 268
343 268
347 269
162 270
24 271
64 271
319 271
356 271
406 272
418 272
95 273
148 273
180 273
239 273
380 273
47 276
128 276
274 276
205 277
425 277
434 278
219 279
253 280
346 280
465 280
365 281
430 281
115 282
245 282
32 283
241 283
267 283
270 283
152 284
163 284
175 284
413 284
438 284
449 284
47 285
96 285
193 285
229 285
372 285
423 285
139 286
213 286
290 286
407 286
241 288
390 288
265 289
479 289
211 291
239 292
270 292
356 292
115 293
375 293
49 294
79 294
255 294
104 296
159 296
170 296
275 296
294 296
185 297
213 297
218 297
466 297
199 298
311 298
242 299
141 300
211 300
78 301
280 301
344 301
363 301
430 301
254 302
287 302
448 302
90 303
123 303
233 303
35 304
217 305
310 305
327 305
229 306
74 307
203 307
424 307
43 308
244 308
478 308
166 309
235 309
155 310
175 310
234 310
258 310
352 310
107 311
190 311
374 311
386 311
138 312
317 312
41 313
436 313
199 314
240 314
94 315
125 315
216 315
233 315
246 315
43 316
269 316
271 316
462 316
39 317
70 317
226 319
248 319
259 319
434 319
219 320
338 321
399 321
158 322
252 322
438 322
109 323
365 323
470 323
380 324
74 325
162 325
215 326
180 327
198 327
305 327
394 327
23 328
285 328
398 328
427 328
207 329
258 329
64 330
277 330
60 331
66 331
234 331
293 331
410 331
207 332
385 332
390 333
449 333
67 334
116 334
283 334
353 334
394 334
80 335
167 335
240 335
261 335
69 336
148 336
306 336
399 336
452 336
89 337
376 337
389 337
336 338
244 339
63 340
415 340
373 341
102 342
130 343
29 344
402 344
56 345
189 345
287 345
323 345
98 346
196 346
296 346
76 347
270 347
365 347
370 347
394 347
192 348
432 348
118 349
258 349
378 349
148 350
211 350
219 350
429 350
472 350
223 351
413 351
218 352
441 352
91 353
168 353
241 353
432 353
136 354
350 354
275 355
393 355
247 356
331 356
477 356
107 357
204 357
417 358
64 359
217 359
228 359
380 359
397 359
452 359
83 360
398 360
90 361
189 361
191 361
394 361
34 362
154 362
185 362
298 362
45 363
108 363
255 363
124 364
194 364
393 364
187 365
298 365
321 365
358 365
144 367
311 367
339 367
239 368
293 368
198 369
77 370
98 370
100 370
283 371
371 371
262 372
404 372
165 373
223 373
385 373
446 373
54 374
139 374
88 375
430 375
203 376
246 376
20 377
410 377
329 378
389 378
475 378
102 379
162 379
180 379
152 380
229 381
303 381
351 381
428 381
196 382
254 382
296 382
314 383
429 383
272 384
371 384
286 385
411 385
458 385
127 386
194 386
179 387
189 387
333 387
64 388
314 388
419 388
433 388
215 389
144 390
159 390
237 390
122 391
200 391
29 392
85 392
194 392
291 392
419 392
444 392
168 393
287 393
310 393
337 393
362 393
395 393
190 394
108 395
360 396
121 397
136 397
177 397
263 397
363 397
367 397
414 397
168 398
243 398
324 398
471 398
343 399
203 400
97 401
128 401
285 401
42 402
60 402
153 402
249 402
369 402
81 403
118 403
226 403
308 403
101 404
135 404
144 405
164 405
166 406
368 406
98 407
458 407
252 409
437 409
352 410
136 411
363 411
96 412
110 412
211 412
298 412
344 412
418 412
177 413
275 413
351 413
257 414
332 414
346 414
77 415
117 415
181 415
235 415
374 415
56 416
325 416
366 416
403 416
89 417
98 417
135 417
172 417
158 418
414 418
464 418
36 419
110 419
377 420
407 420
197 422
362 422
401 422
423 422
427 422
446 422
86 423
218 423
340 423
403 424
265 425
312 425
367 425
373 425
243 426
160 427
287 427
336 427
370 427
153 428
99 429
156 429
389 429
135 430
373 430
184 431
203 431
430 431
271 432
52 433
84 433
189 433
200 433
297 433
434 433
457 433
112 434
372 434
399 434
183 435
323 435
381 435
104 436
343 436
345 436
85 437
438 437
76 438
99 438
102 438
163 438
367 438
425 438
118 439
183 439
195 439
391 439
121 440
257 440
145 441
100 442
187 443
433 443
82 444
211 444
236 444
304 444
382 444
421 444
92 446
398 446
433 446
178 447
180 447
262 447
168 449
172 449
470 449
148 450
216 450
284 450
343 450
127 451
316 451
242 452
78 453
267 453
474 454
86 455
175 455
221 456
446 456
272 458
327 458
373 458
105 460
108 460
93 461
140 461
299 461
118 462
156 462
184 462
197 462
406 462
277 463
303 463
387 463
411 464
253 465
340 465
87 466
164 466
178 466
438 466
97 467
69 468
201 468
463 468
228 469
311 470
258 471
354 471
413 471
120 472
132 472
207 472
145 473
191 473
318 473
368 473
108 474
111 474
180 474
236 474
264 474
396 474
87 475
162 475
170 475
371 475
117 477
187 477
296 477
436 479
98 480
200 480
243 480
271 480
479 480
73 481
150 483
163 483
168 483
429 484
473 484
321 485
125 486
218 486
207 487
211 487
466 487
116 488
250 488
171 489
196 489
200 489
211 489
283 489
393 490
138 491
240 491
339 491
360 491
371 491
385 491
154 492
172 492
352 493
227 494
265 494
196 495
215 495
448 495
75 496
176 496
179 496
227 496
183 497
296 497
334 497
323 498
236 499
161 500
432 500
425 502
307 503
143 504
312 504
415 504
273 505
339 505
125 506
354 506
162 507
246 507
375 507
321 508
390 508
222 509
345 509
81 510
179 510
187 511
238 511
331 511
290 512
191 513
219 513
202 514
332 514
441 514
173 515
260 517
104 518
231 518
432 518
303 519
138 520
158 522
239 522
274 523
413 523
388 524
212 525
187 526
321 526
284 530
251 531
147 532
294 532
220 533
338 533
351 533
175 536
200 538
367 540
386 540
404 540
269 541
314 541
157 543
212 546
244 546
284 548
191 549
343 551
228 553
171 554
260 555
208 561
278 562
