348 2
360 2
262 3
332 4
375 4
397 5
410 7
287 8
329 8
431 8
221 9
106 10
320 10
362 12
190 13
161 14
122 15
243 15
275 17
360 17
378 17
211 18
347 18
405 19
305 20
331 21
418 21
92 22
141 22
431 23
174 24
263 24
230 25
321 25
445 25
301 26
200 29
296 29
367 30
355 31
381 31
109 32
130 32
158 33
404 33
61 34
86 34
216 34
249 34
342 34
189 35
421 36
282 37
151 38
327 38
433 38
134 42
243 42
146 43
176 43
447 43
83 44
138 44
148 44
365 44
374 44
458 44
74 45
93 45
207 46
234 46
304 46
160 47
116 48
112 49
373 49
72 50
260 50
336 50
434 50
85 51
369 51
390 51
136 52
203 52
253 52
260 52
263 52
397 52
406 52
86 53
122 54
199 54
290 54
435 54
247 55
320 55
220 56
276 56
366 56
61 57
181 57
267 57
354 57
433 57
462 57
416 59
104 60
88 61
92 62
98 62
306 62
343 62
83 63
149 63
240 63
140 64
417 64
76 65
90 65
145 65
392 65
129 66
332 66
166 67
402 67
210 68
265 68
362 68
288 70
374 70
387 70
446 70
186 71
230 71
92 72
322 72
384 72
414 72
120 73
311 74
394 74
466 74
63 75
223 75
344 76
399 76
98 78
142 78
145 78
199 78
415 79
174 80
298 80
389 80
53 81
182 81
384 81
404 81
416 81
431 81
252 82
258 82
272 82
391 82
213 83
391 83
250 84
256 84
329 84
381 84
436 84
72 85
447 85
107 86
191 86
460 86
342 87
137 88
185 88
244 88
358 88
167 89
249 89
314 89
163 90
225 90
415 90
257 91
477 91
302 93
134 94
204 94
169 95
177 95
266 95
237 96
265 96
333 97
358 97
428 97
53 98
154 98
278 98
398 98
433 99
97 100
242 100
257 100
289 100
386 100
126 101
171 101
227 101
276 101
318 102
348 102
360 102
466 102
70 103
410 103
271 104
416 104
266 105
275 105
310 105
279 106
366 106
479 106
90 107
144 108
62 109
116 109
190 109
207 109
408 109
332 110
340 110
347 110
298 111
268 112
356 112
273 113
395 113
410 113
201 114
331 114
443 114
82 115
174 115
326 115
266 116
330 116
407 116
457 116
152 117
315 117
229 118
284 118
371 118
104 119
49 120
475 120
164 121
214 121
382 121
128 123
361 123
439 123
245 124
389 124
221 125
271 125
217 126
322 126
327 126
418 126
332 127
111 128
121 128
202 128
293 128
94 129
322 129
443 129
63 130
429 130
100 131
119 131
148 131
182 131
455 131
335 132
107 133
263 133
349 133
470 133
310 134
322 135
353 135
210 136
476 136
279 137
330 137
363 137
92 138
137 138
342 138
375 138
389 138
163 140
250 140
331 141
337 141
344 141
427 141
214 142
294 142
80 143
454 143
112 144
241 144
103 145
226 145
267 145
315 145
129 146
209 146
229 146
422 146
154 147
188 147
409 147
441 147
219 148
282 148
463 148
77 149
82 149
101 149
170 150
371 150
253 151
82 152
144 152
204 152
382 152
393 152
122 153
340 153
410 153
224 154
296 154
424 154
117 156
197 156
360 156
451 156
113 157
139 157
264 158
157 160
332 160
356 160
46 161
113 161
290 161
476 161
288 162
167 163
417 163
396 164
66 165
366 165
381 165
100 166
248 166
340 166
352 166
452 166
128 167
217 167
260 168
146 170
200 170
207 170
300 170
328 170
340 170
463 171
271 172
217 173
261 173
275 174
478 174
191 175
220 175
53 176
313 176
338 176
356 176
138 177
182 177
377 177
394 177
77 178
167 178
234 178
284 178
302 178
363 178
413 178
356 179
107 180
249 180
253 180
265 180
312 180
322 180
429 180
343 181
359 181
162 182
300 182
194 183
305 183
327 183
329 183
333 183
235 184
266 184
331 184
42 185
132 185
226 185
286 185
67 186
222 186
233 186
283 186
333 186
448 186
316 187
173 188
178 189
278 189
151 190
245 190
269 190
380 190
236 191
387 191
172 192
208 192
305 192
307 192
361 192
195 193
197 193
243 193
271 193
338 193
400 193
104 194
109 194
222 194
268 194
340 194
467 195
60 196
244 196
310 196
416 196
103 197
254 197
53 198
94 198
169 198
270 198
299 198
305 198
313 198
435 198
111 199
291 199
185 200
222 200
298 200
184 201
449 201
312 202
110 203
119 203
153 203
205 203
76 204
257 204
301 204
48 205
94 205
103 205
434 205
413 206
145 208
341 208
203 209
303 209
133 210
157 210
193 210
222 210
269 210
338 210
405 210
107 211
143 211
66 212
84 212
108 213
284 213
393 213
173 214
286 214
317 214
227 215
410 215
287 216
127 217
319 217
364 217
418 217
141 218
282 218
354 218
360 218
373 218
476 218
305 220
220 221
256 221
371 221
109 223
427 223
56 224
367 224
232 225
331 225
402 225
195 226
270 226
437 226
145 227
178 227
295 227
318 227
373 227
421 227
284 228
448 228
464 228
71 229
86 229
160 229
244 229
289 229
392 229
103 230
263 231
460 231
88 232
154 232
202 232
219 232
399 232
87 233
104 233
418 233
419 233
122 234
227 234
238 234
282 234
95 235
171 235
217 235
322 235
350 235
353 235
426 235
310 236
388 236
475 239
196 240
275 240
281 240
293 240
403 241
125 242
317 242
89 243
108 243
179 243
237 243
165 244
178 244
206 244
242 244
448 245
287 246
411 246
266 247
357 248
374 248
119 249
340 249
422 249
70 250
282 250
342 250
351 250
384 251
273 252
465 252
299 254
155 255
199 255
259 255
472 255
356 256
136 257
226 257
320 257
82 258
280 258
408 258
292 259
435 259
211 260
170 261
359 261
443 261
114 262
165 262
247 262
326 262
103 263
130 263
310 263
371 263
53 264
111 264
208 264
241 264
271 265
334 265
91 266
265 266
403 266
333 267
425 267
454 267
47 268
91 268
242 268
261 268
70 269
96 269
100 269
300 269
321 269
82 270
195 270
217 270
256 270
353 270
143 271
193 271
271 271
323 271
184 272
212 272
387 272
233 273
294 273
418 273
464 273
348 274
439 274
332 275
334 276
395 276
119 277
86 278
469 278
191 279
231 279
314 279
322 279
366 279
252 280
113 281
252 281
284 281
440 281
446 281
474 281
158 282
163 282
247 282
265 282
132 283
377 283
188 284
226 284
432 284
171 285
296 285
452 286
169 287
199 288
203 288
435 289
308 290
318 290
354 290
336 291
342 291
76 292
147 292
393 292
52 293
374 293
328 294
376 294
387 294
437 294
420 295
431 295
105 296
219 297
300 297
401 297
422 297
440 297
286 298
295 298
372 298
414 298
97 299
120 299
364 299
187 300
196 300
236 300
295 300
423 300
141 301
168 302
213 302
160 303
262 303
403 303
420 303
311 304
312 304
450 306
431 307
234 308
362 308
90 310
113 310
248 310
252 310
477 310
59 311
227 311
167 312
277 312
304 312
186 313
387 313
433 314
183 315
375 315
438 315
151 316
130 317
331 317
460 317
166 318
289 318
171 319
79 320
324 320
353 320
417 320
318 321
402 321
294 322
297 322
384 322
205 323
195 324
225 324
357 324
171 325
244 325
443 326
294 327
364 327
160 328
180 328
265 328
426 328
139 330
472 330
448 331
172 333
357 333
350 334
89 336
203 336
376 336
475 337
218 338
258 338
453 339
91 340
165 340
196 340
329 340
276 341
423 341
150 342
368 344
113 345
196 346
322 346
107 347
131 347
216 348
233 350
399 350
191 351
341 351
358 351
75 352
296 352
336 352
287 353
384 353
317 354
321 354
441 354
370 355
439 355
144 356
251 356
423 356
106 357
440 357
72 358
342 359
315 360
385 360
160 361
207 361
333 361
351 361
435 361
229 362
263 362
67 363
309 363
369 363
288 364
407 364
95 365
423 365
412 366
179 367
212 367
350 367
197 368
265 368
430 368
142 369
425 369
386 370
446 370
368 371
110 372
191 372
281 372
325 373
129 375
429 375
447 375
157 376
196 376
236 376
302 376
188 377
205 377
242 377
367 377
430 377
409 378
424 378
246 379
170 380
188 380
268 380
423 380
440 380
275 381
141 382
227 382
318 382
384 382
83 383
124 383
254 384
341 384
407 384
363 385
447 385
103 386
166 386
231 386
262 386
337 389
138 390
171 390
406 390
287 391
307 391
78 392
357 392
155 393
450 395
437 396
378 397
407 397
96 398
138 398
155 398
171 398
198 398
184 399
331 399
474 399
406 400
418 400
117 401
270 401
331 402
355 402
260 403
387 403
407 403
157 404
250 404
344 404
411 405
415 406
334 407
425 407
221 408
289 408
331 408
337 408
175 409
360 410
435 410
155 411
372 411
475 411
194 412
450 413
319 414
431 414
409 415
133 416
99 417
243 417
257 417
114 418
381 418
181 419
233 419
265 419
343 419
314 420
368 420
431 421
139 422
250 423
358 423
398 423
163 424
301 424
440 424
477 424
308 425
374 425
405 425
208 426
438 426
190 428
398 430
410 430
102 432
149 432
224 432
121 433
292 433
235 434
331 435
347 435
435 436
242 437
326 437
176 438
202 438
456 438
135 439
257 439
349 439
338 440
379 440
234 441
384 441
193 442
309 442
317 442
217 443
438 443
414 444
435 444
476 444
95 445
214 445
226 445
433 445
181 446
269 446
341 446
360 446
170 447
230 447
251 447
297 447
161 448
397 448
189 449
236 449
261 449
413 449
417 449
223 450
243 450
401 450
166 451
183 451
233 451
250 451
190 452
224 452
240 454
265 454
268 454
413 454
473 454
120 455
404 455
163 456
211 456
326 456
460 456
140 457
355 457
278 458
388 458
245 460
371 460
236 462
276 462
314 462
198 463
205 463
219 464
347 464
380 464
437 464
167 465
411 465
179 466
195 466
298 466
471 466
128 468
244 468
274 468
432 468
176 469
197 469
209 469
241 469
180 470
267 470
432 470
435 470
237 473
450 473
148 474
193 474
242 474
250 474
253 474
369 474
410 474
332 475
417 475
208 476
257 476
414 477
256 478
237 479
396 479
426 479
214 480
315 480
389 480
123 481
422 483
180 484
297 486
354 487
196 488
274 488
256 489
235 490
264 490
217 491
376 493
439 493
333 494
165 495
413 496
181 500
318 501
211 502
365 503
300 506
146 507
286 507
238 508
197 509
260 509
397 509
159 511
271 511
212 515
330 515
417 517
175 518
224 518
312 518
358 518
239 519
384 519
192 524
298 525
280 526
375 526
270 527
339 528
366 528
211 529
258 530
251 531
237 533
308 537
353 538
343 542
274 543
