280 75
310 76
262 77
329 77
345 81
215 84
202 87
300 88
368 88
267 90
286 90
250 91
322 91
342 94
219 96
152 99
357 100
285 102
244 103
264 103
274 103
299 103
372 103
313 104
331 105
394 106
218 107
183 109
201 109
168 110
150 114
248 114
410 114
272 115
310 115
281 116
362 116
301 117
332 117
135 118
200 118
223 118
347 118
374 119
426 120
210 121
122 122
348 125
327 126
146 127
182 127
261 128
274 128
292 128
325 129
242 130
393 130
405 130
417 130
337 131
360 131
132 132
327 133
399 133
166 134
217 134
205 135
367 135
429 135
331 136
321 137
328 137
118 138
151 138
303 138
362 138
386 138
345 140
270 141
184 142
324 142
395 142
258 143
134 144
174 144
244 144
233 145
291 145
361 146
315 147
424 147
209 148
219 148
123 150
343 150
440 150
159 154
193 154
273 155
404 155
186 156
287 156
295 156
258 157
107 158
240 158
311 158
141 159
228 159
176 160
329 160
417 161
128 163
187 163
217 163
399 163
431 165
192 166
211 166
151 169
277 169
300 169
269 170
312 170
386 170
452 170
83 171
241 171
252 171
229 173
322 174
355 174
410 174
332 175
353 175
339 176
385 176
162 177
174 177
423 177
74 178
106 178
134 178
168 178
208 178
161 179
327 180
181 181
186 181
272 181
198 182
200 182
259 182
294 182
301 182
387 182
434 182
195 184
241 184
231 186
390 186
401 186
147 187
166 187
343 187
349 187
452 187
88 188
216 189
354 189
273 190
113 191
140 191
296 191
195 192
260 193
373 193
243 194
164 195
309 195
325 195
377 195
339 196
368 196
396 196
352 198
71 199
164 199
280 199
290 199
360 199
224 200
98 201
173 201
289 201
291 201
419 201
176 202
294 202
342 202
133 203
188 203
352 203
375 203
117 204
167 204
210 204
329 204
62 205
351 205
402 205
264 206
267 206
82 207
255 207
294 207
171 208
282 208
315 208
129 209
166 209
235 209
276 209
184 210
244 210
297 210
361 210
431 210
266 211
127 212
332 212
432 212
107 213
157 213
311 213
327 213
402 213
170 214
278 214
434 214
188 215
217 215
366 215
438 215
142 216
185 216
410 217
48 218
67 219
183 219
206 219
245 219
174 220
295 220
421 220
147 221
237 221
308 221
86 222
379 222
323 223
337 224
409 225
420 225
457 225
60 226
192 226
225 226
302 226
382 226
160 227
272 227
287 227
357 227
123 228
187 228
212 228
284 228
143 229
145 229
325 229
261 230
346 230
352 230
443 230
111 231
289 231
37 232
265 232
304 232
412 232
73 233
201 233
267 233
131 234
157 234
347 234
405 234
231 235
279 235
324 236
374 236
379 236
337 237
385 237
400 237
87 238
146 238
171 238
178 238
214 238
287 238
335 238
434 238
172 239
337 239
419 239
272 240
462 240
69 241
180 241
207 241
30 242
156 242
262 242
283 242
299 242
398 243
46 244
177 244
182 244
249 245
400 245
158 246
160 246
167 246
270 246
446 246
115 247
146 247
314 247
326 247
427 247
135 248
127 249
380 249
381 249
393 249
188 250
221 250
322 250
326 250
330 251
268 252
445 252
22 253
130 253
193 253
291 253
297 253
323 253
107 254
267 254
373 254
391 254
398 254
175 255
202 255
261 255
463 255
210 256
221 256
247 257
339 257
401 257
452 257
37 258
201 258
314 258
335 258
428 258
126 259
172 259
174 259
176 259
240 259
357 260
368 260
89 261
229 261
158 262
178 262
274 262
146 263
170 263
375 263
167 264
270 264
274 264
51 265
390 265
420 265
239 266
259 266
290 266
118 267
186 267
303 267
444 267
31 268
155 268
68 269
213 269
275 269
328 269
373 269
219 270
250 270
316 270
136 271
374 271
394 272
97 273
334 273
431 273
189 274
274 274
358 274
407 274
218 275
350 275
389 275
459 275
198 276
223 276
155 277
217 277
438 277
22 278
263 278
275 278
390 278
413 278
213 279
292 279
300 279
198 280
206 280
258 280
276 280
126 281
168 281
92 282
168 282
470 282
401 283
103 285
133 285
136 285
231 285
318 285
175 286
255 286
360 286
406 286
424 286
448 286
144 287
202 287
258 288
55 289
199 289
223 289
431 289
132 290
288 290
141 291
147 291
337 291
413 291
87 293
129 293
396 293
250 294
305 294
368 294
101 295
185 295
214 295
400 295
461 295
123 296
389 296
171 297
239 297
353 297
321 298
365 299
387 299
447 299
270 301
369 301
404 301
426 301
205 302
61 303
79 303
145 303
182 303
369 303
116 304
129 304
155 304
230 304
271 305
291 305
387 305
390 305
371 306
300 307
335 307
153 308
262 308
416 308
141 309
265 309
353 309
309 310
397 310
460 310
151 311
378 311
476 311
179 312
254 312
316 312
362 312
367 312
393 312
402 312
115 313
191 313
247 313
122 314
280 314
374 314
95 315
167 316
244 316
423 316
441 316
75 317
267 317
37 318
170 318
291 318
408 318
205 319
285 319
301 320
328 320
392 320
185 321
104 322
33 323
95 323
319 323
110 324
336 324
367 324
452 324
471 324
198 325
358 325
161 326
418 326
434 326
104 327
296 327
245 328
318 328
399 328
78 329
95 329
144 329
476 329
125 330
215 330
364 331
52 332
101 332
285 332
322 332
424 332
202 333
310 333
347 333
59 334
158 334
369 334
392 334
30 336
389 336
109 337
249 338
266 338
393 338
208 339
352 339
373 339
170 340
218 340
434 340
101 341
450 341
468 341
391 342
415 342
81 343
119 343
157 343
365 343
185 344
80 345
119 345
247 345
360 345
59 346
398 346
439 346
390 347
48 348
169 348
61 349
76 349
155 349
209 349
341 349
476 349
211 350
215 350
230 350
294 350
373 350
282 351
424 352
42 353
65 353
74 353
196 354
211 354
81 355
181 355
211 355
243 355
303 355
397 355
460 355
227 356
256 356
407 356
108 357
225 358
357 358
50 359
298 359
304 359
375 359
94 360
448 360
153 361
167 361
243 361
260 361
417 361
467 361
75 362
89 362
345 362
277 363
285 363
52 364
193 364
375 364
238 365
269 365
271 366
310 366
332 366
338 366
362 366
364 366
128 367
223 367
253 367
408 367
207 368
321 368
468 368
158 370
273 370
293 370
100 371
164 372
362 372
22 373
244 373
320 373
86 374
178 374
370 374
453 374
48 375
336 375
247 377
371 377
69 378
160 378
191 378
267 378
387 378
32 379
219 379
234 380
264 380
164 381
205 381
339 381
402 381
477 381
260 382
393 382
459 383
260 384
282 384
304 384
415 385
440 385
113 386
342 386
411 386
85 387
178 387
379 387
16 388
70 388
124 388
233 388
277 388
404 388
133 389
218 389
250 389
275 389
379 390
395 390
249 391
256 391
140 392
48 393
332 393
66 394
98 394
360 394
30 395
276 395
394 395
146 396
189 396
397 396
449 396
176 397
217 397
279 397
309 397
364 397
410 397
232 398
247 398
296 398
154 400
372 400
84 401
170 401
301 401
306 401
327 401
419 402
151 403
171 403
256 403
397 403
11 404
196 404
204 405
378 405
66 407
27 408
274 408
342 408
85 409
112 409
411 409
217 410
299 412
259 413
380 413
425 413
252 414
301 414
471 414
123 415
456 415
231 416
350 416
93 417
151 417
397 419
80 420
266 420
342 420
63 421
234 421
336 421
337 421
22 422
81 422
173 422
261 422
266 422
267 422
365 422
442 422
437 423
191 424
206 425
381 425
164 427
187 427
114 428
150 428
214 428
350 428
458 428
162 429
309 429
315 429
340 429
396 429
122 432
259 432
103 433
284 433
136 434
303 434
472 435
240 436
384 436
414 437
90 438
267 438
288 438
328 438
368 438
84 439
419 439
426 439
445 439
79 441
192 441
320 441
331 441
125 442
119 443
245 443
161 444
272 444
306 446
199 447
211 447
264 447
183 448
185 448
476 448
143 449
422 449
460 449
77 450
184 450
245 450
262 450
376 450
417 450
228 451
243 451
251 451
274 451
94 452
125 452
132 452
213 452
351 452
128 453
420 453
182 454
145 455
366 455
399 455
439 456
448 456
150 458
190 458
203 458
328 458
431 458
163 459
244 459
308 459
135 460
171 460
375 460
363 461
160 462
281 462
303 462
380 462
477 462
190 463
216 463
464 463
179 464
349 464
78 465
280 465
303 465
310 465
326 465
347 466
365 466
180 467
206 467
93 468
288 468
303 468
243 471
406 471
109 472
120 472
222 472
362 473
394 473
433 473
147 474
283 475
390 475
450 475
466 475
160 476
266 476
92 477
297 477
411 477
423 477
161 479
184 479
189 479
212 479
158 480
246 480
289 480
305 480
346 480
367 480
414 480
428 481
137 482
199 482
248 482
281 482
376 482
390 482
74 484
126 484
409 484
228 485
264 485
360 485
176 486
302 486
311 486
465 486
413 487
452 487
155 488
253 488
131 489
217 489
330 489
405 490
126 491
423 491
94 492
166 492
190 493
403 494
204 495
260 495
339 495
375 495
278 496
268 498
223 499
264 499
285 499
124 500
180 500
276 500
323 500
139 501
194 501
242 501
251 501
110 502
154 502
454 503
349 504
362 504
92 505
375 505
152 506
253 506
331 508
301 509
318 510
389 510
89 511
173 511
274 511
431 511
285 512
427 512
197 513
255 513
261 513
358 513
430 513
272 514
372 514
157 515
430 515
437 515
211 516
224 517
405 517
454 517
243 518
464 518
240 520
285 520
302 520
387 520
145 521
400 521
138 522
199 522
340 522
349 522
419 522
151 523
179 523
255 523
189 524
334 524
369 524
384 524
177 525
183 525
215 525
437 525
397 526
186 528
236 528
260 528
390 528
399 528
109 529
122 529
247 529
329 529
144 531
219 531
310 531
151 533
229 533
236 533
286 533
302 533
339 533
396 533
174 535
191 535
360 535
127 536
164 536
169 536
187 536
336 536
384 536
388 536
296 537
253 539
385 539
396 539
321 540
433 540
96 541
316 541
399 541
413 541
395 542
126 543
351 543
397 543
114 544
207 547
349 547
195 548
271 548
306 548
449 548
333 549
414 550
239 552
389 552
399 552
220 553
236 553
175 554
318 554
427 554
155 555
163 555
357 555
149 556
250 557
340 557
398 557
156 558
211 558
267 558
196 560
392 560
305 561
351 561
446 561
99 562
365 562
117 563
259 563
394 563
218 564
389 564
149 565
170 565
406 565
221 566
202 567
325 567
372 567
175 568
169 569
193 570
247 570
138 571
394 571
421 571
361 572
218 574
367 574
353 576
185 577
229 577
305 577
399 577
157 579
288 579
376 579
384 579
193 580
327 580
189 581
217 581
210 582
199 583
215 584
364 585
391 585
397 585
410 585
126 586
180 586
245 586
365 586
107 588
276 588
366 590
219 591
329 591
380 591
204 592
199 594
371 594
406 594
258 595
110 596
130 598
188 598
227 598
315 598
367 598
379 599
415 599
171 600
209 600
114 601
271 601
349 601
381 602
290 604
333 604
158 605
213 607
196 609
410 609
390 612
313 613
119 614
140 614
237 614
284 615
294 615
170 616
368 616
360 621
178 622
211 622
253 622
330 623
128 624
230 624
276 624
310 626
294 627
374 627
184 628
347 629
137 632
221 632
337 633
197 634
249 635
256 636
365 636
271 637
317 638
288 639
