321 16
339 16
356 18
291 19
310 19
372 20
386 21
274 23
258 25
325 28
345 28
313 29
297 30
363 30
276 32
377 32
389 33
401 35
252 36
232 38
299 39
418 39
284 40
330 40
318 41
346 42
270 43
298 43
369 43
360 44
292 45
303 46
317 46
380 46
437 46
254 47
244 48
282 49
289 49
401 49
235 51
413 51
447 51
302 52
322 52
222 53
294 53
314 53
319 53
333 53
343 54
284 55
307 55
359 55
268 56
285 56
320 56
427 56
290 57
390 57
460 57
204 58
257 58
373 58
287 59
292 59
301 60
385 61
405 61
242 62
442 62
303 63
227 64
318 64
302 65
308 65
315 65
324 65
285 66
301 66
313 66
331 66
341 67
348 67
209 68
422 68
272 69
297 69
362 69
396 69
454 69
409 70
258 71
247 72
372 72
197 73
436 74
184 75
234 75
386 75
224 76
314 76
336 77
470 77
324 78
346 78
211 79
293 79
307 79
395 79
313 80
285 81
288 81
413 81
200 82
244 82
317 82
408 82
432 82
267 83
283 83
313 83
356 83
308 84
370 84
414 84
251 85
263 85
266 85
296 85
300 85
456 85
311 86
317 86
188 87
240 87
314 87
322 87
383 87
419 87
304 88
410 88
425 88
440 88
230 89
330 89
294 90
179 91
215 91
342 91
249 92
391 92
412 92
437 92
280 93
281 93
352 93
403 93
263 94
401 94
416 94
199 95
270 95
286 95
288 95
299 95
304 95
316 95
475 95
245 96
257 96
296 96
368 96
167 97
274 97
311 97
416 97
445 97
254 98
256 98
409 98
432 98
243 99
266 99
327 99
405 99
315 100
386 100
453 100
225 101
183 102
289 102
412 102
259 103
270 103
336 103
263 104
348 104
231 105
247 105
396 105
461 105
251 106
431 106
434 106
206 107
244 107
171 108
271 108
273 108
319 108
363 108
468 108
286 109
296 109
313 109
259 110
403 110
277 111
285 111
408 111
416 111
441 111
217 112
253 112
300 112
317 112
196 113
249 113
261 113
303 113
318 113
377 113
156 114
243 114
327 114
440 114
236 115
184 116
260 116
404 116
411 116
256 117
266 117
291 117
273 118
343 118
393 118
458 118
222 119
243 119
307 119
429 119
440 119
250 120
263 120
282 120
294 120
175 121
263 121
274 121
287 121
295 121
304 121
358 121
408 121
431 121
205 122
214 122
227 122
282 122
422 122
251 123
313 123
319 123
212 124
371 124
408 124
192 125
375 125
437 125
158 126
207 126
239 126
330 126
232 127
312 127
423 127
222 128
341 128
391 128
411 128
447 128
235 129
370 129
399 129
413 129
422 129
219 130
297 130
420 130
434 130
216 131
281 131
315 131
478 131
202 132
294 132
303 132
354 132
370 132
434 132
177 133
230 133
361 133
377 133
464 133
208 134
266 134
288 134
307 134
160 135
228 135
256 135
299 135
311 135
321 135
365 135
376 135
383 135
416 135
396 136
417 136
431 136
438 136
222 137
244 137
377 137
384 137
394 137
418 137
194 138
236 138
302 138
390 138
408 138
286 139
402 139
411 139
222 140
234 140
237 140
317 140
331 140
346 140
416 140
292 141
356 141
363 141
386 141
431 141
449 141
232 142
201 143
218 143
426 143
205 144
285 144
303 144
304 144
372 144
403 144
476 144
183 145
240 145
270 145
366 145
369 145
163 146
173 147
344 147
217 148
263 148
362 148
380 148
414 148
206 149
286 149
297 149
438 149
227 150
282 150
317 150
374 150
401 150
416 150
419 150
462 150
197 151
229 151
251 151
292 151
301 151
353 151
365 151
391 151
410 151
431 151
444 151
239 152
274 152
283 152
362 152
422 152
206 153
314 153
327 153
425 153
210 154
283 154
164 155
237 155
381 155
426 155
180 156
291 156
340 156
363 156
373 156
377 156
403 156
431 156
455 156
140 157
286 157
368 157
433 157
475 157
215 158
229 158
411 158
417 158
286 159
296 159
297 159
307 159
371 159
379 159
406 159
435 159
204 160
207 160
269 160
283 160
307 160
155 161
256 161
281 161
344 161
348 161
356 161
358 161
385 161
218 162
311 162
356 162
195 163
324 163
341 163
414 163
464 163
133 164
165 164
214 164
365 164
243 165
347 165
221 166
333 166
349 166
398 166
443 166
216 167
223 167
322 167
221 168
232 168
428 168
180 169
202 169
272 169
324 169
344 169
351 169
139 170
214 170
285 170
321 170
337 170
380 170
454 170
223 171
297 171
261 172
313 172
414 172
152 173
212 173
324 173
357 174
395 174
438 174
231 175
327 175
355 175
169 176
193 176
359 176
207 177
213 177
255 177
235 178
245 178
275 178
332 178
335 178
424 178
467 178
233 179
370 179
165 180
289 180
296 181
408 181
141 182
181 182
213 182
332 182
348 182
349 182
354 182
228 183
336 183
454 183
313 184
414 184
205 185
209 185
338 185
388 185
324 186
438 186
155 187
362 187
175 188
220 188
255 188
267 188
280 188
352 188
202 189
295 189
465 189
215 190
352 190
400 190
424 190
128 191
167 191
203 191
221 191
223 191
344 191
370 191
450 191
337 192
339 192
188 193
240 193
311 193
430 193
210 194
343 194
221 195
226 195
238 195
377 195
319 196
334 196
348 196
350 196
356 196
180 197
224 198
232 198
274 198
356 198
387 198
410 198
137 199
237 199
262 199
439 199
461 199
175 200
284 200
419 200
200 201
296 201
154 202
335 202
364 202
413 202
416 202
418 202
429 202
248 203
123 204
239 204
308 204
229 205
423 205
190 206
214 206
315 206
398 206
435 206
419 207
424 207
165 208
267 208
348 208
374 208
415 208
428 208
323 209
279 210
408 210
418 210
458 210
258 212
291 212
431 212
247 213
356 213
381 213
403 213
418 213
437 213
140 214
179 214
204 214
241 214
303 214
332 214
418 214
231 215
393 216
193 217
445 217
466 217
125 218
154 218
421 218
223 219
315 219
342 219
367 219
408 219
417 219
436 219
450 219
170 220
403 220
414 221
419 221
213 222
276 222
430 222
128 223
187 223
261 223
413 223
291 224
326 224
357 224
390 224
146 225
439 225
456 225
163 226
300 226
332 226
378 226
245 227
307 227
345 227
425 227
431 227
202 228
440 228
228 229
362 229
402 229
477 229
110 230
194 230
420 231
418 232
463 232
211 233
265 233
273 233
288 233
317 233
341 233
353 233
388 234
257 235
405 235
431 235
171 236
247 236
371 236
153 237
327 237
449 237
114 238
135 238
186 238
203 238
428 238
303 239
95 240
224 240
434 240
471 240
143 241
145 241
219 241
233 241
160 242
165 242
213 242
278 242
143 243
196 243
229 243
244 243
249 243
264 243
279 243
311 243
333 243
350 243
380 243
422 243
222 244
238 244
257 244
363 244
413 244
415 244
432 244
433 244
454 244
107 245
123 245
179 245
224 245
253 245
292 245
396 245
156 246
245 246
250 246
437 246
479 246
144 247
157 247
207 247
233 247
248 247
256 247
338 247
215 248
257 248
271 248
327 248
121 249
149 249
221 249
223 249
242 249
263 249
404 249
123 250
246 250
302 250
401 250
441 250
101 251
138 251
189 251
275 251
317 251
368 251
386 251
438 251
126 252
200 252
230 252
238 252
247 252
280 252
405 252
117 253
150 253
224 253
266 253
425 253
464 253
143 254
157 254
420 254
430 254
129 255
168 255
216 255
234 255
274 255
288 255
418 255
425 255
128 256
156 256
238 256
322 256
346 256
416 256
131 257
144 257
159 257
181 257
334 257
420 257
430 257
436 257
469 257
215 258
228 258
252 258
450 258
94 259
154 259
225 259
244 259
293 259
428 259
430 259
228 260
310 260
206 261
207 261
270 261
277 261
382 261
150 262
160 262
245 262
270 262
350 262
398 262
105 263
123 263
437 263
141 264
218 264
237 264
326 264
472 264
192 265
250 265
268 265
157 266
175 266
229 266
234 266
261 266
266 266
275 266
369 266
436 266
205 267
217 267
263 267
299 267
314 267
404 267
413 267
210 268
282 268
421 268
428 268
456 268
134 269
215 269
221 269
231 269
234 269
249 269
403 269
127 270
133 270
136 270
149 270
229 270
354 270
373 271
462 271
132 272
213 272
222 272
228 272
253 272
263 272
389 272
436 272
123 273
230 273
272 273
277 273
289 273
305 273
140 274
144 274
265 274
404 274
160 275
186 275
246 275
254 275
359 275
219 276
230 276
241 276
334 276
345 276
422 276
443 276
92 277
146 277
151 277
166 277
200 277
246 277
274 277
322 277
406 277
431 277
129 278
409 278
425 278
429 278
108 279
148 279
231 279
392 279
440 279
125 280
236 281
331 281
350 281
380 281
415 281
210 282
293 282
410 282
160 283
249 283
271 283
310 283
404 283
466 283
177 284
226 284
241 284
365 284
270 285
339 285
351 285
358 285
397 285
421 285
121 286
195 286
261 286
275 286
454 286
256 287
322 287
432 287
138 288
247 288
268 288
279 288
436 288
385 289
474 289
101 290
222 290
246 290
271 290
357 291
410 291
171 292
239 292
298 292
322 292
339 292
423 292
188 293
202 293
271 293
312 293
332 293
404 293
428 293
321 294
439 294
114 295
151 295
355 295
459 295
133 296
195 296
214 296
253 296
255 296
275 296
286 296
371 297
251 298
323 298
341 298
262 299
392 299
479 299
301 300
313 300
90 301
267 301
329 301
427 301
438 301
261 302
340 302
356 302
384 302
436 302
440 302
444 302
270 303
125 304
206 304
227 304
324 304
410 304
461 304
249 305
403 305
410 305
82 306
180 306
189 306
248 306
287 306
324 306
328 306
160 307
222 307
279 307
322 307
337 307
387 307
102 308
341 308
139 309
248 309
260 309
275 309
448 309
250 310
300 310
419 310
197 311
261 311
325 311
373 311
404 311
433 311
239 312
279 312
333 312
438 312
245 313
336 313
343 313
410 313
174 314
256 314
279 314
416 314
434 314
131 315
211 315
327 315
340 315
389 315
470 315
115 316
278 316
286 316
345 316
420 316
437 316
452 316
89 317
153 317
351 317
354 317
355 317
403 317
404 317
191 318
256 318
323 319
437 319
169 320
225 320
245 320
341 320
419 320
206 321
236 321
269 321
276 321
300 321
420 321
282 322
302 322
366 322
175 323
194 323
252 323
286 323
300 323
344 323
441 323
147 324
180 324
331 324
393 324
186 325
196 325
312 325
474 325
81 326
123 327
269 327
305 327
310 327
164 328
177 328
293 328
297 328
407 328
425 328
370 329
183 330
218 330
243 330
247 330
287 330
379 330
444 330
449 330
100 331
159 331
181 331
196 331
118 332
173 332
255 332
335 332
140 333
302 333
175 334
268 334
395 334
251 335
271 335
286 335
290 335
308 335
314 335
461 335
168 336
174 336
200 336
251 336
326 336
478 336
172 337
226 337
272 337
283 337
309 337
312 337
347 337
431 337
93 338
155 338
191 338
194 338
299 338
419 338
183 339
242 339
208 340
260 340
279 340
382 340
307 341
358 341
371 341
252 342
262 342
269 342
273 342
299 342
112 343
134 343
153 343
162 343
221 343
255 343
326 343
246 344
267 344
399 344
186 345
244 345
307 345
314 345
410 345
85 346
175 346
201 346
422 346
468 346
166 347
302 347
311 347
348 347
255 348
258 348
273 348
334 348
360 348
373 348
438 348
285 349
297 349
325 349
106 350
196 350
244 350
256 350
124 351
178 351
183 351
304 351
455 351
166 352
245 352
288 352
292 352
181 353
255 353
273 353
313 353
411 353
197 354
174 355
234 355
258 355
284 355
101 356
185 356
253 356
268 356
275 356
337 356
360 356
387 356
145 357
181 357
212 357
302 357
299 358
311 358
370 358
401 358
291 359
348 359
160 360
195 360
279 360
226 361
401 361
444 361
224 362
229 362
249 362
299 362
412 362
427 362
474 362
118 363
316 363
376 363
424 363
426 363
189 364
232 364
292 364
308 364
388 364
461 364
299 365
313 365
384 365
170 366
226 366
319 366
324 366
340 366
412 366
304 367
387 368
407 369
416 369
151 370
205 370
229 370
293 370
318 370
428 370
185 371
223 371
260 371
368 371
376 371
384 371
440 371
108 372
133 372
290 372
446 372
165 373
294 373
315 373
318 373
351 373
364 373
381 373
90 374
239 374
273 374
291 374
309 374
389 374
431 374
126 375
199 375
369 375
385 375
426 375
214 376
236 376
300 376
325 376
373 376
434 376
465 376
281 377
286 377
317 377
365 377
379 377
437 377
339 378
396 378
416 378
239 379
206 380
236 380
124 381
145 381
217 381
232 381
439 381
453 381
237 382
251 382
318 382
430 382
207 383
311 383
300 384
314 384
435 384
438 384
101 385
207 385
218 385
390 385
412 385
171 386
222 386
404 386
423 386
471 386
196 387
227 387
320 387
280 388
297 388
354 388
364 388
374 388
403 388
215 389
250 389
367 389
369 389
372 389
436 389
212 390
214 390
302 390
325 390
364 390
366 390
440 390
113 391
267 391
361 391
378 391
399 391
434 391
452 391
150 392
231 392
339 392
371 392
187 393
284 393
294 393
413 393
207 394
310 394
314 394
385 394
422 394
91 395
109 396
131 396
322 396
376 396
389 396
406 396
409 396
441 396
298 397
302 397
412 397
222 398
245 398
316 398
373 398
263 400
307 400
461 400
212 401
358 401
395 401
143 402
264 402
376 402
381 402
427 402
202 403
221 403
247 403
249 403
252 403
339 403
102 404
123 404
159 404
180 404
277 404
207 405
211 405
242 405
332 405
355 405
364 405
444 405
477 405
241 406
340 406
344 406
347 406
231 407
303 407
321 407
376 407
384 407
327 408
272 409
290 410
338 410
357 410
375 410
397 410
116 411
153 411
210 411
272 411
340 411
367 411
377 411
173 412
201 412
207 412
236 412
319 412
384 413
194 414
253 414
331 414
349 414
383 414
389 414
413 414
93 415
224 415
254 415
359 415
371 415
400 415
150 416
250 416
306 416
353 416
369 416
467 416
218 417
231 417
203 418
208 418
245 418
347 418
375 418
388 418
449 418
201 419
211 419
227 419
248 419
330 419
400 420
433 420
106 421
145 421
303 421
319 421
374 421
127 422
213 422
264 422
322 422
326 422
354 422
375 422
268 423
348 423
367 423
163 424
328 424
338 424
186 425
211 425
226 425
231 425
345 425
395 425
246 426
278 426
283 426
386 426
390 426
359 427
418 427
435 427
373 428
211 429
221 429
229 429
371 429
400 429
452 429
95 430
202 430
238 430
201 431
257 431
261 431
271 431
277 431
334 431
403 431
114 432
153 432
321 432
346 432
353 432
134 433
208 433
221 433
239 433
270 433
204 434
318 434
327 434
356 434
373 434
376 434
174 435
325 435
339 435
377 435
350 436
367 436
439 436
298 437
355 437
378 437
383 437
258 438
337 438
423 438
127 439
195 439
213 439
216 439
239 439
271 439
395 439
256 440
348 440
169 441
211 442
328 442
339 442
214 443
233 443
441 443
99 444
144 444
275 444
324 444
202 445
235 445
311 445
348 445
353 445
393 445
122 446
227 446
230 446
253 446
333 446
336 446
208 448
209 448
293 448
406 448
223 449
161 450
331 452
205 453
246 454
310 454
346 454
428 454
201 455
223 455
327 455
338 455
351 455
181 456
271 456
397 456
156 457
212 457
233 457
326 457
335 457
357 457
450 457
122 458
216 458
225 458
365 459
206 460
287 460
337 460
116 461
414 461
173 462
356 463
382 463
316 464
327 464
339 464
349 464
142 465
213 466
299 466
338 466
99 467
212 467
215 467
234 467
256 467
328 467
348 467
357 467
341 468
400 468
135 469
327 469
417 469
163 470
221 470
350 470
126 471
186 471
205 471
276 471
326 471
215 472
355 472
371 472
239 473
308 473
326 473
356 473
360 473
387 473
294 475
354 475
118 477
224 477
320 477
406 479
423 479
112 480
106 481
152 481
172 481
202 481
351 481
392 481
209 482
224 482
214 483
268 483
130 484
215 484
220 484
195 485
166 486
302 487
320 487
375 487
204 488
220 488
237 488
344 488
233 491
260 491
359 491
214 492
279 492
200 493
331 493
397 493
113 494
155 495
230 495
225 496
250 496
183 498
239 499
290 499
214 500
170 501
239 501
310 501
130 502
206 502
215 503
218 505
232 505
235 505
236 505
344 505
123 506
201 506
209 508
198 509
229 509
265 509
150 510
160 510
329 510
213 511
238 511
301 511
206 512
283 512
319 512
237 513
248 513
188 514
208 514
229 514
137 516
219 516
260 516
202 517
207 520
311 520
209 521
235 522
341 522
173 523
164 524
272 524
294 525
199 527
150 528
324 528
244 530
318 532
306 533
228 534
260 535
175 539
277 539
165 540
215 540
244 542
293 543
237 545
202 547
264 548
282 548
223 550
193 551
185 553
