400 32
337 34
350 34
370 36
414 38
428 42
388 43
296 44
313 44
326 44
339 45
442 46
354 48
404 48
452 50
366 52
415 54
374 55
325 56
307 57
387 57
290 58
429 59
466 59
345 61
356 62
443 62
249 64
373 65
398 65
262 66
381 66
275 67
301 68
412 69
457 69
285 70
316 71
330 72
429 73
343 74
469 75
357 76
373 76
449 78
477 79
389 80
240 81
252 81
401 81
401 82
273 83
296 83
306 83
407 83
423 83
435 83
282 84
328 86
413 86
427 86
428 86
433 86
419 87
316 88
432 88
441 88
345 89
357 89
401 89
427 89
371 91
422 91
454 91
415 92
470 92
408 93
418 94
254 95
386 95
436 95
268 96
421 96
476 96
261 97
417 97
228 98
245 98
281 98
298 98
400 98
217 99
315 99
206 100
331 100
344 100
425 102
429 102
438 102
401 104
442 104
363 106
375 106
434 106
455 107
383 108
427 108
284 110
303 110
316 110
393 110
271 111
328 111
428 111
338 112
404 112
475 112
240 113
258 113
404 113
414 113
423 113
427 113
438 113
229 114
214 115
410 115
435 115
432 116
403 117
407 117
444 117
301 118
200 119
314 119
419 119
188 120
380 120
461 120
341 121
373 121
439 121
327 122
358 122
369 123
399 123
400 124
417 124
427 124
275 125
285 125
394 125
264 126
397 126
421 126
438 126
366 127
380 127
413 127
243 128
374 128
397 128
411 128
437 128
477 128
220 129
298 129
366 129
402 129
230 130
313 130
384 130
416 130
330 131
408 131
340 132
455 132
371 133
380 133
424 133
351 134
421 134
204 135
365 135
377 135
404 135
409 135
362 136
381 136
391 137
423 137
433 137
311 138
365 138
368 138
394 138
403 138
295 139
407 139
418 139
263 140
279 140
382 140
385 140
439 140
475 140
194 141
253 141
375 141
400 141
413 141
426 141
240 142
420 142
443 142
224 143
434 143
398 144
408 144
430 144
415 145
440 145
181 146
400 146
413 146
390 147
408 147
418 147
429 147
212 148
360 148
368 148
399 148
461 148
332 149
345 149
396 149
428 149
202 150
378 150
422 150
291 151
300 151
314 151
388 151
270 153
278 153
388 153
393 153
403 153
404 153
420 153
433 153
259 154
367 154
371 154
445 154
471 154
243 155
361 155
363 155
394 155
420 155
428 155
183 156
382 156
419 156
431 156
478 156
361 157
416 157
422 157
172 158
227 159
413 159
319 160
327 160
342 160
358 160
369 160
411 160
371 161
214 162
288 162
300 162
463 162
159 163
205 163
279 163
382 163
396 163
436 163
362 164
260 165
243 166
367 168
412 168
191 169
446 169
232 170
343 170
356 170
368 170
323 171
334 171
364 171
394 171
428 172
286 173
295 173
373 173
460 173
175 174
216 174
309 174
380 174
395 174
396 174
386 175
362 176
377 176
265 177
272 177
394 177
446 177
407 178
200 179
162 180
349 181
374 181
423 181
245 182
326 182
338 182
361 182
463 182
315 183
377 183
384 183
152 184
303 184
373 184
476 184
187 185
232 185
366 185
435 186
283 187
223 188
275 188
385 188
446 188
378 189
174 190
213 191
264 191
381 191
400 191
331 192
373 192
317 193
344 193
353 193
364 194
417 194
462 194
208 195
247 195
371 195
424 195
300 196
432 196
161 197
233 197
377 197
473 197
194 198
288 199
368 199
372 199
383 199
379 200
443 200
277 201
183 202
222 202
359 202
375 202
151 203
331 203
347 203
395 203
261 204
405 204
451 204
322 205
340 205
418 205
142 206
212 206
310 206
362 206
384 206
300 207
424 207
378 208
394 208
460 208
172 209
397 209
362 210
165 211
201 211
238 211
245 211
284 211
378 211
385 211
431 211
469 211
398 212
380 213
388 213
439 213
228 214
343 214
358 214
371 214
374 214
477 214
194 215
326 215
332 215
366 215
267 216
399 216
446 216
312 217
372 217
381 217
386 217
388 217
390 217
400 217
184 219
299 219
361 219
376 219
391 219
413 219
419 220
149 221
368 221
382 221
210 222
248 222
291 222
374 222
457 222
174 224
281 224
340 224
269 225
354 225
369 225
429 225
235 226
368 226
464 226
383 227
391 227
330 228
394 228
166 229
198 229
402 229
440 229
227 230
318 230
385 230
474 230
259 231
310 231
381 231
387 232
415 232
245 233
295 233
368 235
386 235
453 235
376 236
183 237
338 237
345 237
354 237
238 238
278 238
377 238
424 238
153 239
175 239
206 239
373 239
375 239
383 239
392 240
400 240
462 240
323 241
403 241
310 242
443 242
146 243
188 243
266 243
301 243
413 244
470 244
223 245
291 246
450 246
479 247
170 248
250 248
381 248
433 248
358 249
418 249
213 250
344 250
369 250
275 251
332 251
165 252
269 252
397 252
201 253
462 253
131 254
235 254
318 254
442 254
157 256
260 256
302 256
192 257
427 258
371 259
385 259
182 260
224 260
251 260
357 260
449 260
395 261
149 262
277 262
290 262
472 262
344 263
434 263
332 264
212 265
144 266
205 266
237 266
320 266
407 266
456 266
270 267
357 268
441 268
310 269
350 269
369 269
378 269
387 270
416 270
195 271
228 271
306 271
134 272
258 272
276 273
339 273
423 273
465 273
292 274
397 274
325 275
450 275
158 276
215 277
287 277
429 277
356 278
367 278
471 278
185 279
247 279
265 280
310 280
343 281
346 281
381 281
441 281
176 282
229 282
255 282
322 282
354 282
391 282
203 283
336 283
207 284
225 284
276 284
277 284
330 284
400 284
462 284
228 285
231 285
255 285
325 285
329 285
146 286
223 286
246 286
301 286
221 287
257 287
262 287
271 287
354 287
409 287
445 287
256 288
267 288
316 288
350 288
168 289
195 289
216 289
219 289
238 289
279 289
272 290
294 290
359 290
370 290
468 290
142 291
212 291
220 291
232 291
273 291
339 291
355 291
432 291
238 292
323 292
345 292
420 292
290 293
383 293
164 294
225 294
333 294
452 294
135 295
206 295
213 295
222 295
233 295
267 295
310 295
335 295
356 295
186 296
204 296
394 296
474 296
229 297
231 297
439 297
207 298
247 298
305 298
325 298
401 298
219 299
246 299
285 299
331 299
349 299
156 300
199 300
257 300
272 300
354 300
369 300
221 301
232 301
203 302
217 302
332 302
344 302
348 302
355 302
442 302
239 303
261 303
277 303
409 303
463 303
275 304
228 305
232 305
258 305
298 305
317 305
323 305
346 305
174 306
249 306
258 306
260 306
278 306
415 306
452 306
270 307
338 307
379 307
149 308
216 308
241 308
434 308
190 309
212 309
272 309
277 309
324 309
354 309
391 309
241 310
287 310
327 310
367 310
439 310
207 311
237 311
259 311
277 311
420 311
224 312
311 312
333 312
343 312
457 312
216 313
246 313
279 313
335 313
358 313
359 313
399 313
227 314
243 314
292 314
469 314
198 315
201 315
263 315
264 315
281 315
328 315
354 315
141 316
256 316
331 316
349 316
449 316
159 317
427 317
220 318
344 318
179 319
324 319
303 320
470 320
340 321
369 321
409 321
411 321
237 322
283 322
285 322
323 322
381 322
387 322
131 323
214 323
378 323
393 323
402 323
424 323
434 323
439 323
173 324
203 324
222 324
229 324
269 324
318 324
389 324
435 324
475 324
233 325
253 325
292 325
413 325
212 326
285 326
369 326
390 326
457 326
269 327
315 327
380 327
408 327
417 327
151 328
185 328
253 328
260 328
262 328
269 328
364 328
426 328
169 329
207 329
229 329
257 329
294 329
296 329
313 329
333 329
398 329
429 329
250 330
273 330
283 330
299 330
315 330
351 330
391 330
416 330
427 330
210 331
379 331
425 331
208 332
227 332
246 332
252 332
279 332
346 332
368 332
403 332
406 332
223 333
292 333
302 333
391 333
142 334
206 334
246 334
263 334
269 334
279 334
423 334
425 334
436 334
445 334
123 335
217 335
240 335
374 335
386 335
409 335
162 336
197 336
249 336
409 336
418 336
462 336
178 337
223 337
253 337
295 337
357 337
394 337
411 337
231 338
234 338
288 338
312 338
407 338
139 339
155 339
295 339
432 339
205 340
224 340
268 340
275 340
283 340
248 341
312 341
326 341
340 341
389 341
394 341
210 342
215 342
250 342
299 342
305 342
310 342
368 342
391 342
449 342
192 343
302 343
206 344
208 344
292 344
415 344
256 345
295 345
401 345
469 345
275 346
284 346
296 346
304 346
315 346
350 346
363 346
379 346
204 347
206 347
207 347
217 347
309 347
313 347
337 347
420 347
166 348
219 348
265 348
311 348
437 348
185 349
205 349
226 349
240 349
369 349
226 350
253 350
275 350
290 350
382 350
440 350
455 350
205 351
216 351
367 351
388 351
422 351
220 352
268 352
281 352
408 352
145 353
234 353
302 353
319 353
368 353
425 353
267 354
292 354
349 354
378 354
408 354
411 354
442 354
477 354
227 355
235 355
255 355
419 355
218 356
272 356
312 356
334 356
362 356
374 356
391 356
437 356
196 357
202 357
246 357
363 357
127 358
305 358
374 358
402 358
414 358
439 358
224 359
226 359
319 359
377 359
155 360
173 360
239 360
273 360
367 360
407 360
167 361
210 361
217 361
330 361
376 361
460 361
176 362
236 362
328 362
333 362
362 362
425 362
447 362
190 363
198 363
226 363
231 363
360 363
172 364
174 364
190 364
211 364
408 364
184 365
274 365
299 365
329 365
433 365
121 366
140 366
189 366
260 366
407 366
419 366
231 367
324 367
357 367
421 367
227 368
241 368
399 368
432 368
190 369
353 369
380 369
187 370
209 370
216 370
270 370
285 370
314 370
352 370
424 370
192 371
207 371
209 371
219 371
416 371
421 371
453 371
164 372
211 372
222 372
439 372
188 373
202 373
238 373
328 373
335 373
339 373
466 373
195 374
222 374
240 374
256 374
410 374
182 375
235 375
343 375
424 375
229 376
418 376
434 376
342 377
355 377
438 377
173 378
181 378
187 378
238 378
295 378
369 378
415 378
432 378
130 379
234 379
267 379
326 379
342 379
408 379
411 379
430 379
182 380
188 380
323 380
443 380
217 381
231 381
239 381
278 381
325 381
347 381
427 381
432 381
468 381
202 382
387 382
198 383
313 383
328 383
337 383
348 383
371 383
454 383
228 384
263 384
335 384
351 384
175 385
185 385
214 385
216 385
249 385
425 385
174 386
203 386
126 387
226 387
341 387
412 387
202 388
208 388
218 388
299 388
411 388
430 388
211 389
214 389
227 389
234 389
423 389
212 390
221 390
311 390
350 390
425 390
448 390
195 391
357 391
471 391
179 392
277 392
327 392
407 392
413 392
434 392
147 393
170 393
174 393
184 393
189 393
196 393
204 393
233 393
166 394
179 394
335 394
359 394
376 394
421 394
434 394
192 395
208 395
225 395
236 395
438 395
205 396
222 396
344 396
435 396
456 396
206 397
411 397
414 397
433 397
434 397
225 398
228 398
259 398
351 398
353 398
414 398
139 399
169 399
178 399
193 399
212 399
216 399
313 399
357 399
361 399
397 399
425 399
166 400
244 400
435 400
288 401
297 401
317 401
170 402
182 402
273 402
329 402
378 402
477 402
160 403
315 403
346 403
132 404
167 404
182 404
200 404
222 404
256 404
286 404
401 405
461 405
315 406
286 407
290 407
443 407
179 408
184 408
166 409
190 409
240 409
285 409
148 410
171 410
282 410
311 410
320 410
199 411
284 411
330 411
364 411
423 411
270 412
318 412
383 412
163 413
174 413
198 413
253 413
402 413
288 414
318 414
463 414
166 415
172 415
281 416
287 416
316 416
171 417
215 417
235 417
283 417
293 417
298 417
305 417
349 418
447 418
168 419
190 419
194 419
198 419
265 419
314 419
379 419
145 420
367 420
311 421
427 421
200 422
290 422
329 422
404 422
316 423
467 423
319 425
351 425
369 425
174 426
189 426
279 426
194 427
250 427
286 427
333 427
187 428
319 428
388 428
164 429
180 429
200 429
226 429
296 429
170 430
191 430
264 430
290 430
307 430
312 430
430 430
196 431
286 431
175 432
182 432
284 432
305 432
309 432
157 433
192 433
198 433
207 433
317 433
351 433
173 434
190 434
455 434
161 435
315 435
176 437
240 437
389 437
289 438
309 438
372 438
412 438
165 439
198 439
168 440
173 440
299 440
314 440
337 440
353 440
273 441
287 441
367 441
394 441
436 441
173 442
222 442
385 442
149 443
261 443
365 443
382 443
418 443
198 444
375 444
385 444
381 445
215 446
247 446
323 446
363 446
383 446
462 446
397 447
366 448
441 448
210 449
359 449
234 450
341 450
208 451
379 451
141 452
214 452
391 452
239 453
270 453
388 453
400 453
158 454
188 454
227 454
301 454
369 454
206 455
210 455
346 455
231 456
364 456
445 456
222 457
376 457
377 457
394 457
426 457
204 458
241 458
367 458
239 459
376 459
393 459
398 460
207 461
177 462
331 462
375 462
144 463
225 463
284 463
351 463
450 463
381 464
406 465
198 467
217 467
219 467
224 467
432 467
470 467
269 468
316 468
335 468
361 468
377 468
207 469
397 469
190 470
251 470
302 470
455 470
167 471
235 471
385 471
389 471
201 472
220 472
385 472
236 473
382 473
410 473
232 474
365 474
435 474
228 475
236 475
361 475
204 476
379 476
390 476
156 477
361 477
385 477
178 478
380 478
383 478
460 478
220 479
231 479
320 479
340 479
375 479
418 479
202 480
236 480
287 480
387 480
150 481
345 481
207 482
239 482
271 482
326 482
356 482
392 482
444 482
254 483
305 483
422 483
266 484
331 484
463 484
171 485
260 485
254 486
262 486
273 487
345 487
220 488
242 488
334 488
267 489
347 490
356 490
235 491
332 491
375 491
428 491
452 491
157 492
330 492
192 493
217 493
289 493
276 494
404 494
274 495
278 495
328 495
337 495
339 495
354 495
254 496
262 496
277 497
228 498
298 498
313 498
333 498
344 498
180 499
266 499
383 499
434 499
466 499
246 500
270 500
323 500
410 500
246 501
276 501
335 501
361 501
278 502
242 503
256 503
322 503
342 503
261 504
440 504
168 505
334 506
198 507
267 507
353 507
358 507
218 508
351 508
367 508
239 509
255 509
263 509
304 509
338 509
325 510
447 510
261 511
266 511
337 511
263 512
348 512
359 512
420 512
186 513
342 513
346 513
244 514
257 514
395 515
269 516
313 516
322 516
343 516
373 516
210 517
231 517
266 517
287 517
456 517
249 518
260 518
351 518
173 519
249 519
263 519
268 519
324 519
336 519
346 519
353 519
264 520
280 520
341 520
359 520
247 521
406 521
259 523
432 523
249 524
252 524
266 524
322 524
188 525
254 525
261 525
352 525
267 527
296 527
217 528
257 528
383 528
411 528
236 529
274 529
444 530
269 531
271 531
331 531
174 532
362 532
390 532
260 533
275 533
261 535
278 535
307 535
203 536
241 536
250 536
273 536
268 537
315 537
456 538
427 539
186 540
370 540
401 540
265 542
288 542
243 543
256 543
343 543
275 544
228 545
255 545
272 545
435 545
214 546
255 546
258 546
379 546
445 546
300 547
411 547
326 549
268 550
386 550
275 551
279 552
355 553
422 553
270 556
337 556
252 557
289 557
312 557
397 557
273 558
275 558
218 559
235 559
265 559
249 560
229 561
246 562
370 562
346 563
435 564
474 564
264 565
412 566
453 566
324 567
382 570
424 570
289 571
357 571
301 572
333 573
221 575
250 576
370 576
394 576
234 577
242 577
310 577
340 578
404 578
440 578
458 578
267 581
322 581
274 582
283 582
469 584
295 586
413 586
427 586
355 587
369 590
330 591
384 592
399 594
443 594
277 596
340 596
294 597
308 601
320 604
381 604
348 606
401 607
266 610
289 612
307 615
333 618
355 618
373 622
