414 1
163 3
212 5
296 6
318 6
344 6
430 6
204 7
329 7
270 8
286 8
360 8
189 9
378 9
144 10
252 10
136 14
398 14
229 15
168 16
131 17
310 17
461 17
215 18
300 18
316 18
333 18
204 19
421 19
283 20
355 20
265 22
477 22
154 23
194 23
375 23
433 24
246 25
439 26
111 27
180 27
233 28
303 28
393 28
318 29
224 30
292 30
332 30
456 30
172 31
409 31
136 33
345 33
209 34
479 34
161 35
421 35
198 36
273 36
357 36
266 38
281 38
300 38
190 39
291 39
372 39
437 39
253 40
129 41
201 41
253 41
290 41
294 41
304 41
325 41
150 42
204 42
241 42
296 42
384 42
404 42
115 43
429 43
447 43
134 44
311 44
227 45
267 45
143 46
174 46
201 46
246 46
346 46
401 46
419 46
257 47
285 47
102 48
234 48
309 48
437 48
211 49
220 49
288 49
290 49
466 49
133 50
206 50
210 50
230 50
311 50
411 50
417 50
155 51
249 51
284 51
290 51
401 51
415 51
255 52
272 52
280 52
304 52
152 53
196 53
240 53
260 53
266 53
277 53
281 53
291 53
295 53
427 53
201 54
269 54
308 54
367 54
89 55
256 55
291 55
304 55
325 55
377 55
405 55
154 56
281 56
435 56
150 57
208 57
224 57
245 57
250 57
255 57
411 57
419 57
119 58
186 58
233 58
234 58
269 58
301 58
342 58
389 58
443 58
223 59
258 59
311 59
140 60
292 60
175 61
214 61
143 62
220 62
224 62
237 62
271 62
309 62
319 62
400 62
418 62
106 63
139 64
250 64
288 64
304 64
407 64
431 64
460 64
128 65
143 65
159 65
215 65
233 65
280 65
207 66
229 66
417 66
122 67
222 67
248 67
146 68
289 68
307 68
401 68
436 68
131 69
137 69
162 69
220 69
223 69
281 69
295 69
319 69
331 69
343 69
133 70
271 70
319 70
361 70
475 70
158 71
208 71
254 71
416 71
96 72
122 72
144 72
193 72
244 72
282 72
374 72
126 73
153 73
279 73
295 73
434 73
126 74
259 74
386 74
408 74
441 74
149 75
232 75
244 75
255 75
422 75
151 76
184 76
202 76
226 76
240 76
317 76
264 77
272 77
277 77
306 77
405 77
424 77
143 78
178 78
243 78
248 78
255 78
310 78
427 78
159 79
396 79
452 79
113 80
131 80
155 80
215 80
225 80
281 80
424 80
298 81
336 81
412 81
80 82
138 82
311 82
354 82
288 83
301 83
322 83
462 83
277 84
290 84
297 84
165 85
264 85
318 85
104 86
256 86
426 86
200 87
369 87
246 88
431 88
474 88
127 90
387 90
439 90
235 91
309 91
330 92
150 93
188 93
340 93
225 94
300 94
315 94
295 95
406 95
178 96
288 96
352 96
450 96
117 97
212 98
265 98
278 98
281 98
295 98
297 98
310 99
362 99
460 99
87 100
207 100
258 100
139 101
295 101
317 101
170 102
249 102
298 102
376 102
203 103
425 103
284 104
307 104
329 104
77 105
106 105
239 105
310 105
383 106
338 107
438 107
474 107
130 108
157 108
228 108
286 108
395 108
315 110
448 110
98 111
126 111
187 111
354 111
405 111
267 112
281 112
216 113
293 113
454 113
259 114
290 114
252 115
304 115
316 115
418 115
62 116
366 116
178 117
463 117
144 118
203 118
293 119
329 119
237 120
289 120
431 120
115 121
168 121
328 121
386 121
223 122
231 122
355 122
83 123
268 123
349 123
274 124
344 124
400 124
50 125
258 125
444 125
188 126
334 126
352 126
132 127
162 127
479 127
214 128
367 128
410 128
103 129
291 129
302 129
310 129
72 130
248 130
319 130
341 130
379 130
417 131
455 131
179 132
277 132
328 132
150 134
231 134
349 134
120 135
264 135
341 135
392 135
425 135
334 136
170 137
196 137
93 138
220 138
357 138
253 139
329 139
468 139
247 140
404 140
437 140
87 141
358 142
368 142
55 143
141 143
241 143
303 143
315 143
348 143
292 144
476 144
273 145
283 145
327 145
445 145
208 146
328 146
380 146
80 147
108 147
158 147
181 147
263 147
417 147
228 148
336 148
342 148
345 148
330 149
387 149
130 150
354 150
357 150
43 152
71 152
222 152
251 152
354 152
455 152
101 153
198 153
333 153
397 153
245 154
286 154
294 154
358 154
306 155
430 155
121 156
276 156
299 156
213 157
313 157
324 157
369 157
467 157
321 158
326 158
405 158
34 159
165 159
186 159
322 159
63 160
236 160
255 160
348 160
357 160
380 160
439 160
417 161
89 162
133 162
159 162
339 162
413 162
98 163
305 163
389 163
476 163
203 164
226 164
284 164
384 164
417 164
108 165
110 165
366 165
87 166
135 166
156 166
316 166
351 166
398 166
80 167
300 167
83 168
101 168
133 168
160 168
275 168
291 168
296 168
303 168
435 168
452 168
154 169
218 169
262 169
307 169
392 169
407 169
431 169
116 170
123 170
131 170
172 170
253 170
299 170
360 170
391 170
428 170
88 171
244 171
366 171
378 171
47 172
77 172
81 172
133 172
192 172
320 172
403 172
411 172
423 172
238 173
361 173
146 174
302 174
308 174
329 174
371 174
396 174
84 175
123 175
297 175
374 175
406 175
86 176
104 176
324 176
380 176
392 176
431 176
463 176
97 177
286 177
434 177
438 177
203 178
217 178
233 178
339 178
90 179
384 179
389 179
416 179
417 179
439 179
67 180
93 180
137 180
265 180
273 180
284 180
291 180
316 180
394 180
424 180
156 181
159 181
226 181
260 181
303 181
418 181
138 182
283 182
114 183
122 183
124 183
137 183
177 183
254 183
311 183
355 183
375 183
378 183
389 183
400 183
196 184
209 184
313 184
380 184
439 184
473 184
102 185
149 185
243 185
412 185
35 186
94 186
123 186
365 186
414 186
449 186
60 187
144 187
157 187
323 187
369 187
382 187
397 187
477 187
89 188
99 188
130 188
328 188
397 188
428 188
81 189
107 189
122 189
130 189
152 189
361 189
365 189
407 189
81 190
149 190
190 190
237 190
314 190
372 190
391 190
86 191
281 191
384 191
403 191
165 192
217 192
362 192
134 193
270 193
297 193
88 194
121 194
288 194
304 194
341 194
96 195
143 195
160 195
407 195
460 195
144 196
209 196
252 196
380 196
284 197
310 197
313 197
365 197
387 197
439 197
106 198
123 198
225 198
293 198
314 198
421 198
242 199
349 199
380 199
416 199
101 200
142 200
302 200
383 200
418 200
434 200
466 200
60 201
157 201
181 201
207 201
43 202
50 202
93 202
408 202
446 202
43 203
70 203
119 203
198 203
400 203
471 203
169 204
204 204
217 204
230 204
331 204
389 204
438 204
73 205
217 205
232 205
377 205
391 205
58 206
227 206
265 206
362 206
424 206
113 207
255 207
273 207
282 207
290 207
336 207
416 207
51 208
134 208
250 208
203 209
241 209
303 209
428 209
436 209
454 209
53 210
94 210
148 210
387 210
399 210
80 211
218 211
233 211
413 211
76 212
191 212
211 212
347 212
372 212
49 213
59 213
162 213
314 213
393 213
54 214
106 214
418 214
82 215
171 215
384 215
389 215
422 215
459 215
323 216
410 216
429 216
415 217
416 217
219 218
295 218
357 218
368 218
380 218
440 218
27 219
266 219
379 219
141 220
201 220
261 220
370 220
427 220
63 221
212 221
243 221
270 221
276 221
302 221
405 221
465 221
52 222
100 222
153 222
182 222
251 222
331 222
392 222
424 222
71 223
79 223
166 223
379 223
54 225
66 225
74 225
365 225
389 225
392 225
448 225
48 226
62 226
117 226
204 226
235 226
315 226
364 226
370 226
407 226
20 227
51 227
179 227
194 227
290 227
209 228
339 228
430 228
435 228
397 229
68 230
130 230
414 230
429 230
93 231
65 232
113 232
213 232
230 232
323 232
402 232
49 233
54 233
56 233
68 233
202 233
267 233
356 233
398 233
421 233
222 234
432 234
435 234
455 234
474 234
244 235
303 235
368 235
379 235
59 236
142 236
156 236
174 236
279 236
80 237
88 237
203 237
394 237
36 238
58 238
65 238
188 238
310 238
386 238
433 238
437 238
204 239
231 239
349 239
393 239
426 239
400 240
432 240
51 241
82 241
100 241
330 241
59 242
87 242
145 242
403 242
448 242
291 243
438 243
82 244
215 244
248 244
29 245
54 245
272 245
434 245
64 246
89 246
102 246
152 246
239 246
319 246
110 247
357 247
426 247
431 247
463 247
74 248
90 248
98 248
279 248
340 248
407 248
440 248
51 249
70 249
135 249
147 249
159 249
181 249
231 249
392 249
412 249
112 250
119 250
131 250
144 250
193 250
303 250
374 250
107 251
118 251
157 251
409 251
25 252
95 252
285 252
402 252
406 252
77 253
81 253
155 253
207 253
443 253
113 254
156 254
402 254
428 254
431 254
253 255
261 255
361 255
397 255
415 255
223 256
22 257
114 257
292 257
344 257
414 257
420 257
449 257
312 258
381 258
405 258
421 258
48 259
94 259
166 259
268 259
330 259
51 260
152 260
158 260
177 260
403 260
411 260
91 261
97 261
190 261
473 261
63 262
89 262
128 262
133 262
138 262
347 262
403 262
408 262
421 262
41 263
295 263
114 264
138 264
243 264
367 264
55 265
65 265
70 265
116 265
201 265
407 265
415 265
425 265
94 266
109 266
114 266
278 266
334 266
402 266
459 266
60 267
87 267
234 267
47 268
75 268
155 268
250 268
318 268
52 269
116 269
302 269
353 269
371 269
418 269
478 269
140 270
197 270
439 270
444 270
32 271
55 271
59 271
111 271
112 271
148 271
259 271
41 272
122 272
124 272
149 272
225 272
283 272
392 272
410 272
51 273
78 273
118 273
264 273
321 273
431 273
463 273
426 274
434 274
54 275
184 275
340 275
412 275
82 276
124 276
171 276
221 276
268 276
307 276
425 276
97 277
145 277
376 277
417 277
430 277
79 278
159 278
324 278
424 278
51 279
96 279
147 279
288 279
49 280
465 280
110 281
116 281
132 281
211 281
221 281
250 281
361 281
419 281
216 282
242 282
256 282
437 282
101 283
114 283
177 283
186 283
199 283
273 283
378 283
401 283
250 284
254 284
280 284
322 284
330 284
346 284
357 284
192 285
205 285
215 285
230 285
235 285
236 285
251 285
257 285
292 285
441 285
22 286
157 286
173 286
180 286
205 286
262 286
312 286
338 286
354 286
469 286
71 287
163 287
179 287
232 287
246 287
348 287
91 288
94 288
211 288
238 288
244 288
249 288
455 288
86 289
102 289
104 289
107 289
329 289
333 289
366 289
90 290
93 290
95 290
128 290
182 290
230 290
346 290
109 291
115 291
215 291
237 291
246 291
280 291
339 291
408 291
43 292
167 292
297 292
86 293
100 293
266 293
280 293
315 293
339 293
140 294
154 294
198 294
256 294
352 294
476 294
64 295
120 295
228 295
368 295
382 295
58 296
168 296
204 296
241 296
342 296
89 297
99 298
164 298
179 298
268 298
346 298
181 299
187 299
224 299
240 299
244 299
284 299
39 300
84 300
192 300
238 300
333 300
395 300
463 300
96 301
161 301
164 301
206 301
212 301
349 301
413 301
431 301
448 301
138 302
213 302
244 302
318 302
329 302
99 303
104 303
255 303
259 303
325 303
346 303
352 303
97 304
120 304
125 304
150 304
205 304
223 304
241 304
272 304
335 304
359 304
92 305
187 305
262 305
357 305
98 306
109 306
117 306
181 306
205 306
220 306
230 306
249 306
268 306
57 307
188 307
83 308
226 308
237 308
251 308
78 309
102 309
112 309
183 309
247 309
254 309
324 309
174 310
179 310
299 310
341 310
348 310
353 310
387 310
419 310
162 311
210 311
233 311
261 311
321 311
109 312
135 312
350 312
373 312
436 312
237 313
288 313
453 313
473 313
92 314
98 314
113 314
174 314
226 314
310 314
336 314
345 314
405 314
117 315
223 315
232 315
356 315
26 316
123 316
216 316
242 316
262 316
96 317
147 317
193 317
233 317
323 317
71 318
118 318
172 318
244 318
267 318
273 318
357 318
215 319
251 319
257 319
274 319
337 319
345 319
390 319
185 320
225 320
269 320
332 320
195 321
301 321
407 321
423 321
440 321
127 322
165 322
169 322
291 322
365 322
20 323
167 323
227 323
361 323
48 324
134 324
156 324
199 324
137 325
201 325
243 325
477 325
173 326
258 326
389 327
87 328
145 328
153 328
202 328
326 328
353 328
463 328
120 329
185 329
238 329
274 329
379 329
168 330
174 330
192 330
204 330
301 330
393 330
409 330
107 331
208 331
218 331
341 331
122 332
200 332
221 332
361 332
427 332
93 333
207 333
235 333
257 333
369 333
376 333
395 333
64 334
215 334
225 334
39 335
82 335
144 335
175 335
176 335
449 335
397 336
205 337
207 337
236 337
253 337
291 337
412 337
128 338
175 338
216 338
381 338
118 339
130 339
142 339
189 339
218 339
226 339
303 339
398 339
159 340
169 340
193 340
326 340
122 341
219 341
316 341
387 341
433 341
192 342
196 342
204 342
150 343
179 343
198 343
223 343
384 343
471 343
171 344
188 344
229 344
360 344
397 344
101 345
162 345
349 345
391 345
181 346
197 346
373 346
455 346
91 347
220 347
375 347
134 348
144 348
251 348
46 349
159 349
160 349
274 349
384 349
416 349
129 350
130 351
133 351
196 351
213 351
27 352
61 352
179 352
194 352
226 352
289 352
436 352
115 353
135 353
168 353
235 353
177 354
143 355
159 355
263 355
462 355
136 356
317 356
375 357
440 357
479 357
24 358
181 358
378 358
385 358
391 358
403 358
171 359
199 359
328 359
378 359
75 360
230 360
241 360
303 360
354 360
362 360
133 361
154 361
256 361
272 361
340 361
366 361
156 362
158 362
204 362
215 362
224 362
276 362
422 362
445 362
39 363
211 363
408 363
412 363
419 363
130 364
231 364
103 365
129 365
275 365
410 365
424 365
140 366
253 366
406 366
415 366
55 367
122 367
155 367
74 368
88 368
417 368
428 368
126 369
255 369
287 369
381 369
434 369
130 370
141 370
176 370
402 370
114 371
123 371
135 371
255 371
339 371
437 371
468 371
37 372
163 372
316 372
432 372
451 372
127 373
188 373
269 373
436 373
268 375
361 375
371 375
54 376
246 376
423 376
211 377
223 377
303 377
396 377
422 377
437 377
129 378
428 378
145 379
247 379
417 379
419 379
87 380
168 380
198 380
250 380
414 380
423 380
69 381
100 381
350 381
115 382
132 382
158 382
253 382
284 382
326 382
415 382
425 382
32 383
263 383
442 383
475 383
241 384
434 384
438 384
259 385
363 385
407 385
130 386
299 386
385 386
49 387
404 387
232 389
260 389
278 389
406 389
424 389
428 389
151 390
160 390
242 390
261 390
266 390
363 390
132 391
160 391
176 391
278 391
314 391
375 391
411 391
447 391
460 391
147 392
148 392
160 392
187 392
279 392
400 392
420 392
122 393
414 393
115 394
130 394
156 394
194 394
260 394
277 394
279 394
432 394
136 395
144 395
216 395
437 395
338 396
101 397
123 397
207 397
297 397
250 398
464 398
84 399
140 399
257 399
406 399
325 400
65 401
173 401
351 401
418 401
250 402
364 402
438 402
390 403
128 404
206 404
240 404
261 404
136 405
213 405
175 406
248 406
270 406
323 406
403 406
434 406
126 407
231 407
238 407
310 407
130 408
144 408
160 408
225 408
419 408
422 408
156 409
209 409
257 409
293 409
406 409
35 410
65 410
201 410
212 410
254 410
262 410
469 410
270 411
404 411
417 411
216 412
422 412
446 413
107 414
134 414
280 414
401 414
425 414
188 415
266 415
309 415
197 416
209 416
225 416
252 416
255 416
335 416
407 416
87 417
250 417
256 417
278 417
136 418
151 418
224 418
234 418
266 418
284 418
378 418
417 418
421 418
121 419
142 419
153 419
215 419
321 419
393 419
47 420
136 420
151 420
164 420
270 420
144 421
214 421
348 421
439 421
207 422
226 422
248 422
265 422
423 422
428 422
128 423
201 423
240 423
402 424
478 424
75 425
231 425
278 425
306 425
158 426
217 426
301 426
375 426
438 426
459 426
125 427
137 427
140 427
175 427
209 427
215 427
225 427
330 427
151 428
279 428
295 428
394 428
208 429
182 430
344 430
362 430
404 430
128 431
254 431
256 431
269 431
409 431
421 431
191 432
372 432
266 433
401 433
423 433
446 433
159 434
270 434
416 434
127 435
326 435
396 435
410 435
433 435
208 436
214 436
234 436
313 436
427 436
440 436
118 437
137 437
202 437
269 437
384 437
424 437
438 437
145 438
213 438
243 438
252 438
286 438
415 438
420 438
41 439
58 439
77 439
133 439
142 439
154 439
214 439
230 439
412 439
429 439
222 440
267 440
438 440
469 440
170 441
232 441
294 441
300 441
100 442
245 442
321 442
290 443
427 443
259 444
296 444
397 444
418 444
454 444
148 445
304 445
265 446
351 446
128 447
267 447
184 448
275 448
298 448
332 448
382 448
154 449
253 449
259 449
423 449
444 449
478 449
193 450
202 451
245 451
263 451
280 451
294 451
131 452
253 452
289 452
292 452
365 452
317 453
164 454
214 454
235 454
243 454
300 454
306 454
225 455
261 455
317 455
270 456
395 456
453 456
78 457
264 457
270 457
411 457
243 458
287 458
61 459
90 459
249 459
256 459
301 459
176 460
342 460
292 461
317 461
462 462
187 463
241 463
243 463
359 463
415 463
435 463
254 464
283 464
296 464
315 464
97 465
251 465
252 465
312 465
319 465
389 465
71 466
123 466
372 466
155 467
241 467
276 467
296 467
198 468
214 468
335 468
416 468
478 468
230 469
268 469
314 469
318 469
246 470
296 470
316 470
446 470
135 471
165 471
269 471
298 471
241 472
423 472
82 473
267 473
280 473
299 473
301 473
401 473
311 474
456 474
109 475
175 476
294 476
429 476
146 477
242 477
287 477
303 477
348 477
366 477
398 477
183 478
299 478
327 478
392 478
89 479
287 479
311 479
314 479
318 479
195 480
250 481
440 481
158 482
211 482
243 482
66 483
227 483
322 483
472 483
163 484
183 484
97 485
190 485
300 485
187 486
128 487
193 487
358 487
376 487
449 487
191 488
293 489
318 489
191 490
411 490
422 490
135 491
177 491
404 491
110 492
82 493
276 493
335 493
430 493
459 493
145 494
197 494
202 494
116 495
244 495
309 495
435 495
219 496
349 496
472 496
154 497
181 497
90 498
194 499
184 500
191 500
323 500
163 501
262 501
300 501
366 501
126 502
342 502
382 502
178 503
445 503
455 504
187 505
280 505
192 506
315 506
436 506
183 507
249 507
423 507
208 508
358 508
219 509
234 509
413 509
149 510
186 510
198 510
273 510
403 511
157 512
197 514
393 514
178 515
199 515
301 515
130 516
180 516
182 516
324 516
385 516
347 518
372 519
342 520
193 521
204 521
436 521
443 521
276 522
419 522
427 522
457 522
145 523
284 523
302 523
367 523
218 524
258 524
265 524
153 525
232 525
246 525
333 525
357 526
163 528
325 529
172 531
400 532
414 533
342 534
380 534
191 535
263 535
271 535
285 535
207 536
311 536
300 537
363 537
356 538
222 540
235 540
349 540
174 543
252 543
264 547
420 547
396 548
286 549
215 550
340 551
381 551
350 553
357 553
176 554
230 554
309 554
255 556
197 559
209 561
294 564
331 564
234 566
311 567
187 568
197 569
257 572
278 573
213 574
