372 2
396 2
432 2
175 3
258 3
385 3
436 3
424 4
171 6
239 6
356 7
347 8
221 9
337 9
449 10
295 13
315 13
200 14
208 14
395 14
192 15
416 16
468 16
175 17
272 17
245 18
255 18
437 18
429 19
372 20
347 21
230 22
362 22
169 23
452 23
155 24
330 24
212 26
314 26
401 26
140 27
147 27
381 28
288 29
417 29
464 29
267 30
194 31
186 33
255 33
476 35
168 36
236 36
438 36
362 37
378 38
449 38
333 39
353 39
320 40
148 41
213 41
305 41
399 41
414 41
411 43
208 44
425 44
136 45
194 45
466 45
234 46
283 46
411 46
120 47
273 47
422 47
218 48
425 48
435 48
174 49
203 49
401 49
412 49
251 51
405 51
107 52
201 52
167 53
371 53
379 53
318 54
350 54
147 55
336 55
391 55
427 55
219 56
225 56
415 56
447 56
155 57
214 57
402 57
140 58
297 58
207 59
239 59
275 59
287 60
216 61
239 62
189 63
417 63
425 63
438 63
464 63
218 64
254 64
410 64
207 65
171 66
432 66
420 67
204 68
228 68
234 68
368 68
338 69
324 70
355 70
359 70
405 70
151 72
222 72
295 72
311 72
400 72
424 72
207 73
214 73
215 73
230 73
273 73
385 73
434 73
445 73
404 75
416 76
190 77
255 78
132 79
203 79
238 79
465 79
170 80
233 80
407 80
120 81
305 82
382 82
439 82
476 82
112 83
221 83
333 83
248 84
268 84
297 84
310 84
361 84
108 85
348 85
397 85
440 85
296 86
381 86
401 86
201 87
275 87
377 87
380 87
453 87
260 88
307 88
418 88
149 89
259 89
261 89
274 89
314 89
278 90
92 91
245 91
309 91
466 91
414 92
430 92
182 93
425 93
312 94
329 94
357 94
417 94
132 95
244 95
248 95
276 95
344 95
230 96
307 96
169 97
475 97
210 98
296 98
281 99
318 99
369 99
382 99
113 100
157 100
373 100
391 100
409 100
242 101
258 101
392 101
403 101
459 101
362 102
427 102
196 103
251 103
301 104
368 104
389 104
234 105
332 105
93 106
301 106
312 106
354 106
388 106
411 106
136 107
184 107
248 107
277 107
288 107
344 107
403 107
370 108
442 108
220 109
278 109
297 109
82 110
166 111
392 111
403 111
453 111
264 112
311 112
362 112
366 112
384 112
396 112
437 112
117 113
242 114
305 114
417 114
246 115
283 115
395 115
416 115
194 116
229 116
363 116
145 117
269 117
285 117
300 117
343 118
358 118
477 118
316 119
429 119
462 119
179 120
270 120
373 120
396 120
421 120
204 122
251 122
301 122
128 123
289 123
309 123
315 123
162 124
394 124
90 125
189 125
162 126
190 126
446 126
176 127
286 127
474 127
166 128
300 128
318 128
408 128
174 129
336 129
188 130
226 130
283 130
300 131
75 132
176 132
267 132
309 132
353 132
423 132
105 133
313 133
458 133
138 134
209 134
318 134
367 134
247 135
287 135
296 135
283 136
435 136
66 137
194 137
197 138
292 138
383 138
397 139
236 140
282 140
472 140
90 141
119 141
259 141
444 141
294 142
151 143
190 143
229 143
413 143
82 145
168 145
174 145
219 145
165 146
208 146
281 146
329 146
163 147
317 147
349 147
365 148
426 148
102 149
198 149
279 149
377 149
459 149
128 150
305 150
319 150
301 151
266 152
432 152
73 153
179 154
236 154
249 154
293 154
467 154
148 155
176 157
198 157
293 157
301 157
303 157
395 157
113 158
168 158
441 158
161 159
281 159
301 159
323 159
334 159
62 160
219 160
305 161
358 161
410 161
206 162
255 162
342 162
155 163
243 163
288 163
264 164
82 165
95 165
124 165
189 165
363 165
246 166
252 166
453 166
264 167
376 167
421 167
427 167
432 167
246 168
251 168
255 168
96 169
101 169
103 169
118 169
227 169
440 169
168 170
387 170
401 170
427 170
79 171
87 171
139 172
211 172
268 172
300 172
318 172
439 172
470 172
412 173
430 173
330 174
404 174
92 175
204 175
250 175
286 175
340 176
352 176
69 177
103 177
243 177
252 177
264 177
258 178
276 178
446 178
154 179
273 179
368 179
404 179
255 180
407 180
246 181
411 181
63 182
181 182
202 182
229 182
377 182
416 182
206 183
454 183
93 184
137 184
216 184
220 184
228 184
84 185
225 185
244 185
250 185
314 185
92 186
97 186
273 186
395 186
201 187
278 187
301 187
431 187
55 188
102 188
119 188
165 188
204 188
327 188
468 188
87 189
227 189
341 190
112 191
420 191
149 192
240 192
404 192
415 192
417 192
272 193
88 194
103 194
185 194
246 194
441 194
71 195
291 195
130 196
233 196
107 197
208 197
225 197
308 197
369 197
180 198
229 198
260 198
379 198
417 198
109 199
115 199
215 199
271 199
320 199
435 199
65 200
167 200
254 200
93 201
203 201
286 201
220 202
290 202
319 202
338 202
455 202
215 203
284 203
335 203
393 203
406 203
115 204
237 204
243 204
270 204
284 204
437 204
223 205
257 205
342 205
410 205
416 205
427 205
154 206
215 206
80 207
188 207
296 207
349 207
433 207
229 208
354 208
373 208
132 209
219 209
221 209
324 209
351 209
405 209
410 209
178 210
357 210
430 210
465 210
336 211
47 212
100 212
211 212
289 212
387 212
439 212
208 213
293 213
319 213
309 214
350 214
443 214
236 215
325 215
416 215
477 215
67 216
210 216
247 216
259 216
332 216
412 216
137 217
276 217
188 218
240 218
287 218
337 218
375 218
404 218
301 219
228 220
233 220
338 220
347 220
359 220
112 221
156 221
240 221
324 221
333 221
454 221
86 222
226 222
237 222
318 222
358 222
403 222
421 222
430 222
56 223
215 223
323 223
426 223
428 223
125 224
229 224
357 224
391 224
218 225
342 225
352 225
462 225
172 226
264 226
283 226
298 226
329 226
398 226
76 227
210 227
230 227
303 227
404 227
435 227
102 228
254 228
313 228
319 228
200 229
437 229
236 230
239 230
284 230
310 230
316 230
340 230
424 230
470 230
96 231
142 231
280 231
327 231
410 231
345 232
44 233
115 233
158 233
204 233
283 233
292 233
315 233
219 234
237 234
310 234
378 234
442 234
417 235
418 235
183 236
315 236
353 236
424 236
36 237
65 237
404 237
204 238
330 238
83 239
239 239
251 239
332 239
449 239
393 240
103 241
125 241
270 241
287 241
388 241
423 241
297 242
372 242
398 242
428 242
193 243
235 243
300 243
312 243
413 244
50 245
161 245
307 245
310 245
348 245
404 245
28 246
407 246
409 246
429 246
118 247
218 247
311 247
206 248
432 248
459 248
428 249
263 250
273 250
357 250
388 250
397 250
107 251
286 251
315 251
395 251
41 252
66 252
88 252
134 252
327 252
363 252
414 252
423 252
173 253
282 254
300 254
306 254
367 255
373 255
395 255
148 256
193 256
226 256
378 256
397 256
410 256
445 256
468 256
343 258
78 259
168 259
185 259
310 259
212 260
295 260
100 261
266 261
301 261
120 262
299 262
310 262
321 262
411 262
426 262
158 263
292 263
297 263
354 263
382 263
43 264
93 264
207 264
248 264
281 264
478 264
174 265
256 265
315 265
409 265
430 265
457 265
113 266
295 266
64 267
153 267
201 267
240 267
281 267
379 267
421 267
433 267
334 268
418 268
129 269
150 270
315 270
362 270
393 270
410 270
191 271
227 271
313 271
366 271
432 271
104 272
366 272
418 273
164 274
312 274
445 274
187 275
217 275
348 275
75 276
298 276
328 276
366 276
410 276
468 276
272 277
283 277
369 277
377 277
401 277
428 277
45 278
290 278
310 278
415 278
137 279
252 279
259 279
299 279
208 280
298 280
411 280
45 281
56 281
70 281
159 281
165 281
196 281
233 281
243 281
428 281
89 282
134 282
174 282
286 282
329 282
453 282
35 283
176 283
214 283
247 283
276 283
278 283
367 283
411 283
43 284
112 284
152 284
165 284
198 284
211 284
237 284
257 284
294 284
304 284
313 284
326 284
359 284
361 284
392 284
172 285
242 285
340 285
363 285
353 286
389 286
45 287
129 287
133 287
141 287
143 287
213 287
231 287
300 287
361 287
294 288
331 288
440 288
57 289
127 289
278 289
286 289
326 289
221 290
268 290
274 290
26 291
102 291
128 291
163 291
189 291
286 291
396 291
461 291
122 292
174 292
263 292
300 292
320 292
358 292
419 292
50 293
74 293
210 293
261 293
330 293
177 294
206 294
241 294
263 294
277 294
299 294
350 294
72 295
153 295
181 295
282 295
291 295
376 295
423 295
80 296
373 296
382 296
401 296
316 297
449 297
469 297
91 298
117 298
180 298
211 298
222 298
253 298
320 298
39 299
44 299
177 299
184 299
319 299
351 299
361 299
65 300
147 300
190 300
205 300
239 300
294 300
342 300
64 301
73 301
131 301
169 301
235 301
249 301
293 301
300 301
325 301
379 301
429 301
199 302
55 303
231 303
233 303
286 303
298 303
345 303
365 303
389 303
413 303
41 304
201 304
205 304
231 304
276 304
322 304
374 304
128 305
212 305
231 305
387 305
79 306
159 306
179 306
224 306
244 306
460 306
128 307
162 307
264 307
306 307
42 308
169 308
192 308
329 308
331 308
48 309
78 309
105 309
279 309
300 309
313 309
384 309
479 309
238 310
256 310
278 310
341 310
353 310
355 310
373 310
375 310
380 310
440 310
219 311
290 311
328 311
397 311
420 311
74 312
156 312
244 312
245 312
277 312
339 312
398 312
25 313
119 313
179 313
349 313
49 314
151 314
208 314
391 314
151 315
186 315
204 315
229 315
236 315
257 315
153 316
297 316
299 316
342 316
387 316
396 316
96 317
384 317
466 317
136 318
148 318
211 318
274 318
277 318
303 318
326 318
363 318
153 319
187 319
279 319
395 319
408 319
67 320
200 320
240 320
255 320
304 320
306 320
336 320
17 321
38 321
66 321
166 321
216 321
261 321
321 321
347 321
450 321
118 322
139 322
282 322
348 322
359 322
363 322
398 322
103 324
223 324
310 324
391 324
113 325
246 325
373 325
89 326
160 326
375 326
417 326
179 327
294 327
33 328
109 328
206 330
319 330
337 330
438 330
475 330
105 331
190 331
233 331
381 331
459 331
103 332
113 332
153 332
348 332
363 332
129 333
146 333
328 333
168 334
51 335
72 335
122 335
95 336
254 336
261 336
307 336
329 336
340 336
390 336
404 336
426 336
266 337
356 337
369 337
24 338
104 338
109 339
161 339
195 339
214 339
329 339
131 340
283 340
358 340
388 340
120 341
137 341
350 341
445 341
94 342
123 342
151 342
241 342
343 342
361 342
375 342
467 342
91 343
104 343
108 343
176 343
366 343
292 344
39 345
66 345
118 345
143 345
154 345
347 346
411 346
118 347
374 347
113 348
134 348
156 348
315 348
338 348
383 348
100 349
135 349
184 349
201 349
228 349
362 349
142 350
349 350
352 350
369 350
439 350
32 351
125 351
263 351
299 351
326 351
431 351
222 352
359 352
363 352
476 352
167 353
268 353
143 354
324 354
418 354
100 355
137 355
276 355
29 356
52 356
76 356
114 356
118 356
125 356
130 356
445 356
215 357
321 357
327 357
347 357
385 357
135 358
161 358
188 358
254 358
258 358
341 358
305 359
325 359
348 359
353 359
359 359
403 359
93 360
129 360
243 360
284 360
137 361
138 361
144 361
181 361
207 361
289 361
349 361
119 363
122 363
132 363
288 363
466 363
155 364
120 365
176 365
231 365
263 365
310 365
332 365
375 365
455 365
88 366
202 366
285 366
287 366
327 366
371 366
133 367
148 367
290 367
391 367
409 367
60 368
286 368
195 369
266 369
296 369
316 369
325 369
362 369
372 369
113 370
367 370
390 370
440 370
128 371
148 371
322 371
344 371
378 371
93 372
98 372
102 372
119 372
123 372
317 372
369 372
396 372
85 373
130 373
133 373
152 373
166 373
314 373
344 373
356 373
381 373
428 373
29 374
219 374
309 374
370 374
341 375
155 376
255 376
314 376
358 376
376 376
102 377
244 377
281 377
309 377
396 377
305 378
77 379
290 379
324 379
138 380
231 380
284 380
324 380
385 380
445 380
102 381
110 381
207 381
288 381
478 381
105 382
157 382
236 382
365 382
43 383
99 383
286 383
304 383
346 383
417 383
318 384
328 384
337 384
141 385
287 385
382 385
177 386
308 386
82 387
90 387
121 387
239 387
262 387
361 387
364 387
295 388
403 388
139 389
291 389
304 389
323 389
361 389
395 389
463 389
94 390
52 391
98 391
129 391
147 391
156 391
198 391
394 391
451 391
159 392
216 392
286 392
320 392
328 393
390 393
400 393
125 394
145 394
277 394
165 395
233 395
295 395
314 395
369 395
392 395
254 396
304 396
344 396
435 396
90 397
289 397
347 397
394 398
407 398
423 398
95 399
130 399
188 399
297 399
138 400
207 400
324 400
337 400
466 400
182 401
297 401
44 402
107 402
174 402
228 402
432 402
158 403
183 403
222 403
372 403
375 403
393 403
419 403
75 404
171 404
269 404
285 404
362 404
437 404
115 405
191 405
380 405
409 405
427 405
111 406
203 406
349 406
404 406
88 407
95 407
38 408
163 408
397 408
455 408
132 409
223 409
313 409
69 410
164 410
386 410
425 410
439 410
31 411
102 411
150 411
185 411
332 411
366 411
434 412
120 413
241 413
96 414
183 414
196 414
299 414
426 414
476 414
100 415
200 415
216 415
280 415
119 416
264 416
363 416
366 416
386 416
94 417
97 417
315 417
423 417
441 417
100 418
120 418
412 418
369 419
384 419
83 420
351 420
368 420
440 420
52 421
162 421
336 421
381 421
411 421
414 421
81 422
141 422
460 422
234 423
399 423
423 423
86 424
101 424
419 424
443 424
186 425
260 425
296 425
317 425
44 426
369 426
401 426
412 426
425 426
86 427
226 427
414 427
419 427
95 428
105 428
113 428
210 428
367 428
425 428
87 429
115 429
389 429
100 430
198 430
253 430
464 430
336 431
353 431
156 432
193 432
272 432
386 432
390 432
438 432
64 433
111 434
192 434
194 434
292 434
430 434
126 435
173 436
250 436
391 436
417 436
449 436
98 437
172 437
303 437
206 438
418 438
88 439
97 439
194 439
394 439
171 440
406 440
103 441
367 441
115 442
147 442
168 442
316 442
46 443
75 443
110 443
214 443
247 443
267 443
349 443
467 443
94 444
252 444
393 444
115 445
256 445
87 446
116 446
185 446
243 447
334 447
106 449
159 449
301 449
452 449
102 450
137 450
225 450
258 450
436 450
264 451
285 451
351 451
366 451
423 451
86 452
411 452
110 453
153 453
257 453
97 454
208 454
53 455
250 455
81 456
113 456
189 456
220 456
244 456
77 457
118 457
334 457
395 457
259 458
319 458
380 458
301 459
70 460
108 460
236 460
280 461
469 461
248 462
350 462
365 462
138 463
104 465
118 465
277 465
315 465
395 465
440 465
278 466
458 466
66 467
251 467
274 467
94 468
163 468
258 468
276 468
298 469
407 469
411 469
102 470
269 470
426 470
177 471
365 471
204 472
93 473
121 473
188 473
250 473
119 474
149 474
264 474
277 474
279 474
335 474
111 475
113 475
349 475
445 475
81 476
99 476
395 476
94 477
224 477
271 477
475 477
116 478
316 478
97 479
243 479
258 479
67 480
241 480
293 480
381 480
107 481
196 481
221 481
398 481
81 482
89 482
371 482
394 482
412 482
217 483
234 483
269 483
85 484
330 484
398 484
426 484
137 485
188 485
217 485
310 485
401 485
429 485
430 485
160 486
179 486
236 486
431 486
100 487
191 487
206 487
345 487
398 487
83 488
360 488
365 488
90 489
190 489
260 489
88 490
96 490
102 490
215 490
262 490
368 490
445 490
217 491
226 491
266 491
406 491
121 492
175 492
183 492
270 492
378 492
389 492
394 492
248 493
252 493
277 493
366 493
430 493
434 493
464 493
84 494
96 494
108 494
169 494
234 494
259 494
308 494
232 495
278 495
355 495
431 495
99 496
180 497
276 497
382 497
398 497
431 497
105 498
183 498
290 498
370 498
406 498
113 499
264 499
73 500
95 500
169 500
190 500
210 500
356 500
369 500
465 500
139 501
242 501
266 501
325 501
113 502
190 502
199 502
250 502
379 502
384 502
400 502
416 502
95 503
248 503
341 503
184 504
259 504
380 504
415 504
57 505
174 505
247 505
388 505
396 505
399 505
158 506
252 506
266 506
279 506
223 507
432 507
438 507
468 507
321 508
86 509
247 509
254 509
299 509
450 509
198 510
207 510
266 510
151 511
228 511
361 511
118 512
125 512
400 512
107 513
180 513
202 513
353 513
425 513
172 514
240 514
384 514
262 515
264 515
281 515
369 515
187 516
197 516
201 516
318 516
76 517
81 517
164 517
231 517
335 517
364 517
416 517
98 518
215 518
366 518
412 518
431 519
434 519
110 520
261 522
264 522
274 522
348 523
231 524
256 524
296 524
314 524
399 524
468 525
127 526
155 526
177 527
204 527
252 527
271 529
94 530
254 530
289 530
436 530
251 531
372 531
382 532
82 533
150 533
253 533
327 533
242 534
418 534
219 535
253 535
256 535
284 536
304 536
399 536
69 537
468 537
138 538
166 538
240 538
260 538
109 539
271 539
242 541
258 541
340 541
272 542
454 543
95 544
246 544
253 545
267 545
296 545
317 545
357 545
415 545
151 546
175 546
379 546
121 547
274 547
226 548
251 548
267 548
269 549
397 550
248 551
193 552
355 552
467 552
79 553
375 553
256 554
272 554
288 554
267 555
436 555
310 556
132 557
150 559
236 559
273 559
280 559
207 561
397 561
324 562
279 563
449 564
228 567
171 568
195 568
299 568
342 568
367 569
411 569
131 570
222 570
250 571
315 572
244 573
267 573
291 574
387 574
154 575
179 579
334 579
209 581
305 583
404 583
425 583
136 585
281 585
233 586
160 588
191 589
295 590
356 590
241 593
269 594
212 595
261 600
366 600
392 600
230 601
277 605
309 608
