236 1
452 1
459 4
253 5
384 6
472 7
342 8
184 9
273 9
307 9
420 9
103 11
122 11
169 11
201 11
354 11
434 12
396 13
222 14
241 14
319 14
365 14
298 19
448 19
74 20
253 20
381 20
86 21
336 21
67 22
271 23
463 23
107 24
394 24
141 25
158 25
175 25
194 25
209 26
285 26
349 26
359 26
122 27
223 28
478 29
306 31
244 32
374 32
449 32
418 34
71 35
90 35
257 35
334 35
64 38
226 38
274 38
322 39
396 39
125 40
141 40
172 40
350 40
119 41
157 41
191 41
204 41
431 41
438 41
466 41
115 42
289 42
420 43
248 44
308 45
362 45
99 46
102 46
110 46
479 46
89 48
216 48
277 49
334 49
410 49
81 50
412 50
429 50
450 50
77 51
116 51
333 51
382 51
239 52
440 53
165 54
90 55
117 55
203 55
402 55
86 56
145 56
186 56
358 57
467 57
259 58
314 58
122 59
332 59
345 59
98 60
355 60
435 60
87 61
113 61
372 61
412 61
418 61
426 61
224 62
436 62
439 62
478 62
276 63
443 63
426 64
78 65
330 65
410 65
81 66
85 66
174 66
297 66
342 66
97 67
245 68
331 68
343 68
85 69
192 69
360 69
331 70
261 71
308 71
390 71
418 71
456 71
206 72
112 73
138 73
338 73
462 74
277 75
340 75
357 75
423 75
101 76
346 76
365 76
151 77
158 77
229 77
349 77
402 77
408 77
467 77
86 78
432 78
97 79
336 79
374 79
420 79
429 79
434 79
475 79
300 80
338 80
66 81
183 81
359 81
429 81
431 81
372 82
406 82
141 83
220 83
322 83
386 83
144 84
217 84
240 84
359 84
204 85
313 85
384 85
392 85
414 85
350 86
384 86
156 87
321 87
432 87
118 88
132 88
238 88
265 88
323 88
422 88
94 89
136 89
225 89
371 89
407 89
284 90
324 90
388 90
416 90
141 91
152 91
222 91
365 91
395 91
437 91
121 92
139 92
331 92
393 92
400 92
174 93
424 93
458 93
238 94
302 94
391 94
420 94
138 95
160 95
223 95
232 95
329 95
363 95
368 95
411 95
430 95
63 96
190 96
358 96
387 96
407 96
432 96
440 96
327 97
382 97
233 98
257 98
341 98
361 98
437 98
152 99
155 99
407 99
100 100
324 100
352 100
81 101
216 101
337 101
356 101
433 101
66 102
159 102
289 102
413 102
133 103
237 103
343 103
354 103
359 103
378 103
472 103
149 104
202 104
234 104
400 104
427 104
135 105
212 105
237 105
305 105
356 105
385 105
328 106
356 106
378 106
405 106
163 107
214 107
234 107
396 107
434 107
106 108
241 108
278 108
338 108
409 108
79 109
138 109
146 109
150 109
184 109
215 109
366 109
392 109
405 109
426 109
428 109
450 109
122 110
157 110
225 110
235 110
258 111
396 111
235 112
323 112
64 113
197 113
393 113
404 113
434 113
229 114
291 114
351 114
372 114
383 114
417 114
43 115
397 115
414 115
144 116
370 116
411 116
421 116
211 117
218 117
332 117
335 117
346 117
431 117
226 118
371 118
123 119
142 119
239 119
252 119
307 119
103 120
163 120
216 120
349 120
389 120
421 120
462 120
239 121
328 121
342 121
358 121
268 122
323 122
390 122
421 122
82 123
184 123
351 123
203 124
323 124
331 124
178 125
237 125
350 125
352 125
202 126
220 127
394 127
60 128
292 128
471 128
195 129
334 129
39 130
201 130
334 130
121 131
168 131
364 131
477 131
137 132
151 132
258 132
322 132
357 132
409 132
104 133
184 133
197 134
217 134
182 135
323 135
85 136
161 136
178 136
66 137
187 137
312 137
342 137
379 137
352 138
235 139
190 140
221 140
356 140
406 140
208 141
280 141
151 142
334 142
349 142
45 143
131 143
173 143
194 143
224 143
331 143
465 143
178 144
236 144
251 144
329 144
107 145
203 145
232 145
221 146
182 147
234 147
298 147
327 147
367 147
442 147
84 148
236 148
420 148
210 149
321 149
173 150
225 150
227 150
332 150
338 150
395 150
64 151
271 151
324 151
345 151
238 152
167 153
355 153
150 154
207 154
214 154
379 154
43 155
138 155
167 155
182 155
211 155
234 155
320 155
337 155
108 156
120 156
161 156
207 156
223 156
455 156
324 157
344 157
221 158
289 158
327 158
179 159
189 159
226 159
411 159
177 160
250 160
329 160
85 161
91 161
146 161
204 161
216 161
252 161
270 161
337 161
265 162
276 162
306 162
355 162
466 162
391 163
437 163
63 164
118 165
162 165
174 165
185 165
341 165
367 165
81 166
147 166
194 166
84 167
173 167
213 167
315 167
414 167
420 167
421 167
473 167
88 168
142 168
336 168
402 168
143 169
199 169
351 169
39 170
126 170
283 170
326 170
358 170
102 171
105 171
109 171
130 171
229 171
263 171
336 171
355 171
155 172
217 172
402 172
120 173
227 173
231 173
247 173
322 173
86 174
173 174
238 174
384 174
455 174
152 175
215 175
111 176
168 176
335 176
72 177
184 177
434 177
150 178
216 178
252 178
332 178
410 178
107 179
152 179
228 179
262 179
327 179
334 179
53 180
171 180
224 180
304 180
366 180
417 180
84 181
135 181
267 181
137 182
148 182
171 182
199 182
274 182
321 182
140 183
218 183
35 184
115 184
190 184
443 184
101 185
109 185
113 185
125 185
169 185
185 185
210 185
278 185
353 185
359 185
469 185
93 186
232 186
349 186
377 186
131 187
149 187
230 187
338 187
157 188
401 188
160 189
246 189
289 189
328 189
424 189
65 190
108 190
142 190
276 190
327 190
97 191
144 191
150 191
162 191
227 191
244 191
360 191
453 191
479 191
120 192
128 192
178 192
231 192
253 192
332 192
415 192
172 193
304 193
326 193
82 194
131 194
143 194
195 194
278 194
340 194
46 195
112 195
223 195
362 195
436 195
189 196
280 196
342 196
357 196
382 196
92 197
98 197
207 197
218 197
268 197
102 198
338 198
227 199
237 199
344 199
350 199
436 199
236 200
246 200
61 202
75 202
283 202
346 203
369 203
411 203
92 204
216 204
321 204
148 205
170 205
442 205
475 206
124 207
193 207
256 207
46 208
107 208
33 209
399 209
86 210
212 210
214 210
449 210
88 211
102 211
356 211
382 211
206 212
329 212
455 212
102 213
228 213
308 214
58 215
95 215
113 215
235 215
271 215
92 216
101 216
247 216
432 216
153 218
390 218
459 218
171 219
187 219
317 219
130 220
285 220
345 220
371 220
96 221
117 221
213 221
98 222
230 223
263 223
464 223
73 224
213 224
300 224
102 226
116 226
328 226
221 227
231 227
443 227
106 228
249 228
156 229
173 229
214 229
356 229
55 230
194 230
275 230
378 230
423 230
98 231
216 231
114 232
137 232
216 232
285 232
404 232
479 232
93 233
96 234
232 234
40 235
81 235
210 235
361 235
386 235
102 236
224 236
341 237
143 238
161 238
294 238
85 239
95 239
221 239
258 239
324 239
363 239
414 239
454 239
117 240
180 240
235 240
391 240
62 241
198 241
372 242
385 242
439 242
100 243
304 243
363 243
375 243
223 244
257 244
272 244
392 244
418 244
365 245
368 245
372 245
47 246
83 247
124 247
134 247
148 247
280 247
467 247
167 248
352 248
146 249
185 249
400 249
137 250
247 250
401 250
122 251
258 251
136 252
313 252
30 253
71 253
207 253
260 253
385 253
404 253
339 254
451 254
266 255
252 256
98 257
133 257
142 257
230 257
299 257
382 257
59 258
156 258
271 258
323 258
410 258
366 259
433 259
145 260
154 260
346 260
245 261
258 261
272 261
361 261
131 263
144 263
146 263
193 263
368 263
396 263
79 264
216 264
334 264
392 264
393 264
157 265
310 265
246 266
139 267
283 267
417 267
443 267
470 267
111 268
136 268
244 268
369 268
148 269
394 269
162 270
24 271
64 271
319 271
356 271
372 272
95 273
148 273
180 273
239 273
249 273
380 273
390 273
242 274
245 274
47 276
128 276
247 276
259 276
274 276
403 276
205 277
326 277
425 277
276 278
346 278
219 279
253 279
136 280
253 280
465 280
365 281
422 281
115 282
306 282
433 282
435 282
32 283
152 284
163 284
175 284
428 284
449 284
96 285
193 285
229 285
260 285
350 285
372 285
434 285
61 286
139 286
205 286
290 286
324 286
402 286
430 286
352 287
321 288
390 288
435 288
407 289
479 289
215 290
239 292
356 292
115 293
319 293
375 293
49 294
79 294
334 294
417 294
417 295
104 296
159 296
170 296
246 296
275 296
185 297
425 297
466 297
199 298
334 299
435 299
66 300
141 300
305 300
401 300
280 301
322 301
325 301
344 301
363 301
254 302
347 302
448 302
90 303
123 303
35 304
356 304
217 305
327 305
402 305
229 306
260 306
343 306
357 306
80 307
352 307
424 307
54 308
478 308
166 309
413 309
155 310
175 310
234 310
352 310
107 311
190 311
335 311
374 311
386 311
138 312
317 312
413 312
265 313
329 313
355 313
70 314
199 314
240 314
433 314
94 315
125 315
325 315
350 315
353 315
435 315
271 316
412 316
424 316
462 316
39 317
252 317
410 317
440 317
302 318
248 319
219 320
218 321
222 321
236 321
338 321
361 321
406 321
158 322
228 322
252 322
409 322
438 322
109 323
227 323
255 323
365 323
470 323
182 324
292 324
391 324
59 325
221 325
257 325
308 325
379 325
390 325
412 325
80 326
363 326
419 326
198 327
232 327
23 328
254 329
258 329
372 329
415 329
220 330
277 330
421 330
314 331
366 331
415 331
423 331
203 332
212 332
209 333
414 333
449 333
67 334
116 334
224 334
353 334
45 335
167 335
235 335
261 335
299 335
408 335
148 336
402 336
452 336
89 337
236 337
376 337
238 338
247 338
336 338
182 339
213 339
224 339
244 339
277 339
394 340
206 341
221 341
236 341
365 341
369 341
102 342
210 342
220 342
401 342
431 342
130 343
269 343
277 343
430 343
29 344
240 344
383 344
437 344
56 345
235 345
287 345
323 345
398 345
405 345
98 346
196 346
224 346
238 346
306 346
393 346
402 346
414 346
76 347
270 347
365 347
204 348
233 348
249 348
261 348
425 348
118 349
258 349
405 349
148 350
201 350
206 350
208 350
428 350
472 350
238 351
257 351
378 351
395 351
410 351
413 351
398 352
441 352
91 353
168 353
241 353
292 353
433 353
136 354
265 354
350 354
418 354
238 355
275 355
373 355
375 355
175 356
247 356
331 356
477 356
107 357
243 357
387 357
437 357
203 358
263 358
427 358
64 359
228 359
267 359
389 359
397 359
452 359
83 360
176 360
287 361
310 361
34 362
154 362
298 362
45 363
255 363
379 363
124 364
194 364
310 365
321 365
358 365
425 366
144 367
302 367
339 367
239 368
318 368
198 369
77 370
98 370
404 371
116 372
262 372
305 372
223 373
311 373
446 373
54 374
139 374
166 374
430 375
203 376
246 376
305 376
20 377
288 377
329 378
389 378
475 378
89 380
152 380
111 381
229 381
351 381
254 382
283 382
414 382
180 383
187 383
314 383
272 384
300 385
311 385
458 385
127 386
194 386
295 386
312 387
333 387
375 387
64 388
215 389
296 389
144 390
159 390
237 390
122 391
287 391
29 392
85 392
105 392
283 392
419 392
444 392
168 393
295 393
337 393
295 395
285 396
360 396
404 396
102 397
121 397
136 397
263 397
300 397
383 397
168 398
243 398
324 398
471 398
343 399
425 399
203 400
294 400
305 400
135 401
157 401
285 401
315 401
387 401
42 402
60 402
120 402
143 402
153 402
190 402
249 402
330 402
344 402
81 403
100 403
226 403
308 403
398 403
135 404
151 404
287 404
327 404
366 404
367 405
393 405
173 406
316 407
354 407
389 407
458 407
434 408
118 409
252 409
323 409
351 409
136 411
417 411
211 412
298 412
177 413
275 413
257 414
336 414
340 414
77 415
146 415
156 415
235 415
334 415
371 415
375 415
56 416
118 416
282 416
327 416
98 417
150 417
309 417
321 417
195 418
293 418
297 418
302 418
311 418
341 418
361 418
394 418
464 418
36 419
154 419
286 419
391 419
179 420
297 420
357 420
288 421
390 421
446 422
119 423
152 423
218 423
285 423
288 423
318 423
340 423
304 424
406 424
265 425
312 425
139 426
243 426
371 426
127 427
160 427
287 427
296 427
328 427
340 428
383 428
389 428
393 428
399 428
99 429
137 429
347 429
353 430
143 431
184 431
203 431
341 431
357 431
359 431
430 431
271 432
355 432
52 433
297 433
457 433
284 434
303 435
323 435
378 435
389 435
343 436
136 437
76 438
99 438
163 438
367 438
333 439
121 440
153 440
257 440
290 440
300 440
347 440
409 440
437 440
145 441
396 442
211 444
236 444
304 444
309 444
315 444
341 444
362 444
382 444
190 445
287 446
303 446
353 446
384 446
398 446
262 447
316 447
340 447
390 447
298 448
312 448
333 448
348 448
168 449
396 449
470 449
127 450
129 450
148 450
216 450
284 450
309 450
330 450
343 450
127 451
142 451
316 451
242 452
350 452
78 453
104 453
267 453
283 454
293 454
306 454
311 454
384 454
387 454
398 454
474 454
357 455
418 455
221 456
370 456
446 456
366 457
397 457
153 458
272 458
327 458
373 458
382 458
330 459
343 460
385 460
140 461
197 461
299 461
118 462
130 462
151 462
156 462
138 463
277 463
303 463
327 463
387 463
396 463
350 464
388 464
253 465
303 465
340 465
381 465
400 465
178 466
320 466
429 467
69 468
157 468
201 468
463 468
85 469
228 469
366 469
123 470
311 470
326 470
364 470
258 471
341 471
354 471
413 471
132 472
207 472
317 472
339 472
346 472
145 473
290 473
309 473
318 473
368 473
108 474
236 474
264 474
373 474
396 474
162 475
371 475
160 476
307 476
364 476
141 477
187 477
292 477
296 477
436 479
98 480
136 480
243 480
271 480
479 480
73 481
190 482
338 482
150 483
168 483
312 484
429 484
473 484
216 485
125 486
310 486
290 487
304 487
466 487
116 488
250 488
301 488
283 489
313 489
293 490
393 490
138 491
304 491
371 491
385 491
154 492
320 492
197 494
227 494
265 494
289 494
448 495
75 496
281 496
178 497
296 497
334 497
205 499
236 499
283 499
287 499
293 499
307 499
161 500
432 500
425 502
301 503
307 503
356 503
143 504
291 504
312 504
415 504
273 505
125 506
287 506
314 506
217 507
246 507
375 507
390 508
303 509
81 510
281 512
290 512
193 513
316 514
332 514
441 514
173 515
293 516
260 517
104 518
231 518
298 518
358 518
432 518
303 519
138 520
299 520
304 520
158 522
239 522
274 523
413 523
388 524
212 525
187 526
321 526
284 530
251 531
147 532
294 532
220 533
338 533
351 533
175 536
200 538
367 540
386 540
404 540
269 541
314 541
157 543
212 546
244 546
284 548
191 549
343 551
228 553
171 554
260 555
208 561
278 562
