210 2
311 2
378 2
232 3
247 5
431 5
323 6
471 6
338 8
270 9
401 11
116 12
134 13
289 13
149 14
161 14
364 14
418 14
453 14
182 15
199 15
218 16
235 19
308 19
252 20
429 20
467 21
334 22
391 22
268 23
280 24
354 24
100 25
116 25
130 27
152 28
184 28
167 29
147 30
415 30
449 30
199 31
219 31
373 31
235 32
340 33
260 34
398 37
466 37
96 38
127 38
283 38
112 39
362 39
122 40
296 40
309 40
427 40
412 41
438 42
439 42
324 43
206 44
228 44
379 44
429 44
424 45
436 45
439 45
138 46
150 46
169 46
186 46
242 46
260 47
371 47
401 47
433 47
251 48
454 48
120 49
338 49
382 49
95 50
364 50
394 50
266 51
279 51
406 51
297 52
350 52
364 54
371 54
410 54
372 55
414 55
425 56
189 57
211 57
371 57
473 57
234 58
137 59
154 59
174 59
319 59
374 59
386 59
391 59
365 60
382 60
388 60
95 61
108 61
124 61
336 61
392 61
438 61
447 61
434 63
366 64
369 64
382 64
254 65
355 65
440 65
405 66
421 66
217 67
236 67
286 67
470 67
182 68
433 68
160 69
200 69
305 69
136 70
143 70
363 70
385 70
425 70
428 70
122 71
380 71
365 72
435 72
105 73
397 73
433 73
83 74
394 74
415 74
95 75
375 75
412 75
449 75
334 76
399 76
71 77
76 77
162 78
211 78
233 78
269 78
188 79
254 79
347 79
382 79
387 79
392 79
411 79
463 79
143 80
385 80
397 80
438 80
216 81
231 81
291 81
323 81
333 81
341 81
347 81
359 81
177 82
180 82
221 82
284 82
311 82
328 82
324 83
114 84
164 84
478 84
125 85
201 85
288 85
308 85
329 85
388 85
430 85
103 86
176 86
198 87
234 87
324 87
161 88
175 88
87 89
226 89
356 89
408 89
450 89
81 90
180 90
198 90
278 90
281 90
348 90
162 91
243 91
259 91
295 91
152 92
208 92
168 93
191 93
225 93
229 93
305 93
143 94
202 94
284 94
357 94
368 94
469 94
129 96
338 96
196 97
319 97
348 97
304 98
433 98
102 99
115 99
192 99
221 99
236 99
276 99
354 99
388 99
254 100
321 100
327 100
344 100
211 101
242 101
294 101
332 101
360 101
170 102
194 102
214 102
290 102
337 102
404 102
266 103
343 103
90 104
179 104
193 104
298 104
444 104
174 105
305 105
308 105
319 105
330 105
145 106
207 106
224 106
233 106
281 106
324 106
353 106
356 106
159 107
196 107
218 107
225 107
295 107
162 108
233 108
303 108
136 109
176 109
205 109
214 109
330 109
371 109
204 111
258 111
424 111
462 111
110 112
282 112
270 113
309 113
290 114
331 114
93 115
309 115
324 115
162 116
206 116
229 116
303 116
320 116
350 116
352 116
336 117
477 117
78 118
178 118
193 118
206 118
244 118
313 118
440 118
72 119
165 119
199 119
218 119
222 119
343 119
154 120
189 120
259 120
334 120
402 120
196 121
375 121
433 121
60 122
134 122
142 122
181 122
393 122
428 122
354 123
399 123
420 123
440 124
453 124
113 125
165 125
171 125
375 125
184 126
190 126
196 126
298 126
418 126
311 127
389 127
230 128
376 128
202 129
218 129
251 129
275 129
304 129
321 129
400 129
406 129
409 129
419 129
471 129
95 130
289 130
315 130
371 130
385 130
415 130
168 131
178 131
187 131
309 131
397 131
434 131
163 132
174 132
188 132
335 132
80 133
149 133
162 133
186 133
344 133
168 134
308 134
378 134
428 134
130 135
163 135
352 135
371 135
399 135
69 136
61 137
446 137
192 138
194 138
286 138
288 138
300 138
305 138
373 138
423 138
120 139
252 139
286 139
291 139
367 139
407 139
412 139
227 140
298 140
384 140
390 140
419 140
106 141
212 141
239 141
266 141
410 141
382 142
416 142
180 143
182 143
199 143
294 143
313 143
333 143
169 144
176 144
427 144
174 145
306 145
388 145
399 145
425 145
83 146
92 146
392 146
431 146
471 146
150 147
293 147
183 148
318 148
354 148
394 148
419 148
135 149
364 149
372 149
380 149
63 150
167 150
265 150
310 150
72 151
367 151
445 151
411 152
415 152
437 152
121 153
224 153
244 153
310 153
412 153
429 153
178 154
283 154
294 154
394 154
412 154
208 155
324 155
385 155
52 156
108 156
387 156
424 156
83 157
162 157
181 157
195 157
285 157
95 158
344 158
394 158
403 158
424 158
458 158
187 159
179 160
304 160
433 160
144 161
259 161
175 162
357 162
234 163
241 163
257 163
269 163
74 164
197 164
204 164
264 164
291 164
366 164
404 164
129 165
185 165
205 165
280 165
308 165
113 166
170 166
187 166
222 166
229 166
242 166
446 166
193 167
211 167
242 167
322 167
67 168
98 168
177 168
257 168
422 168
477 168
335 169
386 169
159 171
240 171
323 171
346 171
56 172
90 172
256 172
357 172
50 173
232 173
208 174
274 174
330 174
335 174
352 174
118 175
140 175
399 175
434 175
224 176
277 176
290 176
464 176
81 177
164 177
167 177
198 177
308 177
342 177
348 177
240 178
247 178
264 178
356 178
367 178
187 179
241 179
253 179
328 179
350 179
170 180
183 180
184 180
223 180
346 180
450 180
115 181
278 181
322 181
327 181
417 181
201 182
66 183
108 183
132 183
212 183
234 183
154 184
236 184
356 184
56 185
380 185
389 185
352 186
429 186
200 187
234 187
258 187
274 187
322 187
99 188
289 188
306 188
46 189
172 189
210 189
237 189
241 189
249 189
333 189
339 189
353 189
462 189
179 190
249 190
325 190
358 190
148 191
159 191
185 191
225 191
239 191
358 191
90 192
175 192
182 192
203 192
356 192
405 192
208 193
353 193
137 194
174 194
445 194
67 195
186 195
226 195
263 195
164 196
166 196
251 196
258 196
378 196
57 197
171 197
182 197
234 197
254 197
265 197
278 197
350 197
358 197
360 197
83 198
122 198
200 198
231 198
278 198
292 198
423 198
314 199
243 200
252 200
279 200
337 200
393 200
51 201
334 201
363 201
383 201
385 201
110 202
220 202
344 202
459 202
72 203
206 203
254 203
357 203
361 203
381 203
346 204
435 204
185 205
367 205
385 205
402 205
42 206
101 206
172 206
326 206
336 206
153 208
332 208
374 208
376 208
379 208
387 208
479 208
279 209
30 210
118 210
140 210
254 210
274 210
294 210
318 210
355 210
369 210
375 210
251 211
263 211
273 211
412 211
63 212
272 213
321 213
335 213
90 214
236 214
372 214
391 214
448 214
191 216
204 216
220 217
254 217
260 217
265 217
347 217
469 217
54 218
128 218
370 218
387 218
429 218
79 219
179 219
245 219
115 220
259 220
397 220
275 221
288 221
365 221
477 221
43 222
170 222
269 222
384 222
386 222
301 223
396 223
407 223
438 223
457 223
255 224
387 224
243 225
254 225
314 225
335 225
73 226
202 226
328 226
356 226
379 226
154 227
194 227
105 228
337 228
396 228
27 229
227 229
468 229
66 230
349 230
142 231
183 231
253 231
389 231
450 231
278 232
362 232
375 232
421 232
215 233
256 233
268 233
272 233
336 233
345 233
351 233
365 233
94 234
131 234
245 234
340 234
357 234
384 234
171 235
257 235
264 235
346 235
349 235
122 236
208 236
296 236
308 236
355 236
367 236
403 236
52 237
159 237
253 237
261 237
432 237
457 237
288 238
236 239
278 239
323 239
479 239
194 240
354 240
81 241
268 241
114 242
38 243
183 243
221 243
333 243
383 243
414 243
421 243
149 244
257 244
402 244
443 244
247 245
346 245
472 246
69 247
104 247
138 247
309 247
346 247
417 247
28 248
210 248
298 248
343 248
393 248
404 248
172 249
285 249
320 249
428 249
431 249
52 250
361 250
429 250
453 250
97 251
132 251
225 251
435 251
198 252
342 252
351 252
265 253
274 253
404 253
19 254
158 254
241 254
350 254
373 254
440 254
90 255
128 255
331 255
337 255
60 256
187 256
213 256
328 256
412 256
431 256
333 257
434 257
479 257
41 258
121 258
305 258
327 258
342 258
433 258
230 259
250 259
316 259
341 259
463 259
81 260
150 260
288 260
344 260
427 260
106 261
176 261
349 261
389 261
199 263
220 263
328 263
418 263
430 263
437 263
51 264
77 264
343 264
445 264
398 265
117 266
139 266
274 266
336 266
471 266
101 267
165 267
237 267
414 267
424 267
365 268
410 268
414 269
25 270
260 270
319 270
340 270
429 270
47 271
130 271
310 271
330 271
331 271
410 271
418 271
434 271
68 272
93 272
180 272
250 272
293 272
302 272
321 272
437 272
111 273
153 274
347 274
379 274
410 274
221 275
324 275
347 275
417 275
460 275
479 275
199 276
326 276
389 276
421 276
14 277
63 277
233 277
356 277
38 278
171 278
416 278
435 278
256 279
85 280
142 280
338 280
427 280
60 281
267 281
288 281
326 281
352 281
368 281
441 281
56 282
68 282
120 282
135 282
147 282
256 282
277 282
307 282
341 282
186 283
210 283
258 283
296 283
316 283
398 283
423 283
41 284
76 284
161 284
249 284
252 284
288 284
341 284
351 284
56 285
101 285
301 285
302 285
375 285
467 285
54 286
219 286
277 286
295 286
288 287
290 287
323 287
77 288
78 288
264 288
350 288
449 288
23 289
112 289
160 289
240 289
254 289
275 289
294 289
332 289
406 289
131 290
134 290
148 290
202 290
264 290
287 290
345 290
47 291
50 291
94 291
156 291
177 291
279 291
47 292
60 292
68 292
69 292
154 292
301 292
361 292
124 293
138 293
241 293
274 293
291 293
471 293
232 294
253 294
268 294
284 294
336 294
391 294
66 295
242 295
249 295
257 295
265 295
286 295
150 296
157 296
311 296
333 296
151 297
173 297
196 297
277 297
325 297
370 297
15 298
88 298
108 298
125 298
145 298
242 298
281 298
291 298
316 298
353 298
437 298
127 299
152 299
159 299
266 299
298 299
339 299
418 299
125 300
218 300
335 300
51 301
82 301
127 301
146 301
273 301
288 301
302 301
340 301
457 301
33 302
41 302
66 302
103 302
140 302
266 302
351 302
358 302
478 302
74 303
124 303
147 303
188 303
294 303
312 303
381 303
422 303
62 304
249 304
286 304
348 304
125 305
165 305
240 305
319 305
336 305
120 306
210 306
322 306
328 306
357 306
27 307
47 307
140 307
247 307
266 307
402 307
48 308
52 308
78 308
281 308
289 308
295 309
336 309
366 309
48 310
73 310
129 310
285 310
354 310
430 310
58 311
64 311
98 311
125 311
241 311
296 311
302 311
372 311
445 311
131 312
136 312
154 312
157 312
230 312
263 312
342 312
43 313
79 313
177 313
252 313
311 313
321 313
410 313
466 313
21 314
72 314
114 314
199 314
253 314
261 314
277 314
328 314
337 314
352 314
146 315
247 315
382 315
42 316
63 316
308 316
351 317
359 317
450 317
38 318
63 318
93 318
224 318
15 319
42 319
59 319
156 319
270 319
280 319
297 319
335 319
471 319
73 320
129 320
152 320
173 320
282 320
310 320
343 320
394 320
417 321
68 322
303 322
419 322
422 322
191 323
362 323
431 323
109 324
212 324
337 324
403 324
125 325
225 325
304 325
358 325
472 325
51 326
95 326
168 326
311 326
315 326
455 326
32 327
119 327
171 327
288 327
321 327
324 327
438 327
8 328
67 328
85 328
145 328
182 328
261 328
283 328
375 328
412 328
103 329
106 329
312 329
336 329
428 329
105 330
323 330
161 331
179 331
186 331
240 331
289 331
291 331
296 331
307 331
416 331
123 332
207 332
347 332
357 332
26 334
47 334
170 334
390 334
427 334
428 334
100 335
166 335
197 335
223 335
281 335
346 335
435 335
80 336
83 336
301 336
359 336
442 336
466 336
151 337
197 337
302 337
343 337
360 337
439 337
81 338
137 338
181 338
186 338
257 338
116 339
184 339
198 339
286 339
305 339
355 339
428 339
41 340
58 340
93 340
118 340
190 340
310 340
323 340
347 340
368 340
94 341
163 341
196 341
202 341
237 341
277 341
109 342
179 342
219 342
334 342
95 343
168 343
170 343
404 343
471 343
177 344
340 345
54 346
76 346
82 346
132 346
183 346
298 346
345 346
379 346
401 346
417 346
418 346
459 346
35 347
164 347
317 347
346 347
92 348
93 348
165 348
177 348
182 348
295 348
314 348
346 348
478 348
114 349
149 349
179 349
217 349
419 349
14 350
89 350
189 350
300 350
337 350
344 350
388 350
431 350
9 351
192 351
200 351
254 351
353 351
236 352
339 352
351 352
408 352
50 353
110 353
360 353
405 353
129 354
269 354
323 354
395 354
448 354
29 355
88 355
107 355
180 355
313 355
326 355
420 355
286 356
296 356
300 356
359 356
417 356
69 357
104 357
111 357
147 357
171 357
460 357
44 358
87 358
118 358
191 358
286 358
295 358
176 359
327 359
371 359
471 359
87 360
218 360
304 360
420 360
433 360
102 361
104 361
128 361
115 362
180 362
252 362
413 362
37 364
83 364
348 364
61 365
160 365
402 365
417 365
424 365
116 366
383 366
405 366
440 366
129 367
286 367
99 368
144 368
315 368
418 368
438 368
93 369
220 369
27 370
95 370
110 370
200 370
237 370
272 370
77 371
306 371
391 371
54 372
405 372
114 373
163 373
180 373
360 373
454 373
19 375
74 375
257 375
339 375
367 375
410 375
323 376
403 376
415 376
425 376
95 377
127 377
239 377
294 377
344 377
423 377
146 378
412 378
421 378
466 378
476 378
44 379
110 380
201 380
278 380
69 381
93 381
313 381
376 381
411 381
10 383
108 383
163 383
115 384
183 384
224 384
242 384
263 384
403 384
424 385
38 386
83 386
109 386
353 386
427 386
63 387
84 387
205 387
302 387
335 387
387 387
436 387
148 388
266 388
419 388
92 389
108 389
412 389
437 389
450 389
165 390
287 390
32 391
103 391
226 391
437 391
465 391
308 392
439 392
479 392
107 393
59 394
78 394
136 394
401 394
429 394
110 395
151 395
366 395
100 396
121 396
187 396
248 396
310 396
23 397
207 397
374 397
401 397
117 398
343 398
426 398
49 399
107 399
274 399
430 399
105 400
296 400
413 400
423 400
56 401
59 401
170 401
232 401
236 401
453 401
91 402
122 402
136 402
149 402
415 402
48 403
212 403
277 403
355 403
159 404
337 404
465 404
48 405
74 405
208 405
217 405
319 405
63 406
106 406
432 406
51 407
78 407
474 407
154 408
234 408
258 408
141 409
175 409
40 410
70 410
122 410
204 410
282 410
306 410
393 410
144 411
157 411
194 411
445 411
131 412
140 412
75 413
124 413
367 413
34 415
140 415
160 415
224 415
330 415
410 415
241 416
352 416
178 417
462 417
60 418
85 418
204 418
229 418
266 418
55 419
58 419
126 419
136 419
209 419
290 419
43 420
161 420
231 420
402 420
132 421
144 421
207 421
337 421
426 421
125 422
150 422
225 422
378 422
79 423
127 423
184 423
201 423
301 423
69 424
71 424
250 424
321 424
365 424
418 424
440 424
44 425
102 425
226 425
274 425
50 426
79 426
22 427
151 427
392 427
79 428
128 428
147 428
145 429
167 429
217 429
257 429
346 429
41 430
44 430
69 430
147 430
210 430
228 430
331 430
455 430
62 431
71 431
146 431
295 431
474 431
78 432
228 432
399 432
113 433
136 433
148 433
224 433
233 433
68 434
215 434
235 434
261 434
374 434
48 435
192 435
279 435
317 435
45 436
210 436
231 436
338 436
427 436
57 437
59 437
96 437
212 437
217 437
35 438
62 438
129 438
144 438
217 438
303 438
359 438
410 438
55 439
74 439
152 439
174 439
240 439
241 439
439 440
99 441
102 441
164 441
419 441
133 442
197 442
344 442
383 442
27 443
88 443
116 443
172 443
204 443
224 443
269 443
331 443
342 443
416 443
455 443
182 444
217 444
309 444
327 444
408 444
428 444
463 444
109 445
289 445
406 445
473 445
103 446
230 446
337 446
417 446
119 447
223 447
355 447
45 448
183 448
322 448
375 448
64 449
95 449
183 449
239 449
84 450
88 450
140 450
205 450
211 450
231 450
345 450
352 450
406 450
336 451
406 451
178 452
222 452
254 452
407 452
413 452
433 452
104 453
209 453
232 453
107 454
164 454
335 454
363 454
184 455
213 455
420 455
440 455
90 456
102 456
210 456
240 456
300 456
341 456
385 456
216 457
218 457
451 457
69 458
121 458
213 458
258 458
324 458
421 458
44 459
201 459
417 459
460 459
474 460
173 461
215 461
229 461
236 461
283 461
405 461
434 462
91 463
182 463
192 463
197 463
201 463
321 463
381 463
436 463
151 464
231 464
352 464
62 465
101 465
108 465
171 465
308 465
322 465
406 465
89 466
111 466
268 466
394 466
414 466
439 466
117 467
156 467
210 467
424 467
184 468
292 468
328 468
44 469
104 469
184 469
214 469
246 469
339 469
180 470
221 470
226 470
326 470
438 470
134 471
162 471
225 471
337 471
421 471
331 472
359 472
438 472
79 473
163 473
207 473
227 473
412 473
415 473
418 473
425 473
447 473
112 474
203 474
214 474
254 474
317 474
328 474
338 474
455 474
463 474
64 475
92 475
100 475
108 475
120 475
220 475
468 475
175 476
351 476
476 476
112 477
113 477
143 477
169 477
178 477
192 477
222 477
354 477
372 477
102 478
110 478
232 478
281 478
305 478
416 478
332 479
437 479
120 480
171 480
215 480
345 480
48 481
125 481
175 481
196 481
235 481
260 482
387 482
132 483
153 483
293 483
297 483
314 483
139 484
291 484
302 484
316 484
356 485
80 486
131 486
397 486
65 487
126 487
155 488
179 488
182 488
206 488
225 488
269 488
295 488
300 488
288 489
306 489
410 489
94 490
123 490
138 490
301 490
331 490
471 490
479 490
186 491
286 491
301 491
427 491
444 491
461 491
47 492
144 492
179 492
103 493
121 493
124 493
132 493
190 493
282 493
371 493
178 494
279 495
344 495
167 496
285 496
381 496
115 497
160 497
175 497
257 497
289 497
317 497
154 499
316 499
392 499
58 501
129 501
198 501
219 501
356 501
73 502
85 502
200 502
245 502
307 502
133 503
286 503
406 503
135 504
153 504
171 505
262 505
311 505
422 505
436 505
168 506
452 506
471 506
129 507
187 507
329 507
167 508
302 508
171 509
186 509
372 509
124 510
207 510
110 511
190 511
285 511
270 512
302 512
388 512
121 514
134 514
151 514
240 514
192 515
308 515
310 515
140 516
216 516
290 516
343 516
401 516
143 517
316 517
55 518
131 518
134 518
171 518
284 518
288 518
353 518
412 518
430 518
73 519
166 519
200 519
86 520
134 520
247 520
170 521
199 521
413 521
455 521
463 521
476 521
231 522
236 522
362 522
407 522
447 522
99 523
324 523
404 523
426 523
235 524
149 525
179 526
295 526
378 526
401 527
214 528
239 528
305 528
308 528
215 529
337 529
156 530
230 530
289 530
392 530
118 531
213 531
285 531
317 531
439 531
53 532
70 532
190 532
271 532
348 532
213 533
220 533
304 533
435 533
409 534
202 535
310 535
454 535
469 535
84 536
208 536
359 536
424 536
429 536
131 537
319 537
412 537
437 537
207 538
248 538
96 539
438 539
202 540
219 540
234 540
304 540
311 540
324 540
373 540
416 541
178 542
313 542
419 542
434 542
438 542
214 543
256 543
307 543
106 544
220 544
282 544
294 544
397 544
408 544
419 544
203 546
240 546
339 546
407 546
416 546
266 547
442 547
229 548
414 548
465 548
64 549
149 549
426 549
123 550
225 550
281 550
81 551
212 551
286 551
204 552
209 552
275 552
319 552
354 552
235 553
371 553
169 554
293 554
303 554
100 555
136 555
197 555
300 555
204 556
214 556
227 556
245 557
396 557
115 558
401 558
254 559
318 559
435 559
151 560
180 560
203 560
210 560
293 560
301 561
461 561
327 562
422 562
260 563
446 563
455 563
342 564
437 564
109 566
164 566
275 566
90 567
366 567
221 568
123 569
199 569
136 572
378 572
178 573
401 574
102 575
239 576
316 576
325 576
449 576
145 577
248 577
424 577
438 578
162 579
206 579
260 580
340 580
274 582
179 584
358 584
117 585
294 585
305 587
379 587
135 589
237 589
392 589
403 589
194 590
210 590
317 590
412 591
151 592
248 592
341 595
268 596
166 597
351 598
283 599
178 600
183 600
362 600
374 600
297 602
218 604
227 604
312 604
206 605
253 608
337 608
268 610
344 610
282 613
