285 5
335 8
388 8
429 8
138 10
153 10
175 11
231 11
194 12
247 12
262 12
112 13
129 13
214 13
447 13
293 14
103 15
365 15
395 17
310 18
412 19
467 19
326 20
175 22
198 22
227 22
210 23
251 23
430 23
151 24
264 24
357 24
285 25
450 25
126 26
137 26
309 29
113 30
380 31
99 32
336 32
398 32
183 33
217 34
169 35
197 35
422 35
468 35
237 36
262 36
282 36
157 37
252 37
307 37
331 38
347 39
438 39
365 41
450 42
136 43
389 43
213 46
195 47
172 48
232 48
160 49
183 49
304 49
101 50
472 50
144 53
398 53
441 53
127 57
452 57
217 59
251 59
375 59
282 60
295 60
107 61
197 62
238 62
437 64
473 64
89 65
170 65
316 65
158 66
144 68
363 70
459 70
131 71
202 73
226 73
246 74
188 75
214 75
289 75
117 76
388 77
311 78
334 78
85 80
100 80
168 80
447 80
122 84
151 84
217 85
231 85
413 85
463 85
326 87
369 87
136 88
430 88
268 90
160 91
98 92
398 92
316 94
88 95
119 96
449 96
218 97
375 97
415 97
143 98
73 99
105 99
239 99
399 102
429 102
155 103
307 103
84 105
362 106
470 106
126 107
208 107
185 108
479 109
235 110
419 110
384 111
451 112
97 114
269 114
148 115
158 115
402 115
135 116
222 116
253 116
289 116
208 117
434 117
80 118
464 118
318 119
115 121
331 121
169 123
388 123
70 124
448 124
477 124
226 125
249 125
149 126
97 127
135 128
272 128
419 128
191 129
291 129
307 130
426 130
83 131
121 133
323 133
466 134
218 136
235 136
336 136
443 136
156 137
351 137
395 137
108 138
248 138
204 139
181 140
415 140
371 141
293 142
157 143
305 143
91 144
132 144
430 144
329 146
461 146
390 147
79 148
191 149
347 150
113 151
171 151
246 151
266 152
64 153
285 153
365 153
407 153
477 153
445 154
305 155
127 156
323 157
91 158
143 158
186 160
165 161
254 161
427 161
211 162
230 162
462 163
398 164
288 166
473 166
69 167
102 167
146 167
303 167
441 167
410 169
382 171
179 172
221 173
197 174
77 176
240 177
265 178
331 178
364 179
429 179
103 180
405 180
464 181
201 182
181 183
385 184
317 185
444 185
168 186
361 186
421 186
88 187
114 188
238 188
401 190
146 191
225 191
194 193
208 193
348 194
388 194
461 194
475 195
70 196
185 196
440 196
418 198
117 202
234 202
82 203
165 203
214 203
404 203
198 204
267 204
337 204
153 205
280 205
430 205
73 207
296 207
98 210
443 210
355 211
259 212
87 214
154 214
229 214
424 214
64 215
471 215
119 216
213 216
109 217
281 217
340 217
298 218
432 220
186 221
455 221
73 223
409 223
170 225
316 225
436 225
100 226
226 226
242 226
330 227
204 229
420 230
290 231
56 232
83 234
307 234
458 234
401 236
105 237
320 238
74 239
233 239
217 240
194 241
262 241
413 241
42 242
90 243
274 243
331 243
445 244
61 247
78 249
135 249
212 249
343 249
105 250
163 251
324 251
426 252
251 254
146 255
198 255
243 255
263 255
455 255
212 256
228 256
284 256
359 256
43 257
115 257
411 257
60 258
438 259
87 260
173 260
33 261
102 263
129 264
204 264
325 265
393 265
73 266
235 266
259 266
277 267
467 267
48 268
180 268
338 269
430 269
85 271
112 271
168 272
214 272
352 272
404 272
452 272
61 273
293 273
37 274
135 274
190 276
97 277
152 277
326 277
478 278
250 279
423 279
50 280
225 281
26 282
368 283
442 284
211 285
314 285
342 286
467 286
36 287
84 287
162 287
416 288
126 289
176 292
325 292
26 294
293 294
475 294
96 295
383 295
49 296
235 296
359 296
457 296
246 297
403 297
442 298
110 299
225 299
215 300
139 301
430 303
276 307
201 308
54 309
289 309
351 309
413 309
34 310
236 310
328 310
470 310
456 311
112 312
134 314
69 315
308 315
384 315
402 317
211 318
151 319
314 320
171 322
339 322
36 323
194 323
245 323
274 323
426 323
449 323
467 323
258 324
96 325
282 326
344 326
411 327
119 328
13 330
324 331
205 333
184 334
396 334
437 334
109 335
128 335
147 335
378 335
62 336
27 337
333 337
254 338
308 338
269 339
354 339
446 341
101 342
242 342
421 342
192 343
285 343
468 343
172 344
92 347
150 348
33 349
117 349
387 350
14 351
339 351
428 351
411 352
101 353
222 353
162 355
261 356
296 356
84 357
269 357
462 357
5 358
446 358
325 359
371 359
244 360
349 360
155 361
300 361
435 361
399 362
416 362
25 363
229 363
40 366
94 367
108 367
205 368
283 368
473 368
152 369
371 369
388 369
457 369
13 371
443 372
238 376
259 376
309 377
409 377
127 378
429 378
465 378
46 379
270 379
219 380
293 383
377 383
413 384
122 386
180 387
363 387
5 389
253 389
276 389
33 390
100 391
157 391
18 392
221 392
382 392
80 393
201 393
138 395
258 396
436 398
458 399
477 399
240 400
351 400
274 401
423 401
405 402
289 403
11 405
368 405
444 405
29 406
131 406
386 406
153 408
252 408
426 409
205 410
230 410
465 411
304 413
25 416
408 416
39 417
213 418
350 418
448 419
6 421
74 421
371 421
291 423
391 423
221 425
253 426
283 426
324 428
176 429
355 429
153 430
90 431
456 432
237 434
476 434
7 435
208 435
303 436
395 436
248 438
292 438
369 438
409 438
338 439
461 440
263 441
424 441
25 442
86 442
103 443
37 444
283 444
160 445
447 448
91 449
121 449
140 449
185 451
333 452
8 453
104 453
366 453
306 454
413 454
23 455
48 455
62 455
239 455
468 456
146 458
264 458
349 458
36 459
291 459
127 460
399 460
472 462
182 464
153 465
365 465
382 465
111 466
320 466
7 468
133 468
22 469
52 469
450 471
96 472
339 472
39 474
158 474
197 476
247 476
434 476
416 477
137 478
266 480
278 480
9 481
83 481
168 481
27 482
54 483
43 484
321 484
210 486
176 489
223 489
333 489
10 492
74 492
103 492
156 492
240 492
250 493
304 493
466 493
329 495
352 495
391 495
449 495
29 496
62 496
88 496
187 497
108 499
170 500
78 501
132 502
197 503
207 503
46 504
32 505
16 506
65 506
99 506
343 506
177 507
233 508
220 509
274 509
448 509
249 511
142 512
360 513
427 513
466 515
17 516
54 516
328 517
200 518
40 520
75 520
221 523
317 523
116 524
165 524
353 524
292 525
99 526
22 527
236 528
61 529
140 529
277 529
341 529
123 530
371 530
390 530
214 531
250 531
444 531
461 531
82 533
266 533
403 534
46 536
300 536
189 537
224 537
333 537
356 540
232 542
286 543
320 543
417 544
455 544
211 546
183 548
117 549
346 549
372 549
221 550
268 550
304 552
83 553
166 553
432 553
230 554
390 554
105 555
199 557
177 558
244 558
444 558
255 559
289 559
321 559
271 561
410 561
49 562
93 563
159 563
426 563
213 564
374 565
114 566
74 567
141 567
192 567
459 568
168 570
478 571
59 572
436 572
86 574
188 577
105 578
64 580
320 580
388 580
136 581
94 582
173 585
425 585
72 586
116 586
202 586
349 586
403 586
446 586
234 587
239 588
281 589
258 590
105 591
186 591
196 593
466 594
317 595
215 597
165 598
357 600
93 601
118 602
182 602
430 602
148 603
378 603
235 604
249 604
266 604
279 605
293 605
327 606
195 607
448 607
128 609
104 610
157 610
205 610
349 611
366 611
394 611
168 613
221 613
306 614
385 614
235 615
437 615
338 616
252 617
285 617
113 618
146 618
188 618
267 618
354 620
426 620
198 621
397 621
123 623
322 624
128 625
218 625
368 625
164 626
236 628
301 628
415 628
356 629
385 629
181 631
256 631
290 631
139 632
274 632
344 634
198 635
152 637
