377 1
438 2
313 3
335 3
392 3
326 4
400 4
452 4
282 5
298 5
343 5
263 6
354 7
412 7
464 8
420 9
369 10
381 11
439 13
388 14
477 14
318 15
351 15
402 15
448 15
289 16
303 16
331 16
457 17
251 18
274 18
341 18
359 18
367 20
418 20
468 20
424 21
381 23
396 26
477 26
289 27
305 27
321 27
442 27
341 28
260 29
274 29
331 29
248 30
352 30
408 30
455 31
415 33
235 34
371 34
424 34
465 35
381 36
430 37
478 38
220 39
293 40
317 40
399 40
284 41
311 41
336 41
443 41
200 42
355 42
241 43
452 43
261 44
252 45
229 46
243 46
372 46
415 46
382 48
463 48
428 49
288 50
297 50
344 50
219 51
278 51
287 51
305 51
326 51
338 51
471 52
204 54
257 54
265 54
319 54
262 55
356 55
397 55
443 55
249 56
408 56
191 57
232 58
372 58
457 60
218 61
324 62
418 62
464 62
277 63
286 63
309 63
336 63
387 63
275 64
427 64
262 65
275 65
398 65
354 66
197 67
243 67
246 67
364 67
436 68
238 69
405 69
414 69
476 69
184 71
228 71
217 72
296 72
304 72
451 72
289 73
381 73
318 74
295 75
307 75
333 75
394 75
426 75
318 76
322 76
345 76
460 76
170 77
242 77
256 77
264 77
239 78
356 78
405 79
468 79
224 80
434 80
187 81
438 81
220 82
367 82
370 82
379 82
414 82
376 83
284 84
208 85
326 85
334 85
387 85
422 85
450 85
477 85
255 87
264 87
282 87
290 87
307 87
328 87
387 87
459 87
239 88
243 88
166 89
361 90
410 91
430 91
435 92
467 92
180 93
267 94
323 94
371 94
374 94
256 95
290 95
295 95
308 95
336 95
263 96
318 96
382 96
444 96
239 97
342 98
479 98
189 99
393 99
426 99
165 100
395 100
398 100
402 100
455 100
178 101
207 101
364 102
281 103
295 103
323 104
253 105
288 105
151 106
236 106
240 106
319 106
468 106
189 108
338 108
418 108
346 109
448 109
217 110
344 110
397 110
348 111
431 111
272 113
275 113
401 113
428 113
194 114
254 114
266 114
459 114
230 115
271 115
274 115
321 115
242 116
326 116
235 117
242 117
437 117
224 118
327 118
146 119
182 119
210 119
229 119
333 119
414 119
469 119
302 120
336 120
418 120
177 121
288 121
447 121
138 122
248 122
268 122
288 122
303 122
310 122
168 123
261 123
351 123
453 123
191 124
359 124
398 124
428 124
229 126
308 126
310 126
356 126
231 127
315 127
402 127
461 127
478 127
145 128
215 128
403 128
176 129
303 129
410 129
436 129
290 130
268 131
195 132
251 132
266 132
277 132
342 132
163 133
417 133
469 133
191 134
343 134
391 134
448 134
184 135
234 135
297 135
177 136
218 136
354 136
304 137
406 137
216 138
219 138
360 138
319 139
332 139
202 140
369 140
382 140
432 140
478 140
273 141
435 141
136 142
158 142
197 142
259 142
263 142
281 142
389 142
393 142
192 143
438 143
237 144
288 144
461 144
301 145
170 146
305 146
445 146
304 147
375 147
143 149
324 149
158 150
429 150
282 151
396 151
363 152
474 152
254 153
278 153
459 153
126 154
293 154
340 154
397 154
143 155
234 155
168 156
384 156
420 156
422 156
465 156
158 157
315 157
209 158
216 158
221 158
389 158
194 159
198 159
319 159
394 159
113 160
378 160
449 160
193 161
263 163
282 163
138 164
144 164
173 164
178 164
252 164
286 164
299 164
342 164
343 164
385 164
226 165
349 165
457 165
241 166
409 166
122 167
202 167
215 167
314 167
353 167
377 167
165 168
319 168
398 168
330 169
153 170
116 171
268 171
387 171
445 171
464 171
260 172
276 172
367 172
384 173
429 173
170 174
342 174
226 175
431 175
103 176
167 176
242 176
370 176
376 176
394 176
453 176
134 177
208 177
397 177
160 178
304 178
310 178
403 178
413 178
416 179
435 179
259 180
321 180
353 180
476 180
195 181
386 181
407 181
270 182
409 182
439 182
457 182
90 183
116 183
143 183
145 183
248 183
175 184
178 184
440 184
234 185
309 185
443 185
201 186
221 186
306 186
348 186
393 186
380 187
130 188
370 188
352 189
377 189
104 190
386 191
431 191
124 192
146 192
182 192
248 192
304 192
333 192
470 192
94 193
146 193
237 193
263 193
406 193
218 194
283 194
337 194
453 194
121 195
145 195
274 195
362 195
376 195
115 196
395 196
413 196
441 196
204 197
478 197
135 198
194 199
314 199
399 199
417 199
107 200
182 200
426 200
174 201
231 201
296 201
324 201
400 201
448 201
173 202
175 202
240 202
246 202
326 202
351 203
375 203
423 203
262 204
80 205
271 205
330 205
119 206
284 206
308 206
337 206
358 206
454 206
92 207
205 207
141 208
312 208
415 208
289 209
342 209
474 209
361 210
170 211
219 211
254 212
367 212
440 212
171 213
294 213
84 214
106 214
133 214
263 214
368 214
64 215
266 216
334 216
156 217
163 217
203 217
275 217
375 217
76 218
210 218
281 218
283 218
395 218
408 218
428 218
447 218
274 219
97 220
197 220
207 220
468 220
148 221
189 221
216 221
221 221
240 221
242 221
359 221
194 222
249 222
287 222
290 222
116 223
245 223
256 223
455 223
381 224
366 225
65 226
86 226
294 226
295 226
438 226
109 227
266 227
315 227
351 227
136 228
389 228
422 228
214 229
275 229
386 229
443 229
203 230
229 230
298 230
373 230
408 230
228 231
152 232
201 232
212 232
233 232
320 232
395 232
76 233
98 233
124 233
304 233
462 233
201 234
251 234
415 235
431 236
143 237
178 237
69 238
362 238
400 238
176 240
315 240
469 240
270 241
271 241
292 241
384 241
91 242
215 242
435 242
110 243
130 243
159 243
164 243
60 244
203 244
234 244
349 244
353 244
107 245
248 245
454 245
84 246
124 246
302 246
338 246
369 246
386 246
409 246
100 247
252 248
475 248
124 249
282 249
337 249
372 249
52 250
75 250
149 250
155 250
358 250
442 250
179 251
208 251
402 251
413 251
151 252
195 252
222 252
323 252
360 252
430 252
230 253
469 253
291 254
397 254
376 255
378 255
90 257
238 257
420 257
163 258
243 258
262 258
397 258
460 258
437 259
447 259
64 260
107 260
127 260
129 260
282 260
314 260
411 260
42 261
135 261
267 261
270 261
336 261
365 261
387 261
243 262
247 262
280 262
81 263
154 263
300 263
475 263
157 264
211 264
38 265
103 265
146 265
148 265
197 265
54 266
287 266
389 266
464 266
154 267
185 267
223 267
320 267
353 267
72 268
406 268
418 268
432 268
92 269
94 269
120 269
116 270
273 270
322 270
391 270
452 270
95 271
173 271
235 271
116 272
325 272
394 272
92 273
112 273
342 273
440 273
116 274
290 274
308 274
362 274
470 275
164 276
261 276
158 277
342 277
60 278
84 278
211 278
245 278
428 278
41 279
85 279
103 279
125 279
330 279
365 279
458 279
196 280
219 280
327 280
100 281
278 281
311 281
416 281
105 282
179 282
186 282
281 282
445 282
125 283
152 283
188 283
310 283
368 283
182 284
345 284
357 285
95 286
402 286
75 287
265 287
418 287
477 287
282 288
295 288
349 288
418 288
319 289
360 289
431 289
51 290
251 290
374 290
94 291
141 291
234 291
319 291
334 291
408 291
173 292
215 292
114 293
209 293
318 293
336 293
435 293
465 293
69 294
207 294
221 294
91 295
392 295
46 296
288 296
83 297
85 297
365 297
131 298
194 298
237 298
269 298
334 298
192 299
88 300
305 300
411 300
453 300
59 301
183 301
351 301
424 301
410 302
428 302
152 303
178 303
256 303
304 303
353 303
470 303
210 305
213 305
397 305
428 305
124 306
274 306
287 306
426 306
440 306
39 307
76 307
210 307
293 307
225 308
227 308
370 308
53 309
201 309
456 309
69 310
310 310
339 310
445 310
165 311
288 311
372 311
431 311
141 313
290 313
430 313
475 313
166 314
259 314
342 314
355 314
387 314
402 314
274 315
357 315
418 315
431 315
461 315
387 316
340 317
44 318
82 318
116 318
324 318
326 318
356 318
429 318
341 319
89 320
163 320
226 320
228 320
260 320
435 320
27 321
290 321
477 321
83 322
110 322
126 322
131 322
163 322
187 322
242 322
431 322
435 322
59 323
136 323
161 323
207 323
289 323
308 323
323 323
416 323
178 324
241 324
326 324
389 324
449 324
100 325
289 325
372 325
402 325
465 325
79 326
98 327
123 327
125 327
244 327
349 327
121 328
127 328
150 328
309 328
388 328
406 328
203 329
453 329
34 330
170 330
181 330
439 331
72 332
198 332
220 332
257 332
353 332
170 333
315 333
326 333
423 333
47 334
173 334
272 334
350 334
466 334
124 335
142 335
165 335
197 335
276 335
325 335
67 336
117 336
139 336
302 336
380 336
391 336
87 337
110 337
147 337
167 337
240 337
329 338
366 338
231 339
363 339
422 339
189 340
194 340
380 340
457 340
120 341
168 341
174 341
198 341
254 341
272 341
113 342
274 342
288 342
367 342
378 342
81 343
90 343
270 343
423 343
33 344
59 344
257 344
303 344
344 344
470 344
144 345
213 345
241 345
423 345
446 345
82 346
102 347
134 347
140 347
165 347
190 347
380 347
382 347
106 348
136 349
239 349
303 349
330 349
102 350
156 350
167 350
274 350
300 350
331 350
191 351
210 351
269 351
292 351
367 351
438 351
450 351
133 352
181 352
225 352
253 352
342 352
458 352
48 353
138 353
286 353
317 353
76 354
99 354
121 354
259 354
302 354
342 354
160 355
167 355
184 355
429 355
22 356
176 356
440 356
123 357
90 358
316 358
175 359
205 359
235 359
248 359
273 359
415 359
431 359
442 359
473 359
39 360
129 360
163 360
252 360
291 360
328 360
123 361
41 362
454 362
463 362
60 363
146 363
328 363
42 364
394 364
90 365
271 365
357 365
231 366
288 366
174 367
198 367
112 368
195 368
302 368
370 368
80 369
176 369
141 370
244 370
346 370
445 370
219 371
334 371
196 372
269 372
430 372
78 373
132 373
137 373
189 373
346 373
462 373
358 374
432 374
146 375
301 375
331 375
420 375
131 376
192 376
55 377
167 377
283 377
347 377
103 378
160 378
172 378
186 378
312 378
384 378
145 379
252 379
397 379
450 379
371 380
420 380
69 381
79 381
208 382
237 382
335 382
349 382
408 382
436 382
74 383
122 383
142 383
157 383
165 383
159 384
187 384
191 384
221 384
347 384
71 385
123 386
300 386
437 386
71 387
121 387
464 387
384 388
450 388
34 389
64 389
336 389
398 389
410 389
202 390
316 390
181 391
184 391
282 391
329 391
55 392
59 392
153 392
230 392
50 393
86 393
247 393
262 393
111 394
135 394
183 394
194 394
211 394
297 395
174 396
180 397
361 397
374 397
468 397
72 398
280 398
385 398
168 399
194 399
226 399
324 399
349 399
440 399
47 400
21 401
242 401
293 401
360 401
107 402
146 402
172 402
277 402
348 402
279 403
104 404
274 404
429 404
454 404
124 405
222 405
254 405
385 405
399 405
412 405
71 406
148 406
236 406
337 406
429 406
204 407
324 407
400 407
40 408
102 408
363 408
428 408
116 409
167 409
372 409
181 410
410 410
442 410
472 410
273 411
351 412
200 413
270 413
336 413
411 413
310 414
351 414
360 414
109 415
230 415
321 415
433 415
458 415
58 416
85 416
91 416
288 416
303 417
337 417
348 417
351 417
400 417
411 417
423 417
194 418
336 418
475 418
30 419
91 419
286 419
289 419
385 420
300 421
421 421
153 422
388 422
209 423
288 423
304 423
321 423
435 423
445 423
49 424
80 424
166 425
264 425
435 425
464 425
401 426
138 427
142 427
168 427
349 427
385 427
109 428
336 428
142 430
220 430
185 431
318 431
436 431
38 432
72 432
239 432
259 432
402 432
165 433
360 433
99 434
128 434
375 434
411 434
413 434
65 435
135 435
255 435
273 435
363 435
90 436
386 436
98 437
129 437
276 437
256 438
93 439
102 439
176 439
215 439
251 439
134 440
254 440
333 440
472 440
235 441
378 441
414 441
92 442
93 442
132 442
279 442
459 442
152 443
231 443
145 444
150 444
188 444
310 444
402 444
227 445
413 445
114 446
128 446
340 446
403 446
431 446
164 447
187 447
246 447
271 447
292 447
375 447
48 448
85 448
116 448
147 448
150 448
205 448
243 448
252 449
285 449
311 449
375 449
105 450
121 450
247 450
265 450
447 450
79 451
308 451
364 451
119 452
141 452
204 452
311 452
460 452
283 453
142 454
181 454
217 454
266 454
106 455
113 455
144 455
198 455
202 455
214 455
248 455
306 455
98 456
288 456
292 456
340 456
35 457
108 457
154 457
377 457
404 457
127 458
170 458
256 458
304 458
349 458
377 458
417 458
211 459
393 459
65 460
137 460
238 460
262 460
320 460
390 460
97 461
131 461
449 461
104 462
283 462
288 462
420 462
100 463
137 463
206 463
255 463
258 463
286 463
377 463
416 463
213 464
321 464
418 464
53 465
122 465
166 465
349 465
433 465
183 466
278 466
303 466
353 466
379 466
133 467
157 467
157 468
180 468
210 468
212 468
321 468
366 468
404 468
453 468
94 469
316 469
349 469
376 469
404 469
122 470
236 470
301 470
347 470
360 470
42 471
113 471
272 471
122 472
153 472
181 472
225 472
227 472
405 472
471 472
85 473
112 473
222 473
311 473
395 473
421 473
72 474
107 474
117 474
143 474
229 474
233 474
350 474
362 474
167 475
314 475
110 476
291 476
333 476
394 476
63 477
171 477
223 477
244 477
247 477
274 477
377 477
406 477
240 478
349 478
420 478
95 479
97 479
102 479
221 479
308 479
407 479
436 479
110 480
185 480
345 480
379 480
476 480
162 481
219 481
289 481
204 482
221 482
244 482
408 482
436 482
461 482
52 483
184 483
188 483
359 483
202 484
268 484
85 485
311 485
344 485
129 486
154 486
215 486
235 486
243 486
88 487
98 487
132 487
151 487
396 487
129 488
178 488
243 488
325 488
172 489
215 489
235 489
282 489
79 490
121 490
385 490
455 490
283 491
413 491
445 491
370 492
138 493
165 493
236 493
230 494
352 494
469 494
64 495
122 495
164 495
55 496
139 496
232 496
235 496
270 496
299 496
302 496
402 496
115 497
159 497
163 497
167 497
202 497
204 497
317 497
319 497
337 497
387 497
417 498
113 499
203 499
224 499
251 499
432 499
267 500
315 500
360 500
93 501
249 501
251 501
459 501
86 502
220 502
147 503
223 503
226 503
406 503
84 504
86 504
89 504
152 504
153 504
94 505
160 505
391 505
154 506
266 506
76 507
145 507
189 507
216 507
267 507
340 507
181 508
330 508
189 509
258 509
357 509
425 509
139 510
206 510
266 510
440 510
467 510
60 511
131 511
310 511
379 511
413 511
233 512
396 512
168 513
252 513
283 513
305 513
209 514
434 514
231 515
323 515
275 516
456 516
107 517
103 518
341 518
194 519
221 519
223 519
249 519
253 519
297 519
403 519
228 520
253 520
189 521
318 521
369 521
218 522
248 522
316 522
66 523
151 523
250 523
409 523
412 523
428 523
242 524
292 524
318 524
380 524
414 524
249 525
353 525
433 525
140 526
243 526
309 526
315 526
392 526
411 526
470 526
348 527
419 527
260 529
286 529
422 529
448 529
175 530
283 530
330 530
109 531
207 531
268 531
93 532
257 532
300 532
204 533
233 533
282 533
429 533
164 534
321 534
337 534
477 534
298 535
324 535
339 535
453 535
255 536
257 536
301 536
195 537
258 537
152 538
259 538
218 539
360 539
367 539
182 540
316 540
322 540
461 540
249 541
292 541
311 541
381 541
358 542
86 543
125 543
141 543
208 543
389 543
470 543
272 544
282 544
312 544
354 544
70 545
101 545
319 545
358 545
419 545
422 545
112 546
315 546
340 546
353 546
398 546
418 546
443 546
206 547
276 547
229 548
300 548
312 548
337 548
225 550
259 551
448 551
255 552
262 552
301 552
176 553
324 553
327 553
378 553
475 553
156 554
165 555
300 555
326 555
398 555
140 556
286 556
354 556
388 556
350 557
438 557
318 558
439 558
364 559
403 559
459 559
274 560
231 561
404 561
71 562
90 562
118 562
276 562
200 563
223 563
106 564
199 565
214 565
313 565
470 565
127 566
180 567
197 567
295 567
447 567
135 568
371 568
384 568
154 569
291 569
147 570
186 570
399 570
169 571
433 571
276 573
281 573
338 573
410 573
459 574
240 575
341 575
475 575
327 576
358 576
313 577
346 577
421 577
315 578
340 578
344 578
91 579
200 579
221 579
329 579
115 580
228 580
318 581
323 581
438 581
147 582
177 582
185 582
202 582
207 582
292 582
304 582
131 583
139 583
167 583
446 583
468 583
172 585
175 586
387 586
169 587
274 587
282 587
354 587
372 587
455 587
347 588
381 588
360 589
413 589
358 590
256 591
356 591
224 592
332 592
348 592
429 592
476 592
194 593
416 593
202 594
205 594
438 594
215 595
318 595
306 596
311 596
336 596
462 596
243 597
120 598
307 598
138 599
309 599
153 601
275 601
358 601
445 601
473 601
164 602
371 602
401 602
389 603
176 604
415 605
187 607
206 608
336 608
463 609
240 610
298 610
321 610
222 611
232 611
352 611
313 612
435 613
468 613
364 614
376 614
262 615
166 617
387 617
442 617
476 617
186 618
275 618
395 618
285 619
454 620
199 621
215 622
296 623
307 623
405 623
233 625
322 625
418 626
332 627
340 627
245 628
429 629
181 631
257 631
352 631
440 631
192 632
366 632
376 632
271 634
385 635
283 636
408 636
222 637
397 637
