321 99
334 103
234 104
254 104
399 104
274 107
359 108
412 108
286 110
300 113
319 114
372 115
435 117
235 119
262 119
338 120
219 121
280 121
202 122
389 122
272 123
285 123
190 124
447 125
298 127
400 128
410 129
455 130
334 131
242 133
250 133
218 134
426 134
229 135
339 135
242 136
245 136
284 137
288 137
380 137
470 137
246 138
256 138
182 139
200 139
277 140
438 142
317 143
157 144
322 145
141 147
329 147
395 147
348 149
227 150
243 150
209 151
406 151
457 151
198 152
259 152
266 153
416 153
283 154
186 155
263 155
280 155
271 156
306 156
297 157
302 157
366 157
377 157
170 158
371 158
474 158
323 159
317 160
393 160
431 160
150 162
324 162
433 162
326 163
327 163
334 164
342 164
347 164
220 165
253 165
268 165
405 165
135 166
215 166
224 166
201 167
248 167
274 167
406 167
436 167
233 168
443 168
188 169
276 170
167 171
417 172
302 173
371 174
331 176
223 178
385 178
156 179
243 179
342 179
461 179
124 181
184 181
272 181
140 182
178 182
341 182
399 182
234 183
280 183
351 183
285 184
108 186
298 186
313 188
413 188
418 188
420 188
376 189
325 191
194 192
243 192
199 193
210 193
334 193
343 193
436 193
176 194
183 194
197 194
440 194
106 195
159 195
166 195
173 195
212 195
216 195
237 195
283 197
142 198
394 198
443 198
362 199
96 200
132 201
371 201
374 202
458 203
245 205
177 206
218 206
238 206
338 206
114 207
230 207
162 208
173 208
211 208
218 208
230 208
257 208
417 208
470 208
168 209
352 209
102 210
282 210
390 210
157 211
292 211
387 212
428 212
397 213
399 213
138 214
320 214
477 214
323 215
401 216
433 218
197 219
379 219
264 220
410 220
118 221
187 221
205 221
218 221
237 221
345 221
165 222
177 222
182 222
211 223
165 224
356 224
156 225
452 225
418 226
163 227
318 228
91 229
142 229
332 230
470 232
122 233
233 233
344 233
74 234
237 234
274 234
188 235
257 235
402 235
263 236
286 236
407 236
172 237
275 237
306 237
362 237
288 238
402 238
102 239
186 239
201 239
224 239
307 239
365 240
158 241
479 241
88 243
249 245
456 245
146 246
279 246
263 247
285 247
392 248
427 248
282 249
296 249
201 251
291 251
213 252
357 252
464 252
104 253
224 253
409 253
181 254
373 254
195 255
366 255
370 255
412 255
179 256
240 256
327 256
371 256
403 256
90 257
409 258
260 259
337 259
415 259
276 260
294 260
282 261
383 261
423 261
76 262
118 262
352 262
448 262
298 263
425 265
189 266
209 266
106 267
237 267
221 268
59 269
258 269
327 269
193 270
273 270
379 270
138 272
160 272
286 272
296 272
463 272
291 273
344 273
81 274
160 274
317 276
311 277
386 277
127 278
231 278
360 278
418 278
445 278
473 278
216 279
244 279
260 279
320 279
368 279
393 279
71 280
112 280
327 281
192 282
265 282
188 283
201 283
374 283
422 283
56 284
177 284
270 284
291 284
342 284
343 284
99 285
104 285
182 285
279 285
425 285
97 286
285 286
137 287
344 287
296 288
308 288
148 289
309 289
390 289
87 290
361 290
389 291
428 291
461 291
394 292
127 293
226 293
261 293
270 293
364 293
436 293
203 294
234 294
431 294
118 295
214 295
271 295
280 295
371 295
282 296
55 297
164 297
173 297
274 297
338 297
196 298
345 298
376 298
300 299
343 299
345 299
381 300
418 300
381 301
409 301
447 301
305 302
413 302
478 302
146 303
68 304
135 304
251 306
333 306
363 306
89 307
267 307
177 308
214 308
228 308
281 308
372 308
423 308
88 309
425 309
55 310
123 311
201 311
341 311
377 311
405 311
168 312
172 312
304 313
427 313
459 313
164 314
373 314
155 315
191 315
41 317
324 317
75 318
327 318
246 319
464 319
233 320
247 320
441 320
137 321
143 321
276 321
329 321
385 321
366 322
129 323
186 323
60 325
132 326
342 326
394 326
396 326
420 326
307 327
448 327
303 328
128 329
158 329
469 329
126 330
352 330
401 330
149 331
240 331
253 331
230 332
119 333
271 333
328 333
187 334
190 334
287 334
456 334
77 335
219 335
182 336
219 336
146 337
293 337
297 337
340 337
180 338
301 338
139 339
144 339
41 340
172 341
262 341
367 341
418 341
177 342
308 342
389 342
207 343
442 343
96 344
126 344
169 344
201 344
245 344
202 345
231 345
240 345
467 345
131 346
159 346
170 346
231 346
353 346
420 346
423 346
60 347
224 347
395 347
333 348
123 349
226 350
281 351
183 352
187 352
150 353
210 353
271 353
281 353
303 353
382 353
453 353
53 354
114 354
284 354
341 354
366 354
404 354
292 355
252 356
310 356
366 356
477 356
202 358
237 358
389 358
354 360
436 360
70 361
396 361
434 362
462 363
191 364
37 365
188 365
269 365
419 365
93 366
100 366
253 366
294 366
394 366
439 366
374 367
296 368
334 368
398 368
422 368
123 369
157 369
183 369
381 369
186 370
210 370
308 370
402 370
426 370
448 370
61 371
235 371
237 371
377 371
203 372
318 373
172 374
341 374
388 374
469 374
361 375
177 376
343 377
453 377
143 378
170 378
227 378
349 378
258 379
276 379
172 380
410 380
48 382
107 383
247 383
438 383
102 384
214 384
238 385
318 385
74 386
181 386
210 386
236 386
311 386
184 387
313 387
376 387
420 387
126 388
379 388
460 388
333 389
399 389
421 389
181 390
224 390
340 391
354 391
155 392
41 393
326 393
440 393
224 394
275 394
337 394
383 394
134 395
261 395
199 396
255 396
269 396
331 396
404 396
466 396
174 397
291 397
306 397
67 398
198 398
359 398
386 398
407 398
243 400
386 400
188 401
343 401
448 401
148 402
305 402
388 402
191 403
209 403
227 404
368 404
85 405
87 405
245 405
372 405
410 405
475 405
392 406
275 407
430 407
184 408
323 408
372 408
431 408
27 409
126 409
188 409
220 409
454 409
168 410
352 410
392 410
206 411
292 411
418 411
429 411
81 412
263 412
289 412
201 413
299 413
478 413
100 414
255 414
393 414
396 414
58 415
81 415
140 415
298 415
378 416
160 417
162 417
252 417
285 417
335 417
360 418
39 419
199 419
276 420
435 420
460 421
73 422
382 422
194 423
340 423
156 424
362 424
54 425
194 425
228 425
271 425
116 426
212 426
95 427
132 427
193 427
277 429
407 429
286 430
387 430
387 431
464 431
289 432
293 432
346 432
425 432
149 433
187 433
445 433
91 434
172 434
237 434
269 434
250 435
326 435
48 436
303 436
372 436
388 436
167 437
167 438
170 438
395 438
26 439
128 439
63 440
88 440
66 441
147 441
166 441
232 441
312 441
368 441
473 441
162 442
216 442
217 442
305 442
311 442
312 443
43 444
277 444
310 444
328 444
368 444
411 444
60 445
454 445
43 446
165 446
215 446
289 446
82 447
144 447
147 447
258 447
335 447
370 447
373 447
434 447
230 448
310 448
432 448
184 449
294 449
393 449
410 449
101 450
396 450
370 451
186 452
189 452
229 452
318 452
355 452
116 453
144 453
75 454
281 454
385 454
36 455
132 455
144 455
244 455
299 455
340 455
355 455
467 455
132 456
203 456
259 456
324 456
401 456
201 457
354 457
418 457
97 458
286 458
337 458
76 459
94 459
97 459
113 459
270 459
285 459
372 460
114 461
199 461
217 461
258 462
309 462
96 463
373 463
231 464
30 465
230 465
358 465
414 465
458 465
109 466
184 466
185 466
272 466
228 467
335 467
419 467
476 467
72 468
157 468
245 468
213 469
94 470
168 470
390 471
69 472
142 472
231 472
317 472
373 472
404 472
71 473
111 473
298 473
323 473
360 473
25 474
69 474
89 474
140 474
216 474
301 474
389 474
108 475
262 475
187 476
278 476
323 476
374 476
462 476
168 477
203 477
70 478
417 478
249 479
309 479
351 479
450 479
374 480
387 480
186 481
220 481
330 481
405 481
432 481
45 482
139 482
286 482
142 483
308 483
331 483
433 483
65 484
168 484
121 485
187 486
466 486
137 487
288 487
352 487
357 487
438 487
104 488
350 488
437 488
250 489
255 489
406 489
108 490
121 491
187 491
140 492
220 492
315 493
81 494
121 494
319 494
338 494
59 495
154 495
204 495
337 496
407 496
453 496
279 497
135 498
276 498
373 498
442 498
471 498
209 499
297 499
91 500
224 500
355 500
120 501
156 501
172 501
390 502
122 503
155 503
92 504
157 504
189 504
320 505
350 505
74 506
315 506
265 507
344 507
442 507
475 507
54 508
191 508
212 509
117 510
207 510
350 510
316 511
346 511
153 512
458 512
26 513
244 513
287 513
404 513
172 514
230 514
206 515
293 515
374 515
444 515
364 516
390 516
177 518
276 518
331 518
386 518
227 520
297 520
466 521
229 522
365 522
104 523
133 523
193 523
355 523
86 524
281 524
172 525
213 525
233 525
70 526
404 526
432 526
458 526
45 527
258 527
104 528
158 528
231 528
347 528
152 529
344 529
447 529
137 530
316 530
100 531
133 531
152 531
386 531
419 532
216 534
234 534
303 534
379 534
65 535
100 535
295 535
314 535
261 536
343 536
37 537
99 537
329 537
350 537
176 538
308 538
401 538
459 538
136 539
197 539
320 539
328 539
434 540
86 542
101 542
156 542
219 542
329 542
448 542
139 543
153 543
474 543
284 545
375 545
220 546
417 546
240 547
356 547
365 547
276 548
180 549
223 549
97 550
118 550
301 551
47 552
65 552
349 552
353 552
479 553
142 554
252 554
353 554
137 555
140 555
295 555
348 555
433 555
448 556
463 556
83 558
305 558
103 559
182 559
414 559
210 560
258 560
79 561
119 561
254 561
266 561
308 562
61 563
140 563
279 563
185 564
310 564
387 565
449 565
233 566
99 567
207 567
255 568
330 569
342 570
288 571
79 572
277 572
407 572
468 572
186 573
239 573
260 573
279 574
428 574
122 575
298 575
378 575
431 575
445 577
170 578
172 579
215 579
306 579
428 579
59 580
197 580
268 580
77 582
107 582
165 582
316 582
362 582
342 583
349 583
402 583
469 583
190 584
334 584
422 584
169 585
361 585
455 585
222 588
124 589
199 589
168 590
93 591
176 591
287 591
201 592
415 592
417 592
129 593
294 593
374 593
471 594
127 595
304 595
458 595
306 596
314 597
419 597
112 598
236 598
379 598
413 598
72 599
174 599
275 599
316 599
318 599
153 600
241 600
331 600
353 601
362 601
404 601
180 602
204 602
134 603
153 604
224 604
260 604
280 604
455 604
473 604
246 607
392 607
210 610
292 610
96 611
337 611
432 611
302 612
310 613
325 613
119 614
141 614
274 614
164 615
190 615
234 615
257 615
419 616
364 618
217 620
351 621
451 621
288 622
473 622
443 623
147 624
246 624
399 624
268 625
341 625
304 626
200 627
319 627
99 628
382 630
437 630
127 632
178 632
235 633
212 635
276 635
366 635
460 635
400 636
426 637
355 639
