347 20
277 26
317 26
362 27
330 28
293 32
346 33
272 34
306 34
373 34
248 36
414 36
317 40
262 41
356 41
361 41
221 45
391 45
439 45
285 46
290 46
294 46
282 47
337 47
373 48
242 49
307 49
428 50
208 51
259 51
300 51
404 51
272 53
356 53
384 53
227 54
323 54
186 57
330 57
336 57
364 57
393 57
328 58
247 59
202 60
445 60
401 61
425 61
262 62
309 63
345 64
220 65
273 65
321 65
382 65
351 66
358 67
179 68
233 68
440 68
243 69
333 69
416 70
337 71
372 71
465 71
264 73
214 74
423 74
354 77
391 77
455 77
164 78
287 78
193 79
156 80
181 80
289 80
303 81
345 82
379 83
245 84
254 85
272 86
320 86
352 86
360 87
385 87
468 87
190 89
363 90
457 90
159 91
172 91
286 91
401 91
147 92
296 92
403 92
409 92
221 93
306 93
348 93
245 94
247 94
350 94
223 95
320 95
416 95
442 96
469 96
382 97
361 98
264 99
332 99
279 100
282 100
397 101
141 102
182 102
348 102
477 102
291 103
155 104
302 104
315 105
359 105
170 106
213 106
237 106
413 106
459 106
333 108
335 108
390 108
395 109
338 111
344 112
400 112
448 113
192 114
203 114
161 115
286 115
137 116
183 116
409 116
144 117
318 117
355 117
121 118
237 118
243 118
299 118
258 120
373 120
416 120
440 120
461 121
398 122
265 123
346 123
445 123
380 124
202 125
224 127
407 127
434 127
165 128
235 128
294 128
365 128
139 129
151 129
182 129
337 129
363 129
414 129
306 130
308 131
476 131
418 132
125 133
346 133
446 133
281 135
109 136
206 136
213 136
298 136
408 136
142 138
197 138
198 138
360 139
189 140
232 141
273 141
214 142
338 142
443 142
269 143
346 145
422 145
473 145
301 146
430 146
139 148
304 148
456 148
383 149
404 149
409 149
237 150
362 150
436 150
210 151
224 151
245 151
248 151
358 151
257 153
117 154
159 154
328 154
367 154
107 155
164 155
369 155
416 155
469 155
288 157
297 157
344 157
399 157
425 157
293 158
452 158
377 159
428 159
139 160
430 160
408 161
193 162
206 162
220 162
354 162
126 163
235 163
366 163
175 164
272 164
332 164
125 165
338 166
395 166
115 167
342 167
372 167
441 167
157 168
467 168
299 169
343 169
155 170
190 170
303 170
308 170
138 172
260 172
319 172
376 172
426 172
102 173
230 173
251 173
264 173
451 173
174 174
386 174
137 175
249 175
134 176
219 176
280 176
331 176
204 177
412 177
129 178
296 178
365 178
392 178
460 178
123 179
186 180
343 180
91 181
295 181
395 181
347 182
443 182
162 184
267 184
108 185
229 185
327 185
142 186
143 186
216 186
351 186
359 186
330 188
191 189
360 189
362 189
366 189
475 189
101 190
312 190
125 191
203 191
178 192
318 192
456 192
126 193
301 193
349 194
397 194
416 195
150 196
351 196
261 197
381 197
247 198
401 198
87 199
213 199
229 199
243 199
253 199
442 199
109 200
271 200
405 200
135 202
210 202
76 203
183 203
137 204
472 204
177 205
428 205
97 206
166 206
173 206
293 206
163 207
354 207
453 208
333 209
239 210
256 210
313 210
433 210
118 211
121 211
214 211
269 211
385 211
388 211
226 212
239 212
438 212
145 213
437 214
83 215
135 215
144 215
169 215
422 215
108 216
283 216
355 216
361 217
296 218
169 219
384 219
429 219
256 220
339 220
387 220
467 220
162 221
234 221
366 221
409 221
429 221
98 223
310 223
391 223
187 224
180 225
268 225
352 225
117 226
207 227
401 227
439 227
454 227
288 228
194 229
338 229
358 229
301 231
425 231
154 232
192 232
447 232
252 233
340 233
343 233
384 233
74 234
239 235
266 235
431 235
466 235
125 236
212 236
314 236
321 236
408 236
98 237
131 237
143 237
228 237
231 237
287 237
351 237
393 237
328 238
330 238
200 239
216 239
211 240
296 240
337 240
433 240
116 242
160 242
456 242
150 243
87 244
414 244
141 245
181 245
246 246
256 246
259 246
262 246
382 246
479 246
226 247
273 247
316 247
425 247
441 247
100 248
260 249
349 249
275 250
371 250
160 251
214 251
333 251
216 252
290 252
327 252
466 252
333 253
71 254
198 254
362 254
189 255
115 256
181 256
335 256
386 256
306 257
90 258
182 258
239 258
310 258
315 258
245 259
247 260
454 260
137 261
108 262
418 262
75 263
397 263
416 263
132 264
374 264
403 264
328 265
478 265
135 266
161 266
200 266
423 266
339 267
186 268
190 268
195 268
301 268
96 269
243 269
383 269
462 269
119 270
255 270
263 270
278 270
407 270
147 272
179 272
237 272
283 272
290 272
63 273
183 273
223 273
317 273
345 273
413 273
428 273
149 274
295 274
349 274
409 274
172 275
414 275
205 276
323 276
376 276
200 277
80 278
140 278
142 278
206 278
395 278
164 279
450 279
328 280
355 280
195 281
242 281
185 282
227 283
229 283
363 283
366 284
404 284
73 285
402 285
347 286
364 286
422 286
477 286
154 287
317 288
423 288
425 288
169 289
212 289
439 289
203 290
200 291
321 291
116 292
136 292
323 292
250 293
395 293
445 293
464 293
56 294
87 294
159 294
196 294
260 294
280 294
330 294
332 294
381 295
105 296
430 296
155 298
304 298
332 298
432 298
153 299
337 299
362 299
99 300
132 300
222 300
385 300
123 301
341 301
344 301
100 302
175 302
214 302
217 302
172 303
177 303
372 303
347 304
473 304
71 305
242 305
454 305
203 306
407 306
252 307
279 307
328 307
424 307
439 307
86 308
163 308
270 308
355 308
84 309
191 309
354 309
107 310
138 310
225 310
395 310
165 311
195 311
236 311
335 311
373 311
392 311
134 312
156 312
379 312
381 312
442 312
186 313
335 313
127 314
337 314
429 314
58 315
85 315
335 315
410 315
340 316
378 316
412 316
309 317
364 317
429 317
464 317
180 318
145 319
252 319
262 319
283 320
317 320
288 321
368 321
403 321
413 321
73 322
142 322
271 322
317 322
399 322
402 322
448 322
114 323
172 323
225 323
292 323
324 323
355 325
293 326
295 326
217 327
169 328
65 330
85 330
150 330
166 330
209 330
312 331
436 331
165 332
266 332
474 332
422 333
207 334
211 334
274 334
394 334
139 335
102 336
273 337
359 337
437 337
76 338
226 338
323 338
423 338
460 338
137 339
363 339
224 340
297 340
424 340
426 340
53 341
255 341
327 341
400 341
114 342
326 342
196 344
400 344
431 344
150 345
368 345
65 346
168 346
268 346
431 346
353 347
415 347
146 348
334 348
347 348
367 348
143 349
311 349
432 349
448 349
125 350
350 350
352 350
354 350
368 350
431 350
90 351
105 351
415 351
416 351
468 351
183 352
238 352
312 352
331 352
225 353
232 354
386 354
402 354
433 354
69 356
141 356
403 356
472 356
160 357
318 357
338 357
115 358
221 358
335 358
50 359
84 360
221 360
457 360
84 361
133 361
151 361
176 361
200 361
295 361
313 361
111 362
374 362
437 363
272 364
317 364
378 364
422 364
274 365
341 365
441 366
96 367
166 367
216 367
272 367
359 367
278 368
413 368
59 369
393 369
426 369
108 370
229 370
232 370
281 370
375 370
77 371
185 371
275 371
373 371
107 372
464 372
110 373
123 373
190 373
204 373
284 373
447 373
144 374
320 374
182 375
325 375
392 375
410 375
343 376
247 377
103 378
400 378
187 379
200 379
230 379
271 379
119 380
468 380
137 381
429 381
436 381
156 382
328 382
401 382
47 383
67 383
412 383
224 384
452 384
87 385
381 385
428 385
241 386
286 386
294 386
81 387
97 387
115 387
176 387
292 387
383 387
244 388
289 388
348 388
398 388
439 388
81 389
179 389
273 389
413 390
128 391
168 391
312 391
149 392
215 392
316 392
378 392
81 393
306 393
330 393
415 393
475 393
193 394
256 394
275 394
291 395
416 395
171 396
209 396
316 397
108 398
168 398
56 399
433 399
73 400
88 400
168 400
349 401
463 401
88 402
258 402
446 402
89 403
138 403
331 403
289 404
313 404
107 405
257 405
101 407
188 407
191 407
194 407
243 407
307 407
420 407
153 408
167 408
185 408
239 409
271 409
385 410
236 411
274 411
333 411
404 411
449 411
84 412
119 412
239 412
240 412
435 412
48 413
205 413
310 413
97 414
65 415
165 415
227 415
295 415
312 415
468 415
134 416
290 416
350 416
390 416
148 418
167 418
253 418
258 418
306 418
390 418
204 419
210 419
273 420
335 420
368 421
81 422
100 422
188 422
202 422
227 422
78 423
113 423
421 423
239 425
284 425
408 425
62 426
268 426
166 427
202 427
204 427
287 427
440 427
455 427
471 427
77 428
163 428
257 428
381 428
206 429
187 430
273 430
110 431
111 431
163 431
201 431
306 431
183 432
219 432
222 432
244 432
287 432
94 433
129 433
147 433
334 433
308 434
110 435
207 435
367 435
425 435
281 436
284 436
167 437
306 438
476 438
182 439
203 439
205 439
246 439
266 439
55 440
241 440
297 440
306 440
443 440
73 441
280 441
304 441
409 441
225 442
338 443
108 444
315 444
393 445
427 445
258 446
317 446
457 446
187 447
164 448
337 448
394 448
88 449
315 449
129 450
171 450
182 450
191 450
363 451
203 452
270 452
296 452
332 452
398 453
443 453
69 454
129 454
231 454
368 456
292 457
108 458
183 458
253 458
266 458
142 459
378 459
124 460
194 460
364 460
429 460
145 461
166 461
461 461
189 462
396 462
194 463
288 463
187 464
241 464
251 464
304 464
363 465
66 466
171 466
195 466
308 466
90 467
140 467
279 467
368 467
381 467
363 468
365 468
241 469
396 469
411 469
129 471
152 471
271 471
76 472
126 472
143 472
282 472
363 472
221 473
298 473
360 473
433 473
166 474
170 474
347 474
108 475
276 475
297 475
300 475
394 475
420 475
448 475
149 476
359 476
375 476
196 477
228 477
278 477
366 477
132 478
143 478
145 478
290 479
165 480
193 480
244 480
345 480
360 480
394 480
235 481
91 482
150 482
314 482
333 482
377 482
393 482
109 483
226 483
228 483
249 483
130 484
174 484
253 484
359 484
134 485
196 485
210 485
391 485
75 486
283 486
290 486
327 486
127 487
147 487
204 487
397 487
435 487
372 488
183 489
408 489
178 491
282 491
110 492
245 492
258 492
127 493
180 493
303 493
373 493
216 494
262 494
268 494
305 494
322 494
338 494
420 494
174 495
266 495
372 495
247 496
260 496
267 496
319 496
186 497
263 497
137 498
254 498
157 499
218 499
189 502
115 503
199 503
221 503
94 504
237 504
335 504
368 504
289 505
330 505
333 505
384 505
166 508
178 508
422 509
183 510
163 511
331 511
182 512
214 512
288 512
349 512
406 512
168 513
327 513
186 514
208 514
301 514
98 515
121 515
160 515
281 515
324 515
364 515
141 516
167 516
319 516
381 517
391 517
215 518
223 519
258 519
358 519
147 520
218 520
245 520
276 520
393 520
311 521
197 522
277 522
201 523
253 523
336 523
408 523
307 524
205 525
309 525
207 526
177 527
236 528
373 529
153 530
206 530
261 530
327 531
211 532
228 532
349 533
405 533
241 534
246 534
114 535
267 535
387 535
314 536
315 536
160 537
319 537
261 538
299 538
317 538
229 539
304 539
140 540
254 541
300 541
333 543
362 544
122 545
171 545
376 548
221 549
227 549
324 550
186 551
248 551
250 551
263 551
230 552
312 552
305 553
348 554
237 555
285 555
293 555
371 555
137 556
237 556
253 556
264 556
226 557
233 557
290 557
230 558
215 559
332 561
176 562
200 563
155 565
213 566
219 566
306 568
322 568
286 570
251 572
182 573
267 573
218 574
197 578
301 583
277 584
