165 3
189 4
212 5
231 5
252 5
322 5
284 6
352 8
427 9
443 11
225 12
417 12
337 13
401 13
456 13
174 14
269 14
304 14
387 14
467 15
374 16
472 16
194 17
238 18
362 19
214 20
290 21
317 21
257 22
163 25
249 25
337 25
406 26
142 27
424 27
447 27
178 28
391 28
225 29
280 29
464 29
201 30
323 31
372 31
238 32
310 33
274 34
359 34
134 36
351 36
165 39
251 39
300 39
407 39
434 40
189 41
399 41
413 41
417 41
446 41
303 42
384 42
128 43
206 43
462 43
204 44
295 44
159 45
244 45
259 45
370 45
202 46
284 46
255 48
285 48
477 48
314 49
320 50
121 51
348 51
196 52
273 52
306 52
151 53
425 53
233 55
403 55
411 55
441 55
417 57
464 57
457 58
210 59
169 60
229 60
263 60
398 60
474 60
142 61
383 61
187 62
315 62
358 62
368 62
318 64
351 66
429 66
246 67
279 67
442 69
176 70
278 70
281 70
436 70
251 71
451 71
129 72
221 72
301 72
303 72
187 73
276 73
297 75
391 75
403 75
471 75
267 76
364 76
382 76
152 77
350 78
208 79
201 81
211 81
419 81
168 82
118 83
419 83
193 84
172 85
165 86
194 86
329 86
447 86
302 87
140 88
246 88
275 88
325 88
268 89
401 89
460 89
191 90
380 90
468 90
163 91
203 91
241 92
161 93
182 93
262 93
268 93
287 94
314 94
291 95
236 96
279 98
332 99
425 99
276 100
284 100
431 100
278 102
299 102
329 102
404 102
443 102
174 103
400 103
124 104
171 104
247 104
361 104
455 104
320 105
244 106
314 106
289 107
148 108
168 109
307 109
351 109
258 112
260 112
233 115
329 115
210 116
295 116
181 117
201 117
394 117
415 117
183 118
251 118
254 118
329 118
410 118
366 119
380 119
391 119
294 120
352 120
201 121
223 121
153 122
313 122
267 123
455 123
283 125
338 125
170 126
475 127
170 128
236 128
300 129
395 130
164 131
382 131
413 131
140 132
211 132
320 132
252 133
372 133
432 133
269 134
363 135
132 136
349 137
451 137
308 139
284 140
129 142
157 142
242 142
337 142
121 144
175 144
400 144
298 145
408 145
201 146
255 146
422 146
469 146
117 147
271 147
382 147
324 148
369 149
122 150
147 150
215 150
234 150
290 150
360 150
436 150
113 153
165 153
170 153
310 153
349 153
457 154
260 156
337 157
138 158
161 158
207 158
185 159
188 159
277 159
393 159
433 160
471 160
272 161
377 161
401 161
258 162
324 162
361 163
402 163
455 165
201 166
355 166
184 167
216 167
290 167
232 168
270 168
128 169
343 170
423 170
432 170
154 171
177 171
306 171
343 171
197 172
244 172
394 172
430 172
328 173
374 173
382 173
325 174
195 175
276 175
331 175
237 176
259 176
447 177
205 178
224 178
358 178
419 180
456 180
166 181
168 181
423 181
292 182
107 183
141 184
251 184
185 185
266 185
309 185
470 186
287 187
331 187
394 188
441 188
378 189
166 190
230 190
331 191
358 192
115 193
321 193
264 194
345 194
196 195
458 195
222 196
297 196
428 196
316 197
175 198
426 198
129 199
123 201
132 201
192 202
470 202
147 203
206 203
377 203
245 204
258 204
126 205
307 205
445 205
409 206
169 208
303 208
237 210
255 210
348 210
168 211
220 212
222 212
218 213
254 213
323 213
343 213
269 214
459 214
217 215
235 215
317 215
432 215
109 217
131 217
232 217
381 217
467 217
135 218
160 218
366 218
373 218
197 219
211 219
332 219
362 219
387 219
389 219
160 220
195 220
137 221
211 221
358 221
386 221
131 222
157 222
358 222
159 223
268 223
397 223
427 223
450 223
102 224
175 224
212 224
477 224
209 225
283 225
170 226
411 227
434 227
208 228
317 228
125 229
145 229
168 229
281 229
302 230
441 231
463 231
189 232
419 232
259 233
346 233
359 233
242 234
215 236
272 237
335 237
340 237
169 238
215 238
395 238
426 238
451 238
117 239
201 239
306 239
349 239
138 240
307 240
310 240
312 240
141 241
230 241
256 241
250 242
159 244
399 244
250 245
476 245
230 246
410 246
458 246
162 247
196 247
250 247
267 247
298 247
408 247
369 250
420 250
442 250
321 251
247 253
296 253
394 253
315 254
271 255
291 255
296 255
465 255
192 256
337 256
132 257
204 257
263 258
126 259
246 259
433 259
148 260
186 260
167 261
286 261
433 262
239 263
257 263
170 264
260 264
261 264
308 264
118 265
309 265
335 265
385 265
417 265
240 266
302 266
387 266
414 266
456 266
475 266
350 267
182 268
237 268
325 268
330 268
439 268
371 269
419 269
141 270
257 270
278 270
303 270
394 270
442 270
119 271
216 271
283 271
306 271
324 271
400 272
252 273
253 273
405 273
464 273
179 274
443 274
235 275
328 275
158 276
161 276
356 276
275 277
324 277
108 279
324 279
195 280
206 280
235 280
190 281
218 281
272 281
278 281
233 282
383 282
385 282
288 283
409 283
392 284
233 285
289 285
390 285
349 286
388 286
398 286
431 286
452 286
470 286
127 287
265 288
270 288
366 288
167 290
187 290
338 290
168 291
200 291
285 292
309 292
146 293
216 293
242 294
244 294
374 294
198 296
228 296
271 296
403 296
198 298
228 298
162 299
227 299
211 300
302 300
351 300
114 302
165 302
408 302
444 302
178 303
210 304
328 304
462 304
226 305
347 305
407 305
137 306
381 307
157 308
280 308
392 308
245 309
413 309
227 310
209 311
131 312
239 313
379 313
263 314
382 314
396 314
467 315
225 316
295 316
171 317
174 317
246 317
309 317
450 317
207 318
228 318
278 318
434 318
149 320
320 320
322 320
431 321
169 322
242 322
260 322
303 323
317 323
337 323
431 323
224 324
290 324
354 325
373 325
122 326
336 326
396 327
416 327
174 328
333 328
207 329
241 329
411 329
241 330
329 330
395 330
397 330
170 331
352 331
470 331
434 332
141 333
225 333
347 333
327 335
372 335
158 336
451 336
429 337
436 337
308 338
327 338
434 338
189 339
270 339
273 339
277 339
261 340
296 340
171 341
224 341
244 341
249 341
354 341
190 342
389 342
386 343
170 344
369 344
395 344
408 344
155 345
416 345
391 346
412 346
133 347
184 347
472 347
245 349
271 349
273 351
279 351
321 351
361 351
365 351
253 353
336 353
172 354
455 354
181 356
230 356
171 357
389 357
476 358
125 359
255 359
333 359
379 359
383 359
407 359
201 360
252 360
265 360
296 360
360 360
435 361
186 362
199 362
239 362
300 362
147 363
171 364
219 364
183 365
234 366
239 367
325 367
337 367
167 368
184 368
204 368
379 368
425 368
189 369
234 369
377 371
402 371
455 372
379 374
182 376
237 376
372 376
347 377
163 378
241 379
476 379
128 380
144 380
307 380
161 381
273 381
398 381
420 381
226 382
261 382
168 383
374 383
270 384
292 384
229 386
280 386
337 386
400 386
451 386
364 387
395 387
216 388
191 389
194 389
363 389
427 390
203 391
236 391
237 391
324 391
390 391
417 391
386 392
171 393
448 394
320 395
356 395
389 395
253 399
307 399
248 400
269 400
290 401
413 401
164 402
303 402
343 402
357 402
464 402
478 402
202 403
284 403
286 403
295 403
350 404
371 404
298 405
346 405
395 405
335 406
441 406
236 407
338 408
366 409
373 409
189 410
326 410
329 410
374 410
361 411
425 411
221 412
327 412
194 414
148 415
204 415
238 415
266 415
354 415
286 416
296 416
356 416
385 416
310 418
349 418
211 419
300 419
354 419
418 419
297 420
309 420
321 420
169 421
300 422
375 423
401 423
460 423
220 424
439 424
372 425
376 426
192 428
236 428
268 428
146 429
239 429
325 429
394 429
433 429
158 430
329 430
340 431
212 433
364 433
168 434
209 434
318 434
457 434
430 435
309 436
316 436
253 437
363 437
400 437
177 438
270 438
284 438
391 438
472 438
226 439
221 440
305 440
425 440
224 441
231 441
282 442
275 443
340 443
416 443
197 444
342 444
241 445
248 447
377 447
383 447
252 448
379 448
446 448
321 449
353 449
423 449
220 451
314 451
348 451
372 452
294 453
320 453
228 454
388 454
292 455
294 455
333 455
379 455
249 456
290 456
365 456
230 457
245 457
362 457
381 457
268 458
277 458
296 458
461 458
305 459
196 460
367 460
371 460
334 461
399 461
405 462
398 463
401 464
213 465
355 465
399 465
437 465
349 466
341 467
387 467
394 467
248 468
476 468
175 469
243 469
331 469
214 470
265 471
335 471
374 472
381 472
221 473
287 473
291 473
415 473
300 474
447 474
188 475
229 475
194 476
224 476
226 476
305 476
326 476
420 476
470 476
412 477
366 478
197 479
416 479
465 480
254 481
358 481
360 482
205 483
355 483
407 484
331 486
348 487
433 487
221 488
380 488
368 490
372 490
454 492
390 493
239 494
393 494
390 495
201 496
274 496
422 496
265 498
386 498
384 499
389 499
208 500
215 502
469 502
331 505
411 505
295 506
300 506
289 507
332 507
368 507
372 507
246 510
306 510
254 513
345 513
385 513
262 514
425 514
281 515
380 515
349 516
389 516
386 517
275 518
286 518
339 518
369 520
295 521
359 523
410 525
443 528
433 530
257 531
426 533
305 536
380 536
298 538
335 538
356 538
312 539
325 540
