317 1
133 2
235 2
308 2
172 3
326 3
415 3
127 4
222 4
334 4
344 4
89 5
400 6
160 7
371 7
357 8
117 9
212 9
379 11
429 11
78 13
187 14
266 14
434 14
104 15
250 15
302 15
134 16
278 16
177 17
237 17
292 17
332 17
396 17
317 18
164 19
214 19
349 20
449 20
365 21
126 22
155 23
205 24
417 24
86 25
422 25
147 27
189 28
427 28
262 29
381 29
110 30
255 30
338 30
297 31
274 32
281 32
177 33
265 33
311 33
322 33
352 33
437 33
102 34
129 35
220 35
230 35
246 35
296 35
400 35
203 36
410 36
126 37
165 37
369 37
418 40
449 40
89 41
332 41
374 41
412 41
151 42
329 42
184 43
378 44
420 44
110 45
151 45
188 45
297 45
293 46
394 46
241 47
250 47
259 47
348 47
231 48
308 48
346 48
394 48
170 49
75 50
206 50
215 50
258 50
268 50
357 50
435 50
102 51
222 51
292 51
165 52
211 52
307 52
125 53
209 53
327 53
369 53
130 54
122 55
446 55
325 56
190 57
338 57
58 58
87 58
187 58
238 58
455 58
228 60
348 60
391 60
417 60
183 61
397 61
142 62
279 62
427 62
165 63
255 63
459 63
215 64
293 64
397 64
424 64
131 65
306 65
362 65
139 66
241 67
248 67
311 67
315 67
370 67
410 67
132 69
156 69
160 69
382 69
189 70
234 70
314 70
445 70
181 71
191 71
415 71
96 72
187 72
219 73
223 73
334 73
116 74
122 74
89 75
120 75
146 76
62 77
343 77
167 78
172 78
213 78
250 78
259 78
339 78
402 78
81 79
268 79
247 80
292 80
342 80
426 80
296 81
308 82
377 82
106 83
157 83
464 83
470 85
154 86
232 86
360 86
441 86
391 87
416 87
47 88
91 88
95 88
223 88
331 89
474 89
95 90
178 90
224 90
213 91
218 91
287 92
301 92
63 93
172 93
269 93
372 93
449 93
91 94
200 94
299 94
343 94
378 94
407 94
166 95
305 95
381 95
303 96
310 96
315 96
160 97
163 97
357 97
382 97
410 97
461 97
109 98
362 98
438 99
362 100
101 101
418 101
124 102
230 102
393 102
466 102
97 103
332 103
438 103
49 105
69 105
97 105
145 105
219 105
91 106
375 106
346 107
400 108
113 109
120 109
167 110
171 110
243 110
314 110
145 111
208 111
301 111
58 112
138 112
39 113
239 113
318 113
432 113
436 113
166 114
433 114
109 115
160 115
331 116
219 117
188 118
228 118
418 118
78 119
98 119
186 119
360 119
122 120
127 120
417 120
421 120
463 120
126 121
150 121
361 121
217 122
443 122
49 123
93 123
177 123
213 123
296 123
28 125
172 125
205 125
315 125
341 125
209 126
237 126
65 127
411 127
475 128
40 129
235 129
326 129
428 129
453 129
134 130
193 130
203 130
232 130
323 130
374 130
222 131
351 131
374 131
154 132
332 132
376 132
393 132
265 133
271 133
278 133
283 133
293 133
339 133
192 134
219 134
336 134
360 134
124 135
361 135
422 135
252 136
304 136
76 138
103 138
190 138
81 139
101 139
147 139
315 139
408 139
206 141
325 141
448 141
48 142
367 142
391 142
424 142
73 143
97 143
231 143
240 143
278 144
470 144
68 145
134 145
228 145
283 145
333 145
90 146
329 146
262 147
288 147
106 149
174 149
250 149
381 149
436 149
152 150
397 150
401 150
252 151
305 151
336 151
39 152
103 152
314 152
385 152
403 152
125 153
344 153
400 153
459 153
58 154
382 154
238 155
240 156
425 157
442 157
365 158
120 159
369 159
468 159
53 160
75 160
287 160
390 160
99 161
138 161
237 161
274 161
26 162
296 162
329 162
139 163
229 163
279 163
369 163
376 163
303 164
350 164
135 165
194 165
262 165
353 165
93 166
274 166
420 166
314 167
452 167
254 168
399 168
109 169
111 169
334 169
378 169
154 170
317 170
337 170
382 170
63 171
223 171
248 171
309 171
382 171
188 172
362 172
382 172
459 172
40 173
111 173
319 173
408 173
126 174
317 174
382 174
443 174
56 175
128 175
240 175
411 175
283 176
365 176
440 176
184 177
275 177
369 177
384 177
413 177
197 178
218 178
301 178
146 179
329 179
382 179
178 180
233 180
238 180
261 180
364 180
427 180
30 181
241 181
290 181
195 182
297 182
401 182
52 183
96 183
306 183
325 183
398 183
327 184
375 184
450 184
470 184
332 185
72 186
215 186
415 186
137 187
139 187
160 187
389 188
207 189
310 189
330 189
349 189
375 189
25 190
161 190
208 190
336 190
371 190
390 190
43 191
139 191
91 192
276 192
286 192
437 192
18 193
69 193
117 193
174 193
206 193
455 193
203 194
377 194
130 195
187 195
293 195
407 195
115 196
312 196
354 196
61 197
155 197
200 197
290 197
128 198
152 198
240 198
248 198
410 199
424 199
81 200
262 200
291 200
293 200
333 201
368 201
440 201
397 202
102 203
180 203
33 204
301 204
384 204
400 204
460 204
150 205
283 205
358 205
54 206
127 206
232 206
355 206
260 207
75 208
339 208
161 209
219 209
167 210
257 210
163 211
370 212
373 212
414 212
163 213
190 213
193 213
249 213
274 213
305 213
384 213
429 214
446 214
142 216
177 216
202 216
74 217
200 217
117 218
230 218
431 218
21 219
340 219
342 219
188 220
294 220
403 220
94 221
305 221
374 221
264 222
323 222
452 222
46 223
183 223
285 223
354 223
470 223
111 224
266 224
210 225
345 225
374 225
135 226
213 226
339 226
372 226
245 227
360 227
419 227
14 228
157 228
305 228
356 228
433 228
454 228
174 229
209 229
251 229
262 229
360 229
377 229
41 231
337 231
473 231
64 232
86 232
108 232
405 233
244 234
262 234
285 234
340 234
438 234
167 235
209 235
264 236
269 236
320 236
151 237
359 237
441 237
206 238
247 238
304 238
32 240
127 240
267 240
283 240
474 240
129 241
184 241
263 241
376 241
81 242
106 242
241 242
249 242
324 242
394 242
153 243
199 243
339 243
57 244
227 244
373 244
165 245
136 246
145 246
183 246
301 246
444 246
394 247
458 247
164 248
428 248
122 249
325 249
295 250
246 251
263 251
406 251
246 252
322 252
357 252
97 253
265 253
339 253
410 253
136 254
211 254
440 254
47 255
324 256
21 257
88 257
133 257
139 257
164 257
286 257
293 257
295 257
360 257
372 257
393 258
407 258
466 258
234 259
292 259
298 259
315 259
335 259
379 259
423 259
426 259
114 260
118 260
283 260
334 261
375 261
426 261
429 261
69 262
182 262
226 262
311 262
370 262
377 262
85 263
255 263
445 263
356 264
179 265
313 265
392 265
431 265
89 266
193 266
469 266
291 267
409 267
42 268
113 268
133 268
137 268
151 268
196 268
407 268
67 269
332 269
371 269
60 270
138 270
180 270
408 270
430 271
159 272
192 272
242 272
398 272
410 272
473 272
103 273
156 273
137 274
101 275
126 275
148 275
154 275
206 275
211 275
258 275
274 275
83 276
257 276
453 276
177 277
394 277
105 278
173 278
221 278
298 278
370 278
298 279
357 279
375 280
399 280
127 281
143 281
145 281
261 281
354 281
369 281
58 282
150 282
233 282
277 282
302 282
413 282
81 283
207 283
321 283
391 283
478 283
74 284
375 284
250 285
262 285
292 285
32 286
75 286
189 286
319 286
445 286
145 287
221 287
267 287
317 287
51 289
375 289
398 289
96 290
163 290
389 290
151 291
288 291
461 291
24 292
76 292
78 292
237 292
47 293
207 293
45 294
74 294
120 294
312 294
70 295
150 295
184 295
256 295
296 295
298 295
446 295
73 296
196 296
386 297
298 298
368 298
91 299
313 299
315 299
337 299
353 299
356 299
66 300
291 300
348 300
351 300
402 300
286 302
50 303
63 303
145 303
270 303
335 303
223 304
307 304
347 304
262 305
287 305
469 305
40 306
141 306
387 306
400 306
436 306
86 307
163 307
196 307
305 307
351 307
182 308
323 308
326 308
114 309
286 309
302 309
333 309
382 309
66 310
60 311
401 311
36 312
295 312
349 312
440 312
454 312
205 313
299 313
56 314
157 314
221 314
469 314
363 315
130 316
419 316
249 317
273 317
350 317
431 317
30 318
77 318
172 318
328 318
397 318
57 319
79 319
104 319
434 319
147 321
218 321
233 321
383 321
384 321
216 322
240 322
341 322
416 322
151 323
362 323
367 323
230 324
339 324
25 325
50 325
472 325
96 326
132 326
211 326
259 326
338 326
106 327
305 327
307 327
96 328
303 328
71 329
196 329
233 329
455 329
366 330
170 331
416 331
123 332
228 332
249 332
365 332
377 332
383 332
42 333
100 333
437 333
97 334
188 334
272 334
394 335
142 336
224 336
206 337
317 338
350 338
59 339
94 339
220 339
285 339
331 339
456 339
136 340
239 340
264 340
311 340
202 341
473 341
107 342
111 342
136 343
232 343
416 343
259 344
185 346
455 346
111 347
133 347
181 348
249 348
326 348
393 348
434 348
357 349
345 350
75 351
176 351
415 351
52 352
133 352
207 352
232 353
296 353
394 353
126 354
152 354
205 354
354 354
130 355
265 355
338 355
236 356
322 356
342 356
461 356
68 357
316 357
479 357
90 358
143 358
225 358
371 358
87 359
196 359
386 359
164 360
258 360
62 361
279 361
284 361
387 361
114 362
85 363
287 364
404 364
34 365
108 365
407 365
252 366
379 366
88 367
117 367
209 367
305 367
385 367
106 368
215 368
363 368
461 368
78 369
89 369
191 369
272 369
301 369
306 369
399 369
403 369
431 369
107 370
112 370
183 370
360 370
425 370
134 371
234 371
241 371
247 371
296 371
110 372
114 372
154 372
326 372
378 372
54 373
232 373
395 373
320 374
406 374
428 374
232 375
392 375
434 376
238 377
293 377
97 378
395 378
91 379
97 379
105 379
124 379
196 379
216 379
278 379
283 379
464 379
103 380
388 380
46 381
282 381
450 381
95 382
194 382
253 382
313 382
340 382
344 382
369 382
39 383
86 383
260 383
268 383
275 383
429 383
475 383
271 384
305 384
361 384
60 385
160 385
201 385
406 385
300 386
304 386
418 386
114 387
260 387
400 387
185 388
295 388
337 388
365 389
301 390
335 390
239 391
72 394
175 394
331 394
350 394
445 394
100 395
203 395
353 395
375 395
140 396
216 396
221 396
269 397
323 397
286 398
375 398
126 399
197 399
392 399
60 400
171 400
278 400
252 401
265 401
341 401
344 401
437 401
192 402
320 402
436 402
463 402
260 403
309 403
341 403
372 403
478 403
48 404
82 404
122 404
126 404
160 404
304 404
242 405
299 405
426 405
436 405
228 406
240 406
76 407
110 407
297 407
338 407
175 408
229 408
284 408
304 408
357 408
362 408
460 408
291 409
356 410
381 410
422 410
211 411
450 411
99 412
215 412
295 413
321 413
193 414
300 414
377 414
61 415
91 416
184 417
186 417
136 418
349 418
405 418
168 419
180 420
228 421
246 421
269 421
109 422
473 422
161 423
306 423
370 423
400 423
251 424
359 424
161 425
333 425
84 426
144 426
147 426
459 426
148 427
156 428
186 428
300 428
383 428
417 428
182 429
356 429
413 429
422 430
130 431
133 431
406 431
373 432
258 433
371 433
115 434
285 434
342 434
168 435
248 435
262 435
276 435
213 436
412 436
251 437
267 437
276 437
315 437
320 437
256 438
201 439
218 439
263 439
367 439
395 439
155 440
172 440
213 441
301 442
303 442
458 442
150 443
427 443
79 444
144 444
382 444
432 444
286 446
289 446
121 447
300 448
332 448
117 449
122 450
213 450
232 450
264 450
286 450
365 450
414 450
170 451
194 451
396 451
200 452
211 452
96 453
202 453
224 453
241 453
250 453
278 453
204 454
317 454
284 455
312 455
81 456
152 456
160 456
325 456
382 459
443 460
452 460
312 461
364 462
373 463
117 464
125 464
305 464
327 464
414 464
432 464
223 465
285 465
201 466
207 467
245 467
100 468
173 468
240 468
289 468
195 469
220 469
253 469
84 470
322 470
154 472
147 473
119 474
313 474
382 474
131 475
140 475
123 476
306 476
308 478
257 480
414 480
181 481
362 481
369 481
442 481
172 482
255 482
274 482
167 483
200 483
212 483
227 483
346 483
382 483
155 484
245 484
398 484
257 485
287 487
292 487
289 488
312 488
127 489
244 489
297 489
338 489
137 490
257 491
268 491
148 493
172 495
163 497
405 497
185 498
362 498
375 498
164 499
307 499
183 500
194 500
212 500
255 500
325 500
259 501
261 501
316 501
280 502
232 503
253 503
273 504
130 505
144 505
112 506
121 506
271 507
151 509
169 510
176 514
301 514
305 514
376 514
202 516
243 516
315 516
389 516
296 517
221 519
290 520
320 520
345 524
141 525
362 526
175 528
235 528
198 530
251 531
303 536
291 538
329 538
310 539
176 542
200 544
272 544
233 545
253 546
