275 46
288 47
306 48
322 48
262 49
339 51
353 52
218 53
185 59
288 60
298 61
237 63
361 63
270 64
316 64
331 64
218 67
151 68
197 70
385 71
136 73
267 76
359 76
236 77
249 77
402 77
296 78
313 78
163 80
119 81
163 81
215 81
149 85
352 85
355 87
201 88
290 88
388 88
199 89
254 89
134 90
286 90
316 90
370 90
272 91
401 91
290 92
297 92
239 93
240 94
328 94
218 95
336 95
165 96
339 97
115 98
158 98
207 98
212 98
335 98
345 98
166 99
342 99
397 99
163 101
269 101
349 101
97 103
141 103
252 103
308 103
356 103
359 103
262 104
299 105
316 105
326 105
285 106
300 106
324 106
129 107
220 107
378 107
184 108
420 108
172 110
187 110
183 112
191 112
396 112
156 113
165 113
195 113
436 114
106 115
190 115
246 115
76 116
257 116
297 116
318 116
343 116
238 117
98 118
223 118
269 118
143 119
319 119
410 120
217 121
129 122
212 122
85 124
204 124
371 124
159 125
117 126
388 126
432 128
105 129
179 129
194 129
250 129
282 129
324 129
332 129
76 130
142 130
184 130
241 130
332 131
230 132
351 132
399 132
280 133
450 133
175 134
346 134
367 134
415 134
171 135
206 135
366 135
125 136
59 138
90 138
166 138
292 138
300 138
159 140
199 140
300 140
387 140
291 141
389 142
112 143
190 143
399 143
261 144
144 145
353 145
406 145
270 147
440 147
129 148
426 148
50 149
69 149
167 150
213 150
236 150
244 150
382 151
218 152
164 153
380 153
57 154
92 154
213 155
120 156
191 156
458 158
110 159
194 159
266 159
294 159
297 159
393 159
401 159
154 160
264 160
280 160
282 160
183 161
231 161
299 161
346 161
285 162
304 162
344 162
42 163
71 163
298 163
312 163
351 163
416 163
429 163
473 163
220 164
355 164
129 165
428 165
213 166
170 167
94 169
392 169
437 169
438 169
129 170
267 170
155 171
203 171
395 171
284 172
403 172
57 173
194 173
301 173
157 174
291 174
146 175
187 175
232 175
304 175
401 176
224 177
348 177
461 177
344 178
369 178
350 179
363 179
413 179
472 180
75 181
145 181
366 181
204 182
375 182
106 183
141 183
129 185
261 185
39 186
158 187
161 187
233 187
293 187
326 187
193 188
309 188
312 188
322 188
98 189
179 191
224 191
343 191
345 191
119 192
141 193
177 193
179 193
267 193
347 193
58 194
87 194
170 194
215 194
458 194
142 195
282 195
264 196
427 196
140 197
205 197
287 197
475 197
136 198
298 198
419 198
423 198
21 199
79 199
137 199
163 199
166 199
238 199
436 199
141 200
168 200
320 200
55 201
240 201
383 201
431 201
156 202
230 202
340 202
391 202
451 202
79 203
81 203
268 203
392 203
128 204
187 204
399 204
402 204
334 205
345 205
393 205
158 206
220 206
28 207
74 207
100 208
154 209
208 209
297 209
301 209
418 209
68 210
148 210
306 210
310 210
38 211
62 211
125 211
291 211
447 211
467 211
146 212
169 212
89 213
195 213
263 213
277 213
56 214
230 214
239 214
326 214
192 215
426 215
83 216
114 216
119 216
161 216
171 216
326 216
57 217
79 217
80 217
224 218
75 219
188 219
350 219
73 220
458 220
134 221
75 222
112 222
187 222
204 222
470 222
48 223
107 223
159 223
184 223
241 223
278 223
279 223
446 223
29 224
127 224
232 224
300 224
364 224
366 224
49 225
110 225
270 225
308 225
364 225
12 226
156 226
418 226
72 227
145 227
149 227
336 227
103 228
121 228
170 229
334 229
377 229
431 229
42 230
69 230
89 230
145 231
66 232
216 232
23 233
166 233
210 233
270 233
465 233
279 234
256 235
272 235
293 235
295 235
302 235
359 235
407 235
441 235
35 237
141 237
309 237
299 238
367 238
421 238
55 239
237 239
318 239
312 240
451 240
76 241
229 241
53 242
175 242
225 242
110 243
94 244
106 244
150 244
190 244
351 244
388 244
172 245
212 245
332 245
15 246
265 246
277 246
283 246
417 247
169 248
247 248
467 248
28 249
126 249
241 249
311 249
339 249
184 250
304 250
315 250
371 250
88 251
103 251
178 251
230 251
348 251
67 252
122 252
198 252
346 252
200 253
431 253
63 254
159 254
228 254
435 254
451 254
119 255
224 255
405 255
156 256
171 256
273 256
285 256
43 257
60 258
111 258
115 258
140 258
263 258
334 258
412 258
441 258
15 259
78 259
252 259
343 259
364 259
388 259
417 259
422 260
378 262
37 263
153 263
112 264
208 264
428 264
461 264
227 265
403 265
51 266
124 266
131 266
87 267
167 267
230 267
129 268
220 268
332 268
268 269
88 270
256 270
469 270
364 271
388 271
189 272
294 272
446 272
160 273
186 273
242 273
288 273
299 273
306 273
340 273
166 274
234 274
415 274
28 275
101 275
206 276
82 277
351 277
376 277
404 277
198 281
223 281
260 281
389 281
456 281
477 281
75 282
219 282
255 282
292 282
18 283
98 283
117 283
62 284
194 285
305 285
411 285
132 286
134 286
173 286
246 286
306 286
298 287
304 287
95 288
128 288
149 288
245 288
439 288
71 289
169 289
312 289
374 289
376 289
152 290
166 290
69 291
423 291
149 292
199 292
312 292
13 293
69 293
132 293
181 293
268 293
384 293
385 293
402 293
470 293
31 294
199 294
125 295
217 295
291 295
325 295
146 296
255 297
281 297
121 299
339 299
342 299
434 299
451 299
476 299
66 300
173 300
294 300
121 301
217 301
61 302
212 302
375 302
169 303
189 303
307 303
396 303
415 303
86 304
26 305
316 305
375 305
99 306
171 306
359 306
398 306
84 307
235 307
46 308
357 308
81 309
179 309
200 309
400 309
167 310
268 310
285 310
404 310
119 311
196 311
291 311
339 311
463 311
254 312
276 312
280 312
137 313
200 313
291 313
298 313
447 313
56 314
60 314
99 314
249 314
195 315
306 315
390 315
14 316
255 316
266 316
410 316
72 317
393 317
335 318
455 318
50 319
94 319
171 319
431 319
163 320
318 320
361 321
131 322
170 322
206 322
433 322
435 322
147 323
200 323
240 323
437 323
169 324
281 324
294 324
319 324
70 325
111 325
203 325
236 325
419 325
126 326
206 326
107 327
234 327
274 327
347 327
91 328
109 328
211 328
299 328
439 328
114 329
161 329
230 329
249 329
83 330
367 330
409 330
424 330
463 330
26 331
112 331
129 331
194 331
387 331
145 332
406 332
424 332
161 333
413 333
125 334
260 334
337 334
409 334
411 334
143 335
155 335
98 336
308 336
415 336
69 337
96 337
124 337
338 337
187 338
219 338
43 339
434 339
221 340
316 340
378 340
475 340
119 341
121 341
137 341
202 341
217 341
339 341
455 341
109 342
155 342
284 342
171 343
233 343
237 343
401 343
251 344
368 344
417 344
382 345
298 346
388 347
401 348
426 348
78 349
103 349
210 349
309 349
369 349
425 349
154 350
195 350
301 350
350 350
150 351
197 351
405 351
465 351
118 352
245 352
390 352
269 353
278 353
305 353
76 354
140 354
182 354
193 355
226 355
309 355
72 356
237 356
355 356
449 356
347 357
414 357
125 358
285 358
334 358
380 358
467 358
152 359
207 360
337 361
206 362
219 362
238 362
256 362
395 362
453 362
99 363
125 363
291 363
44 364
176 364
335 364
397 364
335 365
349 365
136 366
249 366
351 366
415 366
382 367
474 367
99 368
149 368
301 368
353 368
175 369
202 369
296 369
335 369
456 369
83 370
325 370
399 371
420 372
136 373
190 373
230 373
303 373
407 373
68 374
123 374
163 374
399 374
358 375
368 375
371 375
59 376
305 376
327 376
399 376
147 377
282 377
476 377
160 378
161 378
424 378
41 379
80 379
134 379
329 379
461 379
172 380
174 380
185 380
245 380
390 381
196 382
386 382
110 383
282 383
293 383
226 384
257 384
345 384
425 384
427 384
108 385
171 385
239 385
61 386
211 386
417 387
160 388
311 388
413 388
347 389
104 390
448 390
108 391
428 391
77 392
360 392
90 393
224 393
144 394
253 394
211 396
253 397
274 397
377 398
393 398
132 399
300 399
363 399
238 400
286 400
436 400
367 401
75 402
267 402
299 402
351 402
423 402
281 403
394 403
181 404
209 404
265 404
407 404
90 405
222 405
452 405
145 406
156 406
167 406
266 406
336 406
383 406
87 407
206 408
223 408
105 409
311 409
368 409
440 409
89 410
473 410
103 411
283 411
396 411
252 412
271 412
339 412
426 412
295 413
55 414
131 414
223 414
324 414
353 414
412 414
254 415
442 416
72 417
368 417
297 418
458 418
117 419
127 419
181 419
220 419
251 419
222 420
265 420
282 420
382 420
269 421
235 422
250 422
265 422
116 423
130 423
340 423
412 424
167 426
193 426
325 426
52 427
111 427
116 427
352 427
394 427
427 427
70 428
87 428
367 428
445 428
141 429
275 429
294 429
403 429
139 430
210 430
310 430
199 432
339 432
110 433
197 433
383 433
460 433
473 433
100 434
257 434
390 435
140 436
180 436
198 436
125 437
243 437
260 438
290 438
123 439
243 439
415 439
97 440
225 440
261 440
84 441
165 441
307 441
319 441
288 442
290 442
405 442
432 442
230 443
369 444
96 445
201 446
213 446
402 446
429 446
68 447
82 447
123 447
211 447
216 447
269 447
448 447
475 447
94 448
109 448
354 448
186 449
336 449
461 449
217 450
353 450
301 451
296 452
336 453
420 453
176 454
334 454
82 455
249 455
375 455
63 456
217 456
318 456
417 456
435 456
232 457
81 458
106 458
337 458
351 458
364 458
168 459
297 460
389 460
201 461
233 461
235 461
314 461
391 461
137 462
295 462
450 462
177 463
190 464
430 464
215 465
224 465
120 466
258 466
466 466
95 467
157 467
239 467
433 467
56 469
96 469
148 469
241 469
405 469
418 469
434 469
288 470
313 470
226 471
349 471
391 471
273 472
293 472
93 473
119 473
167 473
328 473
103 474
135 474
193 474
207 474
284 474
227 475
285 475
403 475
415 475
79 476
182 476
305 476
307 476
362 476
438 476
451 476
347 477
304 478
360 478
82 479
94 479
159 479
325 479
117 480
394 480
432 480
133 481
347 481
405 481
120 483
58 484
320 484
296 486
359 486
362 486
377 486
406 486
439 486
266 487
330 487
393 487
94 488
162 488
199 488
216 488
252 488
318 488
345 488
405 488
106 489
267 489
172 490
174 490
318 490
107 491
200 491
454 491
91 492
288 492
314 492
343 492
341 493
378 493
216 494
76 495
204 495
360 495
405 495
223 496
255 496
341 496
408 496
119 497
242 497
312 497
362 497
471 497
93 498
138 498
173 498
238 499
259 499
408 499
150 501
204 501
324 501
410 501
427 501
441 501
221 502
271 502
57 504
118 504
103 505
335 506
392 506
410 506
426 506
91 507
177 507
251 507
139 508
78 509
225 509
360 509
167 510
334 510
439 510
90 511
232 511
299 511
404 512
423 512
168 513
193 513
304 513
441 513
373 514
389 514
406 515
117 516
265 516
130 519
180 519
268 519
340 519
408 519
455 519
193 520
263 520
297 520
195 521
234 521
266 521
385 521
403 521
311 522
249 523
387 523
319 525
355 525
132 528
314 529
209 530
335 530
241 532
260 532
300 532
422 532
148 533
162 534
385 534
403 534
173 535
245 535
261 535
315 535
351 535
381 535
269 536
421 536
92 537
135 538
217 538
367 538
230 539
370 539
380 540
407 540
439 540
233 541
331 541
106 542
235 542
151 543
178 543
424 544
195 545
204 545
166 546
176 546
377 546
439 546
364 547
459 547
78 548
182 548
299 548
344 548
378 548
245 549
262 549
95 550
139 550
183 550
246 550
379 550
422 550
194 551
265 551
312 551
109 552
124 552
168 552
375 552
382 552
422 552
198 553
254 553
242 554
257 554
211 556
216 556
232 558
245 558
357 558
411 558
434 558
139 559
156 559
321 559
217 561
269 561
360 561
455 561
174 562
302 562
356 562
161 563
251 563
253 563
173 564
239 564
294 564
254 565
298 565
332 565
205 566
207 566
176 567
223 567
241 567
292 567
81 568
276 568
263 569
330 569
409 569
144 570
244 570
97 571
129 572
182 572
226 572
303 572
305 572
309 572
370 572
232 575
323 576
407 576
182 577
196 577
228 577
320 577
231 578
344 578
293 579
119 580
261 580
237 581
273 581
201 582
277 582
363 582
221 584
340 585
329 586
224 587
300 587
250 588
156 589
195 589
206 589
302 589
349 589
350 589
173 590
365 591
379 591
193 592
124 593
286 593
345 593
178 594
263 594
266 594
394 594
272 595
371 595
358 596
232 597
304 597
183 599
355 599
407 601
243 602
297 602
189 604
152 605
320 605
130 606
113 607
262 609
397 609
231 610
378 614
141 615
197 615
333 615
297 616
166 617
283 617
355 617
184 618
204 618
394 619
268 620
124 621
226 622
209 623
346 623
192 626
313 626
162 628
365 628
266 630
336 630
137 631
298 631
281 633
176 637
