133 1
263 1
276 2
118 3
286 3
328 3
370 3
410 5
103 7
190 7
201 7
211 8
226 8
303 8
387 8
160 9
175 9
348 9
237 10
250 10
145 12
264 12
318 12
90 13
80 14
362 14
405 15
127 16
278 17
287 17
115 18
180 19
190 19
335 19
172 20
213 20
299 20
199 21
246 21
308 21
345 21
383 21
105 22
159 22
235 23
258 23
426 23
151 24
93 25
268 25
320 25
140 26
359 28
401 28
438 28
283 29
122 31
202 31
298 31
371 31
216 32
330 32
70 33
190 33
109 34
172 34
246 34
415 34
165 35
235 35
154 36
307 36
340 36
386 36
101 37
93 38
261 38
273 39
356 39
80 40
144 40
203 43
279 43
288 43
289 43
321 43
327 43
363 43
438 43
210 44
407 44
68 45
176 45
200 45
216 45
288 45
451 45
118 46
186 46
211 46
182 47
189 47
249 47
300 47
170 48
302 48
157 49
336 49
426 49
102 50
169 50
158 52
306 52
148 53
322 54
98 55
367 55
369 55
87 56
189 56
205 57
218 57
229 57
232 57
243 57
319 57
406 57
73 58
193 58
205 58
226 58
251 58
292 58
179 59
238 59
294 59
167 60
268 60
271 60
417 60
455 60
121 61
171 61
175 61
124 62
164 62
277 62
306 62
342 62
283 63
289 63
388 63
56 64
428 64
102 65
385 65
96 66
157 66
219 67
313 67
142 68
204 68
397 68
190 69
208 69
219 69
229 69
253 69
330 69
411 69
87 70
216 70
241 70
192 71
251 71
448 71
181 72
246 72
253 72
271 72
343 72
375 72
167 73
286 73
343 73
125 74
422 74
79 75
120 75
339 75
466 75
159 76
69 77
150 77
117 78
201 78
210 78
313 78
436 78
478 78
63 79
217 79
304 79
398 79
222 80
225 80
240 80
316 80
366 80
180 81
363 81
230 82
233 82
237 82
406 82
259 83
273 83
287 83
50 85
91 85
151 86
162 86
291 86
455 86
90 87
297 87
330 87
385 87
421 87
85 88
92 88
123 88
190 89
82 90
210 90
348 90
75 91
178 91
180 91
194 91
473 91
277 92
350 92
389 92
172 93
361 93
388 93
392 93
252 94
440 94
60 95
107 95
115 95
357 95
361 95
413 95
264 96
400 96
397 99
91 100
141 100
185 100
188 100
202 100
131 101
139 101
179 101
181 101
183 101
194 101
227 101
238 101
373 101
426 101
46 102
211 102
232 102
276 102
380 102
250 103
284 103
316 103
464 103
383 104
166 105
127 106
255 106
292 107
327 107
412 107
69 108
155 108
361 108
268 109
447 109
105 110
112 110
331 110
424 110
309 111
333 111
356 111
58 112
185 112
226 112
279 112
336 113
177 114
236 114
462 114
288 115
318 115
43 116
247 116
286 116
321 116
323 116
377 116
408 116
433 116
292 117
472 117
258 118
301 118
332 118
374 118
80 119
114 120
302 120
349 120
72 121
307 121
279 122
110 123
145 123
282 123
479 123
186 124
386 124
422 124
451 124
236 125
63 126
136 126
171 126
189 126
240 126
196 127
218 127
244 127
263 127
329 127
93 128
177 128
432 128
53 129
252 130
335 130
126 131
157 131
380 131
469 131
302 132
82 133
119 133
279 133
310 133
408 133
259 134
315 134
351 134
376 134
145 135
320 135
346 135
35 136
109 136
479 136
198 137
269 137
226 138
63 139
229 139
211 140
300 140
450 140
180 141
425 141
96 142
129 142
174 142
226 142
281 142
340 142
158 143
246 143
237 144
251 144
311 144
341 144
403 144
433 144
49 146
88 146
119 146
289 146
347 146
144 147
467 147
262 148
413 148
78 149
382 149
38 151
108 151
138 151
182 151
201 151
199 152
220 152
224 153
227 153
229 153
327 153
392 153
130 154
160 154
173 154
277 154
307 154
447 154
70 155
241 156
232 157
430 157
454 157
282 158
412 158
91 159
119 159
149 159
250 159
139 161
53 162
379 162
112 163
302 163
323 163
329 163
420 163
114 164
262 164
423 164
438 164
464 164
188 165
200 165
226 165
360 165
131 166
160 166
271 166
160 167
313 167
76 168
154 168
158 168
281 168
366 168
406 168
167 169
235 170
337 170
447 170
105 171
238 171
288 171
295 171
427 171
146 172
153 172
249 172
34 173
67 173
478 174
92 175
378 175
30 176
139 176
190 176
266 176
325 176
327 176
56 178
160 178
181 178
132 179
187 179
355 179
404 179
461 179
179 180
316 180
89 181
171 181
292 181
176 182
231 182
277 182
367 182
390 182
418 182
81 183
133 183
169 183
242 183
293 183
128 184
130 184
426 184
448 184
124 185
252 185
298 185
348 185
469 185
428 186
125 187
165 187
196 187
46 188
74 188
190 188
102 189
144 189
209 189
305 189
348 189
117 190
209 190
267 190
287 190
289 190
380 190
434 190
37 191
123 191
143 191
176 191
135 192
183 192
221 192
228 192
411 192
95 193
333 193
385 193
116 194
173 194
336 194
438 194
108 195
62 196
276 196
441 196
466 196
299 197
393 197
84 198
342 198
25 199
108 199
110 199
151 199
415 199
51 200
255 200
206 201
260 201
103 202
170 202
178 202
210 202
262 202
45 203
102 203
128 203
218 203
288 203
83 204
161 204
169 204
225 204
422 204
451 204
44 205
46 205
165 205
268 205
118 206
157 206
312 206
334 206
352 206
478 206
382 207
406 207
95 209
140 209
154 209
296 209
318 209
459 209
77 210
155 210
193 210
38 211
387 211
434 211
66 212
74 212
208 212
237 212
63 214
68 215
327 215
392 215
92 216
150 216
286 216
370 216
88 217
132 217
50 218
269 218
444 218
29 219
80 219
221 219
416 219
85 220
162 220
309 220
477 220
273 221
292 221
140 222
142 222
47 223
103 223
190 223
271 223
400 223
120 224
257 224
316 224
381 224
435 224
60 225
197 225
360 225
43 226
100 226
118 226
456 226
119 227
157 227
192 227
206 227
278 227
26 228
137 228
154 228
365 228
388 229
153 230
169 230
345 230
425 230
463 230
54 231
76 231
97 231
266 231
304 231
408 231
130 232
245 232
263 232
444 232
113 233
148 233
222 233
73 234
146 234
222 234
251 234
287 234
374 234
393 234
70 235
95 235
89 236
126 236
130 236
192 236
248 236
44 237
186 237
230 237
268 237
271 237
312 237
416 237
63 238
146 238
198 238
91 239
123 239
177 239
229 239
335 239
434 239
41 240
67 240
167 240
187 240
196 240
273 240
332 240
87 241
120 241
123 241
295 241
473 241
59 242
138 242
174 242
420 242
124 243
162 243
261 243
85 244
241 244
300 244
407 244
81 245
279 245
295 245
82 246
86 246
209 246
322 246
388 246
445 246
458 246
35 247
54 248
158 248
391 248
266 249
302 249
52 250
96 250
250 250
187 251
371 251
150 252
227 252
50 253
99 253
321 253
397 253
419 253
461 253
204 254
241 254
438 254
94 255
111 255
442 255
32 256
76 256
147 256
197 256
275 256
403 256
171 257
200 257
231 257
245 257
26 258
292 258
366 258
52 259
127 259
145 259
233 259
262 259
426 259
140 260
141 260
67 261
281 261
316 261
330 261
92 262
70 263
72 263
429 263
43 265
136 265
164 265
236 265
252 265
282 265
65 266
103 266
160 266
320 266
374 266
390 266
454 266
44 267
66 267
88 267
153 267
185 267
393 267
41 268
199 268
270 268
117 269
361 269
378 269
399 269
68 270
81 270
155 270
197 270
288 270
375 270
88 271
181 271
201 271
204 271
222 271
343 271
435 271
84 272
307 272
325 272
417 272
462 272
148 274
207 274
258 274
442 274
113 275
172 275
178 275
204 275
227 275
245 275
327 275
361 275
386 275
468 275
34 276
287 276
387 276
424 276
277 277
79 278
115 278
128 278
350 278
209 279
75 280
207 280
231 280
295 280
211 281
278 281
334 281
351 281
373 281
428 281
451 281
131 282
214 282
250 282
369 282
30 283
194 283
281 283
393 283
433 283
230 284
353 284
418 284
92 285
126 285
142 285
333 285
357 285
213 286
284 286
335 286
340 287
356 287
399 287
236 288
282 288
375 288
420 288
476 288
50 289
217 289
284 289
299 289
73 290
236 290
303 290
383 290
399 290
102 291
119 291
182 291
402 291
25 292
89 292
289 293
90 294
121 294
322 294
308 295
363 295
412 295
44 296
85 296
117 296
155 296
172 296
188 296
342 296
465 296
153 297
204 297
324 297
370 297
391 297
260 298
273 298
307 298
409 298
428 298
64 299
84 299
242 299
89 300
366 300
390 300
416 300
84 301
191 301
204 301
273 301
294 301
394 301
115 302
130 302
396 302
244 303
314 303
369 303
262 304
352 304
396 304
280 305
357 305
374 305
379 305
458 305
36 306
220 306
320 306
349 306
420 306
61 307
105 307
165 307
283 307
357 307
132 309
263 309
322 309
357 309
382 309
107 310
190 310
251 310
306 310
159 311
269 311
306 311
354 311
55 312
99 312
106 312
143 312
176 312
204 312
303 312
284 313
465 313
143 314
428 314
447 314
81 315
220 315
225 315
304 315
77 316
116 316
286 316
389 316
118 317
188 317
327 317
330 317
141 318
272 318
308 318
375 318
173 319
291 319
330 319
360 319
394 319
430 319
130 320
221 320
362 320
392 320
115 321
314 321
154 322
256 322
342 322
434 322
457 322
142 323
169 323
202 323
219 323
415 323
45 324
336 324
338 324
112 325
228 325
242 325
376 325
126 326
322 326
69 327
198 327
229 327
462 327
202 328
421 328
251 329
347 329
349 329
439 329
87 330
92 330
202 331
267 331
302 331
325 331
351 331
40 332
167 332
217 332
330 332
422 332
137 333
266 333
286 333
326 333
351 333
151 334
196 334
233 334
369 334
447 334
248 335
327 335
355 335
308 336
330 336
392 337
62 338
234 338
268 338
311 338
201 339
474 339
133 340
254 340
359 340
395 340
56 341
329 341
194 342
415 342
198 343
295 343
80 344
338 344
343 344
383 344
95 345
116 345
194 345
97 346
214 346
293 346
294 346
460 346
95 347
239 347
279 347
320 347
343 347
421 347
438 347
207 348
298 348
347 348
403 348
300 349
322 349
94 350
97 350
191 350
228 350
244 350
344 350
73 351
350 351
50 352
144 352
192 352
264 352
247 353
248 353
268 353
446 353
96 354
325 354
88 355
128 355
45 357
328 357
257 358
347 358
357 358
281 359
309 359
155 360
219 360
350 360
433 360
456 360
66 361
126 361
398 362
142 363
183 364
199 364
35 365
124 365
294 365
406 365
101 366
217 366
266 366
318 366
363 366
461 366
195 367
239 367
249 367
259 367
290 367
318 367
337 367
137 368
193 368
232 368
262 368
341 368
413 368
438 368
81 369
155 369
229 370
322 370
325 370
53 371
121 371
370 371
58 372
241 372
227 373
330 373
302 374
306 374
372 374
226 375
282 375
397 375
55 376
114 376
147 376
284 376
312 376
350 376
448 376
46 377
100 377
150 377
152 377
95 378
128 378
379 378
426 378
77 379
131 379
219 379
258 379
311 379
316 379
477 379
204 380
221 380
245 380
292 380
95 381
128 381
342 381
359 381
107 382
112 382
224 382
295 382
403 382
45 383
252 383
357 383
432 383
69 384
462 384
186 385
241 385
297 385
368 385
126 386
141 386
143 386
237 386
244 386
319 386
341 386
437 386
298 387
67 388
235 388
256 388
303 389
216 390
374 391
419 391
473 391
239 392
305 392
136 393
285 393
395 393
450 393
115 394
135 394
375 394
378 394
58 395
139 396
360 396
362 396
115 397
429 397
106 398
290 398
295 398
338 398
78 400
129 401
340 401
389 401
404 401
130 402
385 402
153 403
295 403
221 404
353 404
434 404
261 405
322 405
436 405
149 406
236 406
325 406
332 406
370 406
374 406
167 407
248 407
357 407
245 408
289 408
305 408
312 408
307 409
357 409
375 409
418 409
448 409
124 410
236 410
238 410
337 410
476 410
98 411
363 411
401 411
64 412
124 412
188 412
226 412
338 412
116 413
234 413
310 413
161 415
319 415
408 415
84 416
88 416
210 416
274 417
324 417
206 418
211 418
268 418
289 418
110 419
295 419
300 419
463 419
129 420
354 420
111 421
153 421
157 421
180 421
279 421
107 422
137 422
211 422
257 422
103 423
244 423
277 423
285 423
80 424
206 424
358 424
395 424
244 425
268 425
281 425
357 425
147 426
253 426
290 426
427 426
171 427
309 427
367 427
124 428
431 428
318 429
363 429
399 429
452 429
69 430
94 430
122 430
142 431
221 431
238 431
429 431
432 431
123 432
372 432
374 432
99 433
116 433
233 433
159 434
225 434
61 435
188 435
234 435
284 435
375 435
87 436
97 436
154 436
278 436
333 436
335 436
140 437
211 437
217 437
264 437
380 437
151 438
94 439
117 439
207 439
476 439
266 440
275 440
303 440
338 440
268 441
297 441
347 441
82 442
208 442
247 442
289 442
386 442
447 442
252 443
343 443
399 443
422 443
111 444
274 444
425 444
240 445
244 445
285 445
257 446
266 446
365 446
435 446
426 447
120 448
232 448
193 449
317 449
328 449
149 450
431 450
190 451
466 451
67 452
109 452
144 452
187 452
333 452
374 452
435 452
136 453
190 453
221 453
374 453
192 454
280 454
289 454
267 455
292 455
419 455
97 456
135 456
273 456
447 456
281 457
298 457
278 458
294 458
305 458
132 459
183 459
214 459
279 459
427 459
85 460
168 460
252 460
463 460
170 461
172 462
285 462
351 462
155 463
279 463
363 463
160 464
169 464
237 464
244 464
269 464
144 466
226 466
367 466
370 466
407 466
468 466
109 467
403 467
411 467
440 467
381 468
141 470
419 471
422 472
278 473
100 474
315 474
391 474
425 474
89 475
273 476
298 476
428 476
455 476
120 477
309 477
316 477
327 477
342 477
244 478
354 478
174 479
178 479
230 479
330 479
364 479
172 480
283 480
343 480
353 480
222 481
232 481
246 481
397 481
170 482
402 482
163 483
235 483
469 483
151 485
200 485
137 486
374 486
379 486
382 487
445 487
389 488
414 488
116 489
198 489
317 489
375 489
314 491
388 491
198 492
278 492
304 492
330 492
306 493
170 494
293 494
318 494
197 495
277 495
285 495
180 496
265 496
274 496
300 496
340 496
196 497
228 497
347 497
428 497
240 498
363 498
438 498
273 499
159 500
230 500
381 501
132 502
360 502
369 502
117 503
147 503
318 504
381 504
448 504
308 505
363 505
314 506
331 506
397 506
381 507
101 508
246 510
209 511
243 511
163 512
181 512
418 512
256 513
211 514
227 514
233 514
252 514
170 515
173 515
178 515
267 515
164 517
435 517
130 518
313 518
149 519
306 519
111 520
322 520
341 520
360 520
373 520
400 520
331 522
284 523
299 523
337 523
385 524
196 525
402 525
238 527
184 528
215 528
227 528
414 528
270 529
243 531
247 531
430 532
145 533
128 535
355 535
301 536
305 536
165 537
308 537
329 538
326 539
358 539
364 539
192 541
354 541
358 541
379 542
359 543
220 544
396 544
239 546
254 546
385 546
267 547
412 548
304 549
152 552
164 552
308 552
323 553
191 555
318 555
371 555
339 556
350 556
211 557
241 557
256 557
268 558
278 558
382 558
251 559
270 559
227 560
309 560
253 561
401 561
168 567
195 569
209 570
323 570
345 570
250 571
302 571
226 572
274 572
334 572
353 572
284 573
359 573
288 582
205 583
218 584
274 586
298 586
328 586
237 587
248 587
254 587
