259 2
447 2
151 4
104 5
113 5
132 5
268 5
280 5
395 5
165 6
170 6
295 6
410 6
186 7
466 7
213 9
354 9
308 10
230 11
477 11
371 13
424 13
244 15
127 16
262 17
331 17
144 18
442 18
157 19
165 19
172 19
278 19
388 19
291 21
96 22
187 22
199 22
210 22
109 23
455 23
347 24
229 25
307 26
411 26
120 27
361 28
472 28
136 30
248 30
167 31
271 32
292 33
318 33
381 33
435 33
398 34
196 35
340 36
214 37
450 37
107 39
414 39
462 40
97 41
125 41
227 42
358 42
359 42
118 43
123 43
125 43
147 43
132 44
141 44
429 44
437 44
474 44
128 45
374 45
276 46
146 47
156 47
160 47
168 47
294 47
175 48
194 48
448 48
188 49
269 49
305 49
172 50
181 50
220 50
322 50
293 51
328 51
393 51
291 52
301 52
328 53
335 53
311 54
414 54
330 56
332 56
426 56
470 56
358 57
101 58
112 58
130 59
346 59
355 59
146 60
160 60
247 60
88 61
123 61
199 61
270 61
368 61
370 61
79 62
186 62
218 62
237 62
199 63
243 63
444 63
258 64
260 64
285 64
386 64
248 65
276 65
393 65
380 66
303 67
310 67
466 71
417 73
95 74
172 74
363 74
104 75
113 75
165 75
198 75
230 75
365 75
376 75
433 75
80 76
269 76
347 76
121 77
125 77
156 77
173 77
200 77
201 77
251 77
262 77
386 77
69 78
218 78
283 78
257 79
371 79
446 79
263 80
274 80
298 80
288 81
409 84
308 86
466 87
200 88
352 88
372 88
135 89
180 89
239 89
375 89
431 89
109 90
118 90
140 90
146 90
160 90
206 90
332 90
93 91
101 91
137 91
180 91
183 91
221 91
389 91
73 92
82 92
256 92
272 92
396 92
124 93
283 93
293 93
386 93
394 93
301 94
340 94
398 94
291 95
294 95
302 95
359 98
417 99
434 100
460 101
143 102
369 102
383 102
127 103
139 103
141 103
161 103
476 103
111 104
196 104
209 104
384 104
317 105
139 106
173 106
193 106
226 106
244 106
258 106
301 106
328 106
335 106
399 106
93 107
172 107
284 107
402 107
83 108
198 108
305 108
328 108
63 109
74 109
174 109
190 109
346 110
428 111
346 112
355 113
447 114
366 116
126 117
140 117
255 118
390 118
398 118
470 118
115 119
233 119
268 120
308 120
398 120
414 120
199 121
323 121
292 122
304 122
95 123
107 123
198 123
215 123
407 123
164 124
416 124
178 125
85 126
139 126
346 126
453 126
74 127
65 128
362 130
372 130
115 131
242 131
264 131
407 131
474 131
219 132
392 132
198 133
210 133
227 133
229 133
414 133
196 134
205 134
407 134
204 136
284 136
435 136
154 137
315 137
334 137
435 137
139 138
161 138
96 140
137 140
250 140
129 141
268 141
370 142
373 142
375 142
386 142
454 142
234 143
79 144
209 144
391 144
417 144
91 145
199 145
230 145
388 145
386 146
477 146
69 147
407 147
419 147
63 148
149 148
301 149
425 150
135 151
144 151
147 151
287 151
322 151
433 151
266 152
113 153
118 153
246 153
339 153
355 153
379 153
134 154
198 155
215 155
380 155
462 155
104 156
110 156
226 156
194 157
404 158
92 159
97 160
478 160
84 161
160 161
162 161
301 161
312 161
315 161
75 162
166 162
294 162
158 163
58 164
147 164
152 164
269 164
307 164
354 164
143 165
218 165
257 165
276 165
431 165
130 166
260 166
353 166
128 167
223 167
245 167
347 167
367 167
371 167
457 167
120 168
242 168
379 168
386 168
109 169
367 169
226 170
378 170
100 171
103 171
105 171
173 171
181 171
194 171
292 172
325 172
329 172
333 172
341 172
412 172
343 173
420 173
474 173
177 174
284 174
303 174
394 174
402 174
405 174
411 174
278 175
83 176
89 176
143 176
406 176
79 177
418 177
432 177
68 179
133 179
143 179
229 179
232 179
223 180
247 180
254 180
131 181
134 181
231 181
266 181
112 182
201 182
214 182
229 182
269 182
380 182
110 183
116 183
226 183
290 183
455 183
197 184
317 184
381 184
58 185
307 185
395 185
185 186
189 186
369 186
170 187
180 187
411 187
470 188
278 190
285 190
50 191
242 191
72 192
223 192
286 192
299 192
424 192
281 193
439 193
83 194
126 194
431 194
438 194
214 195
235 195
309 195
124 197
321 197
327 197
337 197
340 197
355 197
375 197
186 198
192 198
198 198
201 198
305 198
382 198
384 198
458 198
177 199
317 199
77 200
178 200
315 200
324 200
330 200
401 200
176 201
275 201
278 201
417 201
66 202
158 202
173 202
261 202
414 202
263 203
403 203
471 203
247 204
423 204
144 206
212 206
435 206
123 208
363 208
376 208
330 209
342 209
117 210
132 210
356 210
387 210
310 211
315 211
453 211
286 212
394 212
79 213
90 213
166 213
185 213
274 214
395 214
104 215
260 215
399 215
112 216
64 217
159 217
229 217
231 217
248 217
260 217
267 217
420 217
475 218
227 219
201 220
138 221
357 221
391 222
50 223
130 223
193 223
330 223
342 223
312 224
369 224
448 224
175 226
274 226
411 226
466 226
81 227
258 227
120 228
406 228
233 229
235 229
70 230
431 230
36 232
101 232
103 232
153 232
103 233
341 233
357 233
132 234
307 234
146 235
326 235
363 235
385 235
445 235
131 236
297 236
320 236
256 237
290 237
294 237
385 237
58 238
94 238
180 239
293 239
394 239
464 239
238 240
245 240
88 241
128 241
242 241
144 242
146 242
171 242
275 242
150 243
220 243
268 243
116 244
143 244
429 244
475 244
47 245
355 245
118 246
224 246
385 246
389 246
430 246
75 247
257 247
322 247
324 247
363 247
373 247
438 247
208 248
316 248
331 248
250 249
248 250
293 250
301 250
251 251
455 251
189 252
276 252
63 253
170 253
229 253
187 254
190 254
227 254
358 255
373 255
159 256
357 256
409 256
412 256
472 256
134 257
187 257
312 257
343 257
364 257
213 258
321 258
354 258
373 258
118 259
127 259
208 259
251 259
254 259
255 260
304 260
429 260
107 261
292 261
442 262
70 264
235 264
274 264
279 264
145 265
157 265
154 266
346 266
367 266
39 267
213 267
322 267
352 267
372 267
454 267
139 268
147 269
207 269
412 269
86 270
119 270
239 270
419 270
294 271
309 271
462 271
64 272
411 272
431 272
114 273
118 273
175 273
279 273
107 274
275 274
113 275
434 275
56 276
169 276
172 276
241 276
270 276
275 276
131 277
167 277
243 277
255 277
268 277
443 277
479 278
97 279
155 279
128 280
323 280
329 280
341 280
345 280
359 280
371 280
390 280
394 280
209 281
308 281
335 281
120 282
388 282
175 283
178 283
300 283
42 284
198 284
294 284
460 284
126 285
152 285
403 285
406 285
421 285
116 287
291 287
299 287
275 288
280 288
246 289
268 289
109 290
239 290
243 290
253 290
102 291
107 291
187 291
473 291
245 292
360 292
386 292
29 293
66 293
174 293
227 293
329 293
339 293
346 293
105 294
350 294
445 294
231 295
304 295
310 295
97 296
222 296
264 296
296 296
98 297
308 297
54 298
92 298
212 298
402 298
458 298
173 299
290 299
157 300
284 300
286 300
123 301
83 302
165 302
248 302
122 303
436 303
431 304
469 304
196 305
428 305
42 306
70 306
191 306
190 307
270 307
268 308
437 308
145 309
182 309
193 309
300 309
404 309
257 310
330 310
345 310
406 310
185 311
219 311
400 311
448 311
176 312
252 312
178 313
221 313
247 313
321 313
62 314
173 314
245 314
250 314
284 314
246 315
310 315
371 315
28 316
171 316
206 316
243 316
379 316
422 316
460 316
86 317
94 317
140 317
174 317
273 317
307 317
131 318
202 318
207 318
303 318
311 318
358 318
89 319
164 319
378 319
54 320
204 320
265 320
290 320
432 321
261 322
305 322
338 322
330 323
281 324
390 325
473 325
45 326
250 326
277 326
302 326
448 326
73 327
144 327
149 327
190 327
379 327
408 327
315 328
369 328
404 328
95 329
182 330
212 330
351 330
455 330
237 331
311 331
316 331
263 332
290 332
308 332
418 332
429 332
166 333
141 334
339 334
430 334
63 335
256 335
302 335
33 336
107 336
466 336
106 337
272 337
434 337
179 338
325 338
161 339
394 339
111 340
135 340
315 340
375 340
382 340
25 341
52 341
193 341
244 341
366 341
446 341
471 341
132 342
134 342
152 342
171 342
286 342
414 342
107 343
154 343
418 343
128 344
263 344
300 345
415 346
479 346
22 347
257 347
323 347
70 348
236 348
421 348
455 348
342 349
126 350
40 351
184 351
227 351
275 351
295 351
379 351
436 352
144 353
250 353
285 353
462 354
162 355
359 355
365 355
387 355
409 355
108 357
136 357
224 357
267 357
330 357
56 358
175 358
196 358
283 358
302 358
350 358
135 359
220 359
241 359
108 360
415 360
448 360
29 361
56 361
104 361
343 361
473 362
128 364
322 364
79 365
193 365
214 365
236 365
260 365
427 365
167 366
190 366
390 366
392 366
395 366
97 367
478 367
313 368
333 368
385 368
74 369
166 369
230 369
309 369
72 370
90 370
93 370
252 370
356 370
365 370
440 370
145 371
184 371
204 371
397 371
20 372
90 372
303 372
409 372
125 373
274 373
305 374
351 374
417 374
458 374
121 375
119 376
179 376
185 376
303 376
339 378
466 378
57 379
156 379
290 379
321 379
432 379
119 380
377 380
389 380
437 380
30 381
58 381
75 381
181 381
262 381
371 381
383 381
97 382
317 382
341 382
437 382
52 383
136 383
179 383
318 383
375 383
388 383
401 383
74 384
98 384
129 384
174 384
287 384
54 387
174 387
190 387
218 387
233 387
329 387
366 387
289 388
332 388
334 388
410 388
24 389
253 389
329 389
53 390
69 390
168 390
207 390
212 390
275 390
458 390
65 391
167 391
173 391
329 391
125 392
230 392
231 392
45 393
467 393
185 394
373 394
377 394
67 395
89 395
108 395
205 395
381 395
433 395
126 396
247 396
426 396
142 397
167 397
184 397
230 397
269 397
121 398
165 398
232 398
385 398
101 399
106 399
368 399
281 400
318 400
445 400
284 401
304 401
339 401
367 401
137 402
322 402
34 403
243 403
320 403
342 403
136 404
197 404
461 404
298 405
341 405
346 405
414 405
176 406
262 406
54 407
279 407
376 407
132 408
226 408
283 408
297 408
381 408
138 409
358 409
471 409
94 410
113 410
134 410
335 410
24 411
238 411
356 411
383 411
129 412
172 412
313 412
395 412
191 413
295 413
359 413
432 413
126 414
298 414
356 414
43 415
222 415
276 415
314 415
396 415
90 416
108 416
259 416
336 416
361 416
442 416
312 418
187 419
294 419
309 419
377 419
408 419
449 419
165 420
104 421
222 421
239 421
81 422
205 422
37 423
142 423
225 423
257 423
296 423
325 423
376 423
377 423
413 423
62 424
121 424
97 425
185 425
239 425
275 425
390 425
465 425
423 426
310 427
478 427
239 428
383 428
65 429
358 429
172 430
217 430
435 430
58 431
61 431
89 431
114 431
137 431
224 431
310 431
328 431
54 432
221 432
61 433
131 433
256 433
313 433
401 433
25 434
153 434
200 434
275 434
221 435
443 435
291 436
298 436
47 437
51 437
326 437
129 438
167 438
235 438
309 438
359 438
19 439
411 440
455 440
201 441
298 442
343 442
45 443
73 443
125 443
152 443
205 443
293 443
181 444
240 444
276 444
396 444
471 444
163 445
273 445
375 445
465 445
39 446
259 446
477 446
315 447
427 447
94 448
145 448
202 448
298 448
405 448
122 449
205 449
218 449
223 449
257 449
278 449
429 449
65 450
87 450
200 450
255 450
379 450
439 450
92 451
296 451
317 451
368 451
381 451
31 452
98 452
160 452
274 452
438 452
176 453
239 453
258 453
386 453
438 453
94 454
235 454
357 455
385 455
57 456
108 456
257 456
283 456
412 456
26 457
87 457
203 457
262 457
278 457
336 457
105 458
373 458
453 458
188 459
237 459
265 459
279 459
315 459
372 459
390 459
129 460
201 460
394 460
418 460
51 461
172 461
259 461
324 461
206 462
400 462
468 462
74 463
100 463
127 463
141 463
221 464
394 464
128 465
279 465
187 466
171 467
226 467
327 467
96 468
102 468
127 468
257 468
345 468
403 468
407 468
363 469
260 470
67 471
281 471
285 471
288 471
326 471
373 471
124 472
283 472
309 472
331 472
368 472
388 472
445 472
114 473
312 473
354 473
227 474
420 474
230 475
325 475
453 475
464 475
187 476
354 476
210 477
247 477
111 478
204 478
249 478
267 478
285 478
380 478
62 479
289 479
376 479
223 480
315 480
187 481
383 481
403 481
134 482
428 482
188 483
270 483
310 483
408 483
430 483
434 483
473 483
54 484
191 484
209 484
250 484
296 484
313 484
382 484
277 485
311 485
339 485
295 486
81 487
416 487
152 488
231 488
149 489
210 489
297 489
394 489
81 490
100 490
173 490
274 490
349 490
414 490
97 491
215 491
271 491
101 492
193 493
302 493
453 493
74 494
95 494
117 494
191 494
147 495
306 495
130 496
192 496
114 497
180 497
342 497
90 498
62 499
126 499
174 499
326 499
366 499
157 500
471 500
85 501
439 501
143 502
105 503
109 503
161 503
198 503
263 503
311 503
387 503
440 503
85 504
122 504
180 504
287 504
292 504
313 504
159 505
225 506
241 506
447 506
199 507
272 507
297 507
50 508
98 508
208 508
358 508
426 508
335 509
97 510
120 510
135 510
138 510
141 510
273 510
460 510
203 511
210 511
384 511
134 512
180 512
231 512
250 513
206 514
299 514
385 514
408 514
439 514
415 515
417 515
474 515
68 516
150 519
169 519
128 520
302 520
148 521
163 521
59 522
167 522
306 522
123 523
125 523
144 523
281 523
450 523
118 524
142 524
94 525
121 525
218 525
261 525
77 526
193 526
356 526
145 527
316 527
333 527
361 527
150 528
193 528
241 528
476 528
266 529
68 530
365 530
413 530
111 531
286 531
315 531
341 531
178 533
271 533
420 533
96 534
180 534
231 534
324 534
367 534
130 535
184 535
208 535
253 535
298 536
320 536
348 536
428 536
373 537
185 538
377 538
392 538
299 539
114 540
160 540
215 540
278 540
445 540
80 541
142 541
149 541
240 541
454 541
332 542
162 543
262 543
335 543
411 543
151 544
283 544
286 544
98 545
222 545
468 545
172 546
371 547
322 549
184 550
253 550
318 550
427 550
179 551
186 551
352 551
272 552
299 552
324 552
356 553
439 553
115 554
233 554
447 554
130 555
336 555
217 556
466 556
146 557
191 557
285 558
305 558
87 559
98 559
241 559
415 559
376 560
196 561
333 561
376 561
162 562
206 562
242 562
342 562
173 564
177 564
248 564
212 565
432 565
349 566
384 566
446 566
110 567
177 567
316 567
360 567
183 568
215 568
235 568
147 569
195 570
282 570
357 570
461 570
474 570
94 571
318 571
401 571
156 572
234 573
367 573
167 574
329 574
411 574
423 576
273 579
276 580
303 580
350 580
381 580
210 581
438 581
107 583
223 583
252 583
97 584
182 584
395 584
451 584
134 585
138 585
148 585
184 585
189 585
317 586
319 586
195 587
270 587
360 587
406 587
260 588
161 590
420 590
210 591
234 591
331 591
207 592
236 592
338 593
368 593
374 593
434 593
334 594
171 595
107 596
297 596
339 596
384 596
95 597
138 598
179 598
128 599
274 600
136 601
258 601
269 601
354 601
399 601
149 603
231 603
323 604
415 605
290 606
157 607
333 608
371 608
107 612
118 612
177 612
220 612
343 612
284 613
135 614
253 614
271 614
361 616
389 616
192 617
312 617
153 618
236 618
170 621
319 621
331 623
257 625
353 625
218 627
279 627
163 630
238 632
194 633
307 634
320 635
265 637
