164 2
249 2
312 2
116 3
300 3
200 4
284 8
236 9
141 10
408 10
355 11
422 11
456 11
467 11
102 12
182 12
227 12
269 13
375 13
389 13
440 13
346 14
171 15
318 16
332 16
215 17
254 18
307 18
82 22
113 23
199 23
241 23
291 24
150 25
453 25
464 26
439 28
226 29
351 29
391 29
406 29
475 29
99 30
271 30
371 30
414 30
177 31
335 31
213 32
259 32
319 32
427 32
137 33
308 34
438 34
81 35
246 36
282 38
455 38
118 39
202 39
292 39
160 40
473 41
227 42
357 43
369 44
383 44
106 45
268 45
403 45
185 46
421 46
348 47
142 48
212 48
249 48
438 48
337 49
314 50
329 50
137 51
168 52
446 52
460 52
296 53
305 53
142 54
236 54
282 54
83 56
122 56
474 56
153 57
188 57
232 57
388 57
361 58
373 59
406 59
254 60
126 61
217 61
221 61
351 61
414 61
108 62
433 63
237 64
170 65
323 65
96 66
199 66
335 66
134 67
209 67
312 67
289 69
452 69
150 71
272 71
370 71
389 71
463 71
408 72
255 73
397 73
473 73
146 74
339 74
354 74
115 75
75 76
148 76
171 76
214 76
325 76
420 76
142 78
295 78
160 79
137 80
185 80
288 80
432 80
288 81
152 82
445 82
453 82
270 83
275 83
286 83
217 84
356 84
107 85
131 85
257 85
315 85
334 85
347 85
373 85
461 85
60 86
157 87
235 87
324 87
397 87
410 88
122 89
311 90
313 90
84 91
424 91
192 92
289 92
473 92
219 93
141 94
78 95
305 95
439 95
108 96
359 96
174 97
343 97
202 98
327 98
334 98
106 99
388 99
235 100
246 100
164 101
241 101
300 101
373 101
399 101
65 102
187 102
459 102
90 103
121 103
283 103
309 103
83 104
223 104
267 104
56 105
260 105
294 105
421 105
149 106
155 106
261 106
211 107
330 108
475 108
172 109
323 109
347 109
390 109
438 109
106 110
247 110
302 110
311 110
132 111
135 111
405 111
197 113
232 113
357 114
289 115
456 115
279 116
295 116
262 117
372 117
384 117
464 118
87 119
176 119
331 119
346 119
428 119
317 121
243 122
296 122
306 122
400 122
201 123
80 124
112 124
360 124
413 124
442 124
164 125
270 125
228 126
129 127
156 127
386 127
411 127
460 129
214 130
334 130
181 131
260 131
398 132
64 133
251 133
343 133
469 133
92 134
170 134
434 134
116 135
355 135
202 136
301 136
312 136
319 136
368 136
84 137
163 137
282 139
383 139
421 139
186 140
101 141
134 141
217 141
445 141
240 142
398 142
46 143
153 143
268 144
354 144
404 144
407 144
337 145
200 146
234 146
361 146
373 146
458 146
60 147
171 147
252 147
315 147
324 147
402 148
408 148
299 149
424 149
86 150
118 150
470 150
218 151
285 151
391 151
160 152
439 152
187 153
404 153
437 153
131 155
264 155
274 155
326 155
334 155
351 155
412 155
46 156
76 157
105 157
233 157
449 157
178 158
202 158
371 158
312 159
383 159
149 160
423 160
298 161
247 162
375 163
395 163
437 163
466 163
61 164
214 164
435 164
141 165
105 166
137 166
188 166
324 166
81 167
167 167
271 167
308 167
405 167
164 168
199 168
259 168
353 168
361 168
416 168
478 168
86 169
108 169
151 169
230 169
312 169
344 169
415 170
450 170
128 171
282 171
300 171
385 171
153 172
156 172
195 172
374 172
99 173
248 173
287 173
47 174
427 174
113 175
213 175
317 175
330 175
70 176
231 176
273 176
286 176
350 176
94 177
182 177
464 177
41 178
129 178
144 178
285 178
358 178
434 178
435 178
115 179
166 179
262 179
395 179
402 179
474 179
197 180
369 180
62 181
119 181
140 181
176 182
221 182
253 182
408 182
83 183
170 183
294 183
307 183
312 184
333 184
105 185
384 185
386 185
417 185
452 185
107 186
51 187
148 188
344 188
413 188
74 189
225 189
365 189
177 190
184 190
269 190
355 190
190 191
370 191
463 191
201 192
398 192
429 192
255 193
160 194
305 194
311 194
314 194
328 194
385 194
419 194
65 195
175 195
212 195
248 195
312 195
320 195
433 195
85 196
179 196
341 196
157 197
184 197
347 197
445 197
134 198
160 198
274 198
57 199
83 199
115 199
191 199
404 199
96 200
358 200
232 201
371 201
421 202
460 202
263 204
278 204
380 204
432 204
144 205
393 205
153 206
161 206
179 206
218 206
252 206
310 206
328 206
466 206
68 207
103 207
347 208
192 209
284 209
295 209
401 209
90 210
236 210
275 210
364 210
44 211
139 211
447 211
117 212
132 212
207 212
409 212
268 213
423 213
318 214
160 215
56 216
111 216
144 216
158 216
327 216
113 217
241 217
384 217
194 219
355 219
394 219
71 220
254 220
433 220
458 220
168 221
211 221
256 221
350 221
366 221
406 221
87 222
292 222
306 222
329 222
272 223
230 224
260 224
416 224
353 225
444 225
467 225
106 226
181 226
378 226
335 227
426 227
201 228
347 228
391 228
475 228
220 229
92 230
157 230
330 230
455 230
34 231
356 231
52 232
75 232
111 232
172 232
252 232
336 232
91 233
212 233
306 233
237 234
278 234
292 234
314 234
365 234
120 235
155 235
189 235
124 236
418 236
140 237
166 237
227 237
323 237
333 237
375 237
404 237
26 238
105 238
143 238
202 238
423 238
81 239
429 239
445 239
82 240
250 241
383 241
179 242
234 242
59 243
115 243
155 243
350 243
214 244
392 244
458 244
278 245
308 245
359 245
84 246
231 246
295 246
38 247
92 247
319 247
19 248
205 248
369 248
402 248
187 249
262 249
425 249
445 249
465 249
128 250
168 250
218 250
224 250
240 250
332 250
68 251
253 251
104 252
108 252
207 252
113 253
141 253
177 253
283 253
343 253
218 254
380 254
435 255
474 255
191 256
352 256
390 256
416 256
359 257
230 258
274 258
309 258
314 258
326 258
460 258
27 259
266 259
297 259
42 260
154 260
204 260
58 261
75 261
165 261
258 261
289 261
446 261
371 262
401 262
430 262
195 263
219 264
87 265
128 265
178 265
339 265
242 266
354 266
383 266
17 267
147 267
413 267
439 267
469 267
65 268
276 269
311 269
121 270
265 270
395 270
36 271
188 271
360 271
229 272
477 272
140 273
207 273
215 273
256 273
286 273
326 273
337 273
456 273
164 274
182 274
427 274
296 275
407 276
242 277
354 277
369 277
384 277
5 278
74 278
311 278
51 279
233 279
84 280
127 280
463 280
24 281
214 282
322 282
41 283
82 283
154 283
165 283
179 283
225 283
332 283
441 283
111 284
281 284
362 284
396 284
100 285
175 285
202 285
213 285
263 285
288 285
298 285
471 285
97 286
159 286
229 286
384 286
164 287
226 287
340 287
229 288
308 288
244 289
318 289
35 290
407 290
424 290
427 290
477 290
65 291
206 291
219 291
234 291
355 291
451 291
8 292
148 292
146 293
182 293
326 293
130 294
204 294
382 294
26 295
46 295
223 295
224 295
263 295
228 296
272 296
279 296
366 296
192 297
255 297
345 297
390 297
459 297
98 298
195 299
306 299
433 299
337 300
58 301
172 301
181 301
286 301
354 301
432 301
243 302
377 302
397 302
467 302
139 303
211 303
430 303
155 304
321 304
446 304
18 305
37 306
128 306
160 306
299 306
362 306
232 307
266 307
331 307
276 308
432 308
475 308
238 309
308 309
71 310
183 310
251 310
350 310
406 310
8 311
369 311
390 311
90 312
164 313
320 313
414 313
49 314
130 314
202 314
286 314
427 314
457 314
148 315
143 316
273 316
360 316
440 316
210 317
378 317
400 317
174 318
216 318
243 318
294 318
331 318
421 318
174 319
259 320
301 320
387 320
96 321
64 322
465 322
209 323
238 323
339 323
313 324
426 324
20 325
125 325
449 325
232 326
434 326
80 327
277 327
373 327
153 328
260 328
395 328
403 328
284 329
416 329
90 330
104 330
293 330
325 330
11 331
164 332
256 332
433 332
472 332
35 333
137 333
202 333
405 333
54 334
222 334
300 334
246 335
427 335
445 335
459 335
178 336
348 337
217 338
314 338
239 339
279 339
369 339
390 339
132 340
269 340
413 340
26 341
84 341
44 342
285 342
357 342
430 342
433 342
65 343
115 343
142 343
193 343
262 343
321 343
375 344
95 345
342 345
469 345
210 346
421 346
399 347
423 347
156 348
298 348
455 348
227 349
307 349
381 349
127 350
170 350
252 350
438 350
19 351
188 351
347 351
364 351
426 351
405 352
331 353
37 354
56 354
108 354
137 354
476 354
162 357
318 357
370 357
199 358
283 358
70 359
356 359
336 360
393 360
11 361
33 361
104 361
150 361
292 361
451 361
465 361
158 362
264 362
337 362
360 362
412 362
152 363
87 364
119 364
196 364
416 364
436 364
86 365
221 365
241 365
299 365
360 365
51 366
182 366
169 367
324 367
395 367
400 367
474 367
119 368
131 368
337 368
455 368
131 369
264 369
344 369
143 370
341 371
440 371
7 372
135 372
240 372
148 373
327 373
346 373
365 373
80 374
180 374
220 374
261 374
307 374
401 374
425 375
48 376
90 377
207 377
385 377
462 377
24 378
151 378
166 378
286 378
411 378
96 379
195 379
258 379
312 379
339 379
446 379
142 380
94 381
153 381
219 381
358 381
180 382
332 382
239 383
374 383
467 383
77 384
134 384
140 384
274 384
450 384
58 385
390 385
433 385
110 386
125 386
192 386
255 386
347 386
315 387
38 388
112 389
163 389
291 389
380 389
410 389
89 390
176 390
256 390
274 390
398 390
423 390
439 390
455 390
16 391
208 391
474 391
330 392
333 392
364 392
135 393
241 393
221 394
327 394
105 395
120 395
123 395
335 395
399 395
402 395
135 396
86 398
105 398
379 398
285 399
300 399
419 399
443 399
176 400
192 400
67 401
134 401
433 401
90 402
224 402
245 402
162 403
463 403
207 404
46 405
335 405
448 405
7 406
132 406
302 406
394 406
23 407
146 407
299 407
357 407
423 407
428 407
383 408
114 409
343 409
369 409
57 410
113 410
192 410
249 410
229 411
320 411
453 411
177 412
132 413
320 413
270 414
279 414
289 414
164 415
258 415
288 415
303 415
347 415
213 416
372 416
386 416
441 416
67 417
386 417
401 417
458 417
236 418
310 418
415 418
431 418
90 419
113 419
314 419
335 419
340 419
440 419
48 420
292 420
359 420
366 420
434 420
461 422
177 423
196 423
298 423
421 424
145 425
216 425
249 425
432 425
11 426
335 426
405 426
447 426
29 427
63 427
376 427
98 428
109 428
128 428
338 428
160 429
436 429
220 430
289 430
112 431
263 431
325 431
335 431
145 432
45 433
275 433
346 433
354 433
410 433
422 433
227 434
451 434
202 436
417 436
303 437
437 437
472 437
96 438
182 438
382 438
411 438
423 438
39 440
61 440
239 440
348 440
366 440
97 441
113 441
131 441
163 441
3 442
47 442
57 442
221 442
425 442
21 443
415 443
456 443
318 444
374 444
400 444
79 445
141 445
256 445
332 445
443 445
291 446
478 446
206 447
270 447
384 447
68 448
282 448
37 449
60 449
186 449
128 451
167 451
374 451
431 451
312 452
349 452
393 452
211 453
231 453
17 454
114 454
362 454
418 454
449 454
467 454
97 455
139 455
137 457
239 457
340 457
400 457
406 457
192 458
305 458
378 458
173 459
216 459
421 459
452 459
152 460
282 460
327 460
44 461
176 461
254 461
391 461
270 462
297 462
429 462
473 463
421 464
17 465
175 465
407 465
116 466
142 466
157 466
178 467
228 467
131 468
164 468
457 468
99 469
145 469
206 469
274 469
281 469
182 470
426 470
60 471
82 471
173 471
351 471
155 472
252 472
324 472
38 473
239 473
264 473
366 474
16 475
49 475
307 475
144 476
214 476
396 476
443 476
63 477
197 477
412 477
462 477
218 478
161 479
298 479
422 479
121 480
168 480
225 481
384 481
432 481
288 482
415 482
447 482
43 483
137 483
399 483
275 484
315 484
359 484
60 485
103 485
239 485
256 485
337 485
470 485
18 487
154 487
451 487
86 488
195 488
126 489
372 489
388 489
401 489
47 491
205 491
327 491
306 492
434 492
272 493
110 494
456 494
68 495
216 495
298 495
160 496
243 496
255 496
477 496
142 497
290 497
392 497
24 499
50 499
222 499
247 500
277 500
316 500
441 500
93 501
176 501
274 502
348 502
423 502
169 503
306 503
364 504
379 504
176 505
123 506
162 506
423 506
440 506
446 506
29 507
264 507
467 507
296 508
340 508
412 508
181 509
398 509
150 510
325 510
369 510
77 511
189 511
319 511
413 511
185 512
213 512
108 513
384 513
182 514
308 514
425 514
357 515
436 515
454 515
48 516
161 516
193 516
135 517
225 517
199 518
263 518
303 518
345 518
371 518
253 519
32 520
60 520
89 520
197 520
235 520
407 520
405 521
444 521
390 522
143 523
171 523
123 524
209 524
328 524
428 524
151 525
41 526
157 526
290 526
72 527
278 527
319 527
361 527
464 527
155 529
98 530
187 530
312 530
374 530
385 530
449 530
264 531
108 532
161 532
223 532
252 532
472 532
46 533
243 533
413 533
160 534
347 534
455 534
202 535
302 535
342 535
334 536
294 537
394 537
439 537
139 538
169 538
463 538
68 539
115 539
212 539
368 539
136 540
176 540
327 541
422 541
247 542
319 542
199 543
151 544
257 544
402 544
102 545
355 545
452 545
471 545
180 546
221 546
233 546
280 546
343 546
270 547
307 547
374 548
390 548
125 549
183 549
195 549
84 550
130 551
295 551
435 551
456 551
206 552
30 553
162 553
416 553
61 554
152 554
331 555
250 557
399 558
41 559
72 559
105 559
150 559
219 559
236 559
321 559
265 560
307 561
446 561
152 562
407 562
427 562
350 563
365 563
81 564
455 564
193 565
341 565
161 566
279 566
331 566
53 567
91 567
125 567
410 567
229 569
265 569
436 569
241 570
254 570
469 571
65 572
314 572
376 573
72 574
101 574
174 574
326 575
414 575
447 575
190 576
403 576
358 577
354 578
420 578
297 579
331 579
151 580
88 582
284 582
319 582
354 582
53 583
122 583
225 583
347 583
161 584
269 584
403 584
460 584
174 585
241 585
310 586
257 587
342 587
386 587
183 588
439 588
470 588
71 589
364 590
419 590
140 592
418 592
341 593
82 594
205 594
291 595
300 595
321 595
91 596
219 596
242 596
267 596
429 596
150 597
105 598
351 599
404 599
378 601
120 603
168 604
274 604
181 605
252 605
351 605
387 605
301 606
319 607
331 607
366 607
416 607
136 608
406 611
94 612
432 612
262 615
109 616
166 616
245 617
297 617
121 618
221 618
308 619
336 619
400 619
389 620
455 620
182 621
413 621
435 621
137 623
195 623
224 626
255 626
317 629
330 629
334 629
109 631
120 634
422 634
411 635
436 635
285 636
400 637
