145 2
399 2
258 3
300 3
436 4
166 6
214 6
379 6
343 7
277 9
412 9
186 10
231 10
351 10
455 10
286 12
323 12
243 13
394 13
200 15
135 16
368 16
425 16
149 17
165 17
260 18
212 19
182 20
304 20
343 21
384 22
441 22
228 23
271 23
315 24
411 24
245 26
108 27
129 27
288 27
361 27
396 28
473 28
144 29
261 31
375 31
162 32
179 32
199 32
335 32
423 32
216 34
460 35
352 36
236 38
427 38
284 39
390 39
106 41
438 41
464 41
146 42
296 43
148 44
203 44
320 44
159 45
257 45
348 46
406 46
376 48
277 49
125 50
157 50
172 50
236 50
328 50
109 52
128 52
140 52
184 52
324 53
357 53
454 53
293 54
256 55
300 55
398 57
360 58
429 58
318 59
159 60
270 60
359 61
163 62
134 63
285 64
344 64
372 64
178 65
471 65
99 66
112 66
200 67
216 68
340 68
416 68
260 69
301 69
135 70
229 70
448 70
416 73
349 74
359 74
249 75
318 75
391 75
344 76
352 76
132 77
145 77
157 77
180 77
115 78
170 78
101 79
280 79
195 80
433 80
220 81
332 81
373 81
404 81
221 82
373 82
293 83
236 84
276 84
369 84
214 85
467 85
350 86
253 87
375 88
414 88
144 89
155 89
192 89
306 89
133 90
176 90
269 90
450 90
109 91
119 91
390 91
211 92
250 92
363 92
96 93
398 94
425 94
233 95
280 95
364 95
290 97
320 97
374 98
371 99
195 100
347 100
387 101
169 102
251 102
303 102
400 102
110 103
128 103
146 103
158 103
334 103
220 104
265 104
412 104
94 106
269 107
444 107
280 108
415 108
316 109
402 109
471 109
196 110
392 110
347 111
414 111
370 112
391 113
219 114
238 114
290 114
424 115
217 116
123 117
135 117
148 117
157 117
104 118
402 118
174 119
302 119
332 119
459 119
94 120
431 120
263 121
307 121
121 122
383 122
78 124
214 124
365 124
413 124
344 126
445 126
465 127
228 128
284 128
167 129
366 129
370 129
147 130
160 130
127 131
164 131
240 131
294 132
190 133
396 133
170 134
253 134
91 135
166 135
202 135
356 135
478 135
291 136
427 136
331 137
221 138
72 139
268 139
308 140
407 140
197 141
234 141
343 141
385 141
459 141
287 142
182 143
162 144
197 144
442 145
124 146
179 146
395 146
113 147
212 147
318 147
362 147
367 147
469 147
100 148
420 148
76 149
366 149
373 150
89 151
232 151
62 153
131 153
255 153
151 155
272 155
161 156
178 156
264 156
332 156
454 156
194 157
304 157
205 158
355 158
114 159
310 159
384 159
390 159
431 159
216 160
285 160
407 160
315 162
339 162
82 163
94 163
102 163
228 163
338 163
466 163
382 164
439 164
68 166
104 166
240 166
241 166
345 166
367 166
419 167
368 168
396 168
447 168
138 169
174 169
158 170
200 170
258 170
119 172
218 172
271 172
303 172
331 172
355 172
362 172
392 173
67 174
98 175
406 176
477 176
280 177
312 178
230 179
356 179
434 179
136 180
154 180
201 180
247 180
84 181
174 181
185 181
456 181
326 182
198 183
259 183
297 184
224 185
374 185
70 186
328 186
419 186
121 188
275 188
350 189
154 190
240 190
469 190
97 191
167 191
136 192
188 192
399 192
450 192
50 193
381 193
427 194
202 195
257 195
293 196
83 197
318 197
119 199
123 199
201 199
398 200
461 201
238 202
416 202
67 203
162 203
197 204
305 204
128 205
227 205
243 205
394 205
193 206
285 206
351 206
376 206
444 206
177 207
232 208
298 208
328 208
51 209
87 209
131 209
252 209
382 209
199 210
471 210
114 212
215 212
263 212
405 214
102 215
229 216
374 216
38 217
74 217
385 217
434 217
314 218
343 218
369 218
242 219
277 219
311 219
457 219
161 220
181 221
65 222
416 222
195 223
292 223
104 224
118 224
130 224
138 224
165 224
173 224
208 224
326 224
123 225
49 226
174 226
214 226
398 226
262 227
356 227
92 228
442 228
220 229
303 229
424 229
382 231
470 232
77 233
237 233
277 233
339 234
447 234
366 235
147 236
152 236
220 236
106 237
168 237
182 237
252 237
64 238
141 238
196 238
392 238
217 239
234 239
58 240
128 240
433 240
91 241
243 241
295 241
272 242
415 242
266 243
104 244
329 244
376 244
46 245
119 245
353 245
77 246
214 246
277 246
306 246
462 247
195 248
176 249
401 249
421 249
164 250
285 250
68 251
106 251
444 251
150 252
27 253
224 254
267 254
409 254
340 255
57 256
87 256
133 256
298 257
47 258
120 258
200 258
321 258
370 258
392 258
472 258
233 259
175 260
186 260
238 260
162 261
215 261
238 261
74 263
114 263
351 263
108 264
332 264
35 265
252 265
378 265
143 266
315 266
453 266
63 267
94 268
260 268
404 269
437 269
126 271
218 271
229 271
54 272
166 272
181 272
199 272
215 272
270 272
342 272
365 272
84 273
298 273
386 273
147 274
257 274
442 274
17 275
467 275
230 276
244 276
247 276
328 277
407 277
42 278
109 278
237 278
67 280
450 281
427 282
94 283
356 283
371 283
393 283
43 284
123 284
150 284
201 284
217 284
253 284
375 284
395 284
423 284
136 285
187 285
315 285
28 286
170 286
344 286
295 287
432 287
135 289
234 289
52 290
161 290
346 290
478 290
55 291
321 291
366 291
382 291
331 292
457 292
76 293
80 293
107 293
20 294
148 294
304 294
439 294
329 295
403 295
194 297
364 297
214 298
283 298
38 299
354 300
133 301
313 301
390 301
125 302
168 302
229 302
467 302
72 303
408 303
86 304
162 304
252 304
262 304
156 306
279 306
413 306
14 307
46 307
74 307
430 307
98 308
156 308
242 308
339 308
472 308
53 309
295 309
395 309
451 309
145 310
362 310
369 311
112 312
199 312
186 313
214 313
269 313
322 313
369 313
55 314
70 314
174 315
58 316
87 316
252 316
222 317
400 317
478 317
129 318
458 318
40 319
162 319
286 319
18 320
101 320
305 320
328 320
392 320
406 320
440 320
233 322
352 322
247 323
374 323
59 324
249 325
79 326
144 326
195 326
242 326
115 327
356 327
406 327
184 328
269 328
223 329
332 329
343 329
426 329
91 330
210 330
354 330
395 330
466 330
54 331
167 331
221 331
293 331
314 331
429 331
448 331
33 332
250 333
106 334
151 334
224 334
224 335
414 335
126 336
204 336
431 337
25 338
47 338
297 338
65 339
366 339
202 340
322 340
454 340
141 341
183 341
234 341
235 341
345 341
384 341
80 342
158 342
249 342
321 342
96 344
279 344
478 344
19 346
58 346
115 346
440 348
133 349
73 350
170 350
461 350
36 351
362 351
225 352
265 352
316 352
340 352
393 352
266 353
332 353
51 355
145 355
299 355
323 355
463 355
285 356
88 358
202 358
8 359
427 359
447 359
65 360
250 360
278 360
30 362
158 362
214 362
382 362
398 362
351 363
124 364
142 364
188 364
413 364
320 365
430 365
472 365
5 366
82 366
234 366
43 367
271 367
457 368
67 369
169 369
202 369
305 369
368 369
218 370
154 371
22 374
121 374
138 374
418 374
450 374
479 374
255 375
390 375
402 375
435 375
173 377
50 378
72 378
236 379
67 380
188 380
356 380
178 381
220 381
322 381
308 382
273 383
340 383
291 384
422 384
162 385
16 386
36 386
387 386
53 387
206 387
375 387
406 387
439 387
49 388
82 388
136 388
149 388
239 388
118 389
256 389
324 389
179 390
43 391
50 391
308 391
66 392
224 392
12 393
196 393
394 394
473 394
101 395
428 396
272 397
456 397
291 398
80 399
342 399
360 399
446 399
136 400
209 400
410 400
402 401
47 402
118 402
254 402
326 402
479 402
30 403
183 403
376 403
10 404
234 404
76 405
152 405
170 405
362 405
135 406
190 406
396 406
274 407
465 407
45 408
62 408
431 408
438 409
342 410
192 411
234 411
50 412
185 412
289 412
14 413
98 414
179 414
76 415
119 415
310 415
398 415
414 415
76 416
202 416
252 416
343 416
360 416
406 416
437 416
169 417
180 417
453 417
190 418
472 418
33 419
159 419
221 419
272 420
378 421
97 422
327 422
344 422
53 423
76 423
168 423
416 423
141 424
299 424
313 424
14 425
64 425
119 425
399 425
162 426
432 426
190 427
315 428
343 428
266 429
444 430
170 431
279 431
74 432
247 432
380 432
313 433
344 433
366 433
478 433
146 434
422 434
464 434
171 435
35 437
295 437
324 437
435 437
55 438
98 438
187 438
352 440
381 440
398 440
429 440
15 441
78 441
124 441
153 441
306 441
182 442
414 442
411 444
267 445
353 445
365 445
435 445
454 446
37 447
248 448
337 448
383 449
159 450
190 450
319 450
471 450
134 451
58 453
222 453
78 454
210 454
88 455
201 455
233 455
257 455
16 456
295 456
322 456
366 456
38 457
351 458
400 458
478 458
416 459
120 460
139 460
169 460
333 460
426 460
274 461
322 461
369 462
440 462
459 462
108 463
331 464
297 465
60 466
248 466
145 467
383 467
182 468
80 469
291 469
422 469
43 470
94 470
125 470
232 470
265 470
349 470
366 471
193 472
285 472
466 472
219 473
339 474
288 475
153 476
64 477
131 477
392 478
415 478
454 478
101 479
311 479
346 479
358 479
326 481
441 481
161 483
216 483
282 483
97 484
203 484
225 484
377 484
478 484
46 485
86 485
185 485
251 485
180 486
239 486
429 486
26 487
197 487
139 488
216 488
361 488
67 489
242 489
391 489
461 489
133 490
322 490
202 491
231 491
298 491
92 494
404 494
112 495
155 495
318 495
337 495
96 496
121 496
278 496
420 496
122 497
263 497
336 497
148 498
354 498
468 498
71 499
86 499
448 499
210 500
202 501
370 501
34 502
418 502
126 504
252 504
260 504
338 504
404 504
164 505
224 505
291 506
367 507
171 508
310 508
435 508
110 509
332 509
139 510
179 510
58 511
348 511
388 511
95 512
243 512
39 513
223 513
454 514
136 515
157 515
279 515
79 516
192 516
209 516
223 518
270 518
118 519
277 519
340 519
141 520
299 520
405 520
438 520
234 521
372 521
421 521
318 522
64 523
169 523
231 523
330 523
333 523
356 523
460 523
103 524
146 525
175 525
181 525
47 526
85 526
254 526
156 528
194 529
334 529
130 530
244 530
280 530
310 531
370 531
228 532
325 532
405 532
468 532
73 533
385 533
442 533
203 534
344 534
166 535
213 535
229 535
348 536
354 536
55 537
212 537
344 537
423 537
230 538
233 538
267 538
98 539
118 539
141 539
305 539
176 541
248 541
448 541
203 542
427 542
282 543
364 543
152 544
320 544
194 545
131 546
234 546
207 547
214 547
359 547
396 547
214 549
108 550
267 550
167 551
354 551
378 552
90 553
286 554
314 554
322 554
411 554
458 554
72 555
118 555
331 555
393 555
427 555
149 557
184 558
251 558
444 558
412 559
228 560
100 561
203 561
217 561
159 562
302 562
57 563
132 563
272 563
167 564
347 564
445 564
389 565
81 566
366 566
295 567
64 570
251 570
313 570
185 571
111 572
146 572
406 572
89 573
242 573
199 574
220 574
281 574
307 574
333 574
380 574
303 576
72 577
433 577
419 578
295 579
350 580
98 581
288 581
297 581
373 581
187 582
321 582
255 583
151 584
287 584
109 586
204 586
226 586
85 588
174 588
220 588
237 588
401 588
282 589
337 589
304 591
145 592
268 592
363 593
96 594
356 594
254 595
323 596
420 596
289 597
137 598
379 598
406 599
349 600
271 601
370 603
159 604
264 604
398 605
145 608
248 608
214 609
385 610
276 612
349 612
163 614
373 614
316 617
258 618
180 619
358 619
234 620
383 621
278 624
333 626
307 630
354 632
330 638
