417 1
205 2
260 2
246 4
122 5
157 5
436 5
368 8
232 9
322 9
352 9
453 9
185 10
311 10
385 10
286 11
301 11
338 11
141 12
362 12
402 12
470 13
418 14
214 15
173 16
268 16
100 17
431 18
125 20
200 21
244 21
380 21
158 22
370 22
446 22
86 23
308 24
232 25
316 25
333 25
345 26
361 26
398 26
465 26
146 27
185 27
292 27
414 27
214 29
275 29
106 30
478 31
260 32
375 35
238 37
380 37
434 37
84 38
157 38
299 38
316 38
456 38
189 39
334 39
119 40
307 40
348 40
393 40
140 42
220 42
280 42
414 42
146 43
182 43
359 43
272 44
474 44
109 45
261 45
76 46
165 46
195 46
205 46
430 46
168 47
362 48
371 48
96 49
240 50
390 50
193 51
442 51
154 52
261 52
297 52
314 52
451 52
227 53
283 53
332 53
121 54
402 54
182 55
83 56
146 56
271 56
396 56
462 56
345 57
359 57
199 58
252 58
476 58
369 59
139 60
424 61
152 62
158 62
174 62
297 62
373 62
103 63
234 63
264 64
386 64
445 64
97 65
366 65
154 66
315 66
209 67
286 67
329 67
400 67
194 68
278 68
342 68
87 69
461 69
113 70
159 70
257 70
355 70
198 71
409 71
248 72
239 73
469 73
475 73
168 74
371 74
420 74
130 75
226 76
375 76
433 76
135 77
187 77
384 77
67 78
199 78
102 79
214 79
302 79
316 79
445 79
260 80
265 80
151 81
254 81
327 81
381 81
404 81
269 82
379 82
88 83
342 83
168 84
307 84
117 85
197 85
462 85
231 86
359 86
419 86
127 88
473 88
376 89
70 90
142 90
180 90
398 90
220 91
295 91
381 91
433 91
449 91
302 92
209 93
428 93
98 94
135 94
172 94
270 94
320 94
398 94
250 95
328 95
338 95
387 95
397 95
191 96
355 96
413 96
461 96
121 97
315 97
163 98
237 98
88 99
57 100
373 100
221 102
82 103
299 103
446 103
460 103
209 104
311 104
408 104
286 105
145 106
179 106
270 106
319 106
340 106
352 106
437 106
477 106
251 107
422 107
42 109
365 109
69 110
238 110
389 110
131 111
191 111
449 111
37 113
372 113
382 113
96 115
162 115
218 115
291 115
319 115
327 115
414 115
138 116
294 116
398 116
464 116
119 118
209 118
259 118
279 118
89 119
364 119
391 119
150 120
351 120
149 121
195 121
358 122
378 122
53 123
176 123
110 124
229 125
312 125
447 125
105 126
136 126
179 126
403 126
217 127
147 128
268 128
282 128
415 128
463 128
47 129
201 129
346 130
423 130
364 131
235 133
374 133
64 134
158 134
327 134
474 134
40 135
91 135
119 135
191 135
347 136
442 136
303 137
318 137
389 137
217 138
320 138
409 138
145 139
80 140
121 140
247 140
260 140
333 140
113 141
171 141
200 141
349 141
110 142
281 142
344 142
458 142
106 143
112 143
137 143
193 143
245 143
255 143
425 143
52 145
343 145
367 145
295 146
377 146
27 147
163 147
231 147
396 149
121 150
198 150
328 150
474 150
95 151
182 151
440 151
415 152
66 153
205 153
346 154
452 154
214 155
317 155
334 155
169 156
230 156
270 156
329 156
111 157
130 157
284 157
389 157
234 158
399 158
97 159
33 160
80 160
365 160
215 162
315 162
419 162
462 162
133 163
329 163
371 163
428 163
470 163
61 164
128 164
51 165
79 165
237 165
344 165
381 165
72 166
97 166
219 166
350 167
173 168
395 169
241 170
288 170
254 171
272 171
446 171
122 172
127 172
361 172
19 173
113 173
189 173
230 173
410 173
455 173
302 174
88 175
316 175
224 176
463 176
163 177
375 177
133 178
424 178
223 179
331 179
82 180
474 180
150 181
179 181
31 182
344 182
387 182
98 183
239 183
267 183
277 183
170 184
256 184
359 184
437 184
147 185
198 185
234 185
290 185
216 186
229 186
50 187
138 187
306 187
404 187
453 188
21 189
69 189
410 189
320 190
373 190
109 192
139 192
181 192
206 192
228 192
416 192
54 193
212 193
239 193
252 193
333 193
64 194
326 194
343 194
464 194
102 195
122 195
268 195
278 195
351 195
386 195
41 196
156 196
428 196
203 197
222 197
170 198
296 198
474 198
59 199
286 199
361 199
130 200
398 200
437 200
77 201
132 201
197 201
444 201
250 202
309 202
30 203
187 204
322 204
409 204
129 205
160 205
236 205
338 205
375 205
145 206
265 206
277 206
220 207
451 207
90 209
107 209
71 210
210 210
291 210
386 210
421 210
303 211
351 211
459 211
46 212
175 213
196 214
202 214
254 214
311 214
247 216
324 216
396 216
429 216
133 217
364 217
15 218
80 218
148 218
236 218
269 218
476 218
99 219
166 219
224 219
280 219
340 219
187 220
407 220
440 220
34 221
59 222
113 222
377 222
215 223
293 223
155 226
355 226
419 226
453 226
205 227
330 227
6 228
172 228
31 229
315 229
394 229
70 230
249 230
339 230
460 230
227 231
262 231
367 231
428 231
135 232
196 232
122 233
239 233
104 234
88 235
270 235
324 235
403 235
434 235
46 236
146 236
166 236
189 236
218 236
247 236
290 236
376 236
469 236
22 237
65 238
272 238
305 238
440 238
334 239
384 239
181 240
208 240
97 241
158 241
328 242
424 242
479 242
15 243
157 243
247 243
258 243
266 243
275 243
454 243
233 244
314 244
36 245
393 245
413 245
113 246
195 246
287 246
345 246
461 246
273 247
370 247
227 248
431 248
125 249
212 249
55 250
138 250
342 250
400 250
422 250
437 251
302 252
150 253
169 253
189 253
248 253
332 253
6 254
134 254
90 255
153 255
238 255
381 255
449 255
105 256
204 256
307 256
313 256
476 256
286 257
338 258
409 259
25 260
44 260
117 260
130 260
267 260
126 261
249 261
131 262
145 262
209 262
229 262
295 262
391 262
64 263
127 263
159 263
319 263
434 263
456 263
220 264
418 266
82 267
191 267
259 267
268 267
14 268
41 268
97 268
142 268
328 268
341 268
248 269
257 269
399 269
444 269
468 269
173 270
210 270
360 270
379 270
131 271
133 271
135 271
41 272
110 272
139 272
203 272
308 272
429 272
153 273
350 273
407 273
58 274
123 274
186 274
448 274
160 275
204 275
387 275
313 276
370 276
169 277
270 277
271 277
290 277
337 277
33 278
120 279
146 279
224 279
326 279
479 279
47 280
91 280
142 280
213 280
416 280
456 280
5 281
106 281
197 281
296 281
317 281
438 281
50 282
358 282
26 283
69 283
256 284
394 284
424 284
132 285
165 285
181 285
277 285
377 285
120 286
235 286
294 286
344 286
462 286
241 287
364 288
85 289
449 289
261 290
411 290
431 290
229 291
327 291
156 292
280 292
291 292
20 293
40 294
101 294
144 294
163 294
228 294
294 294
385 294
418 294
474 294
116 295
311 295
345 295
438 295
193 296
220 296
457 296
305 297
309 297
360 297
262 298
279 298
292 298
299 298
375 298
144 299
332 299
390 299
405 299
126 300
128 300
210 300
7 301
61 301
246 301
97 302
177 302
423 302
189 303
444 303
79 304
363 305
350 306
111 307
463 307
158 308
337 308
411 308
211 309
255 309
383 309
429 309
318 310
367 310
30 311
146 311
265 311
354 311
470 311
74 312
90 312
206 312
219 312
245 312
398 312
452 312
2 313
50 313
212 313
299 313
417 313
144 314
187 314
337 314
147 316
388 316
439 316
156 317
355 317
342 318
47 319
116 320
157 320
169 320
214 320
322 320
478 320
239 321
421 321
103 322
146 322
201 322
286 322
305 322
20 323
85 323
144 323
181 323
332 323
64 325
318 325
408 325
131 326
231 326
115 327
134 327
272 327
299 327
401 327
445 327
223 328
255 328
301 328
391 328
37 329
12 330
363 330
417 330
123 331
308 331
409 331
469 331
282 332
319 332
430 332
60 333
78 333
219 333
310 333
99 334
319 334
335 334
412 334
161 335
208 335
431 335
451 335
153 336
253 336
298 336
379 336
439 336
398 337
2 338
114 338
168 339
478 339
53 340
133 340
177 340
196 340
287 340
365 340
31 341
192 341
415 341
187 342
279 342
314 342
456 342
94 343
164 343
349 343
333 344
225 345
386 345
15 346
295 346
363 346
309 347
71 349
216 349
240 349
258 349
307 349
464 349
50 351
90 351
143 351
199 351
284 351
311 351
402 351
424 351
155 352
200 352
269 352
333 352
376 352
444 352
349 353
115 354
189 355
173 356
250 356
135 357
281 357
3 358
264 358
390 358
471 358
46 359
136 359
211 359
24 360
100 360
289 361
304 362
364 362
375 362
405 362
452 362
42 363
82 363
329 363
126 364
258 365
266 365
346 365
419 365
479 365
52 366
188 366
142 367
181 367
272 368
328 368
264 369
310 369
393 369
456 369
48 370
170 370
361 370
58 371
214 371
280 371
295 371
241 372
405 372
439 372
32 373
56 373
321 373
48 374
202 374
375 374
76 375
231 375
273 375
342 375
8 376
361 376
133 377
196 377
277 377
478 378
26 379
110 379
120 379
190 379
422 379
444 379
462 379
48 380
98 381
391 381
131 382
182 382
273 382
143 383
274 383
19 384
65 384
168 384
287 384
411 384
38 385
212 385
267 385
380 385
430 386
300 387
315 387
451 387
357 388
84 390
56 391
205 391
286 391
332 391
77 392
314 392
395 392
434 392
55 393
194 394
233 394
301 394
375 394
420 394
276 395
16 396
50 396
227 396
353 396
459 396
102 397
179 397
255 397
271 397
49 398
112 398
132 398
222 398
169 399
263 399
277 399
443 399
94 400
265 400
121 401
146 401
159 401
310 401
323 401
326 401
76 402
249 402
294 402
390 402
270 403
350 403
408 403
37 404
351 404
371 404
469 404
63 407
238 408
320 408
427 408
223 409
383 409
260 410
283 410
341 410
451 410
18 411
140 411
187 411
304 411
329 411
53 412
404 412
201 413
359 413
100 414
112 414
141 414
226 414
363 414
416 414
84 415
176 415
46 416
135 416
316 416
158 417
235 417
380 417
434 417
148 418
245 418
274 418
459 418
8 419
240 419
294 419
417 420
466 420
213 421
399 421
333 422
23 424
263 424
353 424
446 424
470 424
140 425
146 426
200 426
207 426
287 426
307 426
412 426
190 427
336 427
170 428
371 428
78 429
94 429
325 429
392 429
57 430
68 430
251 430
386 430
458 430
323 431
331 431
109 432
164 432
177 432
320 432
422 432
123 433
135 433
218 433
409 433
43 434
151 434
277 434
298 434
429 434
437 434
240 435
362 435
37 436
401 437
148 438
473 438
203 439
338 439
350 439
19 440
206 440
452 440
261 441
195 442
229 442
326 442
427 442
139 443
201 443
187 444
214 444
374 444
294 445
310 445
414 445
168 446
253 446
282 446
45 447
65 447
83 447
100 447
141 447
330 447
328 448
468 448
126 449
114 450
115 450
221 450
243 450
32 451
402 451
441 451
22 453
302 453
204 454
343 454
109 455
294 455
315 456
366 456
429 456
192 457
229 458
388 458
134 459
230 459
261 459
333 459
450 459
154 460
179 460
208 460
48 461
57 461
67 461
84 461
300 461
302 461
414 461
39 462
167 462
376 462
469 462
79 463
90 463
157 463
284 463
89 464
306 464
101 465
250 465
400 465
314 466
350 466
115 467
197 468
236 468
245 468
326 468
126 469
296 469
353 469
435 469
134 470
272 470
362 471
458 471
318 472
343 472
32 473
128 473
238 473
326 473
382 473
45 474
146 474
205 474
222 474
338 474
113 475
289 475
359 475
51 476
83 476
162 476
214 476
425 476
72 477
210 477
309 477
332 477
334 477
464 477
59 478
183 478
200 478
257 478
282 478
284 479
409 479
477 479
112 480
114 480
160 480
303 480
445 480
108 481
367 481
394 481
401 481
99 482
133 482
248 482
394 483
202 484
257 484
266 484
342 484
398 484
129 485
157 485
235 485
357 485
146 486
238 486
350 486
294 487
314 487
470 487
31 488
37 488
225 488
131 489
154 489
285 489
381 489
46 491
56 491
174 491
237 491
336 491
374 491
427 491
436 491
190 492
414 492
461 494
79 495
325 495
390 495
401 495
91 496
98 496
112 498
315 498
250 499
294 499
346 499
300 500
130 502
137 502
366 502
291 503
434 503
455 503
162 504
227 504
359 504
380 504
151 505
342 505
44 506
210 506
417 506
333 507
407 507
181 508
196 508
58 509
63 509
127 509
384 509
70 510
98 510
186 511
319 511
361 511
80 512
125 512
146 512
270 512
357 512
372 512
313 513
362 513
113 514
231 514
253 514
354 514
391 514
458 514
474 514
212 515
240 515
212 516
434 516
442 516
136 517
359 517
367 517
302 518
152 519
158 519
212 519
338 519
425 519
170 520
327 521
252 522
293 522
53 523
64 523
73 523
382 523
394 523
83 524
181 524
313 524
405 525
258 526
351 526
89 527
246 527
249 527
326 527
365 527
434 527
98 528
192 528
222 528
449 528
459 528
466 528
204 529
111 530
126 530
236 530
422 530
284 531
349 531
139 533
152 533
339 533
331 534
319 535
161 536
178 536
347 536
439 536
405 538
287 539
303 539
333 539
416 539
433 539
54 540
273 540
354 540
377 540
244 541
367 541
391 541
445 541
75 542
89 542
318 542
461 542
112 543
209 543
103 544
120 544
138 544
228 544
254 544
179 545
186 545
196 546
220 546
270 546
171 547
151 548
159 549
243 549
409 549
251 551
439 551
286 552
306 552
339 552
266 553
410 553
347 554
369 554
439 554
452 554
76 555
251 555
383 555
398 555
464 555
359 556
103 557
335 557
81 558
116 558
190 558
132 559
148 559
197 559
217 559
163 560
206 560
325 560
410 560
177 561
250 562
243 564
264 564
274 566
287 566
304 568
436 568
325 569
339 569
374 570
389 570
403 570
455 571
413 572
86 573
109 573
243 573
356 573
128 574
165 574
180 574
198 574
141 575
154 575
222 575
147 576
240 577
247 579
277 581
290 581
306 581
256 583
318 583
347 583
260 584
337 584
382 584
255 585
399 585
437 585
417 586
449 586
107 587
365 587
130 588
149 588
140 589
212 589
164 590
174 590
186 590
199 590
224 590
245 592
262 594
277 596
255 597
261 597
291 598
302 598
350 598
324 599
358 600
412 600
194 602
202 602
209 602
217 602
373 602
392 602
227 605
264 614
278 614
208 615
294 615
232 617
217 619
265 626
