279 2
388 3
430 3
461 3
312 4
444 4
345 5
414 6
403 7
238 8
268 10
382 10
229 11
374 11
296 12
328 13
198 14
222 16
436 17
463 17
359 18
420 18
252 19
447 19
403 21
284 22
346 22
310 23
379 26
182 27
209 27
233 28
460 28
333 29
442 29
426 30
255 31
275 31
329 32
411 32
294 33
363 33
325 34
392 37
465 38
216 39
375 40
440 40
456 40
239 41
236 42
311 42
344 42
427 42
283 43
280 44
414 44
402 47
208 48
332 49
357 49
185 51
335 51
220 52
292 52
327 52
222 53
246 54
268 54
290 54
377 54
446 54
462 54
432 55
244 56
321 57
175 59
412 59
363 60
280 61
209 62
315 62
208 63
229 64
349 64
351 64
399 64
391 65
231 66
446 66
170 67
289 67
472 67
201 68
267 69
340 69
378 69
438 69
459 69
248 70
268 70
418 72
365 73
424 73
163 74
220 74
299 74
328 74
409 75
261 76
296 76
193 77
238 78
319 78
394 78
290 79
353 79
255 80
292 80
318 80
313 82
380 82
449 82
478 82
463 83
370 84
182 85
209 85
228 85
340 85
437 85
245 86
269 86
304 86
311 86
370 86
438 88
421 89
407 91
425 91
357 92
169 94
390 94
218 95
321 95
459 95
375 96
389 96
473 96
479 96
256 97
291 97
228 98
343 98
375 98
162 100
192 101
441 103
158 104
419 104
186 105
277 105
305 105
330 105
414 105
430 105
402 106
448 106
211 108
351 108
386 108
148 109
211 109
245 110
466 110
180 111
232 112
264 113
320 113
376 113
473 113
367 114
146 115
200 116
407 116
225 117
284 117
336 117
398 117
419 118
424 118
433 118
435 118
223 119
307 120
447 120
305 121
386 121
237 123
272 123
303 123
351 123
213 124
216 124
233 125
458 125
298 126
322 126
370 126
247 127
314 127
337 127
470 127
162 128
479 128
185 130
231 131
437 131
261 132
308 132
405 132
426 132
207 133
231 133
394 133
448 133
282 134
352 135
179 137
226 137
381 137
319 138
250 140
293 140
219 141
296 141
367 142
238 143
269 143
291 143
333 143
190 144
215 144
436 144
452 144
407 145
420 146
472 146
239 147
420 147
147 148
260 148
395 148
406 148
208 149
216 149
305 149
347 150
351 150
239 151
232 152
320 152
375 152
274 154
176 155
336 156
200 157
249 157
449 157
225 159
289 159
357 159
408 159
420 159
433 159
468 159
167 160
223 161
306 161
397 162
303 163
284 164
352 164
386 164
155 165
193 165
322 167
279 168
158 170
239 170
335 170
373 170
429 170
435 170
213 171
442 172
148 173
292 173
416 173
421 173
455 173
181 174
232 174
253 174
360 174
308 175
404 175
434 175
271 176
327 176
404 176
180 177
305 177
395 177
472 177
173 178
302 178
393 178
346 180
348 180
386 181
199 182
245 182
298 182
318 183
373 183
132 184
339 184
313 185
428 186
468 186
436 187
357 188
411 188
161 189
162 189
352 190
392 190
396 190
218 191
439 191
251 192
190 193
325 193
449 193
281 196
377 196
232 197
265 197
341 197
342 197
464 198
423 199
428 199
410 200
417 200
366 201
312 202
360 202
141 203
273 203
393 203
440 203
201 204
174 205
252 207
385 207
452 207
252 208
327 208
376 209
238 210
283 210
373 210
300 211
464 211
147 212
344 212
470 212
216 213
411 214
429 214
434 214
475 214
364 215
192 216
163 217
422 217
230 218
337 218
392 218
440 218
443 218
160 221
273 221
458 221
185 222
245 222
273 222
330 222
349 223
254 224
310 225
373 226
467 226
130 227
179 227
224 227
239 227
473 227
294 228
343 228
281 229
261 230
402 230
412 231
436 231
478 231
173 232
201 232
338 232
359 232
392 232
430 232
442 233
215 236
141 237
357 237
167 239
465 239
268 240
329 240
376 240
231 241
267 241
248 242
324 242
348 242
162 243
188 243
213 243
282 243
324 243
399 243
417 243
405 244
421 244
414 245
366 246
428 246
130 247
298 247
391 248
417 248
440 248
459 248
205 250
295 250
242 251
317 251
372 251
436 251
203 252
356 252
468 252
444 253
258 254
295 254
293 255
332 255
405 257
216 258
290 258
352 258
310 259
414 259
452 259
251 260
313 260
248 261
422 261
173 262
215 263
265 263
310 263
376 263
426 263
191 264
266 264
368 264
460 264
308 265
322 265
350 266
210 267
340 267
379 267
283 268
319 269
439 269
246 270
306 270
361 270
366 270
133 271
228 271
469 271
302 272
206 273
262 273
391 273
161 274
302 274
331 274
473 274
242 275
411 275
449 275
416 276
353 277
400 277
157 278
385 278
178 279
349 279
277 280
302 280
384 280
428 280
377 281
201 282
218 282
296 282
344 282
346 282
238 283
395 283
255 284
317 284
436 284
339 285
368 285
462 285
234 286
272 286
147 288
218 288
292 288
368 288
341 289
444 289
171 291
269 292
271 293
310 295
336 295
357 296
189 297
242 297
285 297
209 298
270 298
137 299
330 299
474 299
226 300
360 300
246 301
238 302
330 302
387 302
411 302
223 304
156 305
441 305
460 305
351 306
264 309
281 309
421 309
197 310
278 310
302 310
217 311
376 311
399 311
175 312
322 314
393 314
232 315
299 316
428 316
466 316
246 317
343 317
364 318
407 318
260 319
452 319
313 321
292 322
295 322
208 323
275 323
296 323
316 324
384 324
165 326
300 326
335 326
476 326
187 327
312 327
425 327
224 328
293 329
359 329
422 329
359 330
397 330
160 331
379 331
240 333
273 334
442 334
459 334
358 335
293 336
330 336
290 337
308 337
342 337
202 338
393 338
426 338
309 339
324 339
219 342
409 342
152 344
411 344
424 344
254 345
427 346
462 346
387 347
287 348
292 348
368 348
321 349
346 349
198 350
236 350
409 350
428 350
302 351
329 351
403 351
443 352
169 353
271 353
317 353
302 355
426 355
186 357
214 358
290 359
382 359
402 359
137 360
337 360
359 360
423 360
252 361
334 361
300 362
336 363
198 364
232 364
274 364
139 365
182 365
162 366
443 366
271 367
228 368
238 368
374 368
399 368
240 369
421 369
466 369
373 370
194 371
313 372
302 373
257 374
282 374
308 374
320 374
345 374
395 375
258 377
366 377
154 378
194 378
212 379
229 379
438 381
243 382
377 382
173 383
341 383
466 383
291 384
226 385
389 385
415 385
269 386
298 386
325 386
328 386
315 387
274 388
306 388
368 389
354 390
232 391
278 391
456 391
217 392
143 393
348 393
361 394
250 395
431 395
189 397
216 397
171 398
155 399
400 399
269 400
376 400
402 400
301 401
194 402
451 403
290 404
323 404
428 404
375 405
221 406
309 406
421 407
427 407
366 409
247 410
399 411
264 412
458 412
158 414
207 414
417 414
449 414
175 415
387 415
349 416
479 416
280 417
295 419
410 419
258 420
337 420
192 421
234 421
301 421
444 423
315 424
150 426
376 427
472 427
368 428
215 429
159 430
273 430
402 430
420 430
255 431
261 431
455 432
220 433
287 433
295 434
357 434
392 434
176 435
306 435
332 436
387 437
240 438
197 439
339 439
326 440
394 440
414 440
447 441
431 442
279 443
374 445
470 445
219 446
296 446
260 447
307 447
406 447
440 448
463 449
357 451
348 452
279 454
242 455
338 456
392 456
461 456
202 457
298 457
307 457
316 458
429 459
255 461
453 461
224 463
178 464
274 464
445 464
374 466
238 467
364 468
475 468
355 470
412 470
446 470
334 472
276 474
365 474
254 475
295 475
301 475
316 475
324 475
433 478
221 479
395 479
175 480
184 480
238 483
465 483
378 485
269 487
421 487
200 488
359 490
296 491
344 492
410 492
213 493
255 493
317 493
476 494
249 495
330 495
448 496
274 499
278 500
271 501
387 501
472 501
230 502
296 502
410 504
436 505
245 506
370 506
467 506
241 507
199 508
355 508
325 509
460 509
257 511
264 511
393 511
334 512
416 512
216 514
311 514
425 514
300 515
290 516
449 516
233 518
240 522
360 524
402 524
327 525
395 525
437 525
470 526
337 527
271 529
208 531
383 531
278 532
285 533
421 533
369 535
411 535
299 536
451 536
225 539
237 539
322 541
384 543
256 544
437 544
269 546
432 547
280 549
469 549
457 550
420 553
452 554
304 556
330 556
402 556
359 557
443 557
255 558
336 558
349 559
381 559
281 566
