259 24
266 24
284 25
296 26
308 26
324 27
337 29
352 30
366 35
236 38
384 38
217 39
228 39
249 39
196 40
256 40
263 40
203 41
276 41
428 41
191 42
396 42
302 43
436 44
321 45
175 46
338 48
349 48
362 49
236 50
368 51
412 52
226 56
234 56
420 56
217 57
247 57
260 57
375 57
256 58
281 58
385 58
144 59
209 60
267 61
294 61
302 61
312 61
197 62
188 63
432 63
327 64
173 67
341 68
164 69
444 69
353 70
397 70
405 70
357 71
416 72
252 73
270 73
365 73
234 74
246 74
138 75
193 75
265 75
281 75
301 76
204 77
292 77
220 78
334 78
375 78
128 79
310 79
384 79
428 79
462 80
188 81
202 81
328 81
119 82
201 82
323 82
177 84
342 84
475 84
171 85
397 85
441 86
101 87
157 88
357 88
271 90
284 90
244 91
250 91
262 91
293 91
406 91
219 92
445 92
230 93
367 93
374 93
139 94
305 94
313 94
214 96
453 96
325 97
212 98
390 98
123 99
200 99
479 99
191 100
339 100
115 101
184 101
396 101
108 103
463 103
355 104
424 104
163 105
256 105
249 106
285 106
294 106
413 106
218 107
238 107
268 107
468 107
150 108
221 108
224 108
312 108
368 108
94 109
210 109
84 110
215 110
437 110
219 111
221 111
75 112
140 112
201 112
206 112
208 112
328 113
130 114
205 114
385 114
191 115
333 115
341 116
449 116
289 117
401 117
119 118
183 118
297 118
101 119
266 121
359 121
363 121
414 121
159 122
225 122
245 122
257 122
272 123
216 124
233 124
238 124
248 124
371 124
150 125
232 125
286 125
380 125
424 125
465 125
208 126
254 126
276 126
291 126
292 126
136 127
202 127
214 127
221 127
302 127
473 127
195 128
388 128
313 129
348 129
397 129
324 130
437 130
182 131
331 132
172 133
334 133
110 134
159 135
342 135
403 135
94 136
247 136
268 136
360 136
249 137
261 137
265 137
277 137
369 137
452 137
213 138
228 138
234 138
278 138
83 139
234 139
294 139
413 139
214 140
382 141
142 142
307 142
65 143
123 143
136 143
198 143
308 143
322 143
323 143
325 143
463 143
202 144
183 145
191 145
327 145
336 145
337 145
394 146
330 147
356 147
430 147
264 148
338 148
344 148
352 148
469 148
257 150
405 150
97 151
223 151
244 151
246 151
261 151
271 151
283 151
164 152
243 152
289 152
367 152
445 152
152 153
223 153
233 153
235 153
238 153
243 153
296 153
83 154
220 154
307 154
318 154
421 154
142 155
211 155
312 155
320 155
202 156
216 156
296 156
330 157
384 157
125 158
189 158
334 158
391 160
436 160
112 161
179 161
280 161
357 161
359 161
100 162
258 162
268 162
361 162
399 162
460 162
355 163
98 164
166 164
363 164
407 164
240 165
242 165
363 165
144 167
211 167
218 167
365 167
373 167
469 167
225 168
300 168
211 169
320 169
80 170
201 170
225 170
286 170
294 170
302 170
307 170
312 170
383 170
420 170
473 170
58 171
124 171
207 171
391 171
66 172
199 172
314 172
326 172
335 172
342 172
479 172
264 173
277 173
344 173
392 173
107 174
258 174
269 174
437 174
111 175
120 175
182 175
338 175
432 175
175 176
262 176
395 176
442 176
105 177
106 177
252 177
163 178
243 178
248 179
354 179
363 179
402 179
222 180
225 180
147 181
232 181
359 181
453 181
82 182
281 182
301 182
371 182
377 182
211 183
289 183
318 183
365 183
411 183
82 184
138 184
277 185
292 185
313 185
374 185
75 186
132 186
197 186
276 186
312 186
325 186
383 186
384 186
419 186
127 187
268 187
386 187
462 187
185 188
336 188
344 188
393 188
55 189
179 189
258 189
426 189
469 189
110 190
345 190
356 190
109 191
237 191
251 191
41 192
240 192
252 192
393 192
432 192
112 193
232 193
365 193
403 193
475 193
99 194
227 194
230 194
165 195
375 195
88 196
152 196
445 196
214 197
268 197
288 197
311 197
415 197
204 198
279 198
302 198
313 198
314 198
320 199
130 200
191 200
262 200
326 200
340 200
123 201
256 201
259 201
265 201
334 201
387 201
81 202
256 202
362 202
424 202
121 203
130 203
248 203
259 203
344 203
365 203
397 203
425 203
362 204
460 204
115 205
178 205
238 205
226 206
372 206
405 207
156 208
351 208
435 208
159 209
282 209
401 209
470 209
70 210
102 210
157 210
201 210
268 210
294 210
382 210
264 211
304 211
379 211
383 212
409 212
443 212
227 213
323 213
387 213
139 214
147 214
187 214
218 215
249 215
333 215
420 215
245 216
295 217
426 217
86 218
126 218
176 218
273 218
390 218
395 218
397 218
454 218
51 219
121 219
133 219
161 219
167 219
237 219
348 219
404 220
115 221
196 221
204 221
427 221
375 222
372 223
410 223
155 224
286 224
292 224
437 224
76 225
142 226
143 226
188 226
220 226
263 226
273 226
275 226
327 226
407 226
410 226
438 226
439 226
336 227
101 228
253 228
262 228
276 228
466 228
440 229
173 230
245 230
257 230
367 230
206 231
389 231
419 231
442 231
238 232
245 232
347 232
127 233
354 233
375 233
418 233
123 234
162 234
88 235
227 235
301 235
449 235
151 236
191 236
313 236
362 236
401 236
117 237
292 237
64 238
280 238
308 238
320 238
151 239
182 239
217 239
363 239
400 239
429 239
273 240
330 240
427 240
256 241
342 241
374 242
460 242
407 243
77 244
203 244
243 244
380 244
105 245
139 245
171 245
347 245
412 246
96 247
194 247
235 247
467 247
416 248
440 248
290 249
300 249
394 250
159 251
263 251
274 251
281 251
319 251
473 251
188 252
227 252
422 252
259 253
261 253
334 253
371 253
255 255
344 255
254 256
403 256
452 256
149 257
477 257
177 258
430 258
110 259
145 259
355 259
205 260
232 260
381 260
411 260
305 262
314 262
135 263
295 263
434 263
73 264
281 264
323 264
366 264
461 264
68 265
192 265
272 265
333 265
389 265
99 266
343 266
127 267
259 267
263 268
401 268
441 268
159 269
217 269
240 269
255 270
351 270
56 271
467 271
180 272
301 272
316 273
447 273
114 274
203 274
232 274
309 274
363 274
278 275
328 275
43 276
399 276
430 276
223 277
452 277
171 278
278 278
196 279
344 279
419 279
473 279
101 281
137 281
402 281
435 281
27 282
69 282
266 282
373 282
354 283
162 284
233 284
259 284
309 284
109 285
129 285
294 285
411 285
440 285
319 286
391 286
185 287
279 287
285 287
427 287
460 287
332 288
414 288
51 289
157 289
161 289
204 289
245 289
366 290
149 291
338 291
417 291
222 292
223 292
93 293
142 293
149 293
401 293
84 294
98 294
177 294
269 294
347 294
386 294
82 295
86 295
146 295
197 295
236 295
449 295
232 296
35 297
138 297
435 297
144 298
251 298
298 298
303 298
314 298
317 298
469 298
409 299
452 299
139 300
260 300
290 300
320 300
358 300
377 300
473 300
112 301
139 301
296 301
329 301
81 302
111 302
135 302
164 302
209 302
106 303
114 303
338 303
429 303
186 304
243 304
283 304
454 304
78 305
277 305
128 306
133 306
208 306
417 306
72 307
223 307
105 308
158 308
220 308
268 308
347 308
479 308
105 309
157 309
201 309
387 309
403 309
458 309
132 310
441 310
43 311
96 311
130 311
200 311
261 311
294 311
304 311
306 311
216 312
235 312
308 312
378 312
150 313
176 313
317 313
369 313
149 314
218 314
324 314
354 314
425 314
282 315
283 315
232 316
381 316
411 316
60 317
75 317
98 317
119 317
191 317
228 317
467 317
120 318
145 318
274 318
337 318
397 318
448 318
115 319
144 319
150 319
209 319
89 320
94 320
122 320
169 321
239 321
385 321
432 321
241 322
415 322
49 323
67 323
69 323
223 323
362 323
24 324
237 324
264 324
236 325
295 325
305 325
312 325
49 326
88 326
138 326
203 326
219 326
321 326
113 327
232 327
287 327
43 328
216 328
405 328
420 328
457 328
278 329
367 329
439 329
83 330
232 330
331 330
160 331
197 331
383 331
129 332
273 332
442 332
42 333
61 333
336 333
355 333
424 333
426 333
102 334
175 334
309 334
57 335
428 335
429 335
51 336
78 336
265 336
295 336
154 337
238 337
324 337
447 337
73 338
141 338
190 338
225 338
289 338
413 338
467 338
373 339
284 340
171 341
219 341
221 341
243 341
400 341
70 342
93 342
122 342
206 342
388 342
434 342
256 343
278 343
415 343
451 343
61 344
149 344
238 344
433 344
47 345
186 346
236 346
274 346
419 346
437 346
216 347
226 347
474 347
145 348
216 348
269 348
300 348
330 348
406 348
57 349
61 349
250 349
307 349
357 349
455 349
380 350
438 350
291 351
318 351
57 352
112 352
163 352
409 352
55 353
195 353
340 353
394 353
178 355
208 355
264 355
285 355
364 355
461 355
67 356
209 356
411 356
103 357
220 357
347 357
46 358
73 358
218 358
425 358
75 359
191 359
259 359
332 359
78 360
228 360
132 361
173 361
202 361
352 361
399 361
126 362
148 362
305 362
315 362
467 362
42 363
129 363
332 363
353 363
447 363
94 364
269 364
310 364
64 365
123 365
149 365
150 365
297 365
300 365
373 365
430 365
93 366
327 366
405 366
417 366
430 366
151 367
215 367
301 367
340 367
360 367
390 367
119 368
359 368
145 369
197 369
294 369
434 369
79 370
227 370
239 370
145 371
181 371
379 371
472 371
164 372
359 373
139 374
287 374
394 374
405 374
454 374
211 375
274 375
363 375
304 376
313 376
407 376
409 376
440 376
326 377
248 378
366 378
116 379
119 379
155 379
347 379
381 379
423 379
478 379
100 380
196 380
463 380
207 381
233 381
97 382
183 383
399 383
409 383
412 383
151 384
268 384
281 384
350 384
352 384
130 385
132 385
232 385
256 385
280 385
47 386
371 386
110 387
127 387
130 387
413 387
464 387
445 388
87 389
91 389
177 389
292 389
331 389
430 389
107 390
128 390
308 390
321 390
203 391
218 391
312 391
417 391
358 392
401 392
416 392
389 393
402 393
43 394
123 394
147 394
355 394
229 395
333 395
338 395
419 396
274 397
288 397
290 397
333 397
375 397
451 397
262 398
304 398
423 399
144 400
155 400
343 400
408 400
436 400
113 401
200 401
473 401
76 402
154 402
184 402
240 402
365 402
218 403
378 403
393 404
33 405
88 405
169 405
198 405
321 405
345 406
249 407
297 407
365 407
199 408
208 409
328 409
166 410
237 410
228 411
430 411
50 412
417 412
463 412
177 413
270 413
349 413
368 413
80 414
282 414
437 414
121 415
180 415
23 416
399 416
464 418
99 419
422 419
148 420
188 420
246 421
259 421
270 421
309 421
200 422
281 422
353 422
39 423
224 423
234 423
161 424
213 424
294 424
113 425
336 426
381 426
61 427
91 427
187 427
392 427
442 427
173 428
428 428
157 429
342 429
294 430
325 430
279 431
198 432
310 432
371 432
416 432
224 433
266 434
25 435
52 435
105 435
196 435
329 437
393 437
208 438
85 439
165 439
196 439
295 439
344 439
402 440
419 440
178 441
244 441
245 441
252 441
121 442
163 442
178 442
66 443
152 443
279 443
436 443
266 444
281 444
314 444
329 444
374 444
42 445
176 445
254 445
363 445
128 446
424 446
436 446
63 447
266 447
330 447
101 448
161 448
334 448
350 448
418 448
455 448
267 449
298 449
206 450
243 450
397 450
186 451
316 451
376 451
232 452
386 452
35 453
57 453
130 453
242 453
440 453
174 455
185 455
477 455
257 456
319 456
77 457
245 457
299 457
429 457
461 457
52 458
205 458
266 458
412 458
427 458
111 459
158 459
194 459
341 459
219 460
268 460
367 460
94 461
243 461
255 461
321 461
73 462
142 462
170 462
171 462
400 462
342 463
231 464
380 464
415 464
268 465
466 465
305 466
330 466
360 466
343 467
430 467
194 468
323 468
326 468
360 468
345 469
291 470
383 470
104 471
190 471
308 471
271 472
350 472
136 473
191 473
328 473
351 473
243 475
336 475
406 475
420 475
270 476
311 476
456 476
85 477
335 477
356 477
257 478
371 478
165 479
174 479
334 479
341 479
425 479
436 479
438 479
102 480
228 480
271 480
281 480
412 480
152 481
298 481
341 481
393 481
134 482
130 483
131 483
271 483
295 483
321 483
360 484
187 485
215 485
202 486
217 486
243 486
283 487
377 487
413 487
218 488
242 488
273 488
297 488
299 488
344 488
112 489
326 489
348 489
73 490
228 490
259 490
273 490
381 490
300 491
349 492
142 493
274 493
287 493
329 493
129 494
261 494
403 494
449 494
145 495
273 495
302 495
157 496
258 496
353 496
260 497
306 497
357 497
385 497
143 498
434 499
81 500
142 500
173 500
291 500
292 500
320 500
321 500
153 501
158 502
274 502
305 502
341 502
389 502
140 503
156 503
203 503
217 503
233 503
363 503
372 503
395 503
202 504
229 504
259 504
342 504
59 505
107 505
186 505
276 505
342 505
388 505
394 506
398 506
153 507
263 507
120 508
280 508
396 508
398 508
138 509
154 509
205 509
311 509
350 509
155 510
219 510
248 510
366 510
141 511
217 511
249 511
370 511
69 512
264 512
312 512
330 512
349 512
350 512
376 512
203 513
247 513
282 513
330 513
205 514
233 514
157 515
222 515
375 515
381 515
154 516
245 516
316 516
423 516
135 517
152 517
233 517
268 517
383 517
403 517
155 518
169 518
185 518
250 518
319 518
449 518
223 519
267 519
351 519
137 520
152 520
222 520
268 520
96 521
339 521
204 522
387 522
206 523
306 523
153 524
202 524
303 524
189 525
362 525
75 526
171 527
252 528
294 528
308 528
330 528
192 529
297 529
312 530
270 531
283 531
171 532
210 532
236 532
312 532
205 533
236 533
188 534
320 534
418 534
91 535
226 535
315 535
385 535
447 535
185 536
193 536
299 536
354 536
137 537
301 537
302 538
210 539
276 539
359 539
426 539
207 541
290 541
323 541
138 542
154 542
190 542
368 543
189 544
469 544
292 545
118 546
139 546
194 546
241 546
378 547
174 548
258 548
297 548
282 549
340 550
87 551
316 552
200 553
215 553
269 553
391 553
178 554
227 554
284 554
302 554
229 555
230 555
246 555
286 555
309 555
401 556
181 557
216 557
356 557
459 557
121 558
310 558
142 559
162 559
203 560
311 560
363 560
276 562
376 562
105 563
253 563
424 563
329 566
386 566
190 567
298 567
396 567
146 568
209 568
123 569
411 569
441 570
264 571
196 572
347 572
447 572
364 574
239 575
169 576
320 577
379 577
133 578
153 578
223 579
282 579
392 579
205 580
417 581
336 584
293 585
431 585
141 586
344 586
166 589
195 589
301 589
356 589
215 590
363 590
371 590
393 590
380 591
279 592
408 592
150 593
180 593
237 593
260 593
285 593
317 596
270 598
334 599
188 601
405 602
378 603
390 603
357 604
362 604
256 605
305 606
