283 1
326 1
174 2
225 2
299 2
423 2
89 3
145 3
446 4
58 5
262 5
346 5
209 6
366 6
158 10
243 10
390 10
106 11
468 11
183 12
408 12
327 13
75 14
219 14
279 15
444 15
124 16
312 16
94 17
300 17
350 17
137 18
265 18
163 19
199 19
245 19
381 19
61 22
228 23
341 23
400 23
149 25
184 25
285 25
419 25
82 26
306 26
327 26
108 28
437 28
463 28
171 29
206 30
244 30
264 30
361 31
287 32
122 33
391 33
157 34
332 34
348 35
408 35
224 36
63 37
269 37
319 37
89 38
421 38
253 39
457 39
183 40
350 40
431 40
292 41
296 41
301 41
437 41
473 41
104 42
133 42
205 42
138 43
297 43
373 44
396 44
399 44
234 45
236 45
287 45
320 45
332 45
385 45
386 45
315 46
409 46
75 47
151 47
168 47
312 47
446 47
47 48
276 48
301 48
310 48
457 48
219 49
255 49
123 50
206 52
160 53
362 53
470 53
90 54
341 54
403 55
183 56
232 56
321 56
384 56
403 56
429 56
432 56
59 58
132 58
308 58
423 58
224 59
264 59
297 59
102 60
153 60
169 60
290 60
296 60
444 60
50 61
214 61
251 62
366 63
368 63
201 64
351 64
458 64
372 65
382 66
418 66
280 67
403 67
419 67
431 67
474 67
119 68
414 68
68 69
140 69
188 69
420 69
226 70
90 71
135 71
157 71
262 71
318 71
319 71
440 71
206 72
213 72
221 72
305 72
308 72
295 73
38 74
127 74
155 74
306 74
333 74
347 74
358 74
450 74
211 75
249 75
368 75
104 76
170 76
368 76
379 76
386 76
387 76
398 76
461 76
284 77
412 77
405 78
189 79
237 79
391 79
420 79
414 80
431 80
473 80
50 81
75 81
224 81
264 82
216 83
428 83
327 84
210 85
313 85
444 85
92 86
124 86
283 86
149 87
296 87
344 87
359 87
212 88
250 88
378 88
395 89
405 89
417 89
172 90
388 90
459 90
203 91
60 92
239 92
35 93
82 93
140 93
433 94
475 95
158 96
329 96
181 97
224 97
235 97
292 97
27 98
311 98
284 99
365 99
378 99
123 100
269 100
346 100
101 101
211 101
413 101
452 101
200 102
49 103
253 103
391 103
168 104
68 106
327 106
362 106
402 106
472 106
237 107
435 107
111 108
137 109
155 109
189 109
283 109
312 109
447 109
89 110
381 110
273 111
319 111
345 111
217 113
104 114
365 115
462 115
430 116
31 117
176 117
253 117
208 118
115 119
204 119
317 119
383 119
473 119
138 121
156 121
302 121
450 121
53 122
73 122
93 122
153 123
232 123
365 123
400 123
413 123
172 124
222 124
234 124
267 124
71 126
192 126
426 127
31 128
50 128
127 128
189 128
190 128
321 129
347 129
123 130
128 130
161 130
300 130
440 130
11 131
161 131
183 131
207 131
253 131
405 131
289 132
399 132
139 133
366 133
441 133
82 134
178 134
274 134
63 135
199 135
457 135
62 136
196 136
150 137
200 137
43 138
321 138
425 138
222 139
225 139
331 139
425 139
98 140
307 140
164 141
437 141
111 142
132 142
398 142
76 143
358 144
405 144
408 144
18 145
123 145
213 145
273 145
290 145
375 145
440 145
469 145
256 147
410 147
74 148
201 148
50 149
311 149
450 149
174 150
175 150
115 151
232 151
330 151
65 152
341 152
395 152
427 152
27 153
153 153
230 153
460 153
94 154
232 154
355 154
145 155
195 155
301 155
434 155
165 156
404 156
193 157
288 157
191 158
276 158
163 159
258 159
318 159
442 159
473 159
41 160
46 161
65 161
69 161
105 161
389 161
161 162
211 162
331 162
413 162
453 163
247 164
395 165
425 166
16 167
41 167
84 167
151 167
236 167
377 167
460 167
228 168
283 168
319 168
173 169
194 169
200 169
351 169
378 170
34 171
100 171
124 171
175 171
266 171
296 171
331 171
406 171
191 172
393 173
442 173
55 174
256 174
365 174
74 175
339 175
392 175
163 176
254 176
370 176
449 176
477 176
49 177
184 177
308 177
56 178
166 178
241 178
183 179
207 179
49 180
68 180
116 180
159 180
315 180
323 181
426 181
49 182
141 182
176 182
179 182
355 182
380 182
457 182
7 183
74 183
292 183
382 183
90 184
182 184
274 184
65 185
191 185
203 185
233 185
390 185
406 185
72 186
270 186
23 187
47 187
176 187
441 187
261 188
311 188
339 188
468 188
48 189
200 189
252 189
41 190
43 190
60 190
151 190
193 190
367 190
109 191
218 191
367 191
417 191
247 193
371 193
289 194
353 194
167 195
192 195
196 195
303 195
454 195
476 195
171 196
58 197
169 197
251 197
383 197
429 197
82 198
128 198
242 198
329 198
55 199
104 199
166 199
188 199
413 199
209 200
146 201
315 201
364 201
390 201
411 201
439 201
15 203
72 203
279 203
395 203
437 203
228 204
420 204
440 204
467 204
229 205
268 205
35 206
121 206
161 206
205 206
289 206
397 206
184 208
327 208
424 208
293 209
377 209
449 209
352 210
405 210
140 211
100 212
220 212
308 212
411 212
334 213
383 213
417 213
379 214
382 214
359 215
456 215
199 216
254 216
364 216
385 216
413 216
66 217
221 217
279 217
284 217
5 218
24 218
46 218
292 218
440 218
136 219
157 219
178 219
241 219
293 219
201 220
367 220
322 221
349 221
81 222
239 222
291 222
120 223
393 223
408 223
448 223
471 225
99 226
378 226
61 227
172 227
378 227
435 228
455 228
48 229
135 229
211 229
215 229
335 229
357 229
259 230
418 230
18 231
401 231
217 232
281 232
386 233
315 234
318 234
346 234
439 234
155 235
288 235
384 235
463 235
445 236
193 237
214 237
234 237
294 237
368 237
385 237
232 238
317 238
209 239
214 239
325 239
430 239
76 240
115 240
134 240
298 240
57 241
81 241
188 241
300 241
414 241
450 241
94 243
111 243
430 243
473 243
176 244
186 244
332 244
15 245
93 245
255 245
270 245
306 245
414 245
74 247
154 247
403 247
224 248
376 248
94 249
438 249
55 250
207 250
286 250
341 250
422 250
113 251
188 251
226 251
281 251
360 251
392 251
405 251
169 252
90 253
172 253
174 253
92 254
93 254
133 254
313 254
461 254
255 255
289 255
424 255
331 256
407 256
409 256
446 257
72 258
118 258
178 258
315 258
429 258
34 259
98 259
169 259
172 259
274 259
393 259
91 261
136 261
156 261
304 261
235 262
336 262
7 263
204 263
383 263
474 263
170 264
285 264
351 264
223 265
309 265
449 265
95 266
180 266
370 266
417 266
113 267
196 267
178 268
180 268
215 268
261 268
403 268
51 269
31 270
292 270
325 270
136 271
433 271
465 271
89 272
159 272
247 272
358 272
438 272
71 273
85 273
94 273
97 273
107 273
115 273
423 274
106 275
117 275
237 275
374 275
409 275
120 276
164 276
231 276
237 276
269 276
313 276
392 277
164 278
181 278
261 279
287 279
315 279
361 279
425 279
300 280
89 281
163 281
183 281
186 281
470 281
28 282
50 282
69 282
11 283
409 283
113 284
139 284
219 284
254 284
315 284
331 284
236 285
409 285
443 285
167 286
379 286
427 286
429 286
169 287
171 287
192 287
167 288
187 288
285 288
302 288
397 288
349 290
430 290
414 291
432 291
463 291
148 292
475 292
195 293
281 293
301 293
400 294
333 295
429 295
283 296
318 296
416 296
447 296
195 297
366 297
98 298
275 298
383 298
157 299
191 299
433 299
467 299
303 300
162 301
420 301
351 302
77 303
215 303
242 303
369 303
402 303
163 304
320 304
335 304
452 304
118 305
170 305
291 305
298 305
318 306
12 307
290 307
404 307
58 308
169 308
253 308
290 308
293 308
367 308
142 309
469 309
314 310
32 311
244 311
437 311
182 312
192 312
403 312
422 312
194 313
388 313
281 314
229 315
352 315
434 315
453 315
57 316
78 316
313 317
334 317
420 317
434 317
311 318
403 318
128 319
210 320
369 320
407 320
105 321
267 321
328 321
331 321
15 322
35 322
159 322
347 324
254 325
289 325
406 325
134 326
137 326
179 326
457 326
61 327
83 328
171 328
172 329
243 329
388 329
437 329
470 329
40 330
138 331
183 331
289 331
238 332
330 332
417 332
148 333
154 333
202 333
284 333
332 333
145 334
305 335
302 336
16 337
126 337
279 337
306 337
349 337
128 338
165 338
457 338
90 339
107 339
220 339
439 339
175 340
294 340
364 340
170 341
180 341
315 341
68 342
163 342
178 342
254 342
170 344
183 344
43 345
180 345
191 345
197 345
341 345
346 345
373 345
473 345
4 348
142 348
150 348
246 348
328 348
22 349
286 349
236 350
49 351
152 351
309 351
359 351
386 351
75 352
123 352
225 352
279 352
283 352
345 352
402 352
164 354
208 354
103 355
159 355
254 356
126 357
170 357
182 357
306 357
341 357
419 357
129 358
133 358
171 358
186 358
196 358
197 358
456 358
137 359
272 359
10 360
181 360
435 360
32 361
83 361
354 361
56 362
89 362
104 362
112 363
470 364
81 365
86 365
149 365
214 365
238 365
285 365
300 365
321 365
86 366
89 366
317 366
355 366
369 367
333 368
334 368
399 368
452 368
20 369
165 369
119 370
231 370
399 370
37 371
176 371
348 371
94 372
163 372
368 372
370 372
92 373
185 373
196 373
228 373
296 373
382 373
418 373
182 374
255 374
228 375
232 375
70 376
131 376
293 376
434 376
226 378
397 379
110 380
380 380
107 381
271 381
302 381
304 381
362 381
450 381
209 382
208 383
286 383
304 383
414 383
242 384
287 384
348 384
364 384
392 384
196 385
469 385
164 386
394 386
85 387
117 387
121 387
52 388
81 388
169 388
260 388
29 389
114 389
177 389
313 389
393 389
178 390
230 390
323 390
87 391
376 391
412 391
448 391
429 392
219 393
254 393
392 393
100 394
339 394
358 394
478 394
139 395
210 395
269 395
370 395
215 396
98 397
339 397
390 397
466 399
99 400
152 400
196 400
203 400
109 401
184 401
242 401
73 402
279 403
298 404
405 404
22 405
311 405
117 407
126 407
231 407
367 407
415 407
477 407
29 408
348 408
55 409
85 409
309 409
135 411
217 411
251 411
382 411
461 411
424 412
155 413
422 413
168 414
268 414
422 414
186 415
282 415
320 415
437 416
243 417
335 418
476 418
109 419
236 420
47 421
73 421
201 421
251 423
221 424
290 424
293 424
420 424
454 424
127 425
292 425
331 425
372 425
401 425
166 426
179 426
268 426
310 426
353 426
418 426
471 426
87 427
154 427
181 427
434 427
33 428
174 428
385 428
40 429
243 430
63 431
414 431
203 432
327 432
431 432
257 433
303 433
278 434
321 434
464 434
200 435
106 437
115 437
187 437
445 437
221 438
409 438
178 439
313 439
379 439
125 440
133 440
166 440
339 440
392 440
427 440
174 441
246 441
411 441
461 441
265 442
143 443
289 443
336 443
82 444
268 444
313 444
230 446
258 446
351 446
441 446
200 447
280 447
278 448
281 448
97 449
334 449
371 449
423 449
253 450
386 450
457 450
473 450
59 451
303 451
352 451
403 452
169 453
273 453
349 453
109 454
70 455
122 456
136 456
209 456
153 457
243 457
197 458
265 458
322 458
365 458
291 459
323 459
337 459
82 460
379 460
194 461
339 461
450 461
463 461
226 462
279 463
334 463
338 463
412 463
431 463
90 464
188 464
354 464
177 465
184 465
253 466
283 466
355 466
391 466
47 467
102 467
373 468
427 468
209 469
59 470
115 470
457 471
268 472
327 472
155 473
349 473
69 474
132 474
183 474
190 474
238 474
295 474
403 474
268 475
351 475
421 475
177 476
440 476
179 477
188 477
266 477
471 477
225 478
365 478
83 479
258 480
285 480
343 480
380 480
310 481
91 482
289 482
286 483
392 483
100 484
133 484
206 484
334 484
358 484
362 484
410 484
52 485
108 485
155 485
451 485
161 486
117 487
164 487
247 487
276 487
131 488
178 488
428 488
178 489
189 489
299 489
387 489
171 490
244 490
177 491
190 491
273 491
323 491
462 491
348 492
444 492
72 493
230 493
290 493
317 493
293 494
268 495
402 495
475 495
259 496
312 497
143 498
162 498
95 499
142 499
214 499
134 500
142 500
200 500
305 500
417 500
336 501
390 501
121 502
135 502
282 502
385 502
435 502
119 503
189 503
357 503
249 504
172 505
379 505
449 506
238 507
272 509
321 509
319 510
367 510
372 510
409 510
467 510
90 511
227 511
290 511
293 511
295 511
217 512
347 512
265 513
395 513
124 514
138 514
190 514
205 514
429 514
259 515
312 515
119 516
163 516
193 516
261 516
307 516
170 517
336 517
361 517
453 518
246 519
423 519
242 520
477 520
273 521
298 521
320 523
225 524
351 524
377 524
204 526
439 526
99 527
109 528
415 528
174 529
189 529
261 529
312 529
162 530
342 530
461 530
150 531
134 532
166 532
334 532
169 533
361 534
275 536
388 536
474 536
246 537
405 537
423 537
295 538
447 539
227 542
312 542
106 544
211 544
165 545
398 545
173 546
177 546
194 546
274 546
337 546
369 546
432 546
127 548
145 548
159 549
459 549
423 550
350 553
380 553
245 554
312 554
286 556
166 563
121 567
142 567
191 568
421 568
175 571
281 575
441 576
234 577
262 577
318 577
366 578
358 581
426 581
348 582
409 586
399 589
249 592
369 593
381 593
