279 12
295 12
312 12
328 13
348 13
373 13
362 14
379 16
392 18
412 22
304 26
347 26
284 27
318 27
332 27
435 27
269 28
357 28
242 29
376 29
445 31
393 32
218 35
408 35
254 38
425 39
463 39
242 42
323 42
339 43
354 43
366 43
302 44
375 44
377 44
380 44
477 44
229 45
387 45
442 45
285 46
402 47
395 48
398 48
416 50
458 51
255 52
267 52
217 53
438 56
330 57
372 57
205 58
350 58
195 59
319 59
367 59
370 59
233 60
301 60
364 61
402 61
285 62
381 62
388 62
390 62
457 63
389 64
222 65
271 67
424 68
255 70
434 70
207 72
407 72
443 73
242 74
324 74
344 74
375 74
309 75
354 75
370 75
380 76
454 76
294 78
190 79
399 79
400 79
470 80
401 81
223 82
277 82
410 82
367 84
424 84
477 84
172 85
278 85
357 85
378 85
258 86
261 88
438 88
396 89
207 90
248 91
327 92
450 92
311 93
328 93
348 93
340 94
349 94
352 94
356 94
195 95
300 95
332 95
359 95
460 95
313 96
229 97
293 97
376 98
271 99
309 99
392 99
474 99
184 101
407 101
420 102
424 103
178 104
216 104
273 104
422 104
432 104
254 105
256 105
436 105
244 107
455 110
163 111
239 111
365 111
196 112
311 112
321 112
333 112
334 112
348 112
352 112
282 113
336 113
377 113
404 113
295 114
321 114
332 114
394 114
290 115
306 115
406 115
279 116
280 116
313 116
475 116
271 117
265 119
423 119
140 120
259 120
183 121
433 121
208 124
246 124
289 124
355 125
447 125
166 127
346 127
462 127
233 128
241 129
276 129
331 129
373 129
314 130
387 130
400 130
157 131
271 131
273 131
305 131
418 131
473 131
261 133
432 133
192 134
219 134
256 135
297 135
244 139
245 139
454 139
179 140
277 140
376 141
390 143
130 144
348 144
364 144
406 144
416 144
467 144
167 145
232 145
203 146
313 146
328 146
431 146
258 147
222 149
259 149
440 149
259 150
300 150
155 151
188 152
286 153
243 155
271 155
388 155
456 155
265 157
267 157
375 157
417 157
270 158
404 158
138 159
266 159
310 159
455 159
298 160
350 160
167 161
472 161
329 162
193 163
442 163
123 164
287 165
219 166
246 166
427 167
213 168
239 168
323 168
207 169
370 169
398 169
213 170
313 170
356 170
376 170
388 170
437 170
344 171
360 171
366 171
376 171
383 171
448 171
203 172
234 172
340 172
233 173
392 173
408 173
466 173
140 174
173 174
203 174
305 174
337 174
254 176
292 178
426 179
128 180
442 181
190 182
334 182
343 182
357 182
238 183
279 183
348 183
358 184
402 184
456 184
205 185
318 185
338 185
346 185
112 186
146 186
228 186
229 186
269 186
222 188
305 188
261 189
214 191
216 191
419 191
434 191
471 191
174 192
220 192
254 192
374 193
216 194
290 194
353 194
367 194
377 194
386 194
387 194
371 195
240 196
350 196
334 197
124 198
274 198
449 198
158 199
196 199
412 199
228 200
413 201
227 202
317 202
427 202
182 203
321 203
464 203
302 205
211 206
144 207
247 207
364 207
376 207
393 208
450 208
288 210
351 210
333 211
409 211
239 212
167 213
229 213
274 213
229 214
421 214
424 214
464 214
330 215
435 215
126 216
324 216
262 217
313 217
223 218
187 219
217 219
249 220
302 220
357 220
449 220
210 221
359 221
373 221
391 221
150 222
379 222
397 222
208 223
290 223
411 223
109 224
344 224
327 225
466 225
203 226
325 226
171 227
424 227
431 227
434 228
224 229
274 230
221 231
193 232
244 232
445 232
128 233
214 233
313 233
363 234
214 235
259 235
379 235
399 235
403 235
408 235
459 235
159 236
344 237
418 237
208 239
231 239
334 239
116 240
181 240
338 240
340 240
342 240
471 240
280 241
428 241
277 242
321 243
440 243
171 245
315 245
140 246
221 246
250 246
243 247
353 247
358 247
368 247
389 247
399 247
265 249
342 249
97 250
304 250
410 250
424 250
458 250
207 251
258 251
126 253
185 253
330 253
158 254
256 254
225 255
254 255
287 257
374 257
439 258
472 258
247 259
279 259
319 259
191 260
359 260
144 261
315 261
390 261
402 261
214 262
278 262
344 262
451 262
175 263
260 264
274 264
277 264
416 264
108 265
256 266
268 266
268 267
432 268
463 268
199 269
231 269
329 269
162 271
297 271
368 271
387 271
256 272
128 273
258 273
313 274
352 274
280 275
402 275
447 275
216 277
242 277
246 277
338 277
248 278
413 278
184 279
175 280
268 280
146 281
323 281
268 282
107 283
135 283
427 283
432 283
460 283
234 284
355 284
365 284
375 284
166 285
204 285
293 285
377 285
388 285
429 285
438 285
315 286
466 287
350 288
436 288
161 289
406 289
131 290
255 290
284 290
195 291
405 291
90 292
217 292
447 292
472 292
334 293
414 293
415 294
274 295
408 295
299 296
365 296
380 296
116 297
145 297
168 297
233 297
323 297
359 298
368 298
378 298
392 298
478 298
186 299
428 300
118 301
226 301
244 301
135 302
314 302
434 302
160 303
289 303
351 303
463 303
261 304
440 304
154 305
102 306
195 306
341 306
436 306
156 308
198 308
213 309
305 309
382 309
399 309
402 309
442 309
344 310
382 310
470 310
126 311
334 311
404 311
129 312
188 312
255 312
276 312
367 312
372 312
123 313
145 313
168 314
229 314
418 314
452 314
87 315
245 317
324 317
354 317
160 318
420 318
433 319
479 319
288 320
431 320
177 321
221 321
267 321
384 321
388 321
393 321
110 322
161 322
200 322
379 322
395 322
177 323
219 323
341 323
391 323
262 324
392 324
461 324
259 325
372 325
402 325
131 326
153 326
236 326
297 326
316 326
317 326
396 326
100 328
218 328
237 328
277 328
362 328
409 328
278 330
329 330
356 331
92 332
188 332
294 332
421 332
251 333
288 333
447 333
119 334
164 334
166 334
229 334
471 334
206 335
271 335
140 336
168 336
184 336
161 337
203 337
301 338
302 338
319 338
379 338
387 338
249 339
299 339
431 339
218 340
338 340
400 340
453 340
80 341
107 341
134 341
296 341
315 341
366 341
402 341
182 343
219 343
243 343
265 343
316 343
157 344
176 344
195 344
369 344
102 345
280 345
330 345
359 345
477 345
193 346
195 346
363 346
330 347
196 348
241 348
310 348
418 348
441 349
123 350
259 350
147 351
462 351
261 352
326 352
347 352
119 353
392 353
90 354
165 354
169 354
171 354
189 354
233 354
371 354
375 354
382 354
339 355
185 356
234 356
256 356
387 356
398 356
115 358
219 358
272 358
319 358
404 358
429 358
367 360
107 361
180 361
200 361
276 361
296 361
334 361
448 361
468 362
130 364
246 365
210 366
262 366
312 366
349 366
355 366
154 367
293 367
350 367
380 367
224 368
328 368
123 369
373 369
344 370
439 370
169 371
324 371
219 372
391 372
419 372
286 373
456 373
189 374
286 374
309 374
473 374
90 375
258 375
271 375
327 375
340 375
366 375
115 376
142 376
302 377
236 378
323 378
423 378
323 379
337 380
161 381
373 381
378 381
405 381
301 382
354 382
134 383
250 383
281 383
284 383
477 383
337 384
446 384
461 384
196 385
213 386
305 386
335 386
102 387
180 387
282 387
297 387
301 388
352 388
428 388
226 390
264 390
284 390
303 391
364 391
125 392
151 393
412 393
283 394
298 394
315 394
466 394
172 395
206 395
278 395
312 395
395 395
429 395
243 396
313 396
327 396
92 397
188 397
348 397
353 397
380 398
310 399
327 399
380 400
319 401
436 401
168 402
221 402
335 403
111 404
382 404
135 405
254 405
338 405
256 406
292 406
399 406
432 406
435 406
235 408
353 408
418 408
161 410
183 410
196 410
255 410
333 410
179 411
269 413
330 413
334 413
350 413
99 414
248 414
346 414
441 414
463 414
255 415
328 415
384 415
250 416
366 416
401 416
125 417
177 417
248 417
349 417
213 418
423 418
427 418
247 419
141 420
173 420
194 420
230 420
323 420
467 420
173 421
308 421
350 421
326 422
265 423
87 424
190 424
266 424
330 424
135 425
252 425
285 425
246 426
386 426
400 427
422 427
472 427
149 428
171 428
192 428
264 428
280 428
426 428
446 428
107 430
228 430
245 430
186 431
207 431
264 431
169 432
187 432
304 432
368 432
347 433
263 435
277 435
323 435
241 436
266 436
282 436
326 436
435 437
123 438
182 438
325 438
429 438
170 439
303 439
345 439
389 439
409 439
143 440
224 440
328 440
477 442
93 443
162 445
182 445
312 445
310 446
200 447
304 448
347 448
368 448
313 449
109 450
219 450
258 450
279 450
327 450
457 451
300 452
392 452
310 453
435 453
239 455
313 455
372 455
151 456
414 456
304 458
99 459
179 459
275 459
373 460
310 463
329 463
441 463
306 464
142 465
196 466
286 466
419 466
327 467
374 467
397 467
307 468
114 469
160 469
217 469
472 469
381 471
235 472
447 472
478 472
132 473
175 473
376 473
423 473
304 474
307 474
329 474
351 474
195 475
123 478
289 478
98 480
329 480
403 480
218 481
271 481
430 481
92 482
153 482
272 483
380 483
276 484
465 484
110 485
255 486
307 486
174 487
236 487
258 487
330 487
131 488
133 489
150 490
168 490
193 490
411 490
254 491
289 491
355 491
385 492
440 492
125 493
167 493
309 493
473 494
121 495
243 495
387 496
121 497
240 497
273 498
310 498
336 498
361 498
479 498
277 499
448 499
137 500
193 500
276 500
144 501
195 501
259 501
261 501
106 502
173 502
218 502
241 502
245 502
421 502
181 505
129 506
149 506
457 506
132 507
171 507
396 507
219 508
172 509
193 509
242 509
290 509
340 510
369 510
147 511
156 511
262 511
317 512
154 513
202 513
268 513
144 514
148 514
159 514
221 514
435 515
162 516
199 516
269 516
475 516
325 518
374 518
158 519
163 519
249 519
271 519
294 519
406 519
349 521
405 522
449 522
225 523
281 523
416 523
105 524
130 524
231 524
383 525
419 525
417 526
423 526
457 526
186 527
270 528
256 530
272 530
302 530
359 530
258 531
422 531
142 532
259 532
468 532
355 533
418 533
429 533
307 534
332 534
395 534
165 536
213 536
257 536
315 537
195 538
286 538
437 538
151 539
338 539
366 539
131 540
430 540
178 541
238 541
306 541
373 542
434 542
115 543
437 543
108 544
122 545
285 545
265 546
344 546
162 547
290 547
473 547
247 548
379 548
206 549
264 549
243 550
298 550
138 551
223 551
427 551
270 552
245 553
316 553
320 553
421 554
301 555
351 555
394 557
406 557
251 558
277 558
449 558
301 559
252 560
276 560
329 560
178 561
457 562
154 563
231 563
358 563
203 564
411 565
307 566
369 566
120 568
431 571
264 572
287 572
445 572
218 573
317 574
386 575
453 575
133 576
248 579
351 579
270 580
326 581
406 581
228 582
298 582
188 584
276 584
365 584
150 585
335 587
421 587
164 589
375 589
214 593
252 595
392 595
258 598
298 598
221 599
182 600
269 600
324 600
360 602
193 603
234 603
280 605
203 609
349 611
216 613
303 614
221 616
261 617
324 618
282 621
240 622
