335 1
364 2
159 3
180 3
262 3
324 3
479 3
307 5
221 6
145 7
174 8
296 8
410 10
139 11
246 12
277 12
235 14
367 14
385 14
428 14
200 15
269 15
440 15
336 16
354 16
378 16
394 17
408 17
453 18
329 19
319 20
467 20
250 21
478 21
186 22
306 23
296 24
147 25
236 26
178 28
224 28
278 28
141 29
267 29
348 29
366 29
388 30
334 31
380 31
419 31
130 33
340 33
361 33
395 33
410 33
436 33
168 34
252 34
205 35
319 35
451 36
304 38
468 38
119 39
155 39
293 40
188 41
234 41
290 41
296 41
272 43
147 44
228 44
279 44
279 46
407 46
180 47
354 47
365 47
135 48
174 48
221 48
262 48
332 48
345 48
401 48
423 48
380 49
394 49
440 49
263 50
431 50
454 51
207 52
259 52
315 52
122 53
164 53
248 53
467 54
292 56
296 56
189 57
195 57
245 57
308 57
154 58
233 58
113 59
196 59
275 59
281 59
294 59
184 60
181 61
411 61
421 61
105 62
219 62
264 62
353 63
176 64
438 64
133 65
261 65
272 65
363 65
379 65
342 66
404 66
452 66
325 67
391 67
168 68
206 69
307 69
199 70
300 70
308 70
159 72
238 72
124 73
197 73
288 73
473 73
162 74
230 74
282 74
147 76
418 76
108 77
192 77
269 77
281 77
177 78
270 78
219 79
255 79
182 80
347 80
358 80
433 80
364 81
382 81
136 82
171 82
329 82
395 82
134 83
322 83
453 83
308 84
243 85
404 86
470 86
157 87
202 87
292 87
233 88
190 89
479 89
146 90
415 90
154 91
276 91
112 92
250 93
332 93
346 93
150 94
433 94
354 95
362 95
136 96
379 96
444 96
205 97
303 97
173 98
372 98
101 99
238 99
132 100
163 100
392 100
285 101
405 101
464 102
260 103
116 104
160 104
192 104
478 105
152 106
220 106
250 106
418 106
187 107
346 107
105 109
97 110
135 110
309 110
316 110
336 110
430 110
138 111
240 111
329 111
362 111
378 112
444 112
291 113
203 114
277 114
168 115
388 115
452 115
123 116
265 116
220 117
400 117
467 118
195 119
462 119
473 119
158 120
250 120
150 121
415 121
75 122
149 122
108 124
305 124
350 124
427 124
298 125
320 125
332 125
362 125
232 126
446 126
102 127
137 127
139 127
143 127
179 127
284 127
293 127
374 127
231 128
285 128
224 129
270 129
370 129
388 129
276 130
132 131
387 131
460 131
138 132
214 132
242 133
388 133
216 134
403 134
131 135
201 135
91 136
121 136
119 137
245 137
335 137
474 137
84 138
298 138
420 138
153 139
197 139
231 139
237 139
310 139
318 139
350 139
237 140
287 140
182 141
230 141
310 141
315 141
356 141
270 142
271 142
440 142
112 143
146 143
366 143
147 144
73 145
259 145
375 145
383 145
398 145
454 145
253 146
262 146
267 146
393 146
396 146
135 147
220 147
470 147
170 148
254 148
104 149
131 149
137 149
213 149
241 149
212 150
343 150
417 150
316 151
62 152
201 152
206 152
292 152
299 152
156 153
160 153
202 153
204 153
286 153
291 153
297 153
311 153
367 153
97 154
223 155
226 155
332 155
363 155
378 155
436 155
266 156
275 156
382 156
393 157
147 158
186 158
220 158
261 158
380 158
215 159
91 160
144 160
146 160
406 160
113 161
209 162
241 162
207 163
320 163
350 163
423 163
65 164
134 164
293 164
317 164
356 164
452 164
169 165
303 165
337 165
362 165
368 165
465 165
438 166
129 167
201 167
284 167
294 167
320 167
206 168
362 168
378 168
162 169
206 169
263 169
274 169
101 170
160 170
382 170
75 171
154 171
193 171
390 171
403 171
245 172
387 172
413 172
127 173
411 173
415 173
238 174
417 174
419 174
311 175
148 176
292 176
298 176
431 176
440 176
221 177
237 177
352 177
144 178
227 178
279 178
284 178
294 178
337 178
46 179
170 179
225 179
324 179
69 180
114 180
143 180
282 180
286 180
290 180
366 180
453 180
134 181
88 182
132 182
208 182
261 182
384 182
461 182
210 183
213 183
217 183
374 183
395 183
402 183
80 184
245 184
387 184
401 184
210 185
478 185
136 186
159 186
411 187
418 187
126 188
429 188
99 190
303 190
340 190
426 190
432 190
440 190
128 191
150 191
183 191
224 191
225 191
286 191
310 191
312 191
356 191
445 191
47 192
296 192
317 192
435 192
366 193
221 194
272 194
320 194
370 194
145 195
261 195
389 195
461 195
68 196
145 196
174 196
213 196
255 196
378 197
380 197
390 197
114 198
247 198
380 198
144 199
205 199
333 199
55 200
142 200
403 200
473 200
88 201
166 201
203 201
236 201
134 202
244 202
412 202
430 202
348 203
50 204
79 204
160 204
107 205
290 205
364 205
450 206
127 207
187 207
302 207
308 207
268 208
287 208
256 209
274 209
381 209
97 210
102 210
215 210
253 210
320 210
329 210
67 211
330 211
424 211
92 212
143 212
177 212
434 213
252 214
339 214
464 214
117 215
340 215
453 215
94 216
204 216
400 216
230 217
406 217
350 218
352 218
88 219
364 219
191 220
309 220
270 221
279 221
356 221
415 221
473 221
152 222
284 222
359 222
379 222
268 223
279 223
101 224
218 224
290 224
299 224
314 224
51 225
77 225
104 225
146 225
305 225
319 225
324 225
326 225
34 226
102 226
187 226
208 226
251 226
436 226
445 226
163 227
331 227
430 227
326 228
395 228
119 229
179 229
333 229
346 229
326 230
328 230
350 230
236 231
335 231
241 232
338 232
456 232
409 234
110 235
115 235
133 235
277 235
91 236
194 236
261 236
275 236
288 236
365 236
471 236
115 237
228 237
263 237
265 237
291 237
297 237
19 238
60 238
170 238
218 238
302 238
311 238
319 238
378 238
422 238
89 239
148 239
258 239
266 239
304 239
311 239
314 239
36 240
84 241
145 241
324 241
61 242
106 242
209 242
247 242
340 242
383 242
393 242
395 242
397 242
437 242
143 243
184 243
389 243
77 244
396 244
391 245
122 246
123 246
354 246
102 247
143 247
157 247
160 247
239 247
274 247
407 247
450 247
140 248
287 248
50 249
71 249
197 249
233 249
294 249
368 249
79 250
192 250
259 250
366 250
463 250
157 251
419 251
312 252
134 253
170 253
223 253
377 253
382 253
471 253
20 254
74 254
94 254
149 254
151 254
313 254
330 254
479 254
112 255
320 255
43 256
72 256
48 257
394 257
397 257
432 257
66 258
130 258
285 258
342 258
41 259
88 259
183 259
210 259
443 259
143 260
254 260
270 260
126 261
357 261
39 262
245 262
299 262
408 262
55 263
123 263
199 263
368 263
107 264
140 264
145 264
295 264
371 264
57 265
62 265
79 265
142 265
230 265
238 265
307 265
455 265
325 266
54 267
124 267
157 267
190 267
418 267
30 268
75 268
77 268
122 268
319 268
385 268
220 269
337 269
463 269
52 270
140 270
170 270
134 271
287 271
345 271
133 272
214 272
258 272
95 273
291 273
430 273
475 273
48 274
270 274
282 274
358 274
397 274
114 275
134 275
129 276
303 276
311 276
441 276
48 277
374 277
18 278
145 278
314 278
147 279
181 279
238 279
46 280
66 280
127 280
160 280
376 280
411 280
327 281
67 282
200 282
229 282
452 282
64 283
388 283
85 284
125 284
38 285
158 285
289 285
364 285
220 286
257 286
102 287
139 287
190 287
259 287
283 287
427 287
60 288
272 288
296 288
350 288
461 288
6 289
272 289
402 289
54 290
80 290
170 290
213 290
251 290
308 290
312 290
373 290
75 292
319 292
474 292
239 293
314 293
437 293
118 294
359 294
410 294
94 295
150 295
324 295
23 296
329 296
71 297
232 297
113 298
131 298
182 298
227 298
339 298
367 298
418 298
71 299
278 299
459 299
392 300
42 301
44 301
72 301
162 301
200 301
266 301
269 301
280 301
290 301
300 301
303 301
308 301
146 302
258 302
299 302
308 302
447 302
17 303
72 303
219 303
347 303
467 303
69 304
177 304
248 304
403 304
427 304
12 305
64 305
473 305
311 306
320 306
377 306
86 307
318 307
105 308
124 308
190 308
456 308
58 309
434 309
282 310
57 311
234 311
269 311
335 311
30 312
209 312
269 313
365 313
57 314
136 314
290 314
416 314
152 315
284 315
390 315
444 315
184 316
319 316
370 316
49 317
77 317
117 317
250 317
289 317
346 317
21 318
203 318
221 318
260 318
261 318
292 318
305 318
468 318
300 319
403 319
68 320
73 320
327 320
100 321
150 321
426 321
45 322
353 322
379 322
478 322
98 323
166 323
239 323
262 323
309 323
198 324
273 324
452 324
95 325
279 325
433 325
93 326
96 326
132 326
161 326
165 326
176 326
278 326
333 326
114 327
177 327
234 327
361 327
394 327
160 328
181 328
196 328
413 328
464 328
91 329
110 329
111 329
144 329
297 329
88 330
147 330
179 330
273 330
440 330
177 331
193 331
212 331
276 331
340 331
366 331
383 331
65 332
92 332
131 332
192 332
196 332
278 332
35 333
253 333
405 333
421 333
3 334
127 334
177 334
193 334
474 334
82 335
127 335
226 335
345 335
82 336
208 336
302 336
321 336
450 336
370 337
159 338
172 338
105 339
154 339
240 339
138 340
158 340
174 340
192 340
265 340
391 340
459 340
79 341
119 341
189 341
268 341
348 341
429 341
24 342
141 342
231 342
411 342
52 343
225 343
271 343
139 344
307 344
99 345
171 345
269 345
375 345
466 345
114 346
257 346
446 346
133 347
250 347
400 347
291 348
414 348
95 349
359 349
475 349
44 350
68 350
114 350
157 350
168 350
172 350
248 350
327 350
452 350
15 351
94 351
203 351
311 351
419 351
130 352
155 352
237 352
342 353
379 353
128 354
170 354
184 354
393 354
408 355
439 355
127 356
171 356
425 356
460 356
5 357
34 357
107 357
141 357
265 357
272 357
327 357
479 357
110 358
139 358
189 358
260 358
364 358
106 359
346 359
173 360
261 360
466 361
140 362
446 362
216 363
329 363
82 364
170 364
211 364
238 364
382 364
417 364
46 365
123 365
154 365
293 365
23 366
241 366
244 366
401 366
194 367
271 367
368 367
470 367
239 368
269 368
432 368
452 368
234 369
348 369
329 370
207 371
226 371
238 371
267 371
289 371
97 372
118 372
137 372
205 372
265 372
304 372
422 372
304 373
370 373
387 373
454 373
11 374
263 374
77 375
254 375
56 376
375 376
34 377
287 377
7 378
113 378
247 378
460 378
173 379
183 379
254 379
262 379
365 379
443 379
479 379
155 380
207 380
51 381
73 381
132 381
302 381
425 382
243 383
91 384
189 384
246 384
281 384
285 384
300 384
301 384
215 385
242 385
379 385
69 386
230 386
395 386
198 387
273 387
281 387
448 387
466 387
224 388
310 388
106 389
262 389
41 390
122 390
209 390
213 390
366 390
378 390
163 391
349 391
412 391
14 393
450 393
472 393
251 394
34 395
247 395
290 395
58 396
80 396
176 396
233 396
237 397
269 398
305 398
211 399
220 399
222 399
98 400
146 400
193 400
200 400
205 400
227 400
230 400
281 400
344 400
50 401
73 401
222 401
263 401
380 401
419 401
207 402
282 402
322 402
323 402
363 402
478 402
422 403
458 403
3 404
345 404
44 405
347 405
381 405
438 405
22 406
62 406
159 406
316 406
436 406
167 407
231 407
293 407
408 407
87 408
128 408
232 408
274 408
290 408
333 408
174 409
292 409
363 409
16 410
332 410
379 410
449 410
465 410
36 411
206 411
287 411
312 411
340 411
344 411
422 411
342 412
408 412
411 412
50 413
189 413
260 414
327 414
362 414
439 414
77 415
104 415
279 415
314 415
328 415
7 416
41 416
233 416
70 417
407 417
28 418
148 418
282 418
330 418
408 418
411 418
221 419
216 420
259 420
375 420
423 420
225 421
250 421
378 421
394 421
159 422
207 422
215 422
222 422
321 422
357 422
406 422
424 422
472 422
172 423
215 423
219 423
335 423
336 423
357 423
409 423
92 424
199 424
321 424
375 424
58 425
185 425
425 425
438 425
18 426
127 426
243 426
370 426
367 427
406 427
421 427
424 427
13 428
112 428
374 428
393 428
407 428
457 428
230 429
391 429
407 429
421 429
310 430
7 431
294 431
40 432
137 432
148 432
230 432
263 433
320 433
403 433
410 433
422 433
74 434
306 434
445 435
66 436
203 436
207 436
210 436
321 436
161 437
215 437
308 437
101 438
175 438
185 438
193 438
210 438
251 438
282 438
324 438
337 438
339 438
358 438
239 439
282 439
331 439
31 440
275 441
468 441
116 442
124 442
239 442
297 442
360 442
380 442
126 443
137 444
333 444
44 445
266 445
421 445
265 446
267 446
317 446
351 446
137 447
223 447
152 448
377 448
159 449
203 449
286 449
400 449
149 450
154 450
162 450
255 450
254 451
451 451
460 451
75 452
94 452
157 452
160 452
172 452
278 452
86 453
102 453
190 453
240 453
110 454
304 454
325 454
348 454
368 454
413 454
65 455
82 455
436 455
55 456
271 456
48 457
467 457
124 458
39 459
137 459
227 459
261 459
390 459
27 460
141 460
295 460
341 460
433 460
316 461
409 461
474 461
152 462
216 462
250 462
18 463
205 463
449 463
248 464
429 464
6 465
152 465
179 465
281 465
84 466
190 466
244 466
63 467
308 467
358 467
379 467
74 468
91 468
402 468
100 469
273 469
330 469
443 469
52 470
234 470
422 470
107 471
271 471
116 472
268 472
295 472
415 473
455 473
469 473
256 474
372 474
123 475
143 475
210 475
320 475
344 475
126 476
140 476
153 476
220 476
389 476
24 477
256 477
14 478
131 478
152 478
169 478
180 478
190 478
413 478
201 479
280 479
431 479
461 480
74 481
333 481
7 482
67 482
385 482
447 484
95 485
106 486
260 486
231 487
117 488
209 489
292 489
370 489
376 489
16 490
133 490
170 490
213 490
219 490
220 490
314 490
362 490
476 490
38 491
52 491
193 491
340 491
388 491
394 491
207 492
419 492
422 492
141 493
182 493
247 493
421 493
463 493
64 494
280 494
434 494
70 495
240 495
362 495
89 497
100 497
413 497
214 498
232 498
269 498
304 498
446 498
219 499
329 499
406 499
433 499
155 501
162 501
352 501
379 501
433 501
262 502
117 503
319 503
132 504
177 504
292 504
468 504
22 505
189 505
372 505
377 505
423 505
36 506
199 506
239 506
249 506
392 506
51 507
57 507
313 507
30 508
413 508
67 509
144 509
228 509
332 509
409 509
226 510
230 510
276 510
77 511
303 511
361 511
161 512
440 512
458 512
476 512
98 513
266 513
185 514
397 514
108 515
254 515
321 515
346 515
425 515
116 516
432 516
374 517
128 518
192 518
383 518
426 518
221 519
225 519
226 519
231 519
233 519
243 519
374 519
378 519
139 520
205 520
207 520
213 520
315 520
338 520
369 520
413 521
138 522
147 522
159 522
360 522
39 523
153 523
301 523
461 523
52 524
64 524
353 524
362 524
450 524
73 525
158 525
163 525
360 525
403 525
445 525
87 526
180 526
350 526
81 527
94 527
170 527
328 527
432 527
268 528
342 528
347 528
188 529
338 529
345 529
422 529
89 530
117 530
125 530
221 530
230 530
281 530
317 530
373 530
389 530
100 531
197 531
214 531
324 531
125 532
136 533
131 534
138 534
143 534
151 534
206 534
147 536
467 536
155 538
414 538
424 538
429 538
432 538
439 538
450 538
148 539
158 539
346 539
349 539
32 540
233 540
240 540
251 540
404 540
438 540
45 541
73 541
83 541
84 541
171 541
178 541
261 541
274 541
402 541
57 542
189 542
103 543
323 543
383 543
391 543
104 544
102 545
373 545
117 546
124 546
326 546
116 547
130 547
200 547
316 547
475 547
115 548
137 548
142 548
359 548
466 548
132 549
297 549
345 549
351 549
359 549
457 549
131 550
145 550
307 550
427 550
277 551
289 551
411 551
439 551
448 551
145 552
225 552
242 552
424 552
158 553
172 553
256 553
421 553
189 554
267 554
394 554
181 555
404 555
406 555
197 556
41 557
377 557
470 557
58 558
75 559
86 559
454 559
89 560
95 560
110 560
357 560
366 560
109 561
305 561
342 561
103 562
123 563
138 563
286 563
294 563
325 563
131 564
157 564
264 564
280 564
281 564
300 564
310 564
167 565
197 565
206 565
231 565
314 565
162 566
250 566
190 567
217 567
395 567
434 567
180 568
382 568
422 568
447 568
171 569
191 569
372 569
464 569
362 570
379 570
272 574
295 574
337 574
48 575
69 575
123 575
286 575
80 576
110 576
349 576
310 577
330 577
311 578
136 579
385 579
398 579
169 580
211 580
219 580
367 580
151 581
183 581
186 581
200 581
471 581
197 582
227 582
238 582
368 582
428 582
255 583
365 583
375 583
441 583
454 583
264 584
272 586
294 586
285 587
291 587
298 588
306 588
309 588
70 589
296 590
319 590
85 591
294 591
105 592
119 592
326 592
129 593
150 593
185 593
159 595
177 595
184 595
189 595
203 595
363 595
389 595
402 595
168 596
175 596
220 596
463 596
161 597
381 597
417 597
434 597
185 598
244 598
397 598
452 598
189 599
261 599
278 603
298 603
85 605
98 605
330 605
128 607
373 607
114 608
347 608
152 609
386 609
161 610
419 610
186 611
220 611
233 611
195 612
208 612
245 612
410 612
267 615
277 618
285 619
301 620
313 621
350 621
338 622
146 623
375 623
137 624
216 624
231 624
238 624
169 625
186 627
260 627
273 630
204 634
233 636
357 636
302 637
317 639
