282 2
302 2
386 4
407 4
255 5
264 5
274 5
363 5
374 5
394 6
343 7
419 7
433 8
310 10
327 10
293 14
362 15
271 16
370 16
398 16
420 16
382 17
413 17
350 18
391 18
431 18
336 19
254 20
235 21
451 22
317 23
458 23
219 25
301 25
286 27
398 27
474 27
373 29
387 29
418 29
428 29
343 30
359 30
407 30
204 31
266 31
326 31
441 31
447 33
253 34
316 35
239 36
228 38
304 38
463 38
349 39
285 40
370 40
378 40
472 40
358 41
423 41
208 42
336 43
448 45
253 46
322 48
233 49
385 49
459 49
465 49
183 50
341 50
360 51
406 51
220 52
471 52
444 55
200 56
453 56
333 58
324 59
344 59
353 59
467 59
182 60
236 62
276 63
220 64
165 65
443 69
456 70
200 71
336 71
355 72
469 72
323 73
348 73
188 75
235 76
177 79
213 81
400 82
454 82
463 84
297 85
154 86
408 86
474 86
418 87
194 88
435 90
440 91
141 92
234 92
172 93
215 93
412 96
458 96
152 99
199 99
469 99
423 100
179 102
478 103
167 104
430 104
228 105
439 105
215 107
397 107
447 108
134 110
202 111
353 112
415 112
459 112
466 113
371 114
119 115
163 115
430 117
187 118
477 118
228 119
444 120
147 121
270 123
172 124
254 124
335 124
128 126
457 126
158 127
242 127
412 127
197 128
422 128
112 129
179 131
471 131
295 133
431 133
479 133
280 134
321 134
401 135
441 135
136 136
166 136
259 136
251 138
413 138
241 139
450 139
156 140
192 140
419 141
428 142
118 143
464 143
260 146
271 146
473 146
174 147
338 147
439 147
102 148
245 148
134 149
347 149
359 149
406 149
226 151
191 152
370 152
417 152
448 152
156 153
280 155
116 156
259 156
307 157
462 157
470 157
143 158
171 158
434 158
242 159
478 162
446 164
120 165
382 165
259 166
338 166
94 167
455 167
83 170
109 170
363 170
136 171
467 171
210 173
284 174
308 177
325 177
449 178
89 179
114 181
458 181
470 185
251 186
301 186
447 186
311 187
441 188
114 191
457 193
323 195
464 197
88 198
119 198
188 199
471 201
108 202
175 202
375 202
447 202
78 203
201 203
412 203
383 204
254 205
263 205
392 206
457 206
478 206
224 207
94 208
181 208
234 208
215 210
303 210
199 211
366 211
166 212
108 215
277 215
391 215
79 216
182 216
244 216
256 216
376 216
447 216
472 217
231 218
455 219
120 220
218 220
207 221
385 221
433 221
167 222
361 222
68 223
194 223
89 224
109 225
181 225
270 225
276 226
284 226
345 226
471 226
254 228
446 228
59 229
79 229
229 229
240 229
101 230
214 230
376 230
167 231
392 231
193 233
67 234
458 234
140 235
180 235
90 236
114 236
281 237
369 237
169 238
233 238
267 238
244 239
258 239
306 239
466 239
222 240
394 240
444 240
79 241
156 242
384 242
193 244
362 245
474 245
48 246
68 246
275 246
453 247
225 248
395 249
243 250
256 250
41 251
166 251
460 251
56 252
206 252
380 253
441 253
273 254
466 256
283 257
335 257
252 258
69 259
210 259
262 259
429 259
48 260
395 260
372 261
451 261
164 262
418 262
159 263
385 263
479 265
132 266
441 266
38 267
253 267
264 267
275 267
360 267
106 268
52 269
69 269
180 270
463 270
316 271
396 271
370 272
384 272
446 272
300 274
390 275
41 276
78 276
455 276
59 277
474 277
246 278
260 278
271 278
397 279
429 279
379 280
156 281
202 281
313 281
210 282
285 282
462 282
189 283
30 285
295 285
421 285
70 286
123 286
46 287
177 287
246 287
406 287
80 288
141 288
448 288
304 289
170 290
262 290
276 292
455 292
135 293
430 293
60 294
233 294
312 294
476 294
35 295
159 295
287 295
195 296
249 297
418 297
435 297
464 297
295 298
52 299
256 299
183 300
77 301
123 301
269 301
407 301
148 302
444 302
305 303
322 303
355 303
28 304
172 304
226 304
277 305
449 305
45 306
163 306
430 306
132 308
242 308
415 308
111 309
202 309
285 309
252 310
315 310
62 311
158 311
189 311
259 311
295 311
421 311
471 311
195 312
40 313
402 313
439 313
151 314
388 315
456 315
478 315
273 316
122 317
183 317
229 317
321 317
174 318
303 318
444 318
56 319
281 319
409 319
428 319
34 320
247 320
341 320
374 320
463 322
71 324
394 324
27 325
314 326
451 326
195 327
293 327
128 331
352 331
368 332
99 333
179 333
301 333
38 334
469 334
15 335
292 336
457 336
278 337
444 337
259 338
210 341
309 341
360 341
474 341
236 343
25 344
86 344
282 346
367 347
462 347
127 349
303 350
448 351
19 352
318 352
467 353
40 354
225 354
372 354
232 357
258 357
289 357
451 357
322 358
351 358
407 358
72 360
454 361
32 362
243 362
160 363
112 364
133 364
278 364
474 364
9 365
262 367
339 367
355 367
48 368
85 368
150 369
459 370
66 371
446 371
99 373
125 373
26 374
78 375
263 375
463 375
143 376
95 377
200 377
18 378
375 378
251 379
268 380
138 381
448 381
35 382
71 383
115 383
53 384
467 384
160 386
301 387
454 387
9 389
83 389
25 390
252 391
271 391
363 391
472 391
131 392
439 392
104 394
151 394
395 394
61 395
45 396
123 397
274 397
443 397
460 398
74 399
97 399
476 399
368 400
17 402
147 402
253 402
336 402
382 402
91 403
195 403
322 403
36 404
399 405
371 406
466 406
114 407
137 407
351 407
232 408
361 408
450 408
83 411
268 411
212 412
106 414
253 414
387 414
401 414
208 415
325 415
470 416
75 417
244 417
126 418
23 419
99 419
151 420
204 420
227 421
269 421
364 421
460 421
375 422
448 422
387 423
225 426
474 426
464 427
117 428
266 428
239 429
378 429
13 430
90 430
143 430
220 432
31 433
392 433
112 434
82 435
366 435
441 435
468 435
478 435
248 436
456 436
47 437
22 439
133 439
237 439
263 439
164 440
284 442
343 442
74 443
99 443
190 444
316 444
447 444
233 445
383 445
153 446
39 447
94 447
461 447
358 448
123 449
282 449
163 450
448 451
58 452
91 452
185 452
315 453
370 453
295 454
342 454
466 454
326 455
25 456
114 456
141 456
264 456
396 456
409 456
223 458
359 458
179 459
77 460
453 461
45 462
16 463
108 464
438 464
67 465
131 465
314 465
371 465
468 467
35 468
169 468
196 468
331 468
341 469
148 470
211 472
311 472
350 472
457 472
60 473
92 474
474 475
296 476
387 476
120 477
163 477
185 477
24 478
441 478
140 479
49 480
308 480
154 481
200 482
252 482
16 484
78 484
460 485
128 488
447 488
478 489
34 490
68 491
101 492
171 492
189 493
303 493
453 495
27 496
141 496
415 496
56 498
466 498
158 502
124 503
200 503
183 504
43 506
235 506
316 506
402 507
456 507
76 508
444 508
150 509
196 509
254 509
174 511
19 512
32 512
416 512
65 513
144 515
446 516
463 516
433 519
130 521
265 521
408 521
51 522
241 522
470 523
123 525
153 526
35 527
80 527
379 529
409 529
436 529
70 531
110 532
257 532
146 533
279 533
472 533
302 534
424 534
455 534
55 536
355 536
367 538
410 538
248 539
86 540
135 540
272 540
479 541
295 542
37 543
223 543
440 543
75 544
458 545
410 546
424 546
65 548
122 548
155 548
243 548
291 548
266 550
445 551
51 553
414 554
145 555
307 555
463 557
259 558
430 558
328 559
302 561
450 561
75 562
377 562
53 563
155 563
436 563
131 564
247 564
419 565
470 565
221 566
297 566
123 567
100 570
404 570
444 571
457 572
235 574
289 574
314 575
53 576
71 576
206 576
354 576
407 576
426 578
257 579
307 579
151 580
138 581
127 582
228 582
190 583
452 583
412 584
437 585
467 585
213 587
358 587
377 587
418 587
78 588
319 588
458 588
297 589
64 590
239 592
425 592
150 594
136 596
361 596
101 597
232 597
290 597
436 597
468 597
453 598
222 600
311 600
255 601
378 601
414 602
329 603
347 604
368 604
174 605
447 605
473 605
279 606
299 606
426 606
161 609
205 609
317 609
79 610
237 610
71 611
271 611
98 612
190 612
459 612
112 613
124 613
136 613
151 613
357 613
435 613
339 614
403 614
379 615
410 615
306 616
256 617
368 618
220 619
422 619
445 619
210 620
297 620
468 620
240 621
284 622
326 622
358 622
146 623
186 623
164 624
347 626
267 627
315 627
99 628
457 628
400 629
413 630
304 631
372 631
423 631
116 632
130 632
387 632
255 633
431 633
235 634
332 634
206 635
289 635
360 635
145 636
218 636
438 636
157 637
346 637
164 638
172 638
195 638
182 639
277 639
