315 48
271 53
288 54
296 56
313 58
323 59
339 59
353 61
246 64
370 64
259 65
274 65
287 68
298 70
313 70
389 71
328 72
397 72
341 75
353 76
365 77
215 78
228 78
239 78
250 78
271 79
258 80
287 81
381 81
392 81
411 83
299 85
312 86
420 87
339 89
188 91
200 91
226 91
206 92
214 92
238 92
367 93
258 94
382 94
272 95
287 96
398 96
314 99
303 101
416 102
257 103
364 104
228 105
247 105
267 105
432 106
200 107
214 107
277 107
384 107
185 108
376 108
175 110
401 110
447 113
243 115
297 115
257 116
308 116
417 116
269 117
283 117
337 118
375 118
427 119
208 121
229 121
393 122
188 124
170 125
179 125
441 125
255 127
149 130
282 130
293 130
363 130
371 130
416 130
306 131
316 132
331 132
452 132
386 134
197 135
238 136
432 136
187 137
171 138
401 138
443 139
462 139
160 141
370 143
414 143
149 144
285 144
389 145
424 145
303 146
318 146
329 146
432 148
188 149
363 149
405 151
445 151
172 153
378 155
311 157
421 157
461 157
286 158
153 159
160 159
300 159
389 159
470 161
188 163
438 163
141 164
407 164
177 166
125 168
452 168
163 170
231 171
308 171
216 172
239 172
209 173
148 174
421 175
468 175
194 178
435 178
179 179
377 179
447 180
134 181
318 181
392 181
172 183
406 183
229 184
122 186
163 186
220 186
419 186
455 186
155 187
209 187
362 188
194 190
262 190
463 190
431 192
143 193
182 193
397 194
233 196
442 196
476 196
222 197
405 197
131 198
169 198
206 199
212 199
321 200
416 201
455 201
159 202
115 203
124 203
424 203
386 205
151 206
145 209
326 209
334 209
441 209
288 210
304 210
317 210
346 211
278 212
404 212
473 212
135 213
358 213
367 214
413 214
102 215
159 216
125 218
424 218
300 221
460 221
286 222
319 222
331 222
342 222
435 222
119 223
293 223
148 224
349 224
402 225
263 226
469 228
135 229
414 229
193 230
156 231
302 232
317 232
446 232
105 233
224 233
287 233
327 233
421 233
293 234
126 235
341 236
431 236
99 237
352 237
401 237
141 238
457 238
440 240
122 242
239 242
318 243
292 244
393 244
307 245
369 245
444 245
468 245
224 246
280 246
117 247
151 247
184 247
219 248
109 250
264 250
142 251
377 251
209 252
252 252
454 252
320 253
201 254
306 254
333 254
477 254
134 255
103 256
237 256
386 256
281 257
94 258
227 258
295 258
463 258
156 259
123 260
219 260
358 260
394 260
419 260
270 261
442 261
188 262
260 262
319 262
366 262
449 263
300 264
147 265
253 265
308 265
325 265
402 265
375 266
208 268
226 268
290 268
166 269
243 269
475 269
111 270
136 270
277 270
382 271
454 271
307 273
393 273
215 274
235 274
317 274
130 275
158 275
176 275
262 275
463 275
297 276
442 276
101 277
288 277
397 277
281 279
122 280
227 280
362 280
148 281
407 282
429 282
95 283
450 283
308 284
117 285
221 286
322 286
454 287
472 287
138 288
157 288
336 288
438 288
87 289
287 289
344 289
419 291
152 292
352 293
463 293
110 294
407 295
308 296
127 298
413 298
446 299
103 300
469 300
142 301
328 301
341 302
237 303
319 303
374 303
429 303
152 306
352 306
405 306
432 306
115 307
454 307
134 308
96 309
302 310
479 310
188 314
332 314
417 314
127 315
323 315
87 316
343 316
466 316
204 317
141 318
158 318
105 319
123 319
352 320
401 320
425 320
248 322
285 322
303 322
447 322
267 323
79 325
150 325
332 325
98 326
254 326
298 326
363 326
117 327
408 327
134 328
312 328
456 328
431 329
478 330
199 331
374 331
112 332
278 332
95 333
144 333
250 333
414 333
263 335
419 336
439 336
461 336
159 337
122 338
140 338
334 338
401 338
192 339
289 339
306 339
382 340
465 340
314 342
422 342
234 343
101 344
405 345
151 346
272 346
286 346
348 346
445 346
246 347
469 347
85 348
127 348
111 351
431 351
145 352
318 352
413 353
256 355
473 356
283 357
294 357
309 357
99 358
272 358
141 359
452 359
80 360
402 360
120 361
176 363
208 363
96 364
192 364
330 366
477 366
394 369
154 370
171 371
270 372
412 372
478 372
93 373
113 373
438 373
460 373
188 375
255 375
167 378
300 378
337 380
89 381
105 382
465 382
446 383
184 384
163 385
322 387
179 389
199 389
386 389
430 393
197 395
455 395
98 396
111 402
192 402
174 403
258 403
242 404
310 405
88 407
228 407
294 408
109 410
314 410
463 411
210 412
189 414
226 414
275 414
241 415
259 415
444 416
169 418
316 418
353 419
298 420
201 422
469 423
183 425
250 425
212 426
318 426
449 426
236 427
341 428
162 429
116 430
225 431
288 431
93 432
458 432
476 432
304 433
176 435
279 437
235 438
266 438
312 439
174 440
107 442
126 443
404 443
463 443
376 444
445 446
145 449
428 449
410 451
283 452
383 452
202 453
235 453
268 453
303 453
330 454
471 454
97 455
112 455
390 456
433 457
135 458
158 458
451 458
362 461
418 461
457 461
106 463
437 463
396 464
127 466
148 466
371 468
401 468
464 470
427 472
378 473
142 474
115 475
243 476
323 476
408 476
298 477
388 480
267 481
331 482
415 482
217 483
153 486
448 486
124 487
231 488
338 488
422 491
365 492
210 493
274 493
310 494
372 494
144 495
348 496
431 498
464 498
258 499
407 499
159 500
222 500
204 501
238 501
130 502
294 506
325 506
147 507
220 507
387 507
365 510
423 510
448 510
192 512
306 512
334 512
211 513
231 516
457 516
136 517
401 517
432 518
377 519
345 520
464 520
125 521
245 521
149 523
178 523
318 523
260 524
354 525
387 526
217 527
228 527
267 527
164 528
205 529
234 530
301 530
451 530
276 531
193 532
332 532
150 533
365 533
245 534
288 536
312 536
266 540
374 540
346 543
226 544
282 545
322 545
212 546
243 546
194 547
387 547
301 550
335 551
176 552
359 552
269 554
310 554
283 557
368 557
348 558
322 562
377 562
298 564
