214 2
231 2
247 2
260 2
368 2
136 3
335 3
194 4
281 4
176 6
294 6
124 7
428 7
389 9
309 10
350 10
159 12
109 13
329 14
446 14
149 15
224 16
255 17
96 18
212 18
243 18
407 18
264 19
371 20
417 20
195 21
282 21
296 21
126 22
350 23
179 24
164 26
317 27
433 27
114 28
367 30
391 30
147 31
101 33
218 33
239 33
327 33
448 33
135 34
204 34
335 34
249 35
266 35
259 36
347 37
409 37
188 38
293 39
463 41
85 42
170 42
362 42
305 43
117 44
318 45
369 45
433 47
379 48
331 50
391 50
446 51
100 52
195 55
254 55
342 55
188 56
90 57
123 58
270 58
166 60
286 60
364 61
469 62
78 63
301 64
109 65
314 68
386 68
423 69
451 70
135 71
247 72
260 72
59 73
190 73
200 73
270 74
91 75
175 75
288 76
399 76
431 76
299 77
364 78
470 79
161 80
80 83
374 83
415 83
448 83
141 85
63 90
210 90
227 90
393 90
463 91
281 93
293 93
310 96
363 96
450 101
385 103
128 106
466 106
224 107
283 107
65 108
300 108
324 110
373 112
51 114
86 115
452 115
44 118
384 119
299 120
459 120
347 121
246 122
431 122
394 123
228 124
469 124
65 125
145 126
333 126
362 126
92 127
116 128
405 128
446 129
133 131
212 132
379 132
162 134
238 134
102 135
456 135
203 136
256 136
153 137
271 137
342 137
71 138
40 139
397 139
472 142
89 143
112 143
138 145
242 145
442 145
233 146
254 147
218 148
276 148
122 149
47 150
206 150
454 151
154 153
391 153
75 154
113 154
402 156
365 157
141 158
250 159
330 159
470 159
267 160
277 160
131 162
382 162
58 163
423 163
392 165
448 166
203 168
151 169
46 170
406 170
192 171
143 173
464 173
179 174
294 174
132 176
237 176
424 177
441 178
168 179
364 180
478 181
334 182
154 183
195 184
449 184
263 185
343 185
407 185
55 186
113 186
463 189
75 191
424 191
125 194
431 194
151 196
166 196
33 198
349 198
65 200
410 200
446 200
270 201
284 202
303 202
253 203
323 204
461 204
76 208
334 208
468 209
46 210
344 210
295 213
444 213
72 214
262 214
268 214
277 214
306 214
363 214
477 214
251 215
66 218
33 219
332 219
459 220
347 223
465 223
270 226
83 227
360 227
471 227
256 228
444 229
325 231
70 235
412 237
37 238
279 238
356 240
127 241
314 242
466 242
180 243
324 245
56 246
145 246
237 246
208 248
372 248
77 249
228 250
277 251
288 251
472 251
169 252
197 252
451 252
301 253
410 253
349 254
383 254
42 255
130 255
189 258
147 259
215 259
318 259
359 259
368 261
393 261
423 261
238 262
158 263
29 264
140 264
203 265
293 265
378 265
448 265
306 266
466 266
72 267
176 267
231 267
438 270
44 272
67 272
88 272
386 272
192 273
223 273
171 274
125 275
38 277
300 277
319 277
251 278
291 278
370 278
448 278
476 278
74 279
399 279
162 280
284 280
242 283
89 285
272 286
349 286
457 286
110 287
219 288
260 290
309 290
68 291
299 291
44 292
291 292
321 292
328 295
464 295
251 296
207 297
276 298
77 299
341 299
101 300
60 301
402 304
310 305
470 305
301 306
316 306
354 306
446 306
93 307
262 307
324 308
289 309
47 310
74 310
111 310
232 312
281 312
275 315
341 315
390 315
248 317
40 318
456 318
82 320
105 320
224 320
271 320
263 321
306 321
317 321
297 322
396 322
356 323
32 324
416 324
56 325
241 325
292 325
439 327
115 328
147 329
190 331
462 331
51 332
93 332
253 332
73 333
275 333
306 333
385 333
130 335
42 337
142 337
298 337
422 337
468 338
318 339
109 340
268 340
391 341
157 342
449 345
227 346
263 346
295 346
306 346
245 348
282 348
136 349
411 349
118 350
154 350
474 350
320 351
280 353
96 354
168 357
294 357
257 358
413 358
479 359
130 360
207 362
460 365
266 367
221 368
332 368
351 368
59 372
470 375
298 379
357 379
402 379
449 379
203 380
219 380
337 380
141 382
239 383
49 384
66 387
479 387
216 388
236 393
75 395
461 395
215 399
134 400
344 400
195 402
236 402
445 405
421 407
245 411
130 412
239 413
191 414
456 415
432 416
172 419
380 419
439 422
210 423
356 423
412 424
417 426
148 427
223 430
449 431
152 437
171 438
208 439
226 441
404 442
435 443
289 444
318 444
70 448
194 448
413 449
296 450
451 451
421 453
389 455
84 458
107 460
212 460
303 461
176 462
434 462
198 464
337 464
444 465
116 471
311 471
416 472
315 474
68 475
84 476
432 478
92 480
187 481
362 482
399 482
94 485
409 487
165 488
374 490
171 491
426 492
393 500
415 503
179 504
117 507
371 510
261 515
391 515
190 517
396 517
242 518
347 518
272 520
303 521
168 522
355 522
315 524
171 526
282 527
144 528
252 528
374 528
386 532
230 534
329 534
207 535
187 536
260 536
294 536
159 538
348 539
215 542
307 544
171 545
278 547
129 548
319 548
139 549
253 550
157 558
196 558
213 562
240 562
268 563
225 568
