210 2
311 2
378 2
232 3
247 5
431 5
323 6
471 6
338 8
270 9
401 11
116 12
134 13
289 13
149 14
161 14
364 14
418 14
453 14
182 15
199 15
218 16
235 19
308 19
252 20
429 20
467 21
334 22
391 22
268 23
280 24
354 24
100 25
116 25
130 27
152 28
184 28
167 29
147 30
415 30
449 30
199 31
219 31
373 31
235 32
340 33
260 34
398 37
466 37
96 38
127 38
283 38
112 39
362 39
122 40
296 40
309 40
427 40
412 41
438 42
206 44
228 44
379 44
138 46
150 46
169 46
186 46
454 48
120 49
338 49
95 50
406 51
297 52
350 52
371 54
425 56
189 57
211 57
473 57
234 58
137 59
154 59
174 59
319 59
391 59
95 61
108 61
124 61
447 61
405 66
217 67
236 67
286 67
470 67
182 68
160 69
200 69
305 69
136 70
143 70
425 70
122 71
380 71
105 73
433 73
83 74
95 75
449 75
399 76
71 77
76 77
162 78
211 78
233 78
188 79
411 79
463 79
143 80
114 84
478 84
125 85
388 85
103 86
87 89
450 89
81 90
162 91
152 92
143 94
368 94
469 94
129 96
433 98
102 99
115 99
388 99
242 101
266 103
343 103
90 104
298 104
444 104
145 106
159 107
136 109
371 109
462 111
110 112
290 114
93 115
477 117
78 118
178 118
193 118
72 119
343 119
154 120
402 120
60 122
453 124
113 125
418 126
376 128
251 129
275 129
304 129
471 129
95 130
289 130
434 131
174 132
188 132
335 132
80 133
162 133
69 136
61 137
446 137
120 139
252 139
286 139
298 140
419 140
106 141
212 141
266 141
182 143
199 143
313 143
169 144
427 144
83 146
92 146
431 146
471 146
150 147
135 149
63 150
265 150
72 151
445 151
244 153
310 153
412 153
283 154
294 154
324 155
52 156
108 156
83 157
162 157
181 157
95 158
458 158
433 160
144 161
357 162
269 163
74 164
291 164
404 164
129 165
205 165
308 165
113 166
222 166
446 166
193 167
322 167
67 168
98 168
177 168
422 168
477 168
335 169
159 171
56 172
90 172
50 173
208 174
352 174
118 175
140 175
434 175
290 176
464 176
81 177
198 177
308 177
240 178
247 178
328 179
170 180
183 180
223 180
450 180
115 181
417 181
66 183
108 183
132 183
154 184
56 185
429 186
200 187
322 187
99 188
289 188
306 188
46 189
237 189
333 189
462 189
179 190
148 191
159 191
225 191
358 191
90 192
405 192
137 194
445 194
67 195
206 195
378 196
57 197
182 197
83 198
122 198
292 198
423 198
314 199
51 201
334 201
220 202
459 202
72 203
206 203
361 203
346 204
42 206
153 208
479 208
30 210
118 210
140 210
318 210
375 210
63 212
335 213
236 214
391 214
448 214
204 216
220 217
347 217
469 217
54 218
128 218
79 219
365 221
477 221
43 222
170 222
438 223
457 223
73 226
202 226
328 226
379 226
154 227
337 228
27 229
227 229
468 229
66 230
349 230
142 231
389 231
450 231
215 233
131 234
357 234
257 235
122 236
208 236
308 236
367 236
52 237
159 237
457 237
236 239
323 239
479 239
81 241
114 242
38 243
221 243
414 243
443 244
472 246
69 247
104 247
28 248
285 249
429 250
453 250
97 251
404 253
19 254
90 255
128 255
328 256
434 257
479 257
463 259
81 260
106 261
349 261
418 263
77 264
445 264
117 266
471 266
101 267
237 267
25 270
429 270
47 271
130 271
331 271
410 271
68 272
93 272
111 273
347 274
460 275
479 275
199 276
389 276
14 277
233 277
38 278
171 278
416 278
85 280
368 281
441 281
120 282
277 282
210 283
316 283
398 283
249 284
341 284
101 285
302 285
375 285
467 285
54 286
295 286
323 287
264 288
350 288
449 288
23 289
112 289
134 290
94 291
156 291
279 291
361 292
471 293
391 294
257 295
150 296
370 297
15 298
88 298
108 298
125 300
335 300
82 301
146 301
457 301
33 302
103 302
266 302
478 302
381 303
348 304
120 306
27 307
140 307
78 308
366 309
430 310
98 311
372 311
445 311
136 312
157 312
43 313
321 313
466 313
21 314
114 314
253 314
277 314
337 314
382 315
351 317
450 317
38 318
93 318
224 318
15 319
270 319
471 319
129 320
152 320
394 320
68 322
191 323
362 323
109 324
212 324
225 325
472 325
51 326
168 326
455 326
32 327
8 328
67 328
85 328
145 328
375 328
336 329
105 330
186 331
240 331
207 332
347 332
26 334
47 334
390 334
100 335
166 335
223 335
80 336
301 336
442 336
466 336
151 337
137 338
181 338
407 339
41 340
58 340
118 340
368 340
94 341
163 341
202 341
237 341
219 342
471 343
54 346
76 346
298 346
379 346
459 346
35 347
164 347
92 348
182 348
478 348
217 349
14 350
388 350
431 350
9 351
200 351
236 352
50 353
110 353
395 354
448 354
29 355
88 355
180 355
163 356
69 357
460 357
44 358
199 358
371 359
471 359
218 360
104 361
128 361
252 362
413 362
37 364
83 364
348 364
160 365
116 366
383 366
129 367
286 367
99 368
144 368
315 368
27 370
272 370
77 371
306 371
114 373
454 373
19 375
74 375
257 375
95 377
127 377
239 377
294 377
146 378
466 378
476 378
110 380
278 380
313 381
376 381
10 383
163 383
242 384
263 384
38 386
83 386
353 386
63 387
302 387
387 387
148 388
266 388
450 389
287 390
32 391
465 391
308 392
479 392
107 393
136 394
151 395
121 396
248 396
310 396
23 397
107 399
274 399
296 400
453 401
136 402
415 402
277 403
465 404
74 405
106 406
432 406
474 407
258 408
40 410
70 410
393 410
445 411
34 415
410 415
241 416
352 416
462 417
266 418
58 419
402 420
426 421
250 424
418 424
440 424
274 425
50 426
22 427
79 428
257 429
44 430
455 430
146 431
474 431
78 432
399 432
113 433
261 434
279 435
427 436
59 437
96 437
35 438
410 438
74 439
241 439
439 440
133 442
197 442
344 442
383 442
27 443
269 443
416 443
455 443
309 444
463 444
473 445
45 448
375 448
64 449
183 449
84 450
140 450
205 450
406 451
363 454
385 456
451 457
69 458
121 458
44 459
460 459
474 460
215 461
236 461
197 463
381 463
151 464
62 465
394 466
156 467
44 469
246 469
134 471
225 471
359 472
79 473
207 473
447 473
317 474
455 474
463 474
64 475
468 475
476 476
143 477
372 477
215 480
48 481
260 482
387 482
153 483
291 484
356 485
80 486
397 486
65 487
182 488
225 488
269 488
410 489
94 490
331 490
471 490
479 490
301 491
427 491
444 491
461 491
47 492
144 492
103 493
371 493
279 495
344 495
381 496
115 497
257 497
316 499
392 499
58 501
219 501
356 501
73 502
85 502
245 502
406 503
262 505
422 505
436 505
452 506
471 506
329 507
302 508
186 509
372 509
207 510
110 511
270 512
388 512
121 514
310 515
216 516
343 516
401 516
55 518
284 518
353 518
412 518
430 518
73 519
86 520
247 520
170 521
199 521
455 521
463 521
476 521
447 522
99 523
324 523
179 526
295 526
378 526
214 528
337 529
156 530
230 530
118 531
53 532
70 532
190 532
271 532
348 532
310 535
454 535
469 535
84 536
359 536
424 536
319 537
248 538
96 539
202 540
324 540
178 542
214 543
256 543
106 544
294 544
397 544
339 546
266 547
442 547
465 548
64 549
149 549
81 551
275 552
354 552
312 553
371 553
169 554
100 555
197 555
284 555
214 556
227 556
245 557
115 558
254 559
180 560
301 561
461 561
327 562
422 562
260 563
446 563
455 563
342 564
437 564
109 566
164 566
275 566
90 567
366 567
221 568
123 569
199 569
136 572
378 572
178 573
401 574
102 575
239 576
316 576
325 576
449 576
145 577
248 577
424 577
438 578
162 579
206 579
260 580
340 580
274 582
179 584
358 584
117 585
294 585
305 587
379 587
135 589
237 589
392 589
403 589
194 590
210 590
317 590
412 591
151 592
248 592
341 595
268 596
166 597
351 598
283 599
178 600
183 600
362 600
374 600
297 602
218 604
227 604
312 604
206 605
253 608
337 608
268 610
344 610
282 613
