424 2
312 3
372 5
407 6
245 7
335 7
381 7
262 8
233 9
387 9
465 9
276 10
293 10
353 10
219 11
439 11
190 12
309 12
419 12
364 14
400 14
171 15
323 17
449 17
477 17
241 20
378 20
436 20
277 21
226 22
256 22
340 22
204 23
298 24
416 24
183 25
308 25
157 26
168 26
444 26
324 27
463 27
357 29
397 29
434 31
474 31
273 32
233 33
259 33
287 33
248 34
338 34
222 35
298 35
408 35
177 36
191 36
206 36
347 36
371 36
160 38
316 39
452 39
145 40
335 42
388 42
464 43
359 46
397 46
316 49
188 50
473 50
169 52
442 52
377 53
133 55
332 55
148 56
388 56
453 57
352 58
395 60
289 62
185 63
463 63
322 64
170 65
365 65
156 68
413 68
142 69
255 69
330 69
375 69
451 72
201 73
342 73
386 73
476 73
123 74
425 75
458 75
181 76
357 76
400 79
370 82
467 83
153 85
337 85
445 85
143 87
347 88
386 89
132 90
478 90
458 92
116 93
329 99
371 99
152 101
469 101
225 103
449 103
131 104
384 104
115 107
307 109
390 109
362 110
461 111
274 112
318 112
237 113
149 115
136 116
473 116
447 119
376 120
265 121
349 121
116 123
177 123
254 123
302 123
393 123
242 124
312 124
359 124
104 125
165 125
228 125
460 126
212 127
324 128
337 129
191 131
346 134
175 135
280 135
238 136
253 136
118 137
269 137
295 138
449 138
474 138
104 140
229 140
311 140
214 141
322 142
202 143
192 144
330 144
461 145
181 146
120 147
259 147
343 147
236 148
277 148
168 150
442 150
360 151
470 152
222 153
391 153
101 155
212 155
325 156
233 157
197 158
256 158
335 159
183 160
269 160
291 162
407 162
305 163
111 164
314 165
441 166
460 166
219 168
370 168
396 168
420 168
206 169
237 169
453 170
267 171
286 172
437 174
410 175
474 175
120 176
309 178
229 179
259 179
102 181
153 181
216 181
452 181
204 182
355 182
364 184
403 185
185 187
426 187
126 188
461 188
347 189
232 191
256 191
412 191
240 192
438 192
107 193
248 193
469 193
217 195
361 195
206 196
97 197
140 197
448 197
387 198
427 201
271 203
264 204
454 204
256 205
227 206
112 207
177 210
140 211
100 212
466 212
130 213
445 214
275 215
122 216
113 219
385 220
148 221
217 222
453 222
477 222
102 225
128 229
418 229
462 229
95 230
244 231
269 231
184 232
230 232
327 232
118 234
151 234
426 236
367 238
450 238
142 239
319 242
475 242
103 243
127 244
232 245
286 245
225 246
91 248
151 248
335 248
211 250
461 250
117 251
304 251
313 253
204 255
141 256
239 256
262 256
350 257
449 257
109 258
229 258
285 258
163 260
470 260
219 262
123 263
296 263
96 264
442 264
359 266
149 267
304 267
377 267
207 268
236 268
461 268
90 269
311 270
448 270
282 271
114 273
253 273
294 273
137 274
224 274
107 277
157 278
219 278
471 279
453 280
124 282
268 282
410 282
148 283
205 283
236 283
98 284
427 284
439 286
458 286
90 288
114 288
143 288
479 289
226 290
418 290
158 291
211 293
401 295
126 296
445 296
102 297
232 298
345 298
206 299
467 299
144 301
426 301
407 302
117 303
244 304
429 305
452 306
218 308
471 308
135 309
411 309
109 311
478 311
231 312
278 312
149 313
436 315
212 316
357 317
458 317
123 318
416 318
144 319
246 323
136 324
441 324
109 326
276 327
241 328
263 328
322 329
467 329
270 332
364 332
104 333
253 333
347 333
200 334
286 334
449 335
120 340
475 340
278 341
162 343
262 343
291 343
434 343
252 344
279 346
315 348
352 348
457 348
107 351
338 351
461 351
233 356
185 357
247 357
320 357
269 358
443 358
126 359
253 359
468 359
199 365
327 365
164 366
214 366
106 367
182 368
428 368
451 368
121 369
143 370
235 370
213 372
409 372
476 372
348 373
433 374
114 376
330 376
460 376
162 377
135 378
196 378
216 379
239 381
417 381
438 381
178 384
356 384
128 385
150 385
215 386
197 387
467 387
335 388
422 389
159 391
323 391
144 392
219 392
115 393
198 393
450 393
426 394
245 396
343 396
177 397
261 397
137 399
275 399
457 402
225 404
153 405
345 405
131 406
124 410
467 410
329 411
207 412
275 413
444 413
350 414
145 417
356 422
453 422
462 426
158 427
336 427
250 436
344 436
472 436
445 439
181 441
207 441
155 442
232 442
281 443
422 443
259 444
454 447
214 449
431 450
166 451
312 451
463 451
220 452
243 452
265 452
289 452
410 453
438 453
185 455
471 455
271 458
447 458
152 459
225 461
297 462
198 464
279 468
459 468
209 469
234 469
177 471
432 471
306 473
378 473
243 475
408 475
335 477
189 478
223 479
267 479
389 479
314 480
444 480
197 482
419 482
271 483
396 486
207 487
297 487
181 489
278 489
302 489
428 489
239 490
373 490
383 492
408 493
265 495
219 496
388 499
196 500
365 500
416 502
232 503
271 507
297 507
373 507
400 507
213 509
438 510
280 512
256 513
306 513
387 514
225 515
364 516
266 519
400 519
341 522
318 524
273 525
355 525
377 526
335 532
314 534
322 536
354 537
