285 5
335 8
388 8
429 8
138 10
153 10
175 11
231 11
194 12
247 12
262 12
112 13
129 13
214 13
447 13
293 14
103 15
365 15
395 17
310 18
412 19
467 19
326 20
175 22
198 22
227 22
210 23
251 23
430 23
151 24
264 24
357 24
285 25
450 25
126 26
137 26
309 29
113 30
380 31
99 32
336 32
398 32
183 33
217 34
169 35
197 35
422 35
468 35
237 36
262 36
282 36
157 37
252 37
307 37
331 38
347 39
438 39
365 41
450 42
136 43
389 43
412 45
195 47
252 47
276 48
424 48
160 49
101 50
472 50
144 53
398 53
441 53
353 56
127 57
452 57
251 59
268 59
375 59
421 60
107 61
437 64
473 64
89 65
158 66
401 67
144 68
363 70
459 70
131 71
418 72
226 73
246 74
269 74
117 76
388 77
435 77
85 80
100 80
447 80
355 81
217 85
231 85
463 85
326 87
369 87
291 89
268 90
343 90
98 92
354 92
398 92
316 94
88 95
119 96
449 96
218 97
375 97
415 97
73 99
105 99
239 99
282 101
399 102
307 103
84 105
362 106
470 106
208 107
324 109
479 109
235 110
419 110
384 111
451 112
350 113
97 114
269 114
158 115
222 116
289 116
302 116
208 117
434 117
80 118
193 118
464 118
318 119
115 121
331 121
169 123
70 124
448 124
477 124
226 125
149 126
97 127
419 128
191 129
426 130
83 131
378 131
466 134
443 136
108 138
263 138
204 139
181 140
415 140
91 144
430 144
461 146
79 148
191 149
113 151
171 151
64 153
407 153
477 153
445 154
127 156
323 157
91 158
186 160
165 161
254 161
427 161
211 162
230 162
462 163
398 164
111 165
357 165
473 166
69 167
102 167
146 167
441 167
135 169
410 169
382 171
179 172
221 173
89 174
197 174
121 175
77 176
251 176
240 177
158 178
265 178
331 178
287 179
364 179
429 179
103 180
139 180
405 180
464 181
201 182
129 183
181 183
300 183
385 184
444 185
168 186
361 186
421 186
88 187
114 188
238 188
254 189
401 190
146 191
225 191
271 191
105 193
194 193
208 193
388 194
461 194
131 195
475 195
70 196
185 196
440 196
418 198
316 199
234 202
165 203
214 203
404 203
198 204
267 204
337 204
153 205
280 205
430 205
73 207
185 207
296 207
443 210
135 211
355 211
171 212
259 212
323 213
154 214
229 214
64 215
471 215
213 216
340 217
197 218
141 221
186 221
455 221
73 223
353 223
170 225
226 226
242 226
121 227
270 227
330 227
155 229
204 229
340 231
56 232
184 233
458 234
142 235
171 236
377 237
320 238
74 239
128 239
233 239
247 239
354 239
217 240
262 241
42 242
274 243
331 243
445 244
61 247
78 249
212 249
343 249
394 249
371 250
324 251
426 252
251 254
243 255
263 255
455 255
212 256
228 256
359 256
43 257
60 258
33 261
204 264
325 265
393 265
73 266
235 266
259 266
277 267
372 267
467 267
48 268
180 268
338 269
112 271
214 272
352 272
452 272
61 273
381 273
37 274
190 276
201 276
326 277
478 278
250 279
50 280
225 281
26 282
64 284
442 284
211 285
467 286
36 287
84 287
162 287
187 288
176 292
26 294
475 294
49 296
72 296
235 296
359 296
457 296
403 297
442 298
225 299
162 300
215 300
181 302
151 306
201 308
54 309
289 309
351 309
413 309
34 310
236 310
470 310
165 311
456 311
185 314
69 315
384 315
43 317
402 317
86 318
211 318
36 323
245 323
449 323
467 323
282 326
13 330
374 331
396 334
27 337
254 338
308 338
446 341
421 342
192 343
285 343
468 343
92 347
150 348
33 349
387 350
14 351
411 352
296 356
462 357
5 358
446 358
68 361
155 361
435 361
416 362
25 363
229 363
40 366
190 367
205 368
473 368
52 369
76 369
152 369
457 369
13 371
167 372
443 372
64 373
182 376
238 376
353 377
409 377
429 378
465 378
46 379
162 380
219 380
66 384
413 384
180 387
5 389
253 389
33 390
18 392
221 392
80 393
201 393
138 395
436 398
184 399
333 399
458 399
477 399
240 400
351 400
423 401
405 402
11 405
42 405
77 405
444 405
29 406
131 406
60 407
153 408
426 409
465 411
332 413
25 416
408 416
39 417
350 418
448 419
6 421
74 421
436 424
54 425
422 426
324 428
355 429
405 429
153 430
456 432
476 434
7 435
208 435
73 436
439 437
409 438
338 439
461 440
263 441
25 442
37 444
283 444
160 445
447 448
121 449
140 449
8 453
366 453
306 454
23 455
48 455
62 455
468 456
146 458
264 458
36 459
291 459
127 460
399 460
472 462
153 465
365 465
382 465
320 466
7 468
133 468
22 469
52 469
450 471
339 472
39 474
158 474
197 476
247 476
137 478
266 480
278 480
9 481
27 482
321 484
121 485
10 492
103 492
156 492
240 492
250 493
304 493
466 493
143 495
391 495
449 495
29 496
268 496
108 499
371 501
132 502
320 504
32 505
16 506
65 506
385 507
158 508
220 509
274 509
448 509
249 511
142 512
260 512
123 514
400 515
466 515
17 516
328 517
40 520
75 520
165 524
353 524
22 527
61 529
341 529
123 530
444 531
461 531
266 533
46 536
333 537
356 540
286 543
455 544
154 546
183 548
346 549
83 553
432 553
444 558
289 559
321 559
271 561
410 561
49 562
93 563
426 563
114 566
74 567
459 568
478 571
59 572
436 572
287 573
342 573
86 574
247 574
255 576
188 577
105 578
268 578
158 579
64 580
388 580
94 582
173 585
425 585
72 586
116 586
349 586
403 586
446 586
234 587
258 590
105 591
374 592
196 593
466 594
132 595
215 597
341 597
308 600
93 601
118 602
182 602
430 602
148 603
378 603
235 604
249 604
266 604
279 605
293 605
327 606
195 607
448 607
128 609
104 610
157 610
205 610
349 611
366 611
394 611
168 613
221 613
306 614
385 614
235 615
437 615
338 616
252 617
285 617
113 618
146 618
188 618
267 618
354 620
426 620
198 621
397 621
123 623
322 624
128 625
218 625
368 625
164 626
236 628
301 628
415 628
356 629
385 629
181 631
256 631
290 631
139 632
274 632
344 634
198 635
152 637
