319 11
353 11
336 12
308 13
369 13
287 14
386 14
272 17
403 18
259 20
324 21
418 21
311 22
346 23
362 23
293 24
378 25
274 26
388 27
401 27
435 28
250 30
229 31
444 31
299 33
417 33
329 34
315 35
345 36
266 37
281 37
360 37
367 37
251 41
380 41
437 41
239 42
402 43
311 44
447 44
322 45
412 45
302 46
218 47
281 47
290 47
332 47
297 48
344 48
356 48
281 49
358 49
268 50
426 50
202 51
391 51
372 52
252 53
406 54
464 54
383 55
438 55
240 56
313 58
330 58
300 59
322 59
223 60
341 60
474 60
286 61
349 62
360 62
425 62
358 63
396 63
262 64
272 64
410 64
206 65
454 65
255 66
372 67
246 68
469 68
193 69
385 69
436 69
222 71
234 71
304 71
393 71
184 72
322 72
335 72
348 72
294 73
283 74
207 75
286 75
357 75
295 76
266 77
414 77
370 78
250 79
321 79
296 80
311 80
456 80
197 81
331 81
383 81
423 81
240 82
245 82
429 82
230 84
186 85
342 85
349 85
392 85
217 86
350 86
437 86
178 87
404 87
295 88
472 88
307 89
270 90
282 90
370 90
202 91
445 91
165 92
257 93
316 93
328 93
224 94
244 94
419 94
457 94
324 95
386 95
335 96
182 97
344 97
231 99
352 99
396 100
433 100
206 101
362 101
170 102
301 102
260 103
274 103
275 103
408 103
470 103
286 104
316 105
410 105
443 105
191 107
216 107
250 107
376 107
418 107
330 108
184 111
236 111
344 111
344 112
392 112
460 112
176 113
225 113
358 114
266 115
295 115
205 116
273 116
286 116
305 116
409 116
252 117
320 118
374 119
160 120
243 120
416 120
445 120
191 121
330 121
386 121
233 123
392 123
399 123
425 123
342 124
222 125
283 125
355 126
269 127
296 127
364 127
288 128
305 128
365 128
433 128
209 129
270 129
313 129
377 129
255 130
384 130
417 130
465 130
160 131
385 131
175 132
246 132
321 132
391 132
331 133
342 133
348 133
194 134
238 134
449 134
222 135
396 135
430 135
357 136
148 137
273 137
363 137
274 138
296 138
304 138
307 138
405 138
208 139
287 139
342 139
370 139
478 139
158 141
264 141
275 141
256 142
381 142
174 143
252 143
464 143
229 144
291 144
303 144
315 144
354 144
387 144
417 144
197 145
274 145
251 146
313 146
327 146
391 146
241 147
426 147
447 147
164 149
216 149
375 149
403 149
181 150
243 150
341 150
342 150
476 150
139 151
457 151
231 153
288 153
300 153
383 153
198 154
307 154
350 154
436 154
386 155
155 156
259 156
274 156
282 156
357 156
134 157
313 157
417 157
216 158
191 159
257 159
364 159
245 160
333 160
400 160
467 160
165 161
446 161
232 163
164 164
182 164
286 164
297 164
345 164
381 164
429 164
204 165
272 165
455 165
224 166
318 166
139 167
323 167
358 167
415 167
476 167
198 168
314 168
119 169
154 169
195 169
439 169
261 170
392 170
216 171
255 171
171 172
189 172
276 172
466 172
246 173
288 173
297 173
334 173
371 173
268 174
407 174
428 174
239 175
140 177
164 177
182 177
315 177
205 178
233 178
351 178
231 179
319 179
453 179
121 180
363 180
388 180
415 180
197 181
222 181
325 181
441 181
156 183
174 183
223 183
261 183
271 183
281 183
466 184
289 185
291 185
370 185
401 185
240 186
298 186
306 186
339 186
450 186
128 187
166 187
170 187
189 187
212 188
312 188
378 189
430 189
163 190
227 190
352 190
183 192
411 192
462 192
441 193
106 194
137 194
203 194
263 194
273 194
282 194
387 194
420 195
421 195
298 196
332 196
177 197
239 197
247 197
365 197
124 198
197 198
337 198
153 199
399 199
427 200
191 201
216 201
309 201
317 201
404 201
450 201
167 203
229 203
269 203
281 203
350 203
376 203
261 204
249 205
327 205
408 205
431 205
460 205
205 206
290 206
181 208
242 208
305 208
356 208
385 208
138 209
231 209
417 209
196 210
391 210
439 210
467 210
105 211
224 211
298 211
335 211
394 211
126 212
338 213
367 213
444 213
318 214
340 214
152 215
172 215
342 215
189 216
322 216
404 216
453 216
173 217
213 217
275 217
430 217
431 217
252 218
262 218
294 218
328 218
356 218
204 219
390 219
405 219
408 219
145 220
244 220
457 220
129 221
163 221
165 221
301 222
334 222
347 222
379 222
439 222
477 222
232 223
378 223
110 224
227 224
308 224
396 224
437 224
196 225
364 226
419 226
215 227
266 227
340 228
385 228
464 228
276 229
289 229
317 229
405 229
353 230
371 230
389 230
405 230
154 231
174 231
256 231
249 232
187 233
205 233
226 233
429 233
447 233
114 234
134 234
240 234
305 234
329 234
472 235
361 236
146 237
167 237
216 237
280 237
313 237
351 237
365 237
200 238
292 238
399 238
179 239
181 239
229 239
336 239
416 239
382 240
453 240
478 240
122 241
211 241
271 241
435 241
341 242
369 242
108 243
156 243
174 243
253 243
260 243
261 245
442 245
463 245
305 246
388 246
424 246
100 247
139 247
238 247
281 247
320 247
371 247
189 248
220 248
280 248
289 248
404 248
114 249
234 249
150 250
171 250
217 250
283 250
345 250
363 250
183 251
326 251
430 251
169 252
183 253
296 253
334 253
470 253
129 254
257 254
208 255
228 255
397 255
93 256
248 256
314 256
365 256
413 256
122 257
260 257
352 257
368 257
224 258
382 258
452 258
222 259
273 259
142 260
179 260
237 260
303 260
328 260
373 260
384 260
438 260
471 260
103 261
161 261
191 261
213 261
341 261
342 261
318 262
368 262
282 263
455 263
136 264
304 264
230 265
356 265
403 265
423 265
462 265
375 266
391 267
221 269
249 269
292 269
307 269
189 270
269 270
361 270
443 270
322 271
333 271
392 271
132 272
150 272
349 272
91 273
131 273
167 273
186 273
200 273
410 273
237 274
277 274
294 275
381 275
395 275
430 275
107 276
415 276
178 277
311 277
212 278
228 278
339 278
160 279
466 279
195 280
262 280
366 280
254 281
324 281
399 281
453 281
222 282
402 282
102 283
121 283
139 283
355 283
474 283
247 284
268 284
437 284
192 285
386 285
204 286
169 287
188 287
238 287
313 287
329 287
421 287
301 288
114 289
150 289
242 289
133 290
213 290
198 291
220 291
358 291
406 291
372 292
459 292
196 293
288 293
442 293
263 294
316 294
394 294
425 294
478 294
89 295
395 295
251 296
208 297
264 297
302 297
124 298
181 298
206 298
228 298
358 298
385 298
428 298
127 300
162 300
190 300
341 300
411 300
462 300
411 301
427 301
224 302
277 302
400 302
102 303
141 303
247 303
264 303
330 303
265 304
289 304
447 304
199 305
376 305
432 305
389 306
240 307
302 307
362 307
174 308
344 308
389 308
215 309
329 309
465 309
375 310
416 310
87 311
133 311
154 311
155 311
259 311
289 311
115 312
193 312
404 312
435 312
196 313
452 313
241 314
168 315
227 315
440 315
189 316
208 316
304 316
359 316
369 316
381 316
458 316
205 317
236 318
252 318
315 318
332 318
345 318
395 318
421 318
187 319
260 319
304 319
316 319
368 319
423 319
165 320
271 320
106 321
147 321
410 321
461 322
473 322
125 323
247 323
286 323
379 323
303 324
325 324
427 324
126 325
181 325
216 325
370 325
447 325
141 326
159 326
195 326
334 326
99 327
119 327
300 327
371 327
244 328
314 328
347 328
270 329
396 329
135 330
242 330
253 330
336 330
175 331
284 331
329 331
359 331
315 332
477 332
93 333
156 333
194 333
211 333
228 333
349 333
384 333
431 333
153 334
284 334
300 334
249 335
419 335
135 336
174 336
150 337
300 337
371 337
110 338
222 338
152 339
248 339
264 339
398 339
466 340
184 341
202 341
237 341
348 341
279 342
315 342
411 342
436 342
165 343
182 343
299 343
335 343
372 344
421 344
187 345
257 345
284 345
326 345
361 345
452 345
127 346
399 346
104 347
259 347
128 348
181 348
198 348
274 348
314 349
412 349
121 350
234 350
340 350
255 351
385 351
401 351
100 352
362 352
175 353
280 353
373 353
143 354
158 354
214 354
441 354
117 356
269 356
300 356
350 356
249 357
412 357
458 357
176 358
231 358
291 358
426 358
315 359
472 359
94 360
227 360
325 360
387 360
190 361
376 362
170 363
337 363
351 363
414 363
169 364
210 364
327 364
444 364
207 365
362 365
403 365
183 366
224 366
244 366
151 367
226 367
311 367
323 367
240 368
350 368
107 369
131 369
274 369
461 369
337 370
431 370
166 371
222 371
299 371
327 371
198 372
388 372
236 373
415 373
327 374
124 375
216 375
285 375
339 375
218 376
402 376
435 376
449 376
253 377
99 378
145 378
311 379
376 379
404 379
157 380
420 380
467 380
195 381
297 381
417 381
364 382
390 382
114 383
171 383
352 383
213 384
452 384
267 385
325 385
366 385
438 385
232 386
186 387
250 387
338 387
378 387
403 387
132 388
151 388
90 389
247 389
277 389
310 389
421 389
109 390
323 390
246 391
294 391
296 391
244 392
352 392
440 392
206 393
280 393
322 393
407 393
457 394
307 395
472 395
243 396
262 396
422 396
143 397
164 397
338 397
395 397
428 397
379 398
123 399
158 399
223 399
366 399
180 400
439 400
241 401
276 401
354 401
202 402
203 403
273 403
441 403
114 404
292 404
338 404
151 406
304 406
319 406
409 406
233 407
255 408
364 408
478 408
172 409
193 409
272 409
148 410
383 410
236 411
303 411
351 411
463 411
194 412
250 412
267 412
247 413
317 413
410 413
415 413
447 413
148 414
106 415
145 415
212 415
233 415
247 416
429 416
430 416
162 417
399 417
126 418
373 418
465 418
185 419
268 419
319 419
338 419
246 421
283 421
302 421
206 422
434 423
177 424
181 424
186 424
386 424
239 425
263 425
434 425
468 425
153 426
201 426
420 426
133 427
175 427
326 427
416 427
451 427
219 428
351 428
111 429
241 429
435 429
256 430
317 431
262 432
403 432
127 433
143 433
297 433
364 433
375 433
170 434
194 435
214 435
237 435
257 435
279 436
281 436
421 436
168 437
215 437
338 437
341 437
325 438
350 438
354 438
440 438
143 439
231 439
259 439
360 440
390 440
120 441
232 442
98 443
228 443
293 443
206 444
310 444
163 445
164 446
209 446
407 446
251 447
291 447
425 447
130 448
221 448
249 448
273 448
338 448
182 449
325 449
156 451
199 451
222 451
351 451
395 452
122 453
286 454
361 455
262 456
286 456
378 456
449 456
240 457
412 457
110 458
141 458
171 458
315 459
337 460
214 461
258 461
232 462
300 462
431 462
193 463
234 463
299 463
352 463
134 464
256 464
398 464
415 464
124 465
161 465
367 465
384 466
202 469
290 469
178 470
185 471
223 472
251 472
116 473
148 473
337 473
402 473
322 474
172 476
268 476
351 476
422 476
212 478
193 479
212 479
390 481
240 482
283 482
303 482
165 483
319 483
200 484
408 485
231 486
258 486
358 486
394 487
278 488
341 488
329 489
154 490
376 490
136 492
183 493
249 494
310 496
170 497
212 497
292 497
235 500
268 500
341 500
363 502
158 503
327 505
195 506
263 506
283 506
148 507
226 507
303 507
247 508
184 513
258 513
216 515
309 515
170 517
272 518
232 520
336 520
323 521
288 522
201 524
242 525
183 527
301 529
234 530
258 532
212 535
241 538
