331 1
155 2
195 2
471 2
373 3
101 6
308 6
366 7
454 7
263 9
138 11
356 11
178 12
423 12
218 13
91 14
293 14
398 14
133 15
168 17
339 18
247 19
285 19
123 20
466 20
324 21
376 21
204 22
275 22
436 23
452 23
72 24
236 24
305 24
264 25
364 25
418 26
411 27
148 28
299 28
107 30
191 31
325 33
392 33
221 34
247 35
464 35
136 36
376 36
320 37
52 38
101 38
443 38
422 39
177 40
275 40
169 41
89 42
399 42
130 43
237 43
356 45
370 45
381 45
407 45
84 46
122 46
166 46
354 46
463 46
472 46
298 47
352 48
150 50
338 50
254 51
284 51
438 51
443 51
117 52
154 52
427 52
108 53
221 53
65 54
146 56
195 56
322 56
402 56
271 57
207 58
258 59
460 59
381 60
49 61
102 61
310 61
444 61
137 62
179 63
230 64
245 64
368 64
437 64
300 65
90 66
352 66
221 67
283 67
37 68
430 68
165 69
211 69
333 70
478 70
469 72
75 74
395 74
114 75
154 75
265 75
320 75
380 75
227 76
267 76
191 77
308 78
437 78
105 79
254 79
296 83
417 83
59 84
136 84
179 85
211 85
339 85
92 86
294 86
398 86
91 87
289 88
385 88
204 89
163 90
362 90
455 90
328 91
461 91
124 92
245 92
265 92
276 92
442 92
230 93
318 93
428 93
231 94
314 94
348 94
83 95
316 95
187 96
305 97
412 97
74 98
79 98
216 99
410 99
395 100
26 101
378 101
66 103
143 103
103 104
251 104
459 104
60 105
292 105
352 105
477 105
23 106
100 107
285 107
292 107
445 107
334 108
200 109
231 109
327 109
430 109
89 110
194 110
323 110
273 111
396 112
413 112
172 113
179 113
219 113
314 113
384 113
88 114
127 114
214 114
164 115
362 115
46 116
350 116
255 118
83 119
115 119
135 119
452 120
150 122
201 122
34 123
75 123
200 123
416 123
228 124
356 124
389 124
405 124
439 124
334 125
418 125
28 126
70 126
104 126
370 126
324 127
141 129
66 130
136 130
53 131
306 131
172 132
312 132
210 133
254 133
22 134
68 134
299 134
59 135
92 135
53 136
288 136
439 136
450 136
465 136
433 137
476 137
122 138
199 138
362 138
160 139
232 139
237 139
274 140
397 140
346 141
82 142
114 143
221 143
334 143
258 144
322 144
149 145
182 145
142 146
307 146
39 147
214 147
447 148
245 149
35 150
103 150
137 151
291 152
168 153
470 153
30 154
366 154
379 154
397 154
64 155
126 155
164 155
235 155
283 155
351 155
402 155
278 156
330 156
65 157
267 157
418 157
427 157
129 158
154 158
157 158
438 158
315 159
59 160
186 160
304 161
116 162
152 162
152 163
459 163
12 164
18 164
252 164
298 165
379 165
383 165
369 166
354 167
476 167
248 168
398 168
339 169
369 169
409 169
41 170
414 170
197 171
132 172
273 172
432 172
95 173
163 173
191 173
223 174
261 174
442 174
81 175
257 175
455 177
187 178
294 178
33 179
289 179
71 181
113 181
212 181
243 181
362 181
377 181
382 181
387 182
391 182
474 182
339 183
346 183
140 184
240 184
27 185
172 185
311 185
18 186
142 186
275 186
408 186
65 187
267 187
268 188
271 188
276 188
424 188
134 189
433 189
438 189
57 190
224 190
15 191
162 191
191 191
256 191
95 192
319 192
446 192
297 193
51 195
282 196
353 196
370 196
371 196
381 196
462 196
122 197
123 197
250 197
339 197
150 198
386 198
394 199
412 199
40 200
203 200
240 200
472 200
47 202
77 202
117 202
174 202
43 203
424 203
426 203
230 204
265 204
28 205
310 205
105 206
300 206
441 206
104 207
190 207
222 207
295 207
354 208
217 209
452 209
63 210
133 210
283 210
381 210
185 211
337 211
325 212
332 212
157 213
399 213
209 214
467 214
92 215
271 215
410 216
204 217
310 217
123 218
260 218
478 218
226 219
49 220
423 220
147 221
369 221
441 221
360 222
248 223
83 224
186 224
337 224
376 224
394 224
281 225
320 225
334 225
397 225
453 225
32 226
243 226
79 227
308 227
402 227
461 227
62 229
414 229
181 230
204 230
233 230
173 231
26 232
105 232
134 232
256 232
431 232
55 233
198 233
286 233
358 233
365 233
346 234
347 234
478 234
378 235
151 236
219 236
167 237
315 237
393 238
43 241
300 241
461 241
119 242
237 243
408 243
64 244
258 244
419 244
288 245
39 246
142 246
177 246
334 246
349 246
198 247
327 247
427 247
86 248
218 248
310 248
360 248
367 248
383 249
391 250
88 251
110 251
301 251
384 251
445 252
212 253
451 254
54 255
80 255
183 255
263 255
25 256
162 256
103 257
208 257
410 257
465 257
329 258
127 259
197 259
346 259
225 260
246 261
274 261
362 261
373 261
428 261
47 262
173 262
299 262
120 263
293 263
300 264
289 265
237 267
91 268
141 268
262 268
207 269
159 270
187 270
210 270
231 270
279 270
410 270
463 270
428 271
108 272
272 272
310 272
322 272
340 272
29 273
353 273
361 273
83 274
372 274
222 275
248 276
295 276
105 278
193 278
239 278
382 278
51 279
72 279
235 280
280 280
395 280
452 280
209 281
426 282
164 283
263 283
404 283
94 284
163 284
231 284
466 284
141 285
181 285
320 285
338 285
68 286
308 286
39 287
66 287
354 287
435 287
117 288
291 288
368 288
248 289
380 290
112 291
198 291
219 291
418 291
423 291
61 292
380 292
449 292
170 293
132 294
389 294
433 294
459 294
105 295
107 295
149 295
188 295
272 295
432 295
236 296
396 296
29 297
79 297
323 298
335 298
410 298
474 298
212 299
57 300
206 300
260 300
348 300
51 301
182 301
291 302
306 302
449 302
99 303
160 303
223 303
363 303
422 303
379 305
138 306
222 306
281 306
243 307
394 307
43 308
116 308
243 308
464 308
249 309
439 309
66 310
92 310
403 310
268 311
326 311
338 311
89 312
191 312
267 312
308 312
445 312
211 313
63 314
318 314
360 314
385 314
415 314
146 315
166 316
59 317
256 317
288 317
422 317
106 318
203 319
126 320
458 320
199 321
203 321
246 321
277 321
375 321
402 321
53 322
179 322
247 322
434 322
28 323
140 323
377 323
157 324
334 324
51 325
316 325
218 326
299 326
343 326
72 327
266 327
192 328
388 328
93 329
356 329
419 329
453 329
134 331
137 331
189 331
44 332
113 332
169 332
231 332
109 333
370 333
431 333
65 334
151 334
252 334
249 335
278 335
307 335
88 336
204 336
302 336
317 336
336 336
467 336
249 338
273 339
159 340
352 340
104 341
218 341
271 341
388 341
417 341
447 341
81 342
239 342
31 343
241 343
362 343
191 345
211 346
233 346
366 346
398 346
401 346
293 347
303 347
317 347
53 348
258 348
313 348
459 348
115 349
380 349
49 350
283 350
469 350
73 351
151 351
410 351
24 352
95 352
132 352
275 352
343 352
250 353
222 355
393 355
106 356
202 356
182 357
268 357
363 357
418 357
448 357
107 358
40 359
161 359
238 359
309 359
317 359
65 360
220 360
298 360
195 361
457 361
142 362
285 362
325 362
430 362
259 363
338 363
349 364
407 364
82 365
123 365
233 365
384 365
81 366
436 366
469 366
33 367
118 367
438 367
57 368
156 368
173 368
366 368
248 371
448 371
476 371
291 372
417 372
418 372
148 373
151 373
202 373
319 373
28 374
51 374
183 374
218 374
377 374
269 375
279 375
352 375
71 376
107 376
127 376
196 377
266 377
332 377
242 378
144 379
164 379
428 379
459 379
44 380
270 380
446 381
364 382
297 383
389 383
410 383
204 384
232 384
179 385
257 385
258 385
100 386
433 386
454 386
472 386
314 387
348 387
414 387
36 388
57 388
156 388
226 388
306 388
372 388
132 389
326 389
458 389
223 390
246 390
418 390
419 390
290 391
297 391
377 391
401 391
170 392
247 393
30 394
218 394
357 395
377 395
282 396
382 396
241 397
426 397
443 397
466 397
167 398
190 398
276 398
335 398
406 399
106 400
123 400
275 400
387 400
107 401
262 401
83 402
164 402
307 403
335 403
366 403
182 404
472 404
60 405
233 405
340 405
450 405
38 406
391 406
118 407
158 407
433 407
350 408
271 409
292 409
253 410
323 411
412 411
479 411
97 412
134 412
416 412
225 413
373 413
351 414
398 414
319 415
171 416
289 416
460 416
419 417
289 418
348 418
49 419
444 419
192 420
263 420
324 420
87 422
105 422
125 422
127 422
147 422
216 422
308 422
236 423
285 423
356 424
383 424
63 425
120 426
404 426
468 426
163 427
210 427
258 427
40 428
184 428
339 428
434 428
372 429
120 430
303 430
322 430
77 432
139 433
297 433
300 433
99 434
116 434
299 434
389 434
118 435
202 435
339 435
475 435
57 436
95 436
271 436
176 437
376 437
455 437
94 438
246 439
407 439
374 440
267 441
319 441
475 441
71 442
172 442
440 444
293 445
356 445
358 445
337 446
356 446
189 447
266 447
389 447
103 448
123 448
142 449
277 449
314 449
461 449
42 450
164 450
142 451
261 451
231 453
443 453
60 454
119 454
287 454
334 455
349 455
354 455
463 455
390 456
138 457
288 457
409 457
251 458
312 458
372 461
427 461
151 462
306 462
279 463
447 463
220 464
86 465
171 465
463 465
191 466
328 467
349 467
327 468
403 468
408 468
137 469
273 469
191 470
213 470
365 471
386 471
98 472
269 472
66 473
342 474
427 474
465 474
123 475
205 475
408 475
61 476
117 476
232 476
407 477
177 478
321 478
447 478
152 479
295 479
82 480
258 480
322 481
106 483
290 483
339 483
359 483
381 483
169 485
195 485
357 485
315 486
403 486
426 486
466 486
127 487
219 488
280 488
70 489
310 489
164 490
382 490
375 492
445 492
140 493
187 494
330 494
397 494
243 495
301 496
464 496
212 497
421 498
114 499
236 499
270 499
348 499
107 501
133 501
238 501
368 502
295 503
230 504
197 505
323 506
342 506
440 506
262 507
417 508
460 509
95 510
222 510
339 510
393 510
119 511
365 511
283 512
436 512
220 513
311 514
334 514
362 514
162 515
439 515
382 517
282 518
432 518
155 519
181 519
211 519
216 519
358 519
328 520
410 520
214 521
477 521
102 522
147 522
383 522
271 523
204 524
303 525
234 526
349 526
299 527
321 527
428 527
266 529
165 531
192 531
221 531
134 532
293 532
399 532
218 533
107 534
362 534
216 535
287 536
358 538
418 538
442 538
215 539
251 539
334 540
394 540
148 541
307 541
371 541
176 542
202 542
328 542
203 543
282 543
231 545
245 546
275 546
300 546
388 546
228 547
350 547
459 547
135 548
196 548
246 548
218 549
242 549
433 551
217 552
265 552
289 553
478 554
316 556
342 556
179 557
235 557
209 558
399 558
254 559
362 559
280 560
357 560
474 560
332 563
226 565
247 565
266 565
307 565
372 568
416 568
465 568
248 573
347 573
239 574
321 574
297 575
433 577
363 578
234 579
226 581
378 583
261 584
335 584
310 585
250 587
285 587
396 588
218 589
352 589
447 589
237 595
323 595
413 595
365 596
295 598
221 602
254 604
312 604
282 606
398 606
245 607
295 615
