423 1
71 2
184 2
195 2
267 2
434 2
150 3
305 3
114 5
412 5
446 5
221 6
287 6
59 7
465 7
178 8
335 9
207 10
276 10
102 11
136 11
245 12
324 12
306 14
163 16
399 17
427 17
358 18
414 18
46 19
69 19
233 19
288 19
376 19
433 19
118 20
344 20
387 20
186 21
140 23
220 23
448 23
469 24
327 25
106 26
205 27
317 27
61 28
478 28
242 29
29 30
95 31
123 31
173 31
387 31
402 31
261 32
414 32
427 32
444 32
74 33
229 33
294 33
349 33
361 33
144 36
461 36
186 37
336 37
44 38
246 38
323 40
373 42
61 43
98 43
366 43
387 43
409 43
260 44
309 44
428 44
195 45
129 46
385 46
444 46
166 48
219 48
290 48
384 49
28 50
348 50
74 51
239 52
178 54
262 54
46 55
100 55
139 55
228 55
319 55
356 55
363 55
353 56
384 56
102 57
378 57
436 57
194 58
305 58
117 59
161 60
378 60
57 61
212 61
456 61
102 62
251 62
287 63
472 63
83 64
370 64
126 65
278 65
33 66
176 67
416 67
200 68
227 68
335 68
145 69
262 70
331 70
438 70
315 71
342 71
393 71
351 72
376 74
459 74
64 75
295 75
102 76
212 76
352 76
357 77
164 78
351 78
132 79
234 79
415 79
272 80
401 80
61 81
77 81
47 83
351 83
153 84
301 84
453 84
95 85
229 85
297 85
123 86
341 86
392 86
77 87
161 87
255 87
283 87
284 87
65 88
207 88
63 89
379 89
424 89
46 91
141 92
300 92
354 92
210 93
234 93
165 94
56 95
118 95
419 95
42 96
189 96
412 96
430 96
442 96
44 97
67 97
98 97
261 97
340 97
459 97
31 98
113 98
381 98
85 99
167 99
440 99
49 100
64 100
74 101
117 101
278 101
475 101
89 102
125 102
311 102
322 102
352 102
440 102
63 103
231 103
51 104
71 104
224 104
61 105
149 105
431 105
74 106
95 106
199 106
401 106
189 107
313 108
382 108
419 108
175 109
193 109
87 110
188 110
370 110
39 111
111 111
105 112
425 112
110 113
189 113
215 113
330 113
137 114
299 114
348 114
60 115
164 115
177 115
275 115
308 115
426 116
43 117
185 117
394 117
61 118
71 118
374 118
206 120
298 120
410 120
25 121
362 121
47 122
296 122
213 123
320 123
348 124
86 125
101 125
157 125
134 126
147 126
420 126
195 127
98 128
168 128
268 128
406 128
66 129
234 129
291 129
437 129
457 129
113 130
122 130
230 130
257 130
470 131
103 132
307 132
297 133
335 133
133 134
153 134
194 134
127 135
147 135
165 135
301 135
32 136
212 136
373 136
128 137
244 137
410 137
87 138
167 138
172 138
223 138
362 138
400 138
240 139
314 139
423 139
233 140
350 140
50 141
104 141
262 141
299 141
441 141
451 141
119 142
179 142
294 142
464 142
103 143
173 143
71 145
164 146
179 146
88 147
136 147
306 147
18 148
181 148
99 149
246 149
228 150
381 150
399 151
176 152
266 152
287 152
339 152
350 152
136 153
152 153
414 153
431 153
459 153
470 153
60 154
83 154
134 154
186 155
213 155
281 155
37 156
140 156
91 157
152 158
108 159
90 160
153 161
229 161
411 161
123 162
136 162
217 162
382 162
26 163
61 163
140 163
212 163
250 163
327 163
366 163
398 163
464 163
55 164
129 164
143 164
214 164
359 164
437 164
192 165
220 165
279 165
421 165
169 166
404 166
96 167
319 167
163 169
204 169
339 169
357 169
426 169
181 170
187 170
457 170
58 171
223 171
225 172
320 172
382 172
416 172
15 173
229 173
234 173
256 173
35 175
60 175
123 175
239 175
316 175
367 175
173 176
216 177
400 177
401 177
428 177
152 178
312 178
105 179
107 179
140 179
355 179
148 180
245 180
294 180
410 180
203 181
229 181
344 182
439 182
163 183
212 183
300 183
438 183
86 184
135 184
188 184
288 184
99 185
320 185
347 185
372 186
403 186
437 186
455 186
213 187
259 187
309 187
468 187
200 188
321 188
330 188
420 188
440 188
66 189
284 189
54 190
325 190
123 191
57 192
112 192
119 192
141 192
190 192
307 192
32 193
89 193
179 193
209 193
227 193
194 194
207 194
246 194
376 194
161 195
184 195
188 195
281 195
206 196
281 196
453 196
64 197
183 197
308 197
352 197
360 197
131 198
208 198
262 198
404 198
138 199
212 199
217 199
328 199
218 200
309 200
55 201
342 201
68 202
95 202
100 202
207 202
238 202
19 203
127 203
145 203
398 203
437 203
196 204
290 204
293 204
102 205
360 205
40 206
80 206
401 206
452 206
119 207
68 208
84 208
96 208
376 208
412 208
171 209
46 210
156 210
222 211
429 211
465 211
471 211
115 212
210 212
86 213
319 213
29 214
107 214
182 214
210 214
267 214
478 214
58 215
62 215
88 215
224 215
399 215
303 216
135 217
285 217
3 218
108 218
259 219
397 219
448 219
90 220
237 220
392 220
411 220
99 221
173 221
52 222
154 222
301 223
344 224
468 224
55 225
204 225
377 225
80 226
443 226
17 227
91 227
128 227
245 227
76 228
112 228
163 228
293 228
332 228
37 229
374 229
70 230
78 230
185 230
478 230
265 231
303 231
61 232
396 232
431 233
143 234
407 234
459 234
216 235
284 235
311 235
373 235
95 236
293 236
386 237
229 238
29 239
157 239
325 239
351 239
446 240
107 241
298 241
5 242
47 242
63 242
112 242
390 242
109 243
115 243
424 243
92 244
106 244
160 244
309 245
174 246
267 247
456 247
194 248
215 248
301 248
76 249
243 249
256 249
438 249
99 250
149 250
317 250
410 250
103 251
128 251
278 251
326 251
347 251
282 252
397 252
141 253
256 254
389 254
419 254
36 255
472 256
126 258
138 258
252 258
70 259
165 259
225 259
280 259
454 259
131 260
148 261
212 261
303 261
48 262
301 262
404 262
88 263
253 263
344 263
97 264
356 264
377 264
135 265
437 265
26 266
97 266
227 266
417 266
467 266
222 267
389 267
112 268
138 268
198 268
269 268
286 268
300 268
231 269
238 269
243 269
451 269
63 270
93 270
99 270
137 270
400 270
100 271
124 271
180 271
208 271
244 271
289 271
236 272
242 272
280 272
332 272
380 272
112 273
196 273
321 273
88 274
477 274
83 275
293 275
373 275
379 275
250 276
406 276
194 277
284 277
457 277
36 278
254 279
307 279
361 279
468 279
57 280
109 280
145 280
148 280
151 280
274 280
319 280
397 280
12 281
45 281
73 281
209 281
232 281
313 281
81 282
145 282
157 282
167 282
252 282
323 282
415 282
436 282
49 283
133 283
292 283
309 283
224 284
226 284
55 285
99 285
175 285
476 285
141 286
269 286
358 286
62 287
150 287
373 287
81 288
219 288
335 288
421 288
249 289
401 289
165 290
173 290
187 290
350 291
447 291
106 292
324 292
357 292
112 293
124 293
184 293
462 293
104 294
106 294
304 294
140 295
176 295
181 295
387 295
142 296
296 296
412 296
138 297
316 297
267 298
299 298
341 298
138 299
142 299
304 299
26 300
168 300
367 300
454 300
65 301
192 301
222 301
307 301
122 302
396 302
84 303
209 303
230 304
437 304
239 305
419 305
122 306
377 306
181 307
224 307
259 307
337 307
351 308
77 309
83 309
183 309
193 309
220 309
227 309
322 309
465 309
41 310
176 310
233 310
383 310
121 311
190 311
59 312
71 313
105 313
210 313
42 314
134 314
163 314
184 314
214 314
292 314
187 315
202 315
255 315
290 315
427 315
45 316
174 316
274 317
410 317
193 318
219 318
330 318
445 318
13 320
99 320
139 320
172 320
283 320
286 320
472 320
405 321
126 322
58 323
205 323
252 323
319 323
387 323
417 323
67 324
88 324
402 324
310 325
323 325
438 325
432 326
462 326
198 327
228 327
354 327
447 327
61 328
190 328
57 329
191 329
196 329
292 329
93 330
115 330
270 330
306 330
376 330
82 331
334 331
368 331
93 332
166 332
412 332
287 333
356 333
96 334
112 334
142 334
363 334
123 335
220 335
296 335
304 335
380 335
248 336
468 336
42 337
163 337
283 337
293 337
341 337
409 337
289 338
453 338
76 339
108 339
403 339
102 340
440 340
73 341
162 341
283 341
426 341
78 342
177 342
346 342
25 343
211 343
364 343
141 344
178 344
220 344
299 344
367 344
115 345
233 345
403 345
441 345
46 346
331 346
433 346
69 347
291 347
361 347
388 347
440 347
45 348
121 348
264 348
347 348
473 349
75 350
54 351
460 351
45 353
209 353
331 353
115 354
292 354
197 355
38 356
211 356
89 357
294 357
73 358
77 358
86 359
235 359
291 359
326 359
346 359
54 361
476 361
245 362
273 362
294 362
439 362
446 362
463 362
279 363
413 363
74 364
163 364
202 364
229 364
254 364
13 365
64 365
143 365
258 365
380 365
73 366
180 366
229 366
47 367
392 367
148 368
210 368
237 369
273 369
366 369
315 370
361 370
342 371
344 371
87 372
187 372
215 372
314 372
205 373
390 373
45 374
252 374
310 374
286 375
291 375
322 375
405 375
33 376
232 376
256 376
414 376
446 376
146 377
223 377
302 377
54 378
108 378
207 378
247 378
320 378
322 378
416 378
61 379
135 379
436 379
376 380
466 380
60 381
88 381
217 381
259 381
62 382
139 382
171 382
270 382
371 382
58 383
344 383
382 383
250 384
402 384
417 384
273 385
433 385
11 386
150 386
253 386
271 386
440 386
447 386
233 387
294 387
387 387
378 388
109 389
129 389
149 389
312 389
328 389
33 390
330 390
355 390
153 391
229 391
305 391
416 391
450 392
90 393
244 393
353 393
43 394
137 394
143 394
217 394
257 395
67 396
188 396
265 396
347 396
144 397
160 397
195 397
260 397
388 397
247 398
383 398
425 398
146 399
257 399
371 399
438 400
267 401
344 401
418 401
33 403
133 403
190 403
202 403
91 404
114 404
294 404
260 405
307 406
182 407
230 407
414 407
74 408
172 408
222 408
259 408
55 409
261 409
280 409
283 409
192 410
245 410
417 410
96 411
118 412
163 412
168 412
374 412
198 413
17 414
160 414
443 414
261 415
426 415
440 415
77 416
144 416
384 416
123 417
318 417
349 417
372 417
39 418
183 418
252 418
234 419
293 419
390 419
393 420
403 420
223 421
410 421
19 422
102 422
342 422
81 423
122 423
266 423
330 423
405 423
308 424
418 424
441 425
269 426
129 427
24 428
300 428
365 428
458 428
353 429
337 430
157 431
362 431
364 431
382 431
48 432
85 432
244 432
315 433
66 434
178 434
200 434
426 434
440 434
28 435
219 436
227 436
111 437
385 437
400 437
427 437
291 438
388 438
432 438
137 439
374 439
54 440
383 440
457 440
146 441
242 441
271 441
59 442
80 442
243 442
53 443
57 443
62 443
235 443
366 443
418 443
472 443
335 444
350 444
384 444
77 445
124 445
152 445
227 445
413 445
61 446
259 446
276 446
431 446
274 447
332 448
381 449
400 449
160 450
205 450
251 450
295 450
336 450
66 451
451 451
167 452
329 452
336 452
128 453
207 453
248 453
350 454
354 454
42 455
231 455
264 455
288 455
60 456
72 456
205 456
269 456
412 456
421 456
174 457
136 458
207 458
78 459
86 459
187 459
267 459
279 459
301 459
393 459
445 459
356 460
359 460
75 461
145 461
282 461
372 461
466 461
50 462
72 462
116 462
261 462
63 463
209 463
252 463
34 464
73 464
420 464
152 465
254 465
423 466
267 467
313 467
340 467
355 467
403 467
48 468
98 468
270 468
161 469
265 469
129 472
168 472
380 472
212 473
321 473
331 473
349 473
399 473
76 474
182 474
207 474
218 474
418 474
106 475
191 475
42 476
64 476
300 476
25 477
84 477
403 477
224 478
317 478
112 479
147 479
331 479
407 479
201 480
356 481
425 481
458 481
62 482
98 483
386 483
113 484
404 484
434 484
83 485
110 485
319 485
253 486
291 486
217 487
345 487
473 487
74 488
125 488
203 488
315 488
119 489
200 489
362 489
379 489
208 490
337 491
423 491
310 492
329 492
346 492
162 494
197 494
388 494
408 494
105 495
312 495
412 495
364 496
419 496
430 496
172 497
200 497
221 497
288 497
449 497
310 498
352 498
388 498
465 498
224 499
311 500
157 501
181 501
252 501
391 501
208 502
359 502
426 502
192 503
275 503
395 503
83 504
116 504
353 504
362 504
167 506
179 506
335 506
208 507
380 507
461 507
175 508
260 509
300 509
351 509
205 510
130 511
190 511
216 511
48 512
95 512
192 513
239 513
326 513
346 513
155 515
307 515
412 515
140 516
426 516
393 517
429 517
64 518
84 518
362 518
28 519
97 519
171 519
273 519
292 519
305 519
387 520
432 520
294 521
70 522
224 522
280 522
321 522
37 523
206 523
78 524
391 524
86 526
408 526
240 527
135 528
280 528
310 528
386 530
440 530
463 530
51 531
97 531
145 531
458 532
186 533
401 533
161 534
202 534
251 534
417 534
104 535
230 535
295 536
377 536
217 537
256 537
323 537
231 538
349 538
430 539
115 540
253 540
260 540
69 541
222 542
284 542
450 542
470 542
267 543
343 543
85 544
130 544
221 545
233 545
138 546
191 546
360 546
408 546
47 547
197 547
209 547
266 548
202 549
384 549
253 550
418 550
105 551
275 551
302 551
61 554
74 554
275 554
280 554
348 555
82 556
319 556
374 556
400 556
458 556
228 557
126 558
170 558
286 559
426 559
472 559
163 560
331 562
122 563
361 563
276 564
308 564
446 564
310 565
383 566
338 567
152 568
205 568
171 569
293 569
464 569
476 569
94 570
252 571
263 571
409 571
162 572
202 572
228 572
243 572
318 572
198 574
206 574
372 574
398 574
434 574
420 575
152 576
193 576
201 576
358 576
230 577
221 578
455 578
170 579
206 579
211 579
288 579
337 579
361 579
143 580
272 580
328 580
386 580
139 581
177 581
129 582
158 582
160 582
204 582
429 582
152 583
287 583
316 583
352 583
322 584
411 584
324 585
136 586
240 586
251 586
302 586
475 586
373 587
240 588
304 588
315 588
321 589
339 589
402 589
169 590
190 590
307 590
234 591
236 591
318 591
336 591
356 591
444 592
467 592
145 593
200 593
365 593
420 593
308 594
76 595
148 595
189 597
274 597
457 597
89 598
210 598
385 598
410 598
434 598
145 599
183 599
308 599
343 599
100 600
153 600
319 601
111 602
126 602
252 602
341 603
450 603
237 604
474 604
373 605
203 606
221 606
429 606
157 609
173 609
187 609
297 609
394 609
423 609
360 610
460 610
450 613
272 614
375 615
310 616
337 616
407 616
244 618
111 623
194 625
130 627
151 627
170 630
308 636
288 638
260 639
