144 2
235 2
412 2
166 3
259 4
375 4
384 4
400 4
225 5
285 5
161 6
218 7
246 7
369 7
346 8
332 9
446 10
436 11
464 11
478 11
202 12
420 13
124 14
240 14
264 14
403 14
196 15
147 16
167 16
230 16
313 17
375 18
388 18
188 19
345 19
276 20
208 21
225 21
333 21
441 21
466 22
453 23
407 24
294 25
427 25
321 26
348 26
475 26
239 27
258 27
396 27
149 28
173 29
193 29
337 31
384 31
121 32
141 34
366 34
447 34
466 34
222 35
307 35
427 35
247 36
276 36
326 36
114 37
359 37
415 37
176 38
196 38
132 39
296 39
153 40
395 40
213 42
271 42
346 42
295 43
325 43
385 43
226 44
127 45
131 45
434 45
446 45
466 45
201 46
244 46
371 46
117 47
474 47
251 48
260 48
306 48
355 48
418 48
140 49
160 49
243 49
408 49
281 50
122 51
179 51
145 52
234 52
249 52
288 52
291 52
391 52
206 54
300 54
254 55
325 55
151 56
276 56
300 57
320 57
381 57
368 58
442 58
453 58
463 58
184 59
271 59
353 59
415 59
427 59
477 59
123 60
165 60
225 60
106 61
298 61
143 63
244 63
251 63
256 63
300 63
196 64
399 64
236 65
337 65
383 65
214 66
375 66
92 67
119 67
132 67
288 67
294 67
145 68
358 68
122 69
258 69
316 69
113 70
310 70
415 70
448 70
169 71
223 71
433 71
151 72
186 72
200 72
457 72
466 73
84 74
256 74
297 74
346 74
126 75
317 75
405 75
142 76
388 76
144 78
314 78
369 78
177 79
214 79
268 80
277 80
137 81
193 81
328 81
132 82
319 82
354 82
464 82
171 83
420 83
442 83
451 83
272 84
409 84
430 84
476 84
98 85
152 85
320 85
203 86
248 87
313 87
338 87
395 87
383 88
285 89
306 89
140 90
163 90
225 90
368 90
84 92
128 92
157 92
178 92
241 92
297 92
287 93
320 93
352 93
131 94
286 95
444 95
476 95
193 96
209 96
323 96
430 96
270 97
421 97
75 98
405 98
459 98
141 99
254 99
306 99
386 99
97 100
129 100
236 100
281 100
139 101
301 101
117 102
184 102
375 102
88 103
281 103
150 104
166 104
278 104
364 104
474 104
352 105
134 106
341 106
195 107
226 107
142 108
309 108
423 109
243 110
268 110
325 110
407 110
105 111
209 111
391 111
436 111
159 112
444 112
458 112
152 113
173 113
363 114
372 114
75 115
468 115
142 116
286 116
97 117
189 117
291 117
478 117
156 118
354 118
133 119
256 119
125 120
202 120
214 120
294 120
338 120
109 121
167 121
154 122
174 122
181 122
190 122
431 122
67 123
235 123
253 123
429 123
82 124
145 124
292 124
305 124
410 124
175 125
200 125
284 125
287 125
327 125
100 126
366 126
375 126
384 126
459 126
105 127
210 127
256 127
425 127
144 128
227 128
434 128
448 128
59 129
181 129
424 129
94 130
150 130
200 130
468 130
261 131
312 131
360 131
412 131
299 132
400 132
410 132
127 133
245 133
271 133
87 134
164 134
475 134
148 135
224 135
247 135
348 135
385 135
399 135
426 135
190 136
392 136
173 137
178 137
287 137
372 137
49 138
119 138
337 138
123 139
129 139
274 139
414 139
453 139
172 140
248 140
76 141
236 141
246 141
89 142
107 142
145 142
171 142
174 142
200 142
217 142
329 142
379 142
274 143
299 143
305 143
372 143
144 144
310 144
394 144
277 145
387 145
439 145
166 146
194 146
298 146
65 147
358 147
266 148
421 148
250 149
287 149
210 150
246 150
386 150
140 151
351 151
365 151
367 151
228 152
317 152
319 152
343 152
98 153
447 153
298 154
394 154
120 155
164 155
279 155
423 155
436 155
452 155
105 156
246 156
309 156
336 156
411 156
253 157
266 157
278 157
375 157
421 157
465 157
82 159
86 159
136 159
242 159
261 159
304 159
404 159
470 159
191 160
220 160
371 160
424 161
77 162
98 162
196 162
285 162
293 162
404 162
245 163
287 163
229 164
351 164
116 165
139 165
236 165
335 165
360 165
46 166
164 166
225 167
295 167
304 167
445 167
91 168
351 168
174 169
335 169
111 170
244 170
276 170
396 170
457 170
65 171
224 171
293 171
202 172
298 172
350 172
389 172
227 173
357 173
405 173
124 174
215 174
232 174
377 174
294 175
307 175
471 175
269 176
58 177
104 177
268 177
138 178
81 179
149 179
224 179
363 179
183 180
203 180
349 180
229 181
180 182
408 183
227 184
278 184
324 184
447 184
54 185
259 185
323 186
460 186
75 188
130 188
400 188
470 188
182 189
203 189
304 189
381 189
93 190
111 190
312 190
416 190
47 191
225 191
339 191
404 191
69 192
210 192
239 192
245 192
307 192
332 192
370 192
406 192
478 192
144 193
172 194
183 194
266 194
297 194
223 195
287 196
109 197
122 197
157 197
180 197
292 197
36 199
193 199
223 199
234 199
327 199
448 199
463 199
83 200
206 200
218 200
340 200
354 200
416 201
105 202
259 202
278 202
390 202
434 202
471 202
453 203
59 204
134 204
274 204
28 205
269 205
351 205
427 205
381 206
401 206
391 207
426 207
431 207
117 208
194 208
257 208
273 208
292 208
340 208
189 209
263 209
464 209
258 210
388 211
418 211
441 211
136 212
205 212
209 212
331 212
336 212
435 212
316 213
378 213
396 213
412 213
94 214
191 214
195 214
264 214
402 214
409 214
452 214
78 215
151 215
223 215
72 216
112 216
233 216
274 216
237 217
357 217
392 217
399 217
365 218
383 218
390 218
458 218
248 219
256 219
288 219
380 219
133 220
164 220
185 220
222 220
264 220
478 220
262 221
367 221
403 221
44 222
273 222
311 222
171 223
178 223
184 223
350 223
441 223
61 224
149 224
224 224
339 224
364 224
86 225
220 225
202 226
208 226
424 226
466 226
161 228
282 228
405 228
29 229
244 229
163 230
308 230
451 230
101 231
232 231
246 231
260 231
269 231
440 231
236 232
404 232
474 232
79 233
193 233
244 233
53 234
356 235
437 235
207 236
236 236
246 236
326 236
422 236
248 237
300 237
317 237
344 237
429 237
17 238
128 238
143 238
94 239
269 239
412 239
111 240
409 240
433 240
159 241
162 241
206 241
213 241
233 241
300 241
463 241
125 242
294 242
46 243
133 243
316 243
332 243
339 243
61 244
68 244
86 244
250 244
395 244
450 244
321 245
390 245
425 245
37 246
55 246
57 246
74 246
196 246
225 246
226 246
278 246
280 246
235 247
246 247
371 247
472 247
157 248
176 248
384 248
403 248
105 249
132 249
152 249
255 249
271 249
320 249
433 249
54 250
161 250
244 250
258 250
314 250
154 251
204 251
228 251
311 251
432 251
76 252
207 252
457 252
358 253
389 253
202 254
301 254
348 254
391 254
25 255
99 255
193 255
255 255
363 255
464 255
479 255
79 256
298 256
301 256
361 256
48 257
62 257
227 257
232 257
370 257
428 257
178 258
316 258
59 259
269 259
310 259
401 259
445 259
158 260
314 260
467 260
113 261
226 261
242 261
287 261
333 261
416 261
420 261
260 262
324 262
398 262
44 263
91 263
277 263
287 263
381 263
73 264
177 264
416 264
121 265
196 265
55 266
110 266
310 266
451 266
138 267
140 267
142 267
316 267
89 268
31 270
280 270
354 270
212 271
237 271
363 271
365 271
387 271
393 271
403 271
474 271
58 272
239 272
424 272
81 273
105 273
222 273
299 273
393 273
434 273
234 274
181 275
343 275
378 275
244 276
18 277
260 277
268 277
373 277
377 277
383 277
397 277
74 278
118 278
234 278
291 278
458 278
478 278
76 279
298 279
332 279
376 280
408 280
443 280
75 281
82 281
54 282
219 282
257 282
326 282
193 283
226 283
248 283
59 284
412 284
41 285
55 285
215 285
317 285
30 286
224 286
229 286
307 286
357 286
371 286
433 286
428 287
43 288
60 288
62 288
242 288
388 288
73 289
130 289
233 289
416 289
436 289
85 290
173 290
226 290
298 290
429 290
452 290
464 290
23 291
120 291
204 291
216 291
287 291
82 292
139 292
414 292
83 294
196 294
273 294
347 294
352 294
370 294
411 294
47 295
160 295
238 295
258 295
387 295
40 296
113 296
154 296
208 296
66 297
88 297
126 297
210 297
213 297
329 297
340 297
43 298
83 298
232 298
241 298
168 299
211 299
322 299
443 299
63 300
431 300
380 301
41 302
111 302
224 302
387 302
458 302
23 303
240 303
53 305
362 305
229 306
290 306
317 306
100 307
181 307
239 307
471 307
42 308
278 308
410 308
429 308
47 309
68 309
201 309
210 309
63 310
133 310
144 310
199 310
213 310
248 310
431 310
233 311
263 311
383 311
405 311
159 312
357 312
420 312
439 312
123 314
339 314
346 314
41 315
98 315
220 315
462 315
77 316
215 316
223 317
23 318
172 318
177 318
221 318
237 318
16 319
69 319
417 319
81 320
376 320
162 321
364 321
446 321
477 321
118 322
325 322
405 322
145 323
175 323
249 323
304 323
354 323
241 324
274 324
388 324
406 324
466 324
91 325
436 325
53 326
326 326
345 326
51 327
213 327
297 327
387 327
436 327
230 328
281 328
368 328
420 328
60 329
94 329
443 329
64 330
107 330
122 330
161 330
174 330
178 330
335 330
392 330
435 330
139 331
11 333
26 333
148 333
187 333
427 333
50 334
141 334
255 334
435 334
402 335
117 336
241 336
296 336
59 337
91 337
125 337
277 337
306 337
317 337
328 337
413 337
93 338
99 338
339 338
343 338
408 338
43 339
58 339
136 339
155 339
202 339
277 339
313 339
422 339
99 340
110 340
355 340
389 340
44 341
302 341
456 341
47 342
61 342
146 342
217 342
232 342
335 342
118 343
343 343
413 343
104 344
184 344
305 344
322 344
350 344
371 344
27 345
140 345
196 345
333 345
8 346
46 346
75 346
411 346
38 347
48 347
66 347
98 347
258 347
436 347
438 347
16 348
148 348
307 348
326 348
421 348
99 349
257 349
451 349
106 350
121 350
306 350
318 351
322 351
399 351
132 352
250 352
394 352
288 353
293 353
476 353
78 354
176 354
429 354
43 355
104 355
115 355
138 355
253 355
257 355
368 356
411 356
420 356
428 356
43 357
50 357
60 357
140 357
216 357
274 357
281 357
343 357
463 357
79 358
119 358
142 358
192 358
326 358
370 358
380 358
420 358
103 359
154 359
157 359
272 359
331 359
416 359
29 360
39 360
114 360
135 360
228 360
302 360
310 360
257 361
420 361
238 362
292 362
165 363
177 363
204 363
262 363
214 364
383 364
441 364
88 365
52 367
106 367
189 367
232 367
409 367
95 368
119 368
268 368
366 368
456 368
54 369
207 369
271 370
360 370
66 371
216 371
281 371
243 372
263 372
309 372
348 372
303 373
392 373
431 373
45 374
140 374
317 374
340 374
68 375
156 375
212 375
254 375
327 375
364 375
18 376
32 376
50 376
210 376
260 376
272 376
39 377
68 378
424 378
60 379
259 379
305 379
470 379
72 380
122 380
171 380
221 380
232 380
251 380
281 380
289 380
418 380
88 381
292 381
305 381
444 381
377 382
396 383
16 384
65 384
71 384
185 384
218 384
367 384
208 385
278 385
388 385
458 385
43 386
63 386
193 386
264 386
29 387
103 387
133 387
224 387
226 387
273 387
404 387
269 388
362 388
144 389
250 389
258 389
435 389
77 390
210 390
278 390
346 390
392 390
451 390
50 391
71 391
290 391
382 391
226 392
273 392
333 392
236 393
289 393
316 393
322 393
376 393
423 393
119 394
366 394
474 394
158 395
264 395
289 395
299 395
56 396
69 396
71 396
86 396
380 396
385 396
241 397
277 397
279 397
314 397
57 398
174 398
218 398
397 400
415 400
19 401
99 402
206 402
311 402
320 402
364 402
395 402
463 402
151 403
185 403
211 403
34 404
157 404
237 404
352 404
216 405
298 405
315 405
108 406
210 406
386 406
432 406
50 407
62 407
340 407
441 407
446 407
160 408
289 408
300 408
330 408
430 408
362 409
430 409
322 410
410 410
414 410
74 411
125 411
136 411
154 411
245 411
391 411
128 412
263 412
288 412
201 413
274 413
406 413
168 414
127 415
221 415
299 415
371 415
94 416
386 416
28 417
138 417
231 417
365 417
135 418
186 418
312 418
438 418
472 418
297 419
359 419
419 419
176 420
366 420
394 420
399 420
433 420
122 421
240 421
353 421
421 421
127 422
340 422
411 422
464 422
42 423
133 423
127 424
228 424
306 424
405 424
439 424
447 424
198 425
296 425
362 425
57 426
250 426
328 426
404 426
263 427
112 428
131 428
146 428
278 428
301 429
229 430
396 430
78 431
100 431
373 431
425 431
149 432
314 432
288 433
369 433
402 433
25 434
173 434
208 434
406 434
158 436
230 436
283 436
472 436
92 437
182 437
238 437
354 437
370 437
281 438
317 438
461 438
39 439
344 439
435 439
233 440
405 440
249 441
388 441
57 442
103 442
124 442
240 442
314 442
335 442
93 443
167 443
256 443
149 444
182 444
326 444
209 445
287 445
307 445
68 446
266 446
297 446
397 447
418 447
76 448
194 448
268 448
442 448
23 449
115 449
221 449
37 450
153 450
94 451
176 451
165 452
170 452
391 452
99 453
133 453
180 453
474 453
50 454
148 454
176 454
192 454
197 454
131 455
133 455
152 455
188 455
238 455
249 455
390 455
404 455
459 455
341 456
354 456
158 457
194 457
371 457
382 458
450 458
475 458
63 459
400 459
90 460
206 460
248 460
258 460
273 460
286 460
298 460
312 460
326 460
469 460
193 461
251 461
422 461
436 461
159 462
390 462
28 463
102 463
109 463
159 463
94 464
183 464
220 464
415 464
128 465
156 466
117 467
264 467
165 468
453 468
46 469
75 469
91 469
236 469
371 469
105 470
271 470
356 470
409 470
60 471
178 471
274 471
338 471
440 472
171 473
259 473
476 473
110 474
265 474
324 474
93 475
147 475
171 475
294 475
311 475
386 476
430 476
138 477
248 478
466 478
90 479
167 479
208 479
418 479
115 480
232 480
36 481
158 481
231 481
371 481
338 482
344 482
407 482
257 483
317 483
416 483
422 483
58 484
243 484
107 485
123 485
172 485
445 485
274 486
308 486
344 486
348 486
439 486
208 487
73 488
187 489
430 489
134 490
329 490
392 490
404 490
412 490
141 491
196 491
316 491
466 491
223 492
353 492
384 492
89 493
217 493
424 493
148 494
379 494
418 494
29 495
202 495
229 495
233 495
368 495
404 495
298 496
305 496
332 496
437 496
285 497
48 498
107 499
232 499
251 499
303 499
308 499
314 499
321 500
433 500
64 501
230 501
93 502
171 502
266 502
302 502
337 502
82 503
313 503
333 503
422 503
302 504
409 504
439 504
474 504
240 505
329 505
76 506
362 506
379 506
394 506
452 507
95 508
107 508
138 508
189 508
228 509
298 509
317 509
432 509
86 510
91 510
105 510
207 511
241 511
286 511
336 511
412 511
413 511
433 511
94 512
155 512
284 512
343 512
216 513
40 514
89 514
99 514
199 514
202 514
205 514
289 514
291 514
210 515
236 515
260 515
286 515
345 515
431 515
468 515
295 516
382 517
54 518
121 518
169 518
269 518
303 518
442 518
212 519
231 519
234 519
362 519
66 520
454 520
93 521
198 521
352 521
365 521
408 521
128 522
157 523
185 523
226 523
343 523
407 523
77 524
126 524
397 524
117 525
95 526
170 527
289 527
97 528
244 528
436 528
384 529
395 529
110 530
169 530
254 530
330 530
416 530
326 531
413 531
460 531
36 532
262 532
309 532
350 532
370 532
128 533
137 533
366 533
420 534
56 535
189 535
211 535
321 535
327 535
332 535
342 535
50 536
182 536
272 536
352 536
357 536
430 536
151 537
359 537
361 537
66 538
166 538
412 538
425 538
128 539
226 539
285 539
399 539
436 539
134 540
140 540
183 540
386 540
416 540
180 541
338 541
439 541
101 543
380 543
177 544
241 544
296 544
318 544
386 544
448 545
88 546
96 546
165 546
374 546
413 546
466 546
140 547
376 547
105 548
433 548
90 549
181 549
211 549
258 549
321 549
370 549
377 549
385 549
390 549
406 549
372 551
48 552
95 552
97 552
163 552
358 552
274 553
336 553
71 555
93 555
136 555
227 555
364 555
403 555
409 555
288 556
354 556
174 557
195 557
337 557
472 557
323 558
389 558
447 558
194 559
240 559
86 560
184 560
304 560
425 560
192 562
262 562
265 562
357 562
422 562
101 563
250 563
259 563
337 563
371 563
402 563
215 564
376 564
384 564
166 565
190 565
116 566
178 566
201 566
229 567
282 567
127 568
165 568
200 568
225 568
64 569
86 571
165 571
167 571
182 571
237 571
300 571
476 571
163 572
457 572
207 573
444 573
224 574
235 574
287 574
294 575
164 576
269 576
328 576
180 577
255 577
284 577
313 577
339 577
357 577
410 577
431 577
172 578
190 578
202 578
319 578
379 578
106 579
217 579
397 579
189 580
275 580
191 581
120 582
279 583
229 584
164 585
234 586
289 586
297 586
74 587
286 587
291 587
415 587
426 587
138 588
183 588
213 588
221 588
343 588
180 589
214 589
292 589
175 590
177 590
226 590
266 590
455 590
150 591
233 591
87 592
356 592
173 593
298 593
370 593
382 593
189 594
284 594
316 594
159 595
219 595
252 595
212 596
231 596
275 597
306 597
101 598
182 598
190 598
192 598
224 598
287 598
324 598
409 599
191 600
176 601
428 601
131 603
222 603
232 603
448 604
343 605
460 605
252 608
318 608
364 608
115 609
137 610
197 610
210 611
268 612
282 613
409 614
147 615
297 617
431 617
175 618
219 618
340 618
225 620
326 621
234 622
240 622
350 622
246 626
264 628
381 628
257 629
212 631
202 639
