285 5
335 8
388 8
429 8
138 10
153 10
175 11
231 11
194 12
247 12
262 12
112 13
129 13
214 13
447 13
293 14
103 15
365 15
395 17
310 18
412 19
467 19
326 20
175 22
198 22
227 22
210 23
251 23
430 23
151 24
264 24
357 24
285 25
450 25
126 26
137 26
309 29
113 30
380 31
99 32
336 32
398 32
183 33
217 34
169 35
197 35
422 35
468 35
237 36
262 36
282 36
157 37
252 37
307 37
331 38
347 39
438 39
348 41
360 41
365 41
335 42
450 42
136 43
269 43
389 43
274 45
360 45
407 45
427 45
213 46
255 46
329 46
195 47
247 47
172 48
232 48
325 48
411 48
160 49
183 49
253 49
309 49
426 49
101 50
275 50
472 50
259 52
281 52
144 53
242 53
267 53
317 53
329 53
347 53
398 53
416 53
441 53
342 54
268 55
436 55
242 56
127 57
276 57
452 57
217 59
375 59
280 60
412 60
107 61
358 61
197 62
238 62
260 62
337 64
473 64
89 65
170 65
280 65
405 65
158 66
300 66
313 67
144 68
343 68
257 69
276 69
363 70
459 70
131 71
245 72
202 73
226 73
242 73
299 73
305 73
246 74
247 74
401 74
188 75
214 75
280 75
322 75
346 75
117 76
303 76
268 77
321 77
388 77
311 78
264 79
277 79
85 80
100 80
168 80
447 80
190 81
289 81
355 81
420 81
429 81
126 82
154 82
179 82
213 82
403 82
220 83
133 84
271 84
283 84
293 84
167 85
317 85
413 85
463 85
229 86
139 87
326 87
369 87
404 87
290 88
269 89
401 89
431 89
439 89
268 90
343 90
140 91
155 91
181 91
268 91
410 91
98 92
354 92
398 92
255 93
225 94
88 95
175 95
119 96
449 96
129 97
375 97
415 97
258 98
73 99
105 99
179 99
263 99
126 100
130 102
399 102
438 102
183 103
201 104
229 104
84 105
163 105
259 105
180 106
316 106
362 106
470 106
219 108
232 108
263 108
270 108
320 108
324 109
428 109
479 109
152 110
197 110
225 110
129 111
173 111
205 111
219 111
262 111
268 111
297 111
384 111
136 112
198 112
451 112
350 113
97 114
221 114
433 114
437 114
304 115
416 115
228 116
264 116
305 117
80 118
464 118
203 119
291 119
432 119
137 120
162 120
272 120
115 121
239 121
252 121
331 121
169 123
242 123
388 123
70 124
408 124
448 124
477 124
252 125
149 126
261 126
97 127
208 127
280 127
135 128
191 129
236 129
294 129
205 130
296 130
307 130
83 131
378 131
245 132
121 133
238 133
323 133
425 133
320 134
466 134
263 135
336 136
401 136
404 136
443 136
156 137
351 137
395 137
439 137
108 138
266 138
244 139
181 140
371 141
157 143
417 143
421 143
91 144
132 144
302 144
313 144
407 144
409 144
430 145
242 146
329 146
408 146
461 146
268 147
390 147
411 147
79 148
266 148
191 149
209 149
211 149
302 150
347 150
113 151
171 151
253 151
259 151
401 151
420 152
64 153
202 153
210 153
249 153
287 153
365 153
477 153
269 154
445 154
127 156
422 156
219 157
226 157
309 157
323 157
378 157
91 158
143 158
239 158
313 158
408 158
286 159
186 160
263 160
84 161
165 161
229 161
243 161
246 161
311 161
317 161
395 161
427 161
94 162
181 162
204 162
319 162
338 162
169 163
282 163
305 163
462 163
357 165
227 166
473 166
69 167
102 167
146 167
167 167
290 167
385 167
441 167
89 169
135 169
410 169
114 171
313 171
229 172
300 172
309 172
206 173
220 174
275 174
102 175
121 175
177 175
348 175
77 176
259 176
388 176
89 177
114 178
158 178
239 178
331 178
194 179
429 179
139 180
226 180
297 180
405 180
250 181
464 181
192 182
228 182
363 182
129 183
261 183
388 183
90 184
396 184
163 185
444 185
117 186
212 186
421 186
193 187
178 188
335 188
313 189
175 190
392 190
399 190
401 190
87 191
146 191
191 191
271 191
377 192
348 194
388 194
461 194
131 195
301 195
305 195
364 195
475 195
70 196
241 196
287 196
308 196
316 196
440 196
418 198
164 199
187 199
398 199
379 200
122 201
189 201
221 201
243 201
117 202
159 202
82 203
124 203
381 203
337 204
369 204
389 204
426 204
148 205
176 205
362 205
227 206
264 206
73 207
188 207
296 207
385 208
252 209
98 210
402 210
425 210
443 210
260 211
355 211
374 211
168 212
212 212
259 212
323 213
87 214
185 214
64 215
371 215
471 215
119 216
254 216
416 216
109 217
281 217
340 217
438 217
245 218
298 218
427 218
157 221
364 221
455 221
130 222
379 222
73 223
278 223
353 223
130 224
196 224
261 224
398 224
153 225
159 225
316 225
407 225
100 226
149 226
256 226
424 226
252 227
330 227
136 228
205 228
220 228
204 229
221 229
392 229
433 229
244 230
201 231
269 231
290 231
340 231
365 231
378 231
56 232
130 232
168 232
177 232
410 232
182 233
215 233
83 234
307 234
427 234
458 234
142 235
214 235
248 235
251 235
260 235
365 235
393 235
171 236
105 237
141 237
387 237
397 237
417 237
320 238
425 238
432 238
74 239
248 239
251 239
354 239
375 239
402 239
163 240
394 240
262 241
42 242
90 243
274 243
331 243
423 243
445 244
292 245
172 246
61 247
224 247
175 248
311 248
78 249
135 249
343 249
105 250
394 250
324 251
394 252
251 254
146 255
224 255
243 255
263 255
414 255
420 255
455 255
284 256
359 256
43 257
115 257
224 257
379 257
60 258
399 258
425 258
179 259
185 259
305 259
87 260
33 261
219 261
183 262
377 262
411 262
420 262
102 263
198 263
129 264
204 264
218 265
325 265
417 265
73 266
199 266
259 266
277 267
467 267
48 268
181 268
399 268
338 269
193 270
202 270
85 271
112 271
309 271
178 272
352 272
425 272
430 272
452 272
61 273
293 273
37 274
135 274
213 276
97 277
152 277
326 277
478 278
194 279
206 279
216 279
250 279
372 279
50 280
303 280
423 280
79 281
120 281
26 282
51 282
179 282
257 282
411 282
125 283
144 283
368 283
43 284
122 284
208 284
232 284
442 284
314 285
433 285
165 286
222 286
247 286
467 286
36 287
49 287
84 287
105 287
190 287
394 287
186 288
74 289
132 289
213 289
273 289
356 289
148 290
197 290
242 290
431 291
157 292
149 293
267 293
439 293
26 294
293 294
475 294
72 295
96 295
148 295
257 295
323 295
383 295
181 296
235 296
356 296
422 296
457 296
65 297
198 297
245 297
266 297
152 298
162 298
237 298
405 298
442 298
110 299
138 299
172 299
180 300
252 300
85 301
64 303
355 303
357 303
60 304
205 304
393 304
409 304
184 305
261 305
54 306
276 306
344 306
372 306
408 306
49 307
156 307
57 308
100 308
44 309
54 309
260 309
289 309
338 309
34 310
79 310
130 310
406 310
470 310
148 311
456 311
112 312
222 312
261 312
414 313
171 315
212 315
215 315
308 315
384 315
151 317
174 317
271 317
402 317
86 318
140 318
267 318
364 318
133 319
154 319
219 319
437 319
60 320
152 320
206 320
314 320
300 321
421 321
171 322
261 322
339 322
36 323
64 323
194 323
289 323
341 323
402 323
449 323
467 323
315 324
425 324
96 325
315 326
349 326
230 327
252 327
411 327
119 328
267 328
341 328
434 328
138 329
217 329
336 329
13 330
46 330
60 330
389 330
242 331
293 331
312 331
351 331
365 331
379 331
429 331
58 333
205 333
184 334
297 334
351 334
372 334
391 334
437 334
109 335
128 335
147 335
378 335
431 335
243 336
266 336
27 337
41 337
70 337
363 337
391 337
307 338
308 338
269 339
297 339
299 339
61 340
304 340
428 340
373 341
446 341
101 342
291 342
366 342
192 343
285 343
323 343
387 343
425 343
468 343
41 344
172 344
247 344
269 344
278 344
209 345
418 345
92 347
135 347
56 348
62 348
73 348
150 348
271 348
293 348
325 348
398 348
33 349
117 349
229 349
303 349
349 349
361 349
410 349
385 350
14 351
295 351
297 351
332 351
357 351
439 351
311 352
325 352
398 352
101 353
222 353
319 353
394 353
421 353
291 354
405 354
162 355
296 356
346 356
382 356
433 356
84 357
462 357
5 358
125 358
307 358
446 358
390 359
440 359
248 360
263 360
68 361
155 361
300 361
338 361
435 361
81 362
115 362
332 362
399 362
416 362
25 363
229 363
339 363
331 364
103 365
40 366
111 366
190 367
261 367
279 367
205 368
283 368
473 368
52 369
76 369
152 369
271 369
339 369
371 369
388 369
457 369
327 370
13 371
167 372
354 372
443 372
64 373
257 374
262 374
269 375
182 376
238 376
309 377
409 377
127 378
261 378
429 378
465 378
46 379
162 380
219 380
248 380
341 381
87 382
83 383
246 383
248 383
293 383
377 383
66 384
322 384
335 384
355 384
413 384
98 386
122 386
85 387
180 387
363 387
98 388
322 388
5 389
82 389
274 389
33 390
332 390
95 391
157 391
18 392
221 392
382 392
80 393
201 393
336 394
138 395
313 395
258 396
326 397
279 398
358 398
436 398
184 399
458 399
477 399
240 400
98 401
143 401
169 401
219 401
423 401
68 402
102 402
231 402
405 402
88 403
252 403
277 404
11 405
299 405
330 405
357 405
368 405
444 405
29 406
97 406
141 406
224 406
301 406
386 406
226 407
55 408
237 409
256 409
309 409
426 409
230 410
254 410
267 410
353 410
323 411
465 411
44 412
161 412
227 412
349 412
141 413
212 413
247 413
264 413
311 413
98 414
107 414
233 414
319 414
135 415
300 415
346 415
25 416
172 416
231 416
357 416
408 416
39 417
269 417
65 418
208 418
70 419
243 419
262 419
448 419
85 420
107 420
116 420
6 421
63 421
172 421
371 421
106 422
243 422
45 423
314 423
349 423
391 423
113 424
117 424
301 424
355 424
436 424
106 425
128 425
167 425
331 425
63 426
210 426
350 426
422 426
249 427
325 427
91 428
205 428
219 428
337 428
75 429
250 429
405 429
71 430
145 430
148 430
196 430
222 430
343 430
76 431
50 432
111 432
456 432
192 434
333 434
476 434
7 435
123 435
143 435
73 436
395 436
57 437
308 437
439 437
49 438
59 438
296 438
369 438
409 438
85 439
152 439
276 439
66 440
112 440
247 440
461 440
105 441
424 441
25 442
254 442
316 442
103 443
185 443
37 444
110 444
147 444
314 444
97 445
222 445
302 445
99 447
225 447
317 447
140 448
447 448
121 449
274 449
75 450
252 450
137 451
174 451
122 452
333 452
428 452
8 453
252 453
366 453
413 454
23 455
48 455
62 455
314 455
217 456
468 456
161 457
260 457
349 458
36 459
83 459
120 459
142 459
297 460
399 460
139 461
165 462
472 462
156 463
128 464
154 465
200 465
277 465
298 465
365 465
382 465
80 467
216 467
415 467
7 468
227 468
276 468
22 469
52 469
262 469
305 469
450 471
339 472
157 473
39 474
217 474
235 474
105 475
219 475
253 476
434 476
111 477
416 477
116 478
191 478
269 478
309 478
240 479
244 479
261 479
146 480
9 481
91 481
126 481
168 481
27 482
41 482
49 483
159 483
340 484
360 484
430 484
126 485
153 485
43 486
76 486
100 486
210 486
83 487
409 487
42 488
150 488
267 488
106 489
176 489
223 489
249 491
10 492
92 492
240 492
48 493
70 493
246 493
304 493
466 493
285 494
44 495
391 495
449 495
29 496
88 496
92 496
118 496
348 496
187 497
273 497
325 497
401 498
431 498
255 499
170 500
248 500
135 501
256 501
371 501
414 501
47 503
197 503
207 503
403 503
45 504
320 504
32 505
326 505
402 505
16 506
97 506
136 506
177 507
242 507
385 507
409 507
109 508
233 508
307 508
73 509
149 509
220 509
323 509
434 509
448 509
338 510
80 511
106 511
115 511
249 511
284 511
335 511
46 512
63 512
74 512
295 512
86 513
244 513
359 513
53 514
123 514
56 515
400 515
406 515
466 515
17 516
271 516
91 517
403 517
200 518
413 518
423 519
40 520
119 520
270 520
333 521
406 521
153 522
393 522
93 523
145 523
238 523
317 523
165 524
353 524
364 524
116 525
152 525
292 525
394 525
22 527
94 527
125 527
127 527
210 527
414 527
433 527
61 529
132 529
220 529
277 529
341 529
437 529
134 530
390 530
111 531
146 531
214 531
250 531
328 531
394 531
444 531
461 531
266 533
436 533
322 534
398 534
422 534
363 535
409 535
426 535
46 536
99 536
240 536
300 536
105 537
112 537
189 537
206 537
209 538
227 538
340 539
219 540
400 540
87 541
84 542
204 542
363 542
286 543
320 543
416 544
418 544
455 544
369 545
339 546
371 546
224 547
401 547
413 547
97 548
126 548
160 548
183 548
426 549
268 550
375 550
91 551
150 551
206 551
392 551
424 551
304 552
157 553
166 553
236 553
425 553
405 554
333 555
152 556
227 556
141 557
199 557
208 557
383 557
119 558
177 558
239 558
244 558
444 558
117 559
255 559
289 559
430 559
364 560
380 560
440 560
271 561
410 561
49 562
295 562
93 563
325 563
426 563
213 564
283 564
340 564
374 565
114 566
313 566
335 566
74 567
127 567
175 568
459 568
142 569
312 569
340 569
140 570
318 570
343 570
230 571
478 571
59 572
398 572
436 572
283 573
301 573
86 574
247 574
306 574
312 574
287 575
164 576
255 576
123 577
296 577
105 578
214 578
268 578
158 579
195 579
362 579
64 580
150 580
388 580
94 582
178 584
333 584
425 585
72 586
116 586
202 586
350 586
358 586
403 586
446 586
145 587
174 587
234 587
239 588
152 590
258 590
287 590
352 590
105 591
165 592
374 592
150 593
163 594
392 594
466 594
317 595
215 597
293 597
339 597
195 598
329 598
297 599
121 600
287 600
308 600
93 601
118 602
182 602
430 602
148 603
378 603
235 604
249 604
266 604
279 605
293 605
327 606
195 607
448 607
128 609
104 610
157 610
205 610
349 611
366 611
394 611
168 613
221 613
306 614
385 614
235 615
437 615
338 616
252 617
285 617
113 618
146 618
188 618
267 618
354 620
426 620
198 621
397 621
123 623
322 624
128 625
218 625
368 625
164 626
236 628
301 628
415 628
356 629
385 629
181 631
256 631
290 631
139 632
274 632
344 634
198 635
152 637
