235 12
249 12
207 13
219 13
263 13
278 13
290 13
195 14
306 14
324 15
335 17
349 20
206 26
218 26
228 26
241 26
251 26
263 26
295 26
280 27
190 28
310 29
174 30
321 31
337 32
159 33
354 33
367 34
219 38
234 38
250 38
267 38
283 39
199 41
205 42
212 42
220 42
311 42
180 43
192 43
296 44
301 45
313 45
316 45
330 45
322 46
163 47
342 47
242 48
254 48
352 48
362 48
155 49
266 49
229 50
273 50
374 50
232 51
384 51
143 52
216 54
218 54
129 55
201 56
181 57
240 57
198 58
251 58
300 58
280 59
309 59
319 59
266 60
284 60
299 60
170 61
320 61
337 61
356 62
378 64
155 65
226 66
143 67
239 67
241 67
218 68
254 69
269 69
396 70
131 71
203 72
318 72
289 73
292 73
363 73
184 74
298 74
316 74
334 75
376 75
174 76
252 76
316 76
117 77
164 77
237 77
220 79
349 79
387 79
223 80
237 80
231 81
357 81
206 82
401 83
149 84
212 84
289 85
297 85
187 86
300 86
376 86
182 87
174 88
274 88
291 88
417 88
240 89
243 89
257 89
377 89
139 90
320 90
331 90
345 90
385 90
386 90
222 91
426 91
168 92
225 93
158 94
200 95
214 95
127 96
408 96
113 97
194 97
374 97
148 98
285 98
185 99
182 100
188 100
261 100
268 100
284 100
381 100
324 101
102 102
175 102
235 102
315 102
173 103
221 103
215 104
228 104
341 104
424 104
217 105
230 105
205 106
355 106
129 107
170 107
363 107
94 108
203 108
213 108
251 110
275 110
155 111
263 111
293 111
298 111
377 111
405 111
120 112
239 113
83 114
186 114
313 114
388 114
328 115
111 116
223 116
339 116
141 118
177 118
224 118
220 119
352 120
423 120
195 122
283 122
290 122
367 122
100 123
162 123
253 123
271 123
295 123
244 124
281 124
283 124
303 124
305 124
315 124
317 124
126 125
273 125
380 125
148 127
390 127
229 128
333 128
437 128
86 129
220 130
211 131
345 131
406 131
114 132
137 133
354 133
287 134
414 134
169 135
171 135
361 135
369 135
196 136
264 136
300 136
378 136
419 136
104 137
245 137
293 137
188 138
199 138
233 139
248 139
70 140
125 140
156 140
184 140
389 140
432 141
97 142
222 142
332 142
397 142
340 143
176 144
212 145
273 145
275 145
303 145
306 145
320 145
145 146
314 146
354 146
408 146
114 147
208 147
275 147
309 147
446 147
252 148
254 148
267 149
364 149
244 151
370 151
418 151
135 152
231 152
379 152
84 153
387 153
154 155
426 155
298 156
318 156
394 156
76 157
106 157
215 157
125 158
278 158
290 158
326 158
334 158
461 158
181 159
288 159
346 159
265 160
278 160
96 162
150 162
246 162
68 163
147 163
196 163
238 163
417 163
447 163
89 164
172 164
202 164
411 164
194 165
87 166
139 166
189 166
373 166
423 166
193 167
415 167
425 167
112 168
189 168
289 168
315 168
85 169
300 169
386 169
58 170
157 170
182 170
278 170
312 170
332 170
264 171
290 171
87 172
135 172
158 172
210 172
329 172
389 172
427 172
212 173
333 173
345 173
363 173
435 173
83 174
176 174
254 174
52 176
102 176
201 176
241 176
461 176
435 177
145 178
410 178
99 179
231 179
72 180
123 180
196 180
312 180
315 180
143 181
296 181
138 182
141 182
186 182
220 182
283 182
294 182
303 182
374 182
385 182
396 183
471 183
89 184
272 184
281 184
348 184
424 184
426 184
137 185
212 185
257 185
344 186
399 186
113 187
174 187
179 187
250 187
451 187
65 189
387 189
90 190
112 190
390 190
407 190
433 190
170 191
111 192
317 192
332 192
412 192
164 193
224 193
230 193
293 194
298 194
391 194
54 195
161 195
415 195
124 196
220 196
228 196
344 196
346 196
160 197
184 197
267 198
356 198
221 199
447 199
100 200
131 200
180 200
360 200
362 200
402 200
182 201
254 201
319 202
363 202
124 203
246 203
472 203
69 204
253 204
98 205
146 205
236 205
306 205
335 205
175 206
295 206
414 206
172 207
195 207
90 208
227 208
280 208
457 208
281 209
349 209
62 210
86 210
88 210
140 210
362 210
220 211
271 211
274 211
358 211
412 211
421 211
83 212
163 212
398 212
159 213
366 213
107 214
260 214
309 214
318 214
328 214
403 214
110 215
375 215
397 215
56 216
104 216
246 216
339 216
377 216
401 216
443 216
466 216
178 217
208 217
244 217
425 217
129 218
150 218
176 218
226 218
291 218
301 218
104 219
351 219
406 219
410 219
426 219
75 221
104 221
277 221
376 221
97 222
381 222
452 222
274 223
49 224
167 224
393 224
413 224
215 225
237 225
310 225
334 225
384 225
97 226
141 226
296 226
319 226
117 227
120 227
179 227
345 227
433 227
436 227
69 228
90 228
180 228
259 228
288 228
395 228
419 228
475 228
354 229
160 230
195 230
364 230
399 230
435 230
438 230
454 230
136 231
229 231
113 232
252 232
89 233
245 233
422 233
171 234
188 234
206 234
249 234
442 235
83 236
222 237
267 237
309 237
322 237
378 237
464 237
103 238
126 238
150 238
171 238
186 238
241 238
245 239
267 239
299 239
337 239
185 240
198 240
196 241
287 241
338 241
55 242
79 242
217 242
449 242
178 243
354 243
145 244
159 244
257 244
401 244
102 245
159 245
177 245
195 245
175 246
211 246
277 246
234 247
253 247
455 247
226 248
229 248
363 248
421 248
95 249
472 249
46 250
170 250
248 250
310 250
391 250
409 250
440 250
186 251
117 252
205 252
270 252
297 252
371 252
187 253
222 253
326 253
70 254
398 254
325 255
462 255
40 256
198 256
286 256
350 256
217 257
378 257
149 258
214 258
320 258
164 259
178 259
233 259
262 259
354 259
351 260
447 260
88 261
111 261
143 261
215 261
310 261
467 261
194 262
303 262
387 262
405 262
161 263
429 263
156 265
176 265
255 266
331 266
365 266
122 267
152 267
292 267
342 267
58 268
227 268
433 268
102 269
204 269
275 269
335 269
338 269
392 269
454 269
120 270
327 270
340 270
476 271
187 272
239 272
375 272
399 273
415 273
307 274
353 274
247 275
319 275
51 276
129 276
165 276
202 276
231 276
235 276
96 277
129 278
196 278
230 278
268 278
286 278
440 278
337 279
383 279
402 279
423 279
129 280
191 281
269 281
71 282
195 282
313 282
342 282
143 283
242 283
281 283
283 283
365 283
465 283
172 284
345 284
388 284
444 284
123 285
139 286
187 286
200 286
251 286
408 286
42 287
189 287
224 288
295 288
308 288
326 288
120 289
152 289
88 290
154 290
238 290
397 290
277 291
327 291
375 291
167 292
430 292
56 293
75 293
206 293
222 293
335 293
451 293
194 294
210 294
309 294
178 295
205 295
276 295
337 295
413 295
129 296
277 296
475 296
99 297
381 297
261 298
342 298
113 299
115 299
365 299
417 299
203 300
402 300
139 301
175 301
456 301
204 302
220 302
234 302
260 302
307 302
121 303
140 303
201 303
273 303
289 303
371 303
438 303
174 304
350 304
95 305
201 305
258 305
389 305
137 306
350 306
420 306
461 306
110 307
172 307
120 308
286 308
296 308
333 308
336 308
352 308
405 308
183 309
257 309
309 309
374 309
92 310
106 310
131 311
166 311
184 311
211 311
392 311
444 312
148 313
211 313
226 313
256 313
298 313
325 313
113 314
169 314
182 314
267 314
309 314
464 314
426 315
114 316
225 316
237 316
354 316
74 317
410 317
58 318
130 318
197 318
209 318
212 318
224 318
255 318
257 318
267 318
102 319
105 319
125 319
269 319
146 320
284 320
105 321
325 321
398 321
413 321
87 322
162 323
312 323
323 323
467 323
125 324
175 324
195 324
207 324
267 324
283 324
296 324
427 324
247 325
248 325
329 325
344 325
347 325
365 325
429 325
140 326
173 326
222 326
101 327
258 327
386 327
192 328
433 328
448 328
64 329
296 329
232 330
346 330
80 331
190 331
301 331
405 331
430 331
471 331
157 332
329 332
345 332
44 333
205 333
281 334
299 334
118 335
186 335
218 335
266 335
388 335
96 336
188 336
281 337
297 337
316 337
330 337
373 337
75 338
244 338
334 338
431 338
433 339
436 339
438 339
474 339
58 340
184 340
243 340
302 340
334 340
202 341
452 341
129 342
333 342
166 343
253 343
266 343
337 343
353 343
149 344
184 344
200 344
216 344
283 344
395 344
414 344
91 345
109 345
434 345
437 345
355 346
360 346
68 347
282 347
287 347
335 347
352 348
456 348
254 349
288 349
300 349
317 350
320 350
423 350
228 351
267 351
381 352
440 352
320 353
324 353
342 353
42 354
63 354
178 354
211 354
399 354
125 355
417 355
241 356
255 356
322 356
284 357
440 357
140 358
268 358
462 358
178 359
241 359
256 359
266 359
322 359
342 359
440 359
100 360
253 360
305 360
307 360
344 360
424 360
122 361
226 361
325 361
338 361
340 361
342 361
382 361
423 361
79 362
99 362
196 362
447 363
208 364
359 364
362 365
112 366
252 366
343 366
51 367
137 367
176 367
192 367
194 367
406 367
93 368
172 368
237 368
426 368
225 369
289 369
346 369
349 369
173 370
268 370
109 371
112 371
115 371
134 371
154 371
190 371
309 371
387 371
69 372
130 372
220 372
365 373
86 374
88 374
89 375
145 375
170 375
185 375
187 375
222 375
344 375
350 375
472 375
84 376
133 376
109 377
151 377
82 378
105 378
290 378
107 379
129 379
221 379
452 379
206 380
60 381
129 381
352 381
82 382
201 382
327 382
413 382
104 383
122 383
125 383
433 383
161 384
180 384
351 384
371 384
185 385
330 385
101 386
293 386
183 387
197 388
311 388
355 388
395 388
96 389
123 389
194 389
243 389
159 390
180 390
217 390
257 390
78 391
101 391
182 391
232 391
330 391
335 391
376 391
99 392
143 392
280 392
117 393
196 393
208 393
216 393
334 393
336 393
354 393
359 393
461 393
92 394
95 395
114 395
193 395
298 395
191 396
334 396
422 396
441 396
91 397
173 397
336 397
403 397
109 398
232 398
318 398
132 399
379 399
112 400
134 400
258 400
217 401
154 402
173 402
246 402
148 403
326 403
440 403
106 404
361 404
127 405
256 406
336 406
386 406
405 406
123 407
167 407
184 407
288 407
411 407
143 408
150 409
289 409
165 410
202 410
213 410
215 410
308 410
148 411
364 411
451 411
342 412
391 412
58 413
272 413
433 413
79 414
167 414
146 415
410 415
185 417
95 418
159 418
278 418
296 418
420 418
371 419
110 420
246 420
401 420
155 421
435 421
130 422
152 422
402 422
461 422
227 423
419 423
176 424
263 424
275 424
319 424
397 424
436 424
298 425
379 425
106 426
127 426
132 426
276 426
281 426
404 426
406 426
70 427
303 428
408 428
279 429
305 429
144 430
173 430
202 430
266 430
283 430
307 430
355 430
297 431
330 431
171 432
185 432
187 432
266 432
307 432
407 432
117 434
215 434
234 435
247 436
139 437
167 437
309 437
414 437
183 438
270 438
306 438
410 438
137 439
141 439
180 439
310 439
450 439
86 440
110 440
197 440
286 440
303 440
336 440
131 441
194 441
308 441
181 442
251 442
394 442
132 443
163 443
195 443
234 443
286 443
369 443
415 443
457 443
274 444
318 444
371 444
399 444
224 445
128 446
179 446
392 446
70 448
276 448
313 448
126 449
156 449
290 449
344 449
370 449
425 449
258 450
313 450
191 451
237 451
374 451
399 451
436 451
94 452
118 452
206 452
173 453
293 453
311 453
369 453
299 454
314 454
142 455
224 455
279 455
137 456
164 456
185 456
298 456
169 457
282 458
295 458
303 458
319 458
159 459
201 459
241 459
110 460
263 460
302 460
411 460
83 461
139 461
330 461
361 461
382 461
137 462
381 462
129 463
155 463
159 464
269 464
360 464
388 464
103 465
195 465
451 465
152 466
390 466
128 467
199 467
228 467
309 467
173 468
175 468
336 468
68 469
98 469
198 469
390 469
421 469
151 470
196 470
278 470
364 470
368 470
369 470
170 471
175 471
149 472
168 472
276 472
284 472
318 472
429 472
88 473
142 473
213 473
258 473
289 473
314 473
280 474
312 474
319 474
145 475
171 475
163 477
260 478
400 478
440 478
243 479
245 480
108 481
241 481
320 481
356 481
300 482
180 484
267 484
295 484
296 484
298 484
360 484
350 485
171 486
178 487
224 487
390 487
418 487
120 489
278 489
304 489
337 489
140 490
234 490
306 490
323 490
247 491
282 491
302 491
93 492
365 492
156 493
161 493
305 493
308 493
326 493
334 494
343 494
210 495
258 495
309 495
339 495
399 495
186 497
197 497
285 497
334 497
376 497
221 498
126 499
143 499
191 500
287 500
344 500
315 501
346 501
182 502
408 502
239 503
297 503
345 503
356 503
387 503
178 504
348 504
110 505
161 505
165 505
169 505
325 505
423 505
302 506
301 509
361 509
254 510
324 510
404 511
153 512
192 512
328 512
188 513
216 513
143 514
193 514
331 514
334 514
342 514
189 515
198 516
287 516
169 517
178 517
344 517
170 518
172 518
341 518
132 519
167 519
242 519
294 519
376 519
173 520
322 520
353 520
321 521
150 522
354 522
118 523
264 524
261 525
270 526
364 527
181 529
212 529
271 530
171 531
195 531
219 531
311 532
377 532
283 533
156 534
274 539
388 540
333 541
294 542
302 543
193 544
216 546
221 546
155 547
168 547
178 547
239 548
249 549
313 550
261 551
271 551
267 553
273 553
326 556
336 556
352 556
297 557
216 561
170 562
159 564
183 564
192 564
271 570
290 572
320 573
299 574
234 577
193 578
212 578
261 582
