259 24
266 24
284 25
296 26
308 26
324 27
337 29
352 30
366 35
236 38
384 38
217 39
228 39
249 39
196 40
256 40
263 40
203 41
276 41
428 41
191 42
396 42
302 43
436 44
321 45
175 46
338 48
349 48
362 49
236 50
368 51
412 52
226 56
234 56
420 56
217 57
247 57
260 57
375 57
256 58
281 58
385 58
144 59
209 60
267 61
294 61
302 61
312 61
197 62
188 63
432 63
327 64
173 67
341 68
164 69
444 69
353 70
397 70
405 70
357 71
416 72
252 73
270 73
365 73
234 74
246 74
138 75
193 75
265 75
281 75
301 76
204 77
292 77
220 78
334 78
375 78
128 79
310 79
384 79
428 79
462 80
188 81
316 81
328 81
119 82
323 82
395 82
211 83
390 83
399 83
424 83
177 84
342 84
402 84
429 84
475 84
171 85
202 85
397 86
441 86
101 87
365 87
437 87
157 88
357 88
362 88
411 88
403 89
271 90
244 91
250 91
262 91
281 91
286 91
289 91
361 91
439 91
230 92
237 92
293 92
445 92
220 93
308 93
313 93
374 93
139 94
284 94
290 94
302 94
217 95
306 95
314 95
386 95
227 96
453 96
214 97
317 97
325 97
207 98
430 98
123 99
200 99
382 99
479 99
191 100
202 100
339 100
400 100
115 101
184 101
405 102
108 103
463 103
234 104
239 104
290 104
355 104
424 104
436 104
163 105
256 105
361 105
228 106
249 106
298 106
304 106
410 106
268 107
427 107
468 107
150 108
368 108
375 108
94 109
230 109
427 109
84 110
236 110
316 110
225 111
387 111
75 112
140 112
318 112
373 112
215 113
312 113
328 113
436 113
130 114
381 114
386 114
191 115
333 115
341 116
449 116
284 117
288 117
119 118
183 118
101 119
406 119
361 120
402 120
415 120
160 121
363 121
230 122
245 122
257 122
412 122
429 122
153 123
272 123
371 124
221 125
240 125
284 125
380 125
425 125
465 125
254 126
282 127
291 127
436 127
473 127
138 128
195 128
388 128
135 129
313 129
316 129
322 129
330 129
332 129
348 129
397 129
319 130
182 131
401 131
432 131
125 132
327 132
332 132
121 133
172 133
110 134
342 135
412 135
94 136
284 136
360 136
415 136
219 137
249 137
261 137
277 137
281 137
369 137
420 137
452 137
228 138
287 138
293 138
300 138
83 139
144 139
150 139
212 139
421 139
137 140
155 140
207 140
209 140
294 140
308 140
414 140
303 141
319 141
382 141
430 141
142 142
209 142
298 142
307 142
65 143
127 143
198 143
328 143
463 143
436 144
128 145
183 145
191 145
326 146
329 146
334 146
394 146
437 146
430 147
348 148
437 148
469 148
160 149
283 149
257 150
352 150
405 150
97 151
240 151
271 151
282 151
288 151
155 152
164 152
243 152
367 152
416 152
445 152
151 153
413 153
83 154
137 154
224 154
299 154
128 155
134 156
219 156
418 156
136 157
326 157
340 157
384 157
189 158
321 158
323 159
340 159
342 159
127 160
391 160
436 160
110 161
179 161
269 161
433 161
256 162
366 162
460 162
95 163
244 163
264 163
272 163
439 163
93 164
97 164
166 164
407 164
100 165
240 165
94 166
152 166
248 166
142 167
469 167
89 168
145 168
225 168
297 168
312 168
377 168
211 169
293 169
308 169
383 169
80 170
310 170
383 170
422 170
473 170
58 171
119 171
127 171
387 171
66 172
123 172
199 172
326 172
479 172
120 173
279 173
386 173
123 174
259 174
182 175
269 175
338 175
387 175
434 175
439 175
116 176
175 176
254 176
265 176
395 176
402 176
442 176
106 177
97 178
158 178
163 178
248 178
251 178
254 178
354 179
103 180
222 180
410 180
440 180
148 181
152 181
232 181
453 181
283 182
315 182
407 182
149 183
211 183
293 183
411 183
86 184
304 184
314 184
382 184
288 185
306 185
414 185
424 185
75 186
124 186
129 186
197 186
271 186
325 186
384 186
422 187
462 187
185 188
336 188
387 188
432 188
55 189
111 189
179 189
267 189
469 189
345 190
109 191
243 191
253 191
396 191
401 191
429 191
41 192
240 192
363 193
401 193
475 193
102 194
227 194
297 194
361 194
165 195
404 195
146 196
445 196
144 197
214 197
268 197
307 197
418 197
97 198
142 198
204 198
266 198
278 198
291 198
302 198
269 199
85 200
191 200
260 200
316 200
326 200
142 201
182 201
190 201
265 201
334 201
387 201
81 202
127 202
136 202
185 202
256 202
419 202
426 202
133 203
172 203
248 203
344 203
365 203
228 204
424 204
460 204
115 205
178 205
219 205
234 205
122 206
161 206
372 206
432 206
166 207
211 207
240 207
434 207
156 208
229 208
351 208
437 208
282 209
470 209
70 210
102 210
156 210
294 210
382 210
434 210
192 211
264 211
304 211
436 211
184 212
443 212
150 213
227 213
323 213
419 213
219 214
333 215
415 215
124 216
245 216
122 217
217 217
295 217
421 217
424 217
86 218
236 218
273 218
397 218
454 218
51 219
133 219
165 219
167 219
237 219
238 219
348 219
207 220
402 220
428 220
115 221
161 221
234 221
236 221
427 221
223 223
372 223
286 224
292 224
412 224
76 225
220 225
263 226
273 226
327 226
408 226
410 226
413 226
222 227
336 227
411 227
415 227
437 227
101 228
141 228
178 228
253 228
466 228
215 229
409 229
414 229
139 230
168 230
177 230
207 230
245 230
367 230
389 231
420 231
442 231
198 232
347 232
414 232
170 233
354 233
375 233
162 234
233 234
88 235
157 235
301 235
449 235
188 236
191 236
231 236
313 236
362 236
117 237
292 237
64 238
189 238
280 238
308 238
320 238
217 239
218 239
400 239
143 240
330 240
85 241
112 241
114 241
256 241
335 242
460 242
112 243
410 243
413 243
77 244
170 244
173 244
203 244
243 244
139 245
378 245
384 245
434 245
102 246
386 246
235 247
351 247
467 247
95 248
97 248
307 248
283 249
286 249
288 249
290 249
300 249
314 249
356 249
438 249
89 250
94 250
96 250
415 250
159 251
193 251
263 251
274 251
285 251
293 251
473 251
227 252
287 252
421 252
334 253
86 254
119 255
255 255
335 255
337 255
84 256
117 256
181 256
344 256
452 256
149 257
477 257
109 258
182 258
376 258
107 259
145 259
428 259
178 260
205 260
232 260
353 260
359 260
408 260
172 261
175 261
306 261
100 262
108 262
310 262
313 262
135 263
197 263
286 263
398 263
73 264
289 264
322 264
369 264
461 264
68 265
94 265
166 265
272 265
389 265
415 265
439 265
338 266
341 266
422 266
127 267
192 267
372 267
263 268
374 268
401 268
441 268
159 269
188 269
217 269
240 269
181 270
255 270
423 270
56 271
187 271
352 271
467 271
308 272
81 273
86 273
313 273
391 273
426 273
447 273
203 274
232 274
290 274
300 274
85 275
175 275
287 275
331 275
364 275
428 275
43 276
82 276
112 276
284 276
360 276
196 277
223 277
281 277
329 277
364 277
452 277
104 278
278 278
169 279
194 279
368 279
371 279
473 279
417 280
347 281
349 281
437 281
27 282
69 282
266 282
373 282
435 282
213 283
235 283
129 284
162 284
259 284
309 284
109 285
156 285
294 285
326 285
119 286
211 286
319 286
391 286
185 287
279 287
460 287
150 288
329 288
331 288
332 288
51 289
157 289
161 289
205 289
230 289
245 289
413 289
129 290
366 290
92 291
222 292
429 292
126 293
155 293
432 293
98 294
123 294
177 294
269 294
347 294
386 294
405 294
418 294
86 295
105 295
197 295
433 295
449 295
147 296
232 296
405 296
35 297
123 297
219 297
356 297
435 297
120 298
145 298
147 298
251 298
298 298
303 298
314 298
411 298
469 298
217 299
321 299
452 299
84 300
145 300
260 300
290 300
328 300
377 300
473 300
111 301
115 301
134 301
142 301
229 301
329 301
164 302
108 303
115 303
208 303
212 303
429 303
186 304
243 304
332 304
334 304
415 304
454 304
78 305
107 305
110 305
206 305
277 305
104 306
202 306
226 306
72 307
109 307
339 307
436 307
100 308
106 308
132 308
155 308
160 308
268 308
342 308
421 308
479 308
104 309
350 309
387 309
439 309
458 309
346 310
421 310
441 310
43 311
124 311
200 311
261 311
294 311
306 311
353 311
105 312
130 312
220 312
324 312
378 312
408 312
155 313
176 313
317 313
369 313
121 314
143 314
235 314
323 314
101 315
148 315
228 315
283 315
146 316
216 316
381 316
411 316
426 316
60 317
75 317
100 317
102 317
191 317
467 317
91 318
98 318
145 318
148 318
229 318
274 318
397 318
429 318
448 318
227 319
336 319
341 319
412 319
89 320
145 320
359 320
401 320
169 321
385 321
432 321
241 322
362 323
24 324
237 324
264 324
304 324
312 324
302 325
321 325
350 325
88 326
138 326
219 326
291 326
321 326
113 327
347 327
405 328
420 328
457 328
278 329
367 329
83 330
232 330
160 331
197 331
334 331
383 331
129 332
273 332
442 332
61 333
102 334
175 334
303 335
428 335
265 336
297 336
306 336
311 336
154 337
238 337
293 337
316 337
324 337
447 337
73 338
141 338
190 338
225 338
325 338
413 338
467 338
373 339
282 340
171 341
243 341
400 341
93 342
122 342
206 342
349 342
388 342
256 343
278 343
451 343
149 344
238 344
433 344
47 345
352 345
186 346
274 346
331 346
216 347
226 347
315 347
355 347
474 347
145 348
269 348
304 348
406 348
61 349
250 349
455 349
297 350
299 350
307 350
380 350
421 350
438 350
291 351
321 351
356 351
112 352
163 352
290 352
317 352
358 352
195 353
322 353
340 353
394 353
287 354
295 354
178 355
264 355
281 355
341 355
364 355
461 355
67 356
209 356
289 356
292 356
411 356
103 357
282 357
46 358
73 358
218 358
425 358
191 359
259 359
285 359
332 359
228 360
173 361
202 361
413 361
429 361
305 362
315 362
331 362
467 362
49 363
129 363
432 363
447 363
43 364
90 364
98 364
269 364
335 364
374 364
60 365
123 365
149 365
300 365
386 365
429 365
327 366
405 366
215 367
332 367
340 367
357 367
432 367
91 368
420 368
197 369
360 369
374 369
79 370
227 370
239 370
335 370
363 370
145 371
181 371
421 371
472 371
164 372
433 372
83 373
60 374
139 374
287 374
362 374
364 374
394 374
454 374
211 375
274 375
304 376
313 376
339 376
100 377
113 377
409 377
248 378
323 378
346 378
117 379
155 379
326 379
363 379
398 379
423 379
478 379
196 380
410 380
463 380
53 381
97 381
207 381
233 381
331 381
413 381
439 381
114 382
346 382
366 382
50 383
183 383
268 384
415 384
68 385
232 385
256 385
280 385
385 385
113 386
387 386
130 387
334 387
464 387
66 388
369 388
445 388
177 389
292 389
331 389
354 389
430 389
47 390
49 390
107 390
387 390
45 391
203 391
218 391
312 391
352 391
103 392
324 392
341 392
358 392
420 392
45 393
63 393
82 393
389 393
123 394
147 394
402 394
436 394
229 395
338 395
339 395
342 395
334 396
373 396
274 397
451 397
44 398
262 398
304 398
342 398
41 399
117 399
423 399
345 400
361 400
214 401
404 401
438 401
473 401
76 402
154 402
365 402
171 403
197 403
218 403
238 403
378 403
412 403
113 404
393 404
408 404
33 405
89 405
211 405
321 405
413 405
111 406
345 406
92 407
249 407
297 407
365 407
429 407
199 408
413 408
91 409
182 409
219 409
238 409
328 409
417 409
84 410
105 410
50 412
207 412
218 412
463 412
105 413
270 413
349 413
368 413
80 414
107 414
191 414
282 414
419 414
437 414
121 415
165 415
203 415
23 416
399 416
422 416
85 417
163 417
216 417
81 418
238 418
464 418
148 420
161 420
213 420
408 420
410 420
421 420
439 420
246 421
259 421
270 421
309 421
281 422
353 422
401 422
421 422
39 423
115 423
224 423
234 423
98 424
294 424
401 424
439 424
224 425
113 426
336 426
381 426
411 426
61 427
392 427
401 427
425 427
442 427
197 428
90 429
157 429
342 429
294 430
325 430
279 431
110 432
310 432
371 432
87 433
92 433
106 433
234 433
266 434
25 435
52 435
169 435
195 435
87 436
120 437
329 437
393 437
416 438
89 439
295 439
344 439
85 440
402 440
433 440
252 441
257 441
328 441
178 442
326 442
344 442
383 442
66 443
396 443
407 443
150 444
281 444
314 444
42 445
151 445
128 446
148 446
333 446
350 446
384 446
63 447
136 447
422 447
101 448
418 448
425 448
435 448
455 448
149 449
255 449
269 449
280 449
298 449
332 449
206 450
387 450
186 451
316 451
351 451
424 451
440 451
232 452
244 452
269 452
336 452
35 453
57 453
130 453
269 454
337 454
387 454
411 454
245 455
256 455
425 455
477 455
127 456
144 456
319 456
378 456
77 457
299 457
353 457
366 457
461 457
52 458
145 458
205 458
245 458
341 458
430 458
111 459
158 459
194 459
341 459
129 460
219 460
243 460
357 460
94 461
326 461
399 461
73 462
142 462
156 462
170 462
390 462
366 463
378 463
428 463
231 464
325 465
328 465
346 465
466 465
244 466
305 466
241 467
345 467
392 468
126 469
381 469
404 469
271 470
291 470
383 470
389 470
104 471
153 471
308 471
370 471
383 471
407 472
432 472
191 473
242 473
244 473
328 473
334 475
256 476
311 476
371 476
385 476
408 476
456 476
85 477
338 477
439 477
135 478
153 478
257 478
165 479
174 479
256 479
269 479
102 480
147 480
228 480
281 480
152 481
203 482
242 482
269 482
310 482
359 482
376 482
393 482
131 483
362 483
283 484
313 484
398 484
187 485
215 485
245 486
343 487
362 487
413 487
271 488
273 488
112 489
243 489
346 489
364 489
73 490
228 490
377 490
346 491
314 492
349 492
142 493
284 493
365 493
335 494
348 494
351 494
386 494
403 494
449 494
317 495
331 495
356 495
384 495
272 496
337 497
355 498
389 499
392 499
434 499
81 500
173 500
292 500
153 501
322 502
343 502
203 503
217 503
233 503
320 503
388 503
276 504
278 504
374 504
59 505
107 505
186 505
326 506
360 506
346 507
348 507
120 508
280 508
313 508
329 508
344 508
395 508
154 509
246 509
347 509
399 509
248 510
295 510
326 510
344 510
365 510
310 511
313 511
381 511
69 512
281 512
330 512
333 512
203 513
248 513
266 513
285 513
299 513
397 513
335 514
381 514
154 516
249 516
270 516
334 516
423 516
233 517
354 517
358 517
403 517
169 518
185 518
317 518
319 518
449 518
250 519
272 519
285 519
361 519
137 520
222 520
380 520
388 520
96 521
204 521
208 521
339 521
171 522
290 522
387 522
234 523
414 523
153 524
288 524
169 525
220 525
362 525
75 526
293 526
305 526
203 528
252 528
330 528
416 528
206 529
296 529
238 530
414 530
270 531
439 531
403 532
191 534
91 535
385 535
447 535
240 536
288 536
354 536
137 537
288 538
320 538
210 539
276 539
359 539
192 540
432 540
323 541
138 542
154 542
172 543
219 543
240 543
368 543
309 544
414 544
469 544
172 545
219 545
118 546
139 546
209 546
241 546
312 546
175 547
378 547
195 548
258 548
196 550
297 550
340 550
87 551
423 551
426 551
213 552
194 553
225 553
269 553
320 553
391 553
289 554
246 555
309 555
183 556
306 556
401 556
407 556
410 556
181 557
197 557
356 557
459 557
121 558
231 558
289 558
293 558
412 558
142 559
162 559
180 559
309 559
185 560
203 560
363 560
419 560
276 562
376 562
105 563
253 563
424 563
329 566
386 566
190 567
298 567
396 567
146 568
209 568
123 569
411 569
441 570
264 571
196 572
347 572
447 572
364 574
239 575
169 576
320 577
379 577
133 578
153 578
223 579
282 579
392 579
205 580
417 581
336 584
293 585
431 585
141 586
344 586
166 589
195 589
301 589
356 589
215 590
363 590
371 590
393 590
380 591
279 592
408 592
150 593
180 593
237 593
260 593
285 593
317 596
270 598
334 599
188 601
405 602
378 603
390 603
357 604
362 604
256 605
305 606
