288 1
345 2
406 2
276 3
332 3
420 3
428 3
437 4
320 5
450 5
247 6
459 7
469 8
266 9
307 9
358 10
386 10
479 10
233 12
376 12
296 13
368 13
348 14
399 14
409 14
420 14
255 15
330 16
341 16
430 17
442 18
453 19
280 20
219 21
273 22
317 22
472 22
212 23
240 24
268 24
370 24
389 24
299 25
396 26
404 26
350 27
419 27
432 28
230 29
289 31
337 31
450 31
206 32
252 32
326 32
464 33
179 34
198 35
223 36
246 36
278 36
311 36
378 37
387 37
410 37
369 38
171 39
301 39
360 39
395 39
422 40
436 40
192 42
296 42
344 42
449 42
335 43
460 43
256 44
472 45
226 46
161 47
323 47
479 47
278 48
391 48
379 49
245 50
273 50
369 50
374 50
387 50
409 50
276 51
312 51
378 51
273 52
240 53
357 53
440 53
457 53
271 54
273 54
336 54
427 54
173 55
190 55
299 55
212 57
260 57
262 57
264 57
146 59
194 59
259 59
473 59
285 60
400 61
186 62
206 62
209 62
226 62
324 62
396 62
444 62
272 63
277 63
372 63
374 63
410 63
452 63
225 64
227 64
303 64
354 64
380 64
388 64
392 64
419 64
156 65
245 65
276 65
368 65
176 66
266 67
270 67
429 67
465 67
139 68
359 68
215 69
221 69
238 69
440 69
195 70
243 70
289 70
478 70
147 72
237 72
332 72
234 73
388 73
396 73
453 74
277 75
279 75
303 75
368 75
185 76
228 76
411 76
204 77
276 77
358 77
464 77
420 78
157 79
251 79
349 79
140 80
202 80
227 80
434 80
181 81
205 81
223 82
288 82
352 82
332 83
436 83
259 84
285 84
447 84
477 84
192 85
234 86
211 87
169 88
276 88
303 88
152 89
387 89
407 89
461 89
210 90
298 90
367 90
162 91
230 91
269 91
369 91
188 92
125 93
222 93
224 93
294 93
349 93
145 94
241 94
336 94
352 94
261 95
477 95
182 96
200 96
283 96
442 96
319 97
214 98
218 98
313 98
317 98
458 99
137 100
311 100
155 101
415 101
233 102
381 102
402 103
405 103
419 103
303 104
307 104
243 105
269 105
360 105
364 105
129 106
149 106
439 106
292 107
300 107
357 107
472 107
167 108
187 108
199 108
184 110
182 111
212 111
240 111
396 112
399 112
452 112
207 113
232 113
403 113
407 113
178 114
281 114
316 114
386 114
140 115
255 115
305 115
314 115
409 115
459 115
359 116
370 116
419 116
191 117
305 117
467 117
173 118
269 119
422 119
150 120
204 120
233 120
131 121
228 121
250 121
269 121
290 121
327 121
474 121
212 122
323 122
377 122
398 122
440 122
182 123
387 123
404 124
178 125
211 125
226 125
325 125
408 125
447 125
479 125
166 126
213 126
309 126
363 126
162 128
237 128
190 129
241 129
341 129
158 130
224 130
271 130
343 130
423 130
175 131
222 131
257 131
275 131
300 131
463 131
201 132
425 132
138 133
270 133
290 135
376 135
394 135
117 136
233 136
266 136
321 136
386 136
216 137
368 137
434 137
184 138
199 139
477 139
179 140
262 140
310 140
445 140
194 141
208 141
227 141
281 141
352 141
243 142
344 142
348 142
452 142
227 144
242 144
348 144
126 145
205 145
225 146
297 146
329 146
343 146
323 147
464 147
156 148
202 148
382 148
396 148
432 148
190 149
200 149
407 149
435 149
175 150
223 150
368 150
375 150
236 151
322 151
233 152
267 152
352 152
137 153
153 153
287 153
315 153
472 153
120 154
198 154
347 154
354 154
414 154
419 154
448 154
183 155
346 155
422 155
236 156
247 156
341 156
96 157
170 157
199 157
279 157
305 157
429 157
112 158
211 158
164 159
168 159
169 159
455 159
193 160
330 160
427 160
432 160
307 161
385 161
130 162
252 162
276 162
333 162
404 162
149 163
279 163
377 163
411 163
303 164
369 164
409 164
464 164
240 165
178 166
190 166
225 167
415 167
205 168
289 168
293 168
321 168
352 168
419 168
145 169
160 169
246 169
250 169
104 170
317 170
446 170
262 171
288 171
423 171
309 172
389 172
474 172
339 173
378 173
397 173
171 174
218 174
263 174
264 174
288 174
390 174
433 174
186 175
232 175
375 175
454 175
362 176
377 176
379 177
95 178
199 178
283 178
434 178
184 179
438 179
479 179
137 180
212 180
327 180
356 180
411 180
118 181
166 181
281 181
441 182
255 183
413 183
417 183
465 183
151 185
297 185
421 185
449 185
256 186
290 186
298 186
318 186
345 186
381 186
385 186
417 186
223 187
316 187
377 187
273 189
291 189
365 189
368 189
381 189
130 190
390 190
426 190
430 190
472 190
175 191
193 191
250 191
384 191
90 192
267 192
333 192
143 193
159 193
235 193
283 193
286 193
292 193
389 193
425 193
454 193
204 194
217 194
251 194
308 194
357 194
430 194
393 195
396 195
404 195
479 195
252 197
305 198
409 198
430 198
282 199
435 199
463 199
154 200
264 200
418 200
339 201
138 202
165 202
242 202
343 202
372 202
469 202
226 204
243 204
314 204
365 204
371 204
388 204
121 205
383 205
424 205
181 206
400 206
445 206
196 207
211 207
272 207
402 207
246 208
361 208
102 209
273 209
332 209
365 209
294 210
395 210
463 210
243 211
276 211
347 211
322 212
432 212
360 213
407 213
147 214
161 214
273 214
306 214
82 215
223 215
269 215
326 215
352 215
479 215
178 216
193 216
208 216
454 216
288 217
338 218
96 219
127 219
239 219
218 220
378 220
380 220
387 220
110 221
343 221
470 221
142 222
174 222
241 222
314 222
397 222
363 223
375 223
381 223
333 224
368 224
424 224
154 225
263 225
190 226
284 226
375 226
443 226
457 226
90 227
250 227
305 227
330 227
345 228
406 228
355 229
230 230
256 230
277 230
279 230
361 230
261 231
327 231
345 231
330 232
429 232
475 232
170 233
191 233
300 233
347 233
413 233
103 234
136 234
258 234
392 234
130 235
252 235
89 236
118 236
248 236
350 236
208 237
224 237
367 237
369 237
450 237
464 237
185 238
321 238
376 238
382 238
388 238
254 239
267 239
274 239
384 239
325 240
335 240
379 240
419 240
433 240
183 241
290 241
165 242
243 242
334 242
368 242
132 243
252 243
342 243
405 243
317 244
370 244
162 245
246 245
343 245
357 245
111 246
271 246
94 247
162 247
166 247
203 247
143 248
221 248
356 248
289 249
393 249
422 249
438 249
479 249
183 250
198 250
259 250
329 250
357 250
454 250
124 251
259 251
269 251
270 251
354 251
390 251
409 251
194 252
240 252
249 252
309 252
468 252
198 253
332 253
423 255
218 256
260 256
326 256
143 257
332 257
345 257
349 257
358 257
395 257
411 257
283 258
303 258
322 258
157 259
325 259
350 259
102 260
278 260
374 260
441 260
454 260
178 261
371 261
398 261
412 261
259 262
118 263
137 263
236 263
191 264
186 265
263 265
280 265
322 265
366 265
191 266
425 266
470 266
213 267
325 267
368 267
300 268
457 268
175 269
362 269
386 269
95 270
169 270
184 270
342 270
441 270
256 271
229 272
347 272
150 273
258 273
276 273
403 273
185 274
187 274
246 274
359 274
365 274
426 274
471 274
130 275
269 275
317 275
374 275
457 275
280 276
322 276
333 276
441 276
167 277
361 277
92 278
257 278
376 278
207 279
337 279
360 279
389 279
230 280
252 280
256 280
472 280
269 281
460 281
106 282
143 282
292 282
319 282
407 283
423 284
369 285
440 285
127 286
426 286
145 287
266 287
309 287
422 287
424 287
439 287
138 288
222 288
268 288
272 288
273 288
122 289
162 289
289 289
308 289
374 289
440 289
441 289
182 290
206 290
224 290
263 290
353 290
403 290
410 290
140 291
157 291
293 291
375 291
386 291
423 291
457 291
473 291
229 292
246 292
261 292
311 292
365 292
407 292
438 292
138 293
250 293
263 293
314 293
98 294
200 294
244 294
283 294
305 294
246 295
303 295
155 296
215 296
225 296
235 296
327 296
363 296
370 296
424 296
152 297
402 297
117 298
131 298
178 298
202 298
220 298
240 299
285 299
348 299
157 300
201 300
384 300
289 301
151 302
299 302
367 302
437 302
99 303
135 303
198 303
255 303
267 303
305 303
362 303
371 303
423 303
211 304
216 304
232 304
245 304
258 304
154 305
234 305
324 305
470 305
307 306
421 306
454 306
209 307
250 307
258 307
344 307
398 307
171 308
255 308
280 308
437 308
297 309
211 310
238 310
364 310
404 310
420 310
433 310
131 311
188 311
366 311
470 312
125 313
295 313
360 313
437 313
106 314
152 314
260 314
282 314
301 314
206 315
210 315
342 315
397 315
431 315
433 315
436 315
365 316
380 316
401 316
469 316
231 317
254 317
294 317
319 317
186 318
296 318
150 319
383 319
125 320
204 320
232 320
274 320
359 320
453 320
266 321
303 321
164 322
323 322
354 322
435 322
138 323
314 323
335 323
465 323
176 324
318 324
372 324
477 324
119 325
183 325
337 325
413 325
374 326
399 326
331 327
194 328
204 328
250 328
288 328
356 328
392 328
158 329
337 330
377 330
396 330
172 331
316 331
416 331
449 331
173 332
298 332
433 333
462 333
167 334
312 334
349 334
359 334
369 334
143 335
220 335
357 335
266 336
314 336
329 336
338 336
349 336
196 337
376 337
338 338
347 338
390 338
140 339
243 339
297 339
327 339
333 339
475 339
142 340
185 340
347 340
391 340
412 340
106 341
125 341
217 341
281 341
368 342
429 342
136 343
190 343
280 343
293 343
310 343
387 343
371 344
442 344
166 346
260 346
335 346
185 347
309 347
350 347
374 347
324 348
333 348
353 348
211 349
292 349
335 349
345 349
101 350
151 350
329 350
236 351
325 351
334 351
354 351
368 351
404 351
149 352
344 352
457 353
471 353
143 354
275 354
351 354
372 354
167 355
255 355
309 355
385 355
422 355
440 355
172 356
207 356
293 356
198 357
324 357
389 357
122 358
169 358
194 358
288 358
305 358
346 358
366 358
117 359
329 359
144 360
321 360
140 361
170 361
224 361
359 361
381 361
405 361
226 362
340 362
436 362
438 362
199 363
252 363
422 363
479 363
329 364
440 364
387 365
164 366
467 366
221 367
306 367
322 367
421 367
193 368
244 368
265 368
347 368
363 368
395 368
419 368
129 369
341 369
356 369
436 369
451 369
212 370
214 370
224 370
239 370
363 370
421 370
423 370
435 370
221 371
398 371
211 372
420 372
214 373
261 373
264 373
268 373
337 373
340 374
359 374
384 374
281 375
363 375
421 375
275 376
380 376
477 376
152 377
177 377
242 377
401 377
256 378
259 378
411 378
214 379
299 379
377 379
206 380
209 380
217 380
255 380
333 380
416 380
463 380
204 381
381 381
390 381
223 382
231 382
260 382
394 382
203 383
355 383
415 383
209 384
240 384
261 384
398 384
431 384
141 385
445 385
212 386
228 386
255 386
369 386
168 387
206 387
233 387
250 387
356 387
388 387
431 387
460 387
188 388
204 388
274 388
374 388
426 388
311 389
292 390
326 390
332 390
412 390
471 390
232 391
234 392
249 392
277 392
326 392
392 392
134 393
350 393
368 393
404 393
368 394
390 394
428 394
247 395
333 395
221 396
157 397
455 397
267 398
421 398
218 399
228 399
248 399
223 400
261 400
322 400
331 400
248 401
286 401
341 401
362 401
425 401
467 401
226 402
260 402
343 402
214 403
240 403
340 403
380 404
385 404
387 404
479 404
304 405
364 405
423 405
149 406
207 406
212 406
258 406
436 406
327 407
360 407
419 407
247 408
266 408
322 408
376 408
388 408
462 408
209 409
263 409
328 409
340 409
346 409
367 409
276 410
342 410
402 410
417 410
420 410
182 411
230 411
337 411
347 411
449 411
256 412
478 412
338 413
237 414
262 414
376 414
140 415
210 415
238 415
298 415
379 415
413 415
208 416
260 416
210 417
317 417
333 417
338 417
235 418
232 420
249 420
395 420
412 420
459 420
473 420
291 421
391 421
411 421
425 421
245 422
250 422
370 422
395 422
252 423
374 424
378 424
412 424
224 425
243 425
395 425
441 425
155 426
339 427
248 428
333 428
451 428
367 429
369 429
373 429
438 429
386 430
426 430
218 431
244 431
348 431
144 432
185 432
309 432
436 432
279 433
326 434
384 434
462 434
231 435
275 435
211 436
245 436
271 436
437 436
478 436
172 437
386 437
201 438
328 438
384 438
270 439
346 439
348 439
381 439
433 439
371 440
386 440
418 440
157 442
260 442
318 442
417 442
206 443
320 443
385 443
297 444
471 444
323 445
451 445
223 446
292 448
409 448
413 448
425 448
294 449
340 449
289 450
311 451
316 451
360 451
404 451
431 451
433 451
192 452
294 452
308 452
251 453
463 454
290 455
314 455
431 455
283 457
379 457
403 458
421 458
355 459
240 460
276 460
442 460
333 461
402 461
420 461
422 462
439 462
395 463
420 463
438 464
469 464
265 465
294 465
320 466
455 466
348 467
369 468
200 469
256 469
185 472
288 472
289 474
315 474
285 475
308 475
317 475
315 476
336 476
473 476
406 477
311 478
381 478
449 478
357 479
426 479
267 480
400 480
246 481
325 481
332 481
420 481
225 482
323 482
328 483
350 483
463 483
297 484
422 485
349 486
435 486
341 487
420 487
369 488
283 489
392 489
270 491
338 491
346 491
407 491
450 491
405 492
409 492
429 492
383 493
309 494
333 494
245 498
462 498
221 499
392 500
376 501
369 502
273 503
296 503
335 503
357 503
319 504
350 504
442 504
285 505
333 506
310 507
358 508
402 508
435 509
422 510
467 510
401 512
393 513
415 513
428 513
274 516
334 516
376 516
459 516
250 517
289 517
300 517
322 517
355 517
366 518
358 519
332 520
353 522
388 524
445 524
400 526
417 526
455 527
257 533
403 533
274 534
295 534
310 536
392 536
323 537
339 537
348 537
358 537
469 537
374 538
412 538
452 538
430 539
