314 49
335 49
299 50
259 52
281 53
410 54
237 57
333 58
349 59
314 60
219 61
299 62
286 65
442 66
200 67
427 67
271 68
385 68
402 69
252 71
358 71
340 72
180 73
320 75
224 77
301 79
152 80
286 80
447 82
459 82
202 83
205 83
386 83
405 83
428 83
479 83
268 85
364 85
136 86
257 86
343 87
234 88
188 89
239 89
323 90
243 91
304 92
172 93
233 93
209 95
239 95
283 97
372 97
399 98
418 98
437 98
455 98
470 98
205 99
344 99
217 100
202 101
263 101
146 102
317 103
189 104
375 108
235 109
242 109
337 110
353 110
120 111
415 111
463 111
169 112
476 113
317 114
213 115
299 115
283 116
106 117
202 117
271 118
264 119
402 119
196 120
90 121
361 121
378 121
423 121
250 122
343 123
439 123
190 124
194 124
348 124
457 125
318 127
476 127
184 128
313 128
157 129
295 129
121 130
154 130
176 130
181 130
391 130
126 131
366 131
396 131
407 131
368 132
150 133
221 133
111 134
374 134
99 136
268 137
435 137
157 138
240 138
257 138
424 138
449 138
189 139
346 139
136 140
237 140
82 141
127 141
133 141
194 141
468 141
183 142
188 142
318 142
479 142
324 143
357 143
380 143
122 144
139 144
221 144
299 144
319 144
332 144
342 144
375 144
402 144
127 145
214 145
227 145
361 145
289 146
318 146
371 146
381 146
175 147
292 147
67 148
283 148
162 149
172 149
287 149
114 150
426 150
442 150
273 151
413 152
195 153
245 154
340 154
455 154
464 154
232 155
326 155
328 155
99 156
183 157
190 157
224 157
373 157
146 158
356 159
370 159
381 159
389 160
391 160
289 161
440 163
126 164
173 164
305 164
427 164
163 165
209 165
262 165
271 165
430 165
442 165
199 166
244 166
452 166
196 167
112 168
436 168
63 170
188 170
107 171
119 171
469 171
150 172
184 172
95 173
117 173
229 173
387 174
102 175
319 175
371 175
406 175
95 176
100 176
172 176
303 176
313 176
410 176
332 177
356 177
416 177
97 178
166 178
176 178
270 178
319 178
409 178
418 178
421 178
433 178
87 179
134 179
263 179
206 180
298 180
327 180
335 180
412 180
99 181
418 181
163 182
200 183
255 183
82 184
456 184
86 185
126 185
111 186
189 186
236 187
151 188
176 188
118 189
183 189
472 189
68 190
179 190
296 190
317 190
109 191
338 191
354 191
360 191
117 192
213 192
277 192
292 192
324 192
421 192
300 193
334 193
343 193
366 193
377 193
394 193
276 194
283 194
295 194
414 194
432 194
434 194
161 195
198 196
259 196
283 196
427 196
52 197
93 198
102 198
87 200
421 200
249 201
453 201
130 203
134 203
228 203
472 203
179 204
316 205
357 205
78 206
122 206
215 206
223 206
39 207
313 207
327 207
348 207
274 208
298 208
304 208
329 208
276 209
296 209
360 209
374 209
210 210
284 210
392 210
409 210
106 211
204 211
271 212
421 212
67 213
242 213
245 213
428 214
187 215
132 216
128 217
138 217
232 217
446 217
295 218
305 218
328 218
460 218
57 219
171 219
338 219
342 219
362 219
88 220
223 220
271 221
376 221
49 222
280 222
477 222
274 223
114 224
263 224
197 225
275 225
389 226
257 227
407 227
252 228
306 228
249 229
329 229
353 229
419 229
33 231
183 231
231 231
432 231
99 232
358 233
369 233
66 234
444 234
165 235
218 235
286 235
125 236
282 236
385 236
451 236
264 238
464 238
271 239
59 240
79 240
256 240
399 240
196 241
346 241
399 241
477 241
107 242
254 242
305 242
140 243
346 243
330 244
335 244
418 244
47 245
137 245
177 245
362 245
230 246
177 247
225 247
283 247
351 247
434 247
137 248
278 248
173 249
227 249
362 249
170 250
205 250
383 250
89 251
167 251
210 251
161 252
256 252
396 252
452 252
36 253
186 254
321 254
241 255
313 255
327 255
470 255
298 256
329 257
67 258
178 258
284 258
355 258
409 258
102 259
181 259
225 259
347 259
356 260
426 260
173 261
219 261
276 261
365 261
61 262
366 262
160 263
435 263
129 264
205 265
253 265
256 265
375 265
87 266
157 266
49 267
147 267
203 267
244 267
452 267
124 268
249 268
323 268
387 268
123 269
234 269
398 269
462 269
308 270
326 270
400 270
176 271
239 271
410 271
291 272
346 272
466 272
349 273
356 274
106 275
172 275
206 275
270 275
339 275
425 275
476 275
70 276
347 276
363 276
30 277
248 278
439 278
246 279
92 280
394 280
391 281
194 282
318 282
92 283
138 283
394 283
408 283
454 283
180 284
293 284
396 284
51 285
107 285
140 285
231 285
297 285
221 286
332 286
338 286
351 286
353 286
103 287
278 287
329 287
172 288
174 288
354 288
360 288
412 288
421 288
463 288
264 289
120 291
121 291
249 291
469 291
70 292
162 292
203 292
434 292
92 293
98 293
155 293
197 293
430 293
440 293
390 294
437 294
30 295
113 295
120 295
309 295
378 295
393 295
91 296
181 296
188 296
306 296
61 297
391 297
450 298
213 299
339 299
344 299
106 300
138 300
173 300
221 300
284 300
355 300
401 300
131 301
279 301
257 303
364 303
460 303
48 304
13 305
168 305
198 305
134 306
166 306
242 306
422 306
430 306
120 307
384 307
434 307
101 308
192 308
337 308
187 309
312 309
320 309
393 309
427 309
473 309
389 310
434 310
63 311
236 311
299 311
398 311
85 312
112 312
219 312
227 312
436 312
439 312
32 313
284 313
289 313
364 313
410 313
445 313
117 314
178 314
373 314
277 315
87 316
265 316
407 317
107 319
170 319
257 319
310 319
332 319
334 319
461 319
74 321
327 321
47 322
244 322
252 322
468 322
18 323
351 323
358 323
152 324
192 324
361 324
124 325
232 325
434 325
436 325
117 326
476 326
90 327
218 327
394 327
432 327
396 328
401 328
445 328
8 329
64 329
278 330
389 330
411 330
34 331
176 331
283 331
295 331
408 331
207 332
313 332
321 332
340 332
109 333
144 333
266 333
324 333
332 333
413 333
55 334
259 334
350 334
456 334
197 335
161 336
357 336
423 336
244 337
428 337
74 339
230 339
434 339
99 340
128 340
374 340
377 340
382 340
466 340
126 341
385 341
426 341
160 342
181 342
387 342
390 342
41 343
315 343
119 344
290 344
398 344
210 345
280 345
300 345
478 345
274 346
164 347
328 347
335 347
151 348
277 348
411 348
60 349
143 349
403 349
449 349
26 350
84 350
195 350
183 351
369 351
411 351
107 352
377 352
219 354
459 354
390 355
98 356
130 356
314 356
432 356
14 357
168 357
297 357
326 357
338 357
393 357
428 357
202 358
283 358
469 358
44 359
121 359
237 359
334 359
388 359
2 360
272 360
435 360
194 361
257 361
68 362
119 362
358 362
438 362
41 364
65 364
66 364
145 364
217 364
174 365
250 365
367 365
370 365
182 366
212 366
301 366
407 366
84 367
107 367
209 367
314 368
448 368
29 369
134 369
203 369
79 370
170 370
332 370
420 370
382 371
391 371
99 372
345 372
386 372
188 373
147 374
220 374
289 374
391 374
466 374
121 375
259 375
356 375
7 376
73 376
180 377
311 377
404 377
433 377
244 378
141 379
179 379
73 380
207 380
42 381
71 381
88 381
322 381
237 382
374 382
107 383
131 383
167 383
335 383
447 383
40 384
421 384
157 385
162 385
383 385
347 386
397 386
292 387
61 388
400 388
429 388
56 389
78 389
219 389
254 389
307 389
360 389
397 389
54 390
59 390
120 390
251 390
403 390
461 390
6 391
30 391
142 392
170 392
364 392
56 393
58 393
93 393
213 393
371 393
231 394
331 394
438 394
47 395
165 395
321 395
374 395
71 396
134 396
231 396
346 396
384 396
472 397
204 398
199 399
273 399
289 399
416 399
48 400
101 400
448 400
271 401
295 401
15 402
123 402
153 402
261 402
268 402
362 402
397 402
315 404
324 404
429 404
316 405
331 405
458 405
179 406
230 406
404 406
62 407
143 407
223 407
325 407
338 407
88 408
213 408
374 408
111 409
336 409
344 409
31 410
207 410
213 410
219 410
441 410
167 411
273 411
383 411
4 412
259 412
262 412
295 413
300 413
347 413
471 413
79 414
244 414
279 414
287 414
419 414
234 415
263 415
49 416
128 416
301 416
158 417
190 417
201 417
231 417
356 417
361 417
393 417
21 418
101 418
317 418
430 419
220 420
320 420
324 420
183 421
456 421
66 423
118 423
373 423
248 424
265 424
339 424
409 424
251 425
254 425
271 425
144 426
285 426
345 426
34 427
87 427
173 427
228 427
320 427
10 428
236 428
386 428
467 428
217 429
234 429
420 429
446 429
55 430
140 430
202 430
327 430
165 432
308 432
106 433
203 433
28 434
310 434
314 434
400 434
473 434
130 435
372 435
264 436
191 437
268 437
98 438
186 438
271 438
278 439
281 439
74 440
225 440
241 440
386 440
412 440
19 441
349 441
390 441
443 441
152 442
226 442
298 442
392 442
348 443
352 443
70 444
98 444
118 444
215 444
168 445
176 445
373 445
422 445
16 446
95 446
117 446
119 446
86 447
420 447
132 448
204 448
312 448
334 448
37 449
252 449
375 449
81 450
139 450
176 450
274 450
378 450
456 450
426 451
51 452
254 452
320 452
406 452
30 453
170 453
235 453
284 453
435 453
6 454
469 454
158 456
433 456
474 456
129 457
292 457
44 458
98 458
195 458
370 458
151 459
356 459
73 460
251 460
354 460
393 460
442 460
68 461
95 461
255 461
335 461
337 461
478 461
240 462
304 462
225 464
427 464
42 465
71 465
250 465
276 465
454 465
142 466
179 466
259 466
15 467
197 467
212 467
238 467
272 467
344 467
38 468
94 468
112 468
309 468
193 469
203 469
425 469
83 470
410 470
194 471
326 471
462 471
283 472
371 472
53 473
115 473
138 473
293 473
439 473
200 474
347 474
31 475
107 475
110 475
247 475
127 476
250 476
374 476
396 476
469 476
51 477
318 477
331 477
3 478
49 478
300 478
371 478
393 478
412 478
436 478
75 479
132 479
229 479
239 479
262 479
378 479
399 479
155 480
322 480
372 480
218 482
247 482
68 483
267 483
271 483
305 483
341 483
447 483
20 484
153 484
145 486
151 486
210 486
478 486
279 487
326 487
405 487
426 487
61 488
113 488
275 488
206 489
87 491
112 491
453 491
85 492
347 492
366 492
369 492
53 493
57 493
59 493
82 493
162 493
193 493
294 493
80 494
135 494
284 494
7 495
168 495
308 495
331 495
75 496
137 496
194 496
247 496
27 497
48 497
164 497
312 497
370 497
99 498
197 498
232 498
245 498
415 498
436 498
311 499
352 499
289 500
316 500
398 500
43 501
126 501
149 501
186 501
250 501
266 501
178 502
180 502
216 502
302 502
379 502
463 502
71 503
93 503
276 503
398 503
442 503
90 504
148 504
95 505
178 505
210 505
276 505
296 505
45 506
66 506
188 506
279 506
42 507
89 507
114 507
157 507
321 507
423 507
16 508
86 508
149 508
386 508
405 508
38 509
90 509
123 509
152 509
42 510
57 510
95 510
277 510
388 510
117 511
205 511
283 511
357 511
386 511
57 512
278 512
299 512
451 512
474 512
342 513
79 514
113 514
325 514
57 515
139 515
197 515
230 515
286 515
164 516
190 516
256 516
361 516
373 516
103 517
262 517
147 518
431 518
6 519
25 519
183 519
259 519
373 519
378 519
130 520
196 520
459 520
288 521
165 522
167 522
192 522
310 522
330 522
414 522
261 523
100 524
156 524
192 524
259 524
378 524
261 525
18 526
47 527
65 527
153 527
186 527
350 527
131 528
148 528
176 528
208 528
243 528
367 528
442 528
463 528
124 529
212 529
307 529
65 530
231 530
92 531
185 531
421 531
211 532
384 532
142 533
156 533
264 533
5 534
111 534
262 534
288 534
404 534
83 535
93 535
115 535
207 535
252 535
425 535
469 535
228 536
449 537
88 538
104 538
138 538
173 538
226 538
271 538
337 538
134 539
147 539
307 539
355 539
174 540
200 540
222 540
323 540
25 541
47 541
191 541
227 541
250 541
477 541
78 542
105 542
165 542
371 542
390 542
429 542
102 543
135 543
139 544
246 544
411 544
43 545
189 545
241 545
72 546
125 546
197 546
270 546
459 546
321 547
156 548
217 548
285 548
183 549
211 549
240 549
304 550
396 550
437 550
101 551
221 551
154 552
160 552
184 552
261 552
341 552
6 553
123 553
127 553
218 553
256 553
466 553
240 554
261 554
417 554
61 555
143 555
160 555
277 555
93 556
116 556
215 556
281 556
380 556
201 557
204 557
444 557
146 558
233 558
322 558
23 559
140 559
207 559
277 559
474 559
46 560
142 560
148 560
353 560
366 560
320 561
397 561
401 561
419 561
270 562
283 562
306 562
339 562
355 562
47 563
108 563
164 563
253 563
71 564
170 564
269 564
281 564
355 564
398 564
425 564
97 565
110 565
132 565
164 565
193 565
321 565
449 565
175 566
196 566
225 566
45 567
98 567
166 567
226 567
231 567
242 567
302 567
341 567
5 568
104 568
368 568
34 569
221 569
322 569
387 569
429 569
105 570
170 570
299 570
246 571
337 571
384 571
103 572
152 572
291 572
358 572
340 573
460 573
119 574
124 574
222 574
239 575
53 576
151 576
213 576
218 576
432 576
86 577
96 577
152 577
260 577
266 577
299 577
320 577
118 578
127 578
239 578
86 579
213 579
262 579
264 579
301 579
356 579
434 579
17 580
155 580
185 580
260 580
372 580
53 581
55 581
201 581
293 581
176 582
439 582
41 583
120 583
241 583
289 583
463 583
44 584
143 584
175 584
197 584
202 584
238 584
295 584
314 584
286 585
391 585
72 586
102 586
144 586
296 586
197 587
212 587
287 587
308 587
406 587
72 588
146 588
205 588
236 588
285 588
336 588
372 588
387 588
171 589
227 589
423 589
470 589
62 590
408 590
428 590
33 591
329 591
92 592
126 592
247 592
331 592
337 592
378 592
408 592
426 592
446 592
307 593
374 593
103 594
120 594
122 594
133 594
158 595
374 595
191 596
281 596
157 597
181 597
17 598
306 598
310 598
426 598
59 599
286 599
308 599
325 599
479 599
45 600
111 600
153 600
344 600
434 600
83 601
217 601
120 602
345 602
328 603
394 603
457 603
181 604
146 605
38 606
302 606
463 607
238 608
253 608
106 609
175 609
29 610
361 610
376 610
440 610
71 611
269 611
294 612
321 612
419 612
468 613
97 614
166 614
205 614
340 615
387 615
59 616
226 616
191 617
290 617
130 618
315 618
424 618
85 620
339 620
357 620
450 620
158 621
263 621
479 622
46 624
116 624
194 624
217 625
237 625
283 625
150 626
354 626
389 626
33 627
431 627
108 628
69 629
330 629
254 630
371 630
466 630
302 632
348 633
97 634
139 634
177 634
213 634
272 634
58 635
389 637
446 637
85 638
406 638
294 639
320 639
