214 2
231 2
247 2
260 2
368 2
136 3
335 3
194 4
281 4
176 6
294 6
124 7
428 7
389 9
309 10
350 10
159 12
109 13
329 14
446 14
149 15
224 16
255 17
96 18
212 18
243 18
407 18
264 19
371 20
417 20
195 21
282 21
296 21
126 22
350 23
179 24
164 26
317 27
433 27
114 28
367 30
391 30
147 31
101 33
218 33
239 33
327 33
448 33
135 34
204 34
335 34
249 35
266 35
259 36
347 37
409 37
188 38
293 39
170 41
463 41
85 42
362 42
415 42
180 43
182 43
117 44
424 44
168 45
307 45
369 45
320 46
379 48
433 49
391 50
446 51
100 52
139 52
198 52
205 52
295 52
192 53
348 53
212 54
229 54
254 55
127 56
236 56
355 56
409 56
90 57
176 57
205 57
173 58
201 58
270 58
284 58
198 59
343 59
126 60
177 60
183 60
174 61
364 61
122 62
167 62
429 62
432 62
469 62
78 63
155 63
174 63
285 63
299 63
301 64
109 65
315 65
324 65
420 65
318 66
143 68
386 68
422 69
423 69
148 70
204 70
206 70
331 70
451 70
209 71
343 71
247 72
260 72
428 72
59 73
343 73
189 74
270 74
344 74
91 75
133 75
183 75
215 75
284 75
342 75
432 75
128 76
163 76
348 76
399 76
402 76
289 77
431 77
435 77
364 78
410 78
296 79
470 79
414 80
153 81
160 81
322 81
361 81
80 83
146 83
368 83
379 83
415 83
448 83
105 85
141 85
185 85
236 86
250 87
171 88
241 88
336 88
346 88
134 89
389 89
63 90
235 90
208 91
230 91
342 91
348 91
430 91
463 91
265 92
392 92
156 93
207 93
281 93
293 93
353 93
205 94
194 95
88 96
310 96
411 97
145 98
366 98
174 100
325 100
134 101
450 101
237 103
420 103
208 104
230 104
271 104
391 104
386 105
126 106
131 106
245 106
466 106
100 107
259 107
283 107
65 108
124 108
204 108
300 108
404 109
197 110
201 110
435 110
120 111
123 111
361 111
151 112
331 112
370 112
373 112
51 114
184 114
86 115
416 115
452 115
108 116
217 117
372 117
44 118
136 118
211 118
378 118
167 119
387 119
202 120
269 120
299 120
344 120
459 120
162 121
257 121
280 121
246 122
261 122
277 122
119 123
157 123
264 123
321 123
392 123
152 124
190 124
200 124
228 124
328 124
404 124
469 124
65 125
351 125
362 125
95 126
118 127
333 127
342 127
408 127
116 128
179 128
185 128
366 128
405 128
410 129
446 129
90 130
85 131
88 131
108 131
172 131
370 131
137 132
168 132
172 132
212 132
372 132
110 133
264 133
294 133
102 134
238 134
417 134
164 135
284 135
456 135
203 136
243 136
249 136
262 136
266 136
425 136
394 137
71 138
161 138
190 138
40 139
98 139
119 139
196 139
401 139
97 141
143 142
182 142
472 142
177 143
367 143
87 144
140 144
180 144
437 144
440 144
442 145
233 146
265 146
331 146
407 146
241 147
374 147
421 147
218 148
264 148
279 148
261 149
277 149
340 149
47 150
206 150
84 151
297 151
340 151
454 151
123 152
390 152
161 153
351 153
75 154
113 154
190 154
434 154
361 155
366 155
364 156
368 156
406 156
111 157
145 157
148 157
181 157
193 157
317 157
365 157
104 158
324 158
334 158
243 159
470 159
173 160
175 160
340 160
379 160
411 160
98 161
130 161
235 162
58 163
133 163
218 163
422 164
163 165
126 166
156 166
426 166
448 166
84 167
315 167
154 168
203 168
113 169
330 169
46 170
145 170
373 170
321 171
377 172
135 173
349 173
464 173
142 174
255 174
267 174
291 174
132 175
381 175
129 176
237 176
308 176
134 177
310 177
166 178
313 178
359 178
389 178
393 178
441 178
131 179
316 179
426 179
158 180
216 180
397 180
316 181
478 181
121 182
205 182
327 182
335 182
148 183
150 183
199 183
395 183
343 184
399 184
449 184
263 185
55 186
113 186
409 186
414 187
276 188
288 188
290 188
248 189
316 189
364 189
463 189
292 190
295 190
419 190
75 191
312 191
316 191
326 191
379 191
314 192
422 192
130 193
179 193
219 193
378 193
156 194
98 195
159 195
165 197
33 198
342 198
205 199
65 200
291 200
446 200
204 201
270 201
284 202
303 202
313 202
370 202
141 203
253 203
461 204
111 205
154 205
331 205
424 205
108 206
185 206
189 206
334 206
151 207
378 207
385 207
76 208
125 208
223 208
428 208
128 209
176 209
218 209
332 209
468 209
46 210
213 210
344 210
387 210
350 211
121 212
218 212
353 212
361 212
295 213
395 213
398 213
444 213
72 214
144 214
262 214
268 214
277 214
306 214
477 214
167 215
251 215
317 215
114 216
172 216
205 216
200 217
66 218
89 218
326 218
329 218
413 218
33 219
103 219
230 219
239 219
335 219
459 220
336 221
131 222
151 222
378 222
157 223
232 223
431 223
465 223
226 224
284 224
433 224
83 225
98 225
355 225
122 226
270 226
396 226
177 227
471 227
116 228
142 228
210 228
256 228
299 228
312 228
394 228
174 229
212 229
444 229
400 230
110 231
115 231
140 232
334 232
419 232
109 234
209 234
328 234
423 234
70 235
141 235
335 235
372 235
189 236
194 236
229 236
103 237
337 237
380 237
431 237
37 238
279 238
352 238
429 238
102 239
298 239
388 239
104 240
225 241
281 241
285 241
288 241
187 242
392 242
438 242
466 242
94 243
259 243
152 244
185 244
393 244
420 244
146 245
324 245
56 246
151 246
237 246
366 246
244 248
340 248
369 248
401 248
77 249
207 249
232 251
472 251
169 252
200 252
451 252
224 253
410 253
135 254
257 254
349 254
42 255
107 255
253 255
264 255
313 255
215 256
319 256
437 256
258 257
162 258
245 258
252 258
317 258
392 258
183 259
215 259
359 259
149 260
390 260
423 261
97 262
329 262
180 263
237 263
29 264
140 264
119 265
368 265
403 265
448 265
300 266
466 266
72 267
154 267
302 267
374 267
134 268
231 268
343 268
380 268
225 269
276 269
377 269
130 270
198 270
261 270
268 270
438 270
171 271
266 271
387 271
44 272
67 272
88 272
109 272
175 272
168 273
363 273
260 274
358 274
418 274
300 276
314 276
38 277
289 277
295 277
367 277
251 278
363 278
398 278
448 278
476 278
74 279
316 279
122 280
210 280
258 280
276 280
281 280
292 280
334 280
203 281
427 281
399 282
240 283
242 283
184 284
275 284
282 284
89 285
136 285
219 285
179 286
272 286
349 286
457 286
110 287
137 287
430 287
134 288
237 288
383 288
410 288
134 290
388 290
68 291
196 291
318 291
436 291
44 292
312 292
321 292
390 292
231 293
292 293
295 293
309 293
214 294
262 294
169 295
328 295
362 295
415 295
464 295
229 297
362 297
191 298
77 299
282 299
341 299
101 300
142 300
144 300
147 300
60 301
125 301
395 301
138 302
243 302
239 303
402 304
422 304
146 305
163 305
265 305
374 305
470 305
301 306
354 306
446 306
93 307
388 307
294 308
317 308
324 308
306 309
47 310
74 310
111 310
215 310
237 311
363 312
385 312
392 312
280 314
179 315
209 315
341 315
389 315
431 315
370 316
412 316
274 317
40 318
367 318
390 318
456 318
123 319
222 319
369 319
372 319
82 320
105 320
206 320
224 320
246 320
274 320
316 320
263 321
84 323
193 323
197 323
356 323
372 323
32 324
328 324
416 324
56 325
241 325
300 325
303 325
290 326
283 327
439 327
168 328
147 329
361 330
111 331
190 331
216 331
364 331
462 331
51 332
253 332
339 332
73 333
275 333
306 333
384 333
303 334
88 335
130 335
114 336
181 336
320 336
389 336
42 337
142 337
298 337
422 337
107 338
195 338
234 338
468 338
268 340
296 340
352 340
389 340
157 342
291 342
209 343
285 345
333 345
373 345
449 345
227 346
263 346
295 346
306 346
377 346
309 347
175 348
245 348
317 348
362 348
136 349
288 349
310 349
411 349
103 350
118 350
154 350
474 350
383 351
82 352
299 352
280 353
97 355
119 355
189 355
226 356
344 356
397 356
168 357
257 358
297 358
327 358
413 358
479 359
130 360
368 360
295 361
417 361
207 362
403 362
347 363
280 364
299 364
147 365
282 365
352 365
460 365
108 367
266 367
313 367
349 367
353 367
221 368
336 369
418 369
164 370
370 370
181 371
396 371
59 372
124 373
352 373
355 373
85 374
264 374
405 374
198 375
331 375
335 375
353 375
375 375
470 375
316 377
334 377
423 377
103 378
319 378
402 379
449 379
203 380
219 380
295 381
141 382
239 383
49 384
300 384
407 385
178 386
259 386
318 386
337 386
382 386
66 387
99 387
284 387
295 387
362 387
411 387
435 387
479 387
216 388
359 388
116 390
283 390
307 390
405 390
196 391
321 392
410 392
236 393
340 393
158 394
75 395
176 395
461 395
280 396
301 396
358 396
364 396
285 397
342 397
96 398
215 399
260 399
436 399
134 400
350 400
97 401
285 401
325 401
236 402
426 402
118 403
300 403
173 404
287 404
425 404
197 405
310 405
445 405
221 406
223 406
232 406
307 406
414 406
424 406
199 407
238 407
282 407
421 407
426 407
429 407
93 408
328 408
369 408
395 408
401 408
175 410
195 410
305 410
169 411
198 411
245 411
287 411
107 412
113 412
130 412
173 412
259 412
282 412
406 412
330 413
116 414
217 414
238 414
401 414
172 415
302 415
424 415
428 415
456 415
91 416
352 416
432 416
225 417
282 417
303 417
309 417
409 417
213 418
290 418
407 418
105 419
167 419
172 419
225 419
380 419
403 420
260 421
288 421
439 421
356 423
410 424
432 424
237 425
284 425
309 425
148 427
189 427
284 427
336 427
411 427
210 428
386 428
113 429
128 429
178 429
309 429
364 430
313 431
449 431
265 432
195 433
113 434
177 434
188 434
424 435
212 436
289 436
433 436
109 437
152 437
295 437
171 438
341 438
286 439
206 440
370 440
226 441
326 441
264 442
266 442
404 442
127 443
148 443
242 443
435 443
247 444
289 444
318 444
379 444
152 445
157 445
354 445
357 445
133 446
264 447
70 448
194 448
124 449
145 449
264 449
266 449
275 449
353 449
413 449
147 450
296 450
323 450
332 450
381 450
451 451
272 452
133 453
379 453
421 453
328 454
244 455
249 455
348 455
365 455
389 455
132 457
225 457
245 457
269 457
280 457
366 457
84 458
127 458
136 458
385 458
275 459
107 460
212 460
364 460
134 461
303 461
393 461
400 461
176 462
326 462
362 462
434 462
133 463
148 463
392 463
395 463
198 464
280 464
337 464
444 465
137 466
139 466
330 467
370 467
332 468
160 469
347 470
116 471
230 471
311 471
258 472
266 472
351 472
353 472
377 472
384 472
416 472
131 473
157 473
279 474
315 474
352 474
68 475
384 475
84 476
135 476
280 476
327 476
340 476
391 477
395 477
132 478
432 478
327 479
92 480
155 480
361 480
399 480
137 481
158 481
168 481
290 481
350 481
362 482
399 482
211 483
233 483
357 483
355 484
94 485
121 485
125 485
332 485
335 485
162 486
340 486
360 486
409 487
165 488
342 488
302 489
374 490
123 491
171 491
175 492
426 492
196 493
340 493
165 494
148 495
151 495
130 496
308 498
172 499
180 499
393 500
356 501
181 502
175 503
183 503
317 503
323 503
415 503
179 504
286 505
135 506
182 506
329 506
117 507
334 508
231 509
321 510
328 510
371 510
206 511
123 512
184 512
331 512
333 512
335 512
144 514
180 514
295 514
326 514
183 515
188 515
261 515
391 515
133 517
396 517
242 518
128 519
165 519
188 519
193 519
217 519
346 519
348 519
272 520
344 520
303 521
168 522
355 522
315 524
171 526
282 527
144 528
252 528
374 528
386 532
230 534
329 534
207 535
187 536
260 536
294 536
159 538
348 539
215 542
307 544
171 545
278 547
129 548
319 548
139 549
253 550
157 558
196 558
213 562
240 562
268 563
225 568
