280 75
310 76
262 77
329 77
345 81
215 84
202 87
300 88
368 88
267 90
286 90
250 91
322 91
342 94
219 96
152 99
357 100
285 102
244 103
264 103
274 103
299 103
372 103
313 104
331 105
394 106
218 107
183 109
201 109
168 110
150 114
248 114
410 114
272 115
310 115
281 116
362 116
301 117
332 117
135 118
200 118
223 118
347 118
374 119
426 120
122 122
390 122
196 123
146 127
286 127
294 127
306 127
277 128
299 128
325 129
273 130
346 130
405 130
417 130
180 131
236 131
240 131
337 131
360 131
132 132
212 132
218 133
220 133
217 134
371 135
429 135
304 136
394 137
118 138
151 138
303 138
326 138
391 138
198 139
184 140
277 140
393 141
258 143
134 144
174 144
240 144
252 144
256 144
346 144
182 145
166 146
315 146
315 147
424 147
333 148
367 148
123 150
440 150
208 151
214 151
375 151
208 153
159 154
197 154
184 155
265 155
404 155
259 156
399 156
258 157
299 157
301 157
107 158
262 158
289 158
141 159
329 160
353 160
185 161
417 161
176 162
368 162
128 163
217 163
163 164
431 165
211 166
290 167
390 167
200 168
281 168
151 169
277 169
269 170
289 170
312 170
452 170
83 171
197 171
241 171
252 171
340 172
229 173
311 173
410 174
352 175
179 176
365 176
166 177
423 177
74 178
106 178
134 178
208 178
374 178
164 179
171 179
298 180
272 181
190 182
259 182
296 182
387 182
434 182
241 184
321 184
185 186
231 186
401 186
147 187
179 187
181 187
350 187
452 187
88 188
216 189
273 190
353 190
113 191
140 191
366 191
260 193
310 193
193 194
243 194
298 194
301 194
164 195
377 195
191 196
316 197
323 197
332 197
391 197
71 199
280 199
290 199
224 200
335 200
98 201
156 201
339 201
176 202
215 202
411 202
211 203
267 203
408 203
101 204
210 204
62 205
139 206
199 206
247 206
84 207
369 207
82 208
145 208
315 208
367 208
413 208
110 209
135 209
166 209
248 209
326 209
428 209
113 210
188 210
297 210
330 210
383 210
429 210
111 212
157 212
132 213
341 213
134 215
356 216
401 216
439 216
399 217
48 218
262 218
285 218
407 218
440 218
67 219
148 219
206 219
363 219
402 219
121 220
149 220
174 220
264 220
275 220
279 220
295 220
122 221
308 221
368 221
409 221
332 223
418 223
195 224
234 224
330 224
339 224
143 225
167 225
225 225
326 225
347 225
457 225
60 226
114 226
217 226
328 226
385 226
137 227
219 227
394 227
435 227
133 228
159 228
187 228
355 228
357 228
259 229
264 230
364 230
436 230
443 230
135 231
289 231
400 231
37 232
128 232
159 232
235 232
304 232
73 233
243 233
350 233
372 234
324 235
225 236
231 236
324 236
330 236
426 236
147 237
87 238
171 238
214 238
107 239
121 239
436 239
88 240
210 240
462 240
69 241
187 241
271 241
274 241
30 242
117 242
166 242
283 242
299 242
399 242
46 244
161 244
138 245
199 245
203 245
233 245
132 246
197 246
420 246
446 246
314 247
349 247
200 248
98 249
192 249
221 250
93 251
386 251
389 251
112 252
254 252
412 252
445 252
22 253
291 253
297 253
338 253
253 254
256 254
370 254
373 254
107 255
152 255
373 255
398 255
463 255
210 256
239 256
251 256
350 256
128 257
452 257
37 258
108 258
180 258
314 258
375 258
401 258
128 259
152 259
227 259
102 260
108 260
122 260
361 260
84 262
333 262
103 263
331 263
418 263
99 264
141 264
264 264
369 264
51 265
117 265
87 266
246 266
290 266
161 267
260 267
303 267
444 267
31 268
68 269
213 269
138 270
233 270
316 270
136 271
241 271
352 271
132 272
426 272
112 273
178 273
365 274
179 275
218 275
459 275
92 276
132 277
22 278
262 278
264 278
341 278
435 278
116 279
135 279
193 279
213 279
277 279
292 279
300 279
349 279
241 280
419 280
211 281
215 281
470 282
164 283
355 283
91 284
167 284
428 284
103 285
318 285
325 285
381 285
179 286
186 286
406 286
448 286
56 287
71 287
91 287
200 287
202 287
231 287
68 288
161 289
180 289
408 289
108 290
288 290
434 290
83 291
141 291
175 291
268 291
278 291
49 292
197 292
108 293
224 293
396 293
416 293
437 293
50 294
119 294
196 294
250 294
305 294
86 295
175 295
216 295
348 295
354 295
461 295
123 296
401 296
50 297
119 297
217 297
378 297
83 298
116 298
402 298
419 298
209 299
404 299
447 299
187 300
81 301
238 301
235 302
411 303
98 304
114 304
118 304
155 304
230 304
409 304
431 304
225 305
271 305
291 305
331 305
390 305
80 306
233 306
371 306
99 307
200 307
278 307
300 307
335 307
262 308
332 308
356 308
94 309
419 309
135 310
309 310
460 310
176 311
195 311
342 311
476 311
212 312
316 312
362 312
113 313
380 313
438 313
79 314
149 314
74 315
214 315
167 316
211 316
219 316
244 316
441 316
55 317
96 317
37 318
291 318
76 319
89 319
115 319
204 319
285 319
301 320
328 320
392 320
185 321
284 321
332 321
349 321
127 322
132 322
143 322
253 322
33 323
282 323
299 323
110 324
308 324
452 324
471 324
89 325
160 325
198 325
232 325
312 325
358 325
437 325
161 326
418 326
318 327
213 328
245 328
335 328
141 329
476 329
285 330
367 330
424 330
209 331
52 332
287 332
347 332
221 333
224 333
97 334
140 334
144 334
322 334
367 334
424 334
122 335
157 335
30 336
140 336
144 336
159 336
205 336
347 336
427 337
108 338
223 338
256 338
143 339
201 339
332 339
429 339
170 340
220 340
204 341
450 341
468 341
237 342
373 342
429 342
81 343
119 343
232 343
331 343
358 343
376 343
185 344
284 344
154 345
315 345
332 345
360 345
130 346
288 346
436 346
230 347
283 347
311 347
67 348
169 348
228 348
250 348
275 348
289 348
417 348
51 349
94 349
365 349
440 349
476 349
338 350
129 351
287 351
437 351
440 352
106 353
295 353
196 354
291 354
339 354
423 354
130 355
181 355
243 355
460 355
302 356
322 356
328 356
207 358
303 358
357 358
374 358
362 359
393 359
360 360
378 360
389 360
405 360
448 360
91 361
153 361
167 361
260 361
467 361
75 362
345 362
142 363
285 363
406 363
52 364
116 364
193 364
380 364
238 365
310 366
364 366
100 367
128 367
223 367
207 368
253 368
436 368
468 368
383 369
418 369
84 370
273 370
293 370
153 371
164 372
414 372
22 373
87 373
320 373
178 374
370 374
453 374
48 375
101 375
247 377
69 378
113 378
191 378
267 378
357 378
387 378
32 379
100 379
219 379
234 380
164 381
205 381
402 381
477 381
439 382
374 383
459 383
99 384
110 384
114 384
282 384
304 384
426 385
390 386
178 387
265 387
16 388
70 388
124 388
233 388
218 389
404 389
430 389
97 390
402 390
83 391
416 391
48 393
139 393
248 393
263 393
433 393
66 394
30 395
394 395
189 396
449 396
112 397
125 397
176 397
217 397
279 397
309 397
364 397
405 397
97 398
232 398
247 398
296 398
349 399
377 399
436 399
110 400
139 401
217 401
219 401
392 402
423 402
435 402
230 403
333 403
397 403
11 404
84 404
95 404
215 404
233 404
296 404
110 405
113 405
308 405
84 406
203 406
336 406
348 406
352 406
66 407
112 407
27 408
216 408
262 408
363 408
384 408
323 409
335 409
411 409
439 409
383 410
294 411
82 412
110 412
203 412
309 412
177 413
230 413
281 413
383 413
425 413
293 414
352 414
471 414
93 415
126 415
456 415
395 416
83 417
322 417
295 418
353 418
232 419
291 419
80 420
351 420
63 421
139 421
190 421
22 422
81 422
83 422
94 422
176 422
266 422
324 422
442 422
219 423
288 423
336 423
251 424
307 424
396 424
427 424
234 425
293 425
283 426
291 426
135 427
382 427
93 428
458 428
162 429
338 429
416 429
289 430
396 430
94 431
405 431
97 432
273 432
107 433
175 433
206 433
210 433
136 434
256 434
320 435
472 435
106 436
123 436
148 436
305 436
430 436
136 437
210 437
297 437
355 437
318 438
445 439
319 440
321 440
79 441
149 441
273 441
431 441
227 442
282 442
352 442
382 442
366 443
384 443
405 443
406 443
163 444
349 444
352 444
433 444
120 445
213 445
242 445
368 445
166 446
226 446
336 446
228 447
395 447
241 448
476 448
81 449
295 449
460 449
77 450
161 450
245 450
165 451
188 451
350 451
393 451
434 451
92 452
190 452
263 452
351 452
405 452
109 453
95 454
329 454
107 455
228 455
137 456
309 456
408 456
448 456
147 457
179 457
263 457
431 457
435 457
121 458
190 458
204 458
348 458
106 459
362 459
231 460
248 460
345 460
347 460
408 460
418 460
422 460
106 461
477 462
94 463
136 463
204 463
464 463
180 464
331 464
78 465
254 465
350 465
395 465
173 466
422 466
329 467
343 467
287 468
367 468
407 469
418 469
174 470
279 470
160 471
172 471
343 471
420 471
120 472
162 472
133 473
196 473
341 473
346 473
122 474
209 475
349 475
358 475
450 475
466 475
93 476
95 476
137 476
121 477
162 477
406 478
134 479
90 480
138 480
210 480
214 480
264 480
150 481
250 482
376 482
390 482
232 483
74 484
215 484
285 484
409 484
434 484
176 485
310 485
316 485
360 485
421 485
302 486
465 486
248 487
282 487
292 487
452 487
219 489
330 489
153 491
252 491
94 492
180 492
220 493
189 494
239 494
254 494
272 494
339 495
375 495
144 496
179 496
221 496
241 496
424 496
206 498
181 499
262 499
437 499
124 500
238 500
323 500
409 500
240 501
242 501
110 502
169 502
181 502
205 502
264 503
454 503
248 504
349 504
362 504
92 505
196 505
375 505
184 506
266 508
331 508
437 508
173 509
292 509
389 510
89 511
197 511
274 511
289 511
234 512
161 513
197 513
277 513
312 513
358 513
420 513
236 514
372 514
187 515
212 515
437 515
175 516
254 516
286 516
199 517
405 517
454 517
164 518
186 518
265 518
464 518
308 519
240 520
285 520
387 520
162 521
302 521
307 521
227 522
419 522
255 523
191 524
215 524
163 525
216 525
320 525
437 525
125 526
165 526
354 526
166 528
178 528
260 528
312 528
352 528
372 528
109 529
247 529
399 529
204 530
151 531
165 531
180 531
344 531
367 531
235 532
154 533
191 533
343 534
125 535
325 535
235 537
294 537
383 537
154 538
363 538
213 539
253 539
363 540
433 540
96 541
129 541
170 541
413 541
186 542
225 542
114 544
128 544
229 544
160 545
282 545
305 545
311 546
347 546
395 546
130 548
271 548
304 548
394 548
449 548
189 549
203 549
332 549
414 550
188 551
373 551
397 551
172 552
192 552
205 552
131 553
143 553
158 553
208 553
191 554
318 554
427 554
324 555
355 555
372 555
319 556
393 556
250 557
267 558
180 559
212 559
317 559
388 559
182 561
210 561
212 561
351 561
446 561
99 562
177 562
297 562
117 563
198 563
259 563
149 565
290 565
406 565
164 566
184 566
261 566
299 566
325 567
202 568
262 568
201 570
249 570
384 570
138 571
171 571
219 571
421 571
361 572
235 574
249 574
206 576
304 576
353 576
236 577
251 577
277 577
280 577
290 577
298 577
399 577
157 579
242 579
295 579
299 579
376 579
210 580
327 580
258 581
174 582
196 582
226 584
268 584
319 584
410 585
126 586
265 586
365 586
392 587
107 588
180 588
199 588
299 589
248 590
303 590
329 591
166 592
201 592
203 593
238 593
261 594
406 594
218 595
223 595
110 596
171 596
386 596
168 597
188 597
190 597
208 597
130 598
317 598
170 599
306 599
415 599
208 600
114 601
271 601
349 601
381 602
290 604
333 604
158 605
213 607
196 609
410 609
390 612
313 613
119 614
140 614
237 614
284 615
294 615
170 616
368 616
360 621
178 622
211 622
253 622
330 623
128 624
230 624
276 624
310 626
294 627
374 627
184 628
347 629
137 632
221 632
337 633
197 634
249 635
256 636
365 636
271 637
317 638
288 639
