357 1
435 1
260 2
339 2
453 2
211 3
37 4
112 5
171 5
4 6
138 6
470 6
200 7
85 8
243 8
308 8
54 10
289 11
158 12
184 13
230 13
274 13
373 13
386 13
128 14
357 14
21 15
74 15
99 15
412 15
426 15
342 16
146 17
214 18
327 18
448 18
171 19
256 19
466 19
117 20
313 20
63 22
298 22
37 23
244 23
199 25
235 25
104 26
162 26
282 26
368 26
404 27
9 28
127 28
187 28
351 28
422 28
77 29
336 29
435 29
319 30
51 31
223 31
449 31
270 32
307 32
459 32
170 34
112 35
211 35
257 35
475 35
141 36
291 36
23 37
85 37
380 37
389 37
240 38
400 38
415 39
200 40
369 40
59 41
326 41
355 41
101 42
272 42
38 44
442 44
455 44
120 45
170 46
254 46
71 47
191 47
333 48
93 49
163 49
241 49
50 50
394 50
269 51
279 51
24 53
349 54
447 54
106 55
178 56
261 56
81 57
335 57
460 57
36 60
205 60
247 60
467 60
412 61
52 62
380 62
143 63
167 63
424 63
120 64
193 64
231 64
67 65
354 65
93 66
271 66
183 68
331 68
343 68
7 70
257 70
453 70
60 72
81 72
177 72
248 72
372 72
468 72
22 74
395 74
101 75
300 75
38 76
420 76
233 77
436 77
198 79
451 79
165 80
13 81
367 82
112 83
257 83
337 83
352 83
135 84
224 84
326 84
465 84
152 87
177 87
422 88
86 89
208 89
443 91
124 93
236 93
149 94
339 95
452 95
24 96
352 96
467 97
224 98
328 99
136 100
303 100
90 101
37 102
154 103
208 104
241 104
13 105
67 105
109 105
28 107
130 107
442 108
145 110
334 110
347 110
383 110
322 111
359 111
461 111
226 113
74 115
468 115
3 117
157 117
136 118
293 119
435 119
18 120
389 120
191 121
41 122
447 122
243 124
346 124
371 124
108 125
422 125
333 126
462 126
85 127
379 127
469 127
234 128
183 129
206 129
387 129
34 131
438 131
476 131
102 133
227 133
298 134
8 135
78 135
139 135
454 135
343 138
392 138
248 139
116 140
28 141
93 141
215 141
366 141
467 141
402 142
432 142
376 143
270 145
411 145
444 145
477 145
452 147
109 148
390 150
87 151
341 151
429 152
464 152
16 153
178 153
369 155
404 155
362 156
290 157
36 158
278 158
473 158
101 159
120 159
134 159
149 160
451 160
56 161
6 165
215 166
305 166
320 166
392 166
439 167
465 167
72 168
413 168
28 169
295 169
93 170
420 170
210 173
237 173
111 174
454 174
377 175
405 175
48 176
431 177
204 179
318 179
17 180
66 180
386 180
446 180
231 181
84 183
470 183
42 184
415 184
395 185
451 185
105 186
151 186
304 186
478 187
225 188
289 189
330 189
255 190
422 190
12 191
198 191
442 191
80 192
401 192
120 193
33 194
169 194
465 195
58 196
98 196
186 196
221 198
432 199
276 200
413 201
453 201
323 202
197 204
217 204
313 204
474 204
162 205
179 205
5 206
245 206
145 207
479 209
442 210
462 210
268 212
354 212
371 214
427 214
23 215
242 215
122 216
194 216
215 216
140 218
466 218
105 220
289 220
359 221
415 222
39 223
120 224
451 224
470 224
436 225
16 228
398 228
475 231
297 233
80 234
153 234
461 234
31 235
193 237
381 237
442 237
9 238
233 240
247 242
214 243
344 243
363 243
171 245
465 245
4 246
95 246
279 246
446 246
288 248
303 248
246 249
313 250
360 250
426 250
40 251
114 251
191 251
22 252
71 253
469 253
131 255
408 255
260 256
450 257
172 259
271 259
235 260
94 261
111 261
432 261
36 262
82 262
472 262
131 264
193 264
281 265
312 265
217 266
400 267
419 267
454 267
14 268
243 268
110 272
170 272
436 272
475 272
59 273
77 273
30 275
226 275
256 275
340 275
459 277
477 278
199 279
91 280
263 280
334 281
43 282
173 282
9 283
279 283
74 284
440 284
232 286
317 286
325 287
310 288
55 290
210 290
145 291
22 292
160 293
244 293
459 293
478 293
277 294
294 294
352 294
4 295
71 297
109 298
258 300
36 301
396 301
442 302
51 303
220 304
198 305
359 305
306 306
331 306
461 306
18 307
164 307
105 309
293 310
380 310
184 311
276 311
262 312
318 312
233 314
69 315
205 315
374 315
478 315
304 316
458 316
30 318
48 318
243 319
169 320
438 320
67 322
121 322
251 323
367 323
384 324
478 324
338 325
402 325
84 326
214 326
454 326
27 327
104 328
312 329
470 329
10 330
224 330
266 331
302 331
136 332
280 332
65 333
291 333
450 334
157 335
236 335
103 336
374 336
87 337
120 337
38 340
405 340
140 342
211 342
385 342
478 344
160 345
426 345
313 346
88 347
461 347
6 348
184 348
398 348
243 349
360 349
444 349
108 350
231 350
20 351
272 351
301 351
287 352
257 353
422 353
376 354
50 355
126 356
143 356
391 356
167 358
351 358
438 358
454 358
471 358
32 360
207 360
418 360
111 362
221 363
315 363
401 364
468 365
430 367
93 368
234 368
297 368
336 368
445 368
184 369
28 370
412 371
250 372
281 372
355 372
8 373
113 373
266 374
181 378
207 378
326 378
139 379
420 379
462 379
403 380
220 381
449 381
25 383
96 383
314 383
379 383
232 384
167 385
430 385
298 386
359 386
280 388
338 388
245 389
477 389
2 390
259 392
392 392
124 394
153 394
210 394
350 394
438 394
456 394
21 395
101 395
220 396
327 397
183 398
231 399
298 399
83 400
418 400
450 400
289 402
469 403
315 405
200 407
268 407
354 407
14 408
64 408
110 408
169 408
41 409
215 410
443 410
86 411
227 411
460 411
330 412
366 413
183 415
291 415
383 416
165 417
344 418
316 419
34 420
5 421
118 421
452 421
356 422
434 422
97 424
307 424
471 424
202 425
213 426
333 426
70 427
230 427
292 429
166 430
386 430
52 431
322 431
365 431
285 432
444 432
29 433
108 433
341 433
183 436
462 436
124 437
136 437
191 437
401 437
199 439
350 439
256 440
49 441
238 441
215 442
225 442
452 442
433 443
413 444
94 445
369 446
465 446
17 447
180 448
112 449
424 451
478 451
271 452
306 452
404 452
75 453
252 454
438 454
153 456
35 457
205 457
238 457
3 458
224 458
326 458
170 459
351 459
415 459
184 460
95 461
453 461
374 462
468 463
344 464
426 464
119 465
390 467
132 468
261 468
19 469
418 471
238 472
293 472
399 472
13 473
63 474
219 474
437 474
459 474
200 475
45 476
170 476
184 477
94 480
106 480
389 480
408 480
341 481
37 482
266 482
27 483
122 483
375 483
450 483
140 485
299 486
399 486
158 487
237 488
209 489
471 489
14 491
433 493
461 493
278 494
81 496
384 496
64 497
96 498
239 498
303 498
112 499
31 500
133 500
168 500
229 500
399 500
477 500
150 501
211 501
447 501
374 503
330 504
467 507
359 510
393 510
431 510
316 511
261 513
458 513
137 514
234 514
349 514
398 514
37 515
65 515
149 516
14 517
82 517
103 518
119 518
213 518
338 518
384 518
328 522
370 523
467 523
439 524
402 527
313 529
426 529
358 530
112 531
457 531
299 533
41 534
13 535
25 535
179 535
62 536
78 536
196 536
341 536
446 536
380 538
472 538
96 539
407 540
325 541
369 542
260 543
429 545
117 548
350 548
413 549
455 549
21 550
387 551
45 552
54 552
63 553
196 553
210 553
180 555
373 555
272 556
331 556
432 556
84 557
400 558
258 560
223 563
348 563
414 563
479 563
122 564
305 564
405 564
470 564
389 565
98 566
147 566
450 566
47 567
287 568
66 569
168 569
204 569
188 570
374 570
270 571
364 572
258 573
431 573
221 574
247 574
352 574
335 576
324 577
416 579
307 581
72 582
95 584
115 585
290 585
398 585
126 587
382 587
135 588
156 588
174 588
145 589
190 590
359 591
241 592
251 592
264 592
227 593
340 593
207 594
296 596
310 596
324 596
