319 11
353 11
336 12
308 13
369 13
287 14
386 14
272 17
403 18
259 20
324 21
418 21
311 22
346 23
362 23
293 24
378 25
274 26
388 27
401 27
435 28
250 30
229 31
444 31
299 33
417 33
329 34
315 35
345 36
266 37
281 37
360 37
367 37
251 41
380 41
437 41
239 42
402 43
311 44
447 44
412 45
218 47
290 47
268 50
426 50
202 51
391 51
372 52
252 53
406 54
464 54
383 55
438 55
240 56
330 58
322 59
223 60
474 60
425 62
396 63
262 64
272 64
410 64
206 65
454 65
255 66
246 68
469 68
193 69
436 69
222 71
234 71
184 72
322 72
348 72
283 74
207 75
357 75
266 77
414 77
250 79
321 79
296 80
311 80
456 80
197 81
423 81
230 84
186 85
349 85
437 86
178 87
404 87
295 88
472 88
307 89
270 90
202 91
445 91
165 92
257 93
316 93
328 93
224 94
244 94
419 94
457 94
182 97
231 99
433 100
362 101
170 102
260 103
274 103
470 103
410 105
443 105
191 107
216 107
250 107
418 107
184 111
236 111
392 112
460 112
176 113
225 113
358 114
266 115
295 115
205 116
273 116
286 116
409 116
252 117
160 120
243 120
445 120
191 121
330 121
233 123
425 123
222 125
283 125
355 126
365 128
433 128
209 129
313 129
417 130
465 130
160 131
175 132
246 132
331 133
348 133
194 134
238 134
449 134
222 135
430 135
148 137
273 137
363 137
405 138
208 139
370 139
478 139
158 141
381 142
174 143
464 143
229 144
291 144
303 144
315 144
417 144
197 145
274 145
391 146
241 147
447 147
164 149
216 149
375 149
181 150
476 150
139 151
457 151
231 153
300 153
198 154
436 154
155 156
282 156
134 157
417 157
216 158
191 159
364 159
333 160
400 160
467 160
446 161
232 163
286 164
297 164
381 164
429 164
204 165
272 165
455 165
224 166
139 167
323 167
358 167
415 167
476 167
314 168
119 169
154 169
439 169
261 170
392 170
216 171
255 171
171 172
276 172
466 172
246 173
288 173
297 173
334 173
371 173
268 174
407 174
428 174
140 177
182 177
315 177
205 178
351 178
231 179
453 179
121 180
363 180
388 180
415 180
197 181
441 181
156 183
223 183
261 183
271 183
281 183
466 184
401 185
240 186
298 186
339 186
450 186
128 187
212 188
312 188
378 189
430 189
227 190
352 190
321 191
411 192
462 192
441 193
106 194
137 194
203 194
263 194
273 194
282 194
420 195
298 196
332 196
239 197
247 197
365 197
124 198
337 198
153 199
399 199
427 200
191 201
309 201
317 201
450 201
167 203
229 203
281 203
350 203
376 203
249 205
327 205
408 205
460 205
290 206
181 208
242 208
305 208
356 208
385 208
417 209
196 210
439 210
467 210
105 211
298 211
335 211
394 211
367 213
444 213
318 214
172 215
342 215
189 216
453 216
213 217
431 217
262 218
294 218
328 218
356 218
390 219
408 219
244 220
457 220
129 221
165 221
301 222
334 222
347 222
379 222
477 222
110 224
227 224
308 224
396 224
196 225
364 226
419 226
266 227
340 228
464 228
276 229
289 229
317 229
353 230
371 230
389 230
405 230
154 231
174 231
187 233
205 233
226 233
429 233
447 233
114 234
134 234
305 234
329 234
472 235
167 237
216 237
313 237
351 237
365 237
200 238
292 238
399 238
181 239
336 239
416 239
382 240
453 240
478 240
122 241
435 241
341 242
108 243
156 243
442 245
463 245
388 246
424 246
100 247
139 247
238 247
371 247
280 248
289 248
404 248
114 249
234 249
150 250
326 251
430 251
183 253
296 253
470 253
129 254
257 254
228 255
397 255
93 256
365 256
413 256
122 257
352 257
382 258
452 258
142 260
303 260
373 260
438 260
471 260
103 261
161 261
191 261
213 261
342 261
318 262
455 263
136 264
403 265
423 265
462 265
375 266
391 267
249 269
292 269
307 269
361 270
443 270
322 271
333 271
132 272
150 272
91 273
167 273
410 273
237 274
277 274
294 275
381 275
395 275
430 275
107 276
415 276
178 277
212 278
228 278
160 279
466 279
262 280
366 280
324 281
399 281
453 281
222 282
102 283
121 283
355 283
474 283
247 284
268 284
437 284
386 285
169 287
188 287
238 287
313 287
329 287
421 287
301 288
114 289
150 289
213 290
198 291
406 291
372 292
459 292
288 293
442 293
316 294
394 294
478 294
89 295
251 296
302 297
228 298
385 298
428 298
190 300
341 300
411 300
462 300
400 302
102 303
141 303
289 304
447 304
199 305
376 305
432 305
240 307
302 307
344 308
389 308
215 309
329 309
465 309
416 310
87 311
154 311
289 311
115 312
404 312
435 312
452 313
227 315
440 315
208 316
304 316
369 316
458 316
332 318
345 318
395 318
421 318
187 319
316 319
106 321
147 321
410 321
461 322
473 322
286 323
379 323
325 324
427 324
370 325
447 325
141 326
159 326
195 326
99 327
119 327
300 327
347 328
270 329
396 329
336 330
284 331
329 331
359 331
477 332
93 333
156 333
384 333
431 333
300 334
419 335
371 337
110 338
222 338
248 339
398 339
466 340
348 341
411 342
436 342
335 343
372 344
421 344
326 345
361 345
452 345
104 347
181 348
198 348
314 349
412 349
234 350
340 350
385 351
401 351
100 352
362 352
373 353
214 354
441 354
117 356
350 356
412 357
458 357
231 358
426 358
315 359
472 359
94 360
325 360
387 360
444 364
403 365
151 367
226 367
350 368
107 369
131 369
461 369
166 371
299 371
388 372
236 373
124 375
449 376
99 378
145 378
311 379
404 379
157 380
420 380
467 380
195 381
297 381
114 383
352 383
452 384
267 385
186 387
250 387
378 387
132 388
151 388
90 389
109 390
323 390
296 391
244 392
440 392
457 394
307 395
472 395
262 396
143 397
395 397
428 397
123 399
158 399
180 400
241 401
276 401
354 401
202 402
441 403
114 404
292 404
151 406
304 406
319 406
409 406
255 408
478 408
172 409
193 409
272 409
463 411
250 412
415 413
447 413
106 415
145 415
429 416
373 418
465 418
268 419
319 419
338 419
246 421
283 421
302 421
434 423
263 425
468 425
153 426
326 427
416 427
451 427
219 428
351 428
111 429
241 429
435 429
317 431
403 432
297 433
364 433
375 433
194 435
257 435
279 436
421 436
338 437
325 438
354 438
440 438
360 440
120 441
232 442
98 443
293 443
206 444
163 445
407 446
425 447
130 448
249 448
273 448
338 448
182 449
325 449
156 451
199 451
222 451
395 452
122 453
286 454
361 455
262 456
378 456
449 456
240 457
412 457
110 458
141 458
171 458
315 459
214 461
431 462
193 463
234 463
134 464
256 464
398 464
415 464
124 465
161 465
367 465
384 466
202 469
178 470
185 471
223 472
251 472
116 473
148 473
337 473
402 473
322 474
172 476
268 476
422 476
193 479
212 479
390 481
240 482
283 482
303 482
165 483
319 483
200 484
408 485
231 486
258 486
358 486
394 487
278 488
341 488
329 489
154 490
376 490
136 492
183 493
249 494
310 496
170 497
212 497
292 497
235 500
268 500
341 500
363 502
158 503
327 505
195 506
263 506
283 506
148 507
226 507
303 507
247 508
184 513
258 513
216 515
309 515
170 517
272 518
232 520
336 520
323 521
288 522
201 524
242 525
183 527
301 529
234 530
258 532
212 535
241 538
