215 2
419 2
256 4
314 4
377 5
297 6
385 6
404 6
474 6
360 9
199 11
348 11
235 12
274 13
444 14
184 15
328 16
430 17
222 18
416 18
311 19
406 19
163 20
468 20
249 21
461 21
395 22
205 23
378 23
298 24
362 25
284 26
190 28
349 28
235 29
331 30
139 31
268 31
467 31
177 32
320 33
443 33
387 34
413 34
426 34
218 35
305 37
372 37
248 38
290 39
161 41
349 41
116 42
336 42
451 45
468 45
138 46
183 46
229 46
268 47
380 50
363 52
214 53
125 55
241 55
347 55
155 56
412 57
441 57
459 58
475 59
264 60
309 61
105 64
140 65
186 65
234 65
397 67
275 69
422 69
220 70
408 71
444 71
462 71
166 72
126 73
261 75
248 77
150 79
293 79
194 80
106 82
235 82
279 82
378 83
397 84
447 84
359 85
371 85
413 85
264 86
431 86
461 86
330 87
345 87
174 88
220 88
314 88
247 92
292 92
158 93
106 95
235 95
200 96
278 97
394 98
357 99
374 99
476 99
265 100
342 100
412 100
428 100
90 101
223 101
436 101
464 101
180 102
331 102
303 103
316 104
448 105
80 106
246 106
205 108
290 108
459 108
164 109
190 111
230 111
108 112
144 113
271 113
379 114
405 114
258 115
474 115
172 116
335 116
391 116
422 116
327 117
349 117
358 117
129 118
206 119
165 120
443 121
82 123
460 123
187 124
149 125
391 125
113 126
216 126
465 126
255 127
371 127
378 127
404 128
422 129
202 130
355 130
169 131
328 131
340 131
132 132
289 133
431 133
94 134
448 136
181 137
200 139
348 139
80 140
384 140
403 140
110 141
339 141
368 141
412 141
469 142
140 143
303 144
171 145
267 146
436 147
369 149
91 150
204 150
447 150
343 151
358 151
390 152
186 153
303 153
325 153
459 154
409 155
82 156
280 156
415 156
103 157
211 157
174 158
474 158
247 160
70 161
435 161
352 162
236 163
337 163
366 163
269 165
291 165
86 166
449 166
379 167
252 168
408 168
334 170
161 172
69 173
153 173
185 174
466 174
282 175
266 176
91 177
440 178
447 178
210 179
248 180
409 180
163 182
231 183
347 184
73 185
217 186
460 187
100 188
91 189
400 189
430 189
203 190
469 191
57 192
333 195
444 195
157 196
66 198
186 198
315 198
234 199
279 199
398 200
459 201
174 202
202 202
90 203
217 203
434 203
251 204
468 205
52 206
136 206
79 207
110 207
162 207
188 207
291 207
347 207
312 208
332 208
357 209
318 210
277 211
364 211
443 211
179 212
403 212
147 213
229 213
257 213
269 213
66 215
170 215
198 215
319 217
139 218
212 218
456 218
292 219
303 219
184 220
53 221
237 221
274 221
464 223
74 225
222 225
372 225
97 226
251 226
263 226
45 227
190 228
206 229
238 229
114 230
303 230
290 231
315 231
333 231
163 232
178 232
276 232
85 233
222 233
459 233
54 235
104 236
215 236
262 236
189 237
251 238
306 238
72 239
316 239
375 239
471 239
242 240
443 240
143 241
336 241
345 242
64 243
175 243
224 243
190 245
214 245
270 245
281 245
390 245
421 245
154 246
357 246
452 246
129 247
57 248
167 248
319 248
90 249
372 250
200 251
330 252
405 252
233 253
341 253
464 253
136 254
441 254
64 255
217 257
354 257
475 257
151 258
169 258
392 258
82 260
370 260
452 260
178 261
124 262
205 262
17 263
325 263
342 263
51 264
234 264
64 265
354 266
386 266
192 267
80 269
140 269
220 269
266 270
364 270
469 270
16 272
377 272
95 273
131 273
153 273
179 273
384 274
446 274
331 275
28 276
194 276
346 277
123 278
228 278
393 278
67 280
167 280
363 280
430 280
44 281
101 281
212 282
326 282
406 282
183 283
274 284
95 285
112 285
203 285
253 285
339 285
376 285
442 285
466 285
21 286
418 286
349 288
387 288
51 289
478 289
148 290
216 290
316 290
11 291
233 291
359 291
325 292
30 293
103 293
428 293
451 293
284 294
398 294
207 295
257 295
271 295
371 295
138 296
161 296
294 296
334 296
410 296
244 298
194 299
343 299
457 299
438 300
167 301
230 301
302 301
352 302
19 303
316 303
467 303
395 304
158 305
213 305
360 305
384 305
424 305
33 306
50 306
204 306
272 307
328 307
402 307
239 308
409 308
296 309
370 309
230 310
337 310
452 310
438 312
478 312
7 313
258 313
25 314
308 314
206 315
381 316
403 316
184 317
354 317
428 318
465 318
326 319
241 320
284 320
364 320
263 321
300 322
337 322
395 322
413 323
477 323
454 324
11 325
80 325
59 326
31 327
167 327
438 327
143 328
278 329
406 329
461 329
160 330
185 330
241 330
329 330
359 330
204 331
389 332
91 333
301 333
219 334
261 334
21 335
132 336
171 336
271 336
471 336
313 337
451 338
13 340
49 340
70 340
380 340
359 342
433 342
478 342
31 343
326 343
240 344
254 344
65 345
262 345
463 346
5 347
124 348
139 348
156 348
271 348
42 349
358 349
370 349
78 350
21 351
210 351
397 353
446 353
172 354
291 354
116 355
474 355
54 356
130 357
247 357
229 358
255 358
69 359
33 360
216 360
343 360
453 360
186 361
279 361
163 362
364 362
411 362
326 363
460 365
272 366
392 366
91 367
203 367
372 367
3 368
227 368
240 368
45 369
250 369
420 369
75 370
176 370
193 370
305 370
333 370
59 372
322 372
468 372
403 373
263 374
343 374
383 374
295 375
362 375
189 376
218 376
451 376
66 378
15 379
34 379
232 379
267 379
389 379
82 380
211 380
432 380
353 381
373 382
182 383
393 383
205 384
310 384
8 385
474 385
457 386
250 387
26 388
258 389
380 389
402 389
174 390
196 390
232 390
323 390
366 390
45 391
226 391
265 391
60 392
219 392
391 392
71 394
297 394
463 394
191 395
274 395
412 396
241 397
447 397
211 398
248 398
378 398
18 399
164 400
342 400
234 401
433 401
36 402
100 402
128 402
182 402
401 402
256 403
362 403
419 403
475 403
262 404
383 404
81 405
142 405
441 405
109 406
14 407
159 408
198 408
223 408
269 408
460 408
277 410
370 410
407 410
30 411
392 411
62 412
172 412
446 412
428 413
464 414
375 416
92 418
289 418
413 418
255 419
398 419
40 420
450 420
104 421
156 422
235 422
245 422
5 423
263 423
361 423
438 423
473 423
53 424
115 424
167 424
383 424
211 425
33 427
271 427
423 427
406 428
232 429
332 429
388 429
150 430
295 430
314 430
210 431
464 431
16 432
191 432
135 433
179 433
229 433
449 433
430 434
82 435
316 435
412 435
165 436
277 436
96 437
251 437
111 438
371 438
396 438
10 439
60 439
189 439
227 439
478 439
355 441
282 442
436 442
456 442
131 443
146 445
265 445
302 445
316 445
90 446
403 446
21 447
76 447
442 448
208 449
191 450
226 450
284 450
318 450
382 450
423 450
4 451
371 452
131 454
302 454
334 454
448 455
230 456
34 457
213 458
320 458
374 459
194 460
84 461
419 461
389 462
42 464
160 464
458 464
145 466
23 467
198 467
58 468
264 468
129 469
217 469
312 471
257 472
229 473
240 473
38 474
249 474
476 474
127 476
463 476
206 477
279 477
291 477
447 477
343 478
415 479
21 480
147 481
305 481
372 481
292 482
329 482
466 482
129 485
434 485
187 486
35 487
233 488
404 488
457 489
16 490
317 490
440 490
473 490
196 491
390 491
67 492
81 492
347 492
150 493
303 493
51 494
98 494
169 494
290 494
186 496
272 496
13 497
35 497
209 497
425 497
152 498
466 498
222 500
173 501
351 501
413 501
33 502
97 502
451 502
319 503
432 503
83 504
284 504
67 505
135 505
398 505
300 506
386 506
107 507
155 507
457 508
474 509
178 510
197 510
419 510
68 512
280 512
309 514
317 514
405 514
332 515
377 515
444 515
163 516
207 516
343 516
83 517
466 517
14 518
33 518
53 518
187 518
426 518
126 521
144 521
228 521
261 521
194 522
432 523
413 524
251 525
362 525
450 525
34 526
348 527
474 527
304 529
151 530
232 530
291 530
17 531
220 531
32 533
135 533
275 533
459 533
56 534
73 534
335 535
266 536
418 537
255 538
464 538
443 539
353 540
469 540
121 542
246 542
386 543
79 544
170 544
40 546
61 546
23 548
477 548
125 549
148 549
340 549
359 549
181 551
266 552
297 552
6 553
412 553
257 554
134 555
243 556
459 556
50 557
90 558
281 560
439 560
378 561
149 562
22 563
77 563
213 564
231 564
103 565
179 565
264 566
425 566
306 567
405 567
58 568
159 568
298 568
128 569
287 569
450 569
110 572
116 572
138 572
41 573
192 573
278 573
476 573
69 574
90 574
204 575
432 575
273 576
329 576
413 576
45 577
221 577
180 578
394 578
122 579
311 580
421 580
463 580
153 582
297 582
128 583
190 583
223 584
250 584
336 584
238 585
406 585
445 585
288 586
212 587
428 587
137 588
168 588
202 588
282 588
13 590
318 590
373 590
457 591
48 593
150 593
176 593
313 594
75 595
306 595
418 595
355 597
188 598
60 599
98 599
199 599
224 599
298 599
34 600
161 600
345 600
398 600
238 601
291 601
329 602
472 602
132 603
432 603
10 604
108 604
249 604
274 605
16 607
318 607
213 608
385 608
438 608
267 609
78 610
120 610
147 610
206 610
157 611
414 611
221 612
302 612
56 613
126 614
187 614
233 614
94 615
359 615
425 615
295 616
401 616
31 617
337 617
104 618
134 618
281 619
323 620
380 620
463 620
251 621
312 621
233 622
389 622
412 623
47 624
209 624
75 625
197 625
225 625
448 627
286 628
124 630
61 631
353 631
374 632
333 633
272 635
321 635
402 635
306 636
