205 1
466 1
474 2
134 3
275 3
415 4
159 5
232 5
405 5
191 6
340 6
349 7
367 7
434 7
120 8
264 8
379 8
395 8
450 9
325 10
216 11
109 12
179 12
248 12
309 12
292 14
140 15
412 17
472 18
273 20
335 21
222 22
342 22
350 22
370 22
384 22
429 22
189 23
313 24
394 24
451 24
119 25
153 25
214 25
253 25
181 27
306 27
292 28
468 28
143 29
238 29
408 29
202 30
275 32
427 32
478 32
133 34
228 34
318 34
333 34
350 34
368 35
440 36
96 37
156 37
261 37
383 37
217 38
396 38
186 40
288 40
120 41
233 42
173 43
463 43
268 45
334 45
368 47
139 48
351 48
134 50
189 50
314 50
323 50
380 50
302 51
393 51
294 52
449 52
240 53
124 54
284 54
459 54
94 56
474 57
260 58
88 59
112 59
422 59
340 60
355 60
139 62
320 62
366 62
443 62
106 63
290 63
306 64
381 64
203 67
398 67
459 67
85 71
325 72
475 72
342 73
110 74
308 75
359 75
438 75
172 76
378 76
287 77
369 77
395 77
136 78
453 78
228 79
199 80
470 82
338 83
64 85
381 86
392 86
92 87
121 87
246 87
290 87
309 87
182 88
214 88
168 93
141 94
228 94
347 94
456 95
199 96
335 96
360 96
440 96
319 98
470 98
298 99
75 100
134 100
157 100
391 100
232 103
128 105
121 106
208 106
446 106
64 107
309 107
149 108
458 109
221 110
137 111
54 112
292 112
404 112
467 112
276 114
195 115
230 115
157 118
359 118
257 119
451 120
313 121
374 121
394 122
212 123
240 123
286 123
297 123
386 123
120 124
323 124
145 125
469 125
337 126
410 126
58 127
202 128
419 128
94 129
353 130
371 131
112 132
161 132
70 133
136 133
221 133
458 133
388 135
312 136
107 137
209 138
235 138
275 138
290 138
325 138
335 138
433 138
152 139
442 139
103 141
176 141
346 141
257 142
462 142
40 143
61 143
198 143
474 143
120 144
358 144
372 144
75 145
168 146
387 147
93 149
138 149
213 149
283 150
331 150
439 151
296 152
314 152
454 152
231 153
404 153
183 154
112 155
155 155
344 155
43 156
86 156
359 156
107 157
129 157
203 157
64 158
174 159
468 159
219 160
374 160
80 161
388 163
282 164
298 164
310 164
321 164
139 165
163 165
46 166
75 166
272 166
333 166
448 168
94 169
349 169
112 171
363 171
417 172
64 173
150 173
282 173
460 173
295 174
376 175
197 176
312 176
392 176
144 177
266 177
321 177
473 177
248 178
329 179
340 179
103 182
57 183
444 183
294 184
353 184
74 185
169 185
367 185
453 185
38 186
203 186
263 188
309 188
382 188
49 189
132 189
321 189
148 190
335 191
467 192
216 193
23 194
146 194
242 194
348 194
395 194
247 195
299 196
356 196
292 197
476 197
279 198
441 198
141 199
268 199
313 199
368 199
62 200
123 200
230 200
385 201
324 202
453 202
79 203
37 204
104 204
14 205
197 205
337 205
423 205
214 208
348 208
466 208
399 209
374 210
177 211
239 211
360 211
52 212
97 212
113 212
439 212
146 213
163 213
323 213
384 213
283 214
475 214
188 216
24 217
369 217
91 218
334 219
450 219
109 220
224 220
199 222
350 223
378 223
15 224
311 224
41 225
245 225
471 225
167 227
278 227
359 227
458 227
180 229
388 229
331 230
414 230
479 230
99 231
34 232
116 232
193 232
445 232
212 233
468 234
132 235
345 235
293 236
282 237
376 237
26 238
351 238
248 239
173 240
330 240
187 241
358 241
455 241
71 243
311 243
273 244
264 245
340 245
235 246
364 247
321 248
391 248
87 249
254 250
285 250
464 250
292 251
444 251
9 252
152 252
196 252
405 253
100 254
249 255
310 255
476 255
299 256
351 256
395 257
452 257
163 258
133 259
416 259
432 259
30 260
267 260
190 261
333 261
382 261
462 262
207 263
95 264
174 264
23 265
340 266
253 267
471 267
18 268
88 269
278 269
423 269
285 270
388 270
241 272
144 273
187 273
280 273
478 273
271 274
411 274
459 274
39 275
304 275
6 276
323 276
465 277
262 278
338 278
30 280
169 280
354 280
405 280
420 281
139 282
450 282
54 283
122 283
186 283
230 283
287 284
154 285
360 285
377 285
470 285
27 286
282 286
202 288
341 289
188 290
298 290
323 290
132 291
430 291
458 291
478 291
172 292
117 293
255 293
381 293
94 294
229 294
21 295
361 295
46 296
445 296
284 298
318 298
381 298
251 299
302 299
91 300
144 300
159 300
212 300
188 301
400 301
128 302
274 303
467 303
35 304
63 304
173 305
376 306
157 307
472 307
361 309
455 309
81 310
343 310
58 311
297 311
315 312
25 314
193 314
198 315
226 315
407 315
252 317
325 317
294 318
391 318
461 318
73 319
309 319
379 319
479 319
16 320
176 320
362 320
446 321
135 322
410 324
463 324
268 326
36 328
113 328
358 328
431 328
186 329
338 330
377 330
395 330
4 331
132 331
409 331
156 332
282 332
353 332
199 333
231 334
472 335
223 336
311 336
394 336
450 336
24 338
291 338
377 338
422 338
143 339
124 341
308 341
170 342
290 342
323 342
436 342
462 342
409 344
478 344
183 346
452 346
15 347
230 347
373 347
422 347
39 348
191 348
467 348
197 349
58 350
390 350
409 350
315 351
257 352
372 352
354 353
338 354
439 354
453 355
30 356
118 356
406 356
151 357
274 357
387 358
421 358
162 359
366 359
300 360
140 361
174 361
408 361
226 362
186 363
198 363
473 363
439 364
20 365
82 365
107 365
316 366
255 367
331 367
126 368
459 368
426 370
10 371
287 371
33 372
330 373
378 374
144 375
276 376
154 377
175 377
270 377
347 377
422 377
25 378
59 378
135 379
163 379
468 379
265 380
188 381
202 381
399 381
12 383
80 384
291 384
370 384
437 385
247 386
313 386
416 387
455 387
37 388
395 388
367 389
31 390
280 390
96 392
153 392
429 392
475 392
26 393
126 393
347 393
364 393
142 394
387 394
164 395
268 395
451 395
88 396
176 396
190 396
200 396
408 398
463 398
288 399
361 399
426 400
52 401
338 402
67 404
377 405
445 405
463 405
39 406
307 406
163 407
399 407
331 408
212 409
272 409
23 410
99 410
460 410
474 410
33 411
369 411
262 413
293 413
193 414
363 415
470 415
284 416
79 417
342 417
457 417
62 421
384 421
448 422
305 423
40 425
117 425
87 427
143 427
181 427
473 427
32 428
296 428
326 428
461 429
21 430
373 430
286 431
65 434
448 435
388 437
175 438
234 438
337 438
37 439
47 439
475 439
109 440
196 440
273 440
221 441
434 441
82 442
92 442
210 442
357 442
27 443
99 443
120 443
378 443
131 444
258 444
459 444
141 445
326 445
149 446
157 446
293 446
349 446
241 448
395 449
177 450
369 450
445 450
39 452
60 452
280 452
75 453
314 453
20 454
88 454
407 454
333 455
388 455
54 456
93 456
113 456
265 456
29 457
124 457
215 457
359 457
254 458
155 459
242 459
299 459
471 459
148 460
141 461
378 461
453 462
346 463
170 464
412 464
446 465
43 467
341 467
60 468
35 469
74 469
267 469
394 469
21 470
336 470
357 470
89 471
100 471
215 472
250 472
425 472
379 474
122 475
133 475
321 475
474 475
141 476
458 476
153 477
368 478
158 479
445 479
358 481
343 482
45 483
63 484
70 485
96 485
333 485
34 486
39 486
76 486
80 487
212 487
86 488
253 488
385 488
479 488
139 489
100 490
112 490
379 490
462 490
453 491
135 493
154 493
168 493
416 494
356 495
193 498
36 500
479 500
52 501
346 501
381 502
66 503
79 503
94 503
106 503
115 503
470 503
335 504
222 505
323 505
369 505
452 505
125 506
438 507
139 509
152 510
167 510
244 510
263 510
287 510
408 510
181 514
203 514
468 514
383 515
219 516
61 518
360 518
42 519
342 519
79 520
96 520
107 520
298 522
313 522
116 523
447 523
459 523
144 524
250 525
396 525
477 525
178 526
219 526
261 527
269 527
211 528
387 529
69 536
75 536
349 536
56 537
118 537
89 538
100 538
412 538
403 539
441 539
454 539
467 539
425 540
246 541
259 542
283 544
60 550
116 551
345 551
89 552
73 553
104 553
365 554
465 554
415 555
447 555
205 556
225 556
457 556
180 557
187 558
262 558
278 560
298 562
376 566
74 567
88 567
100 567
126 567
389 568
407 568
147 569
133 570
442 570
423 571
226 572
251 572
204 573
215 573
264 573
467 574
90 582
99 582
362 582
391 582
466 582
107 583
121 583
134 583
383 583
149 584
114 585
242 585
247 585
257 585
400 586
434 586
457 586
129 587
141 587
155 587
416 587
277 588
228 597
247 599
317 599
271 600
259 601
350 601
376 601
388 601
424 601
124 602
141 602
148 602
364 602
403 603
190 607
202 609
215 611
303 612
237 613
255 614
277 614
290 614
312 614
321 614
334 615
179 621
194 623
219 627
312 627
261 629
282 630
305 630
