283 26
232 28
236 30
298 32
251 35
258 38
268 39
324 40
280 41
340 43
199 44
386 45
293 46
227 47
239 47
213 48
351 48
306 49
245 52
257 53
365 53
402 53
145 55
264 56
275 56
408 56
327 58
412 58
426 58
231 59
171 60
282 60
288 61
378 61
190 62
434 62
295 63
342 63
242 65
205 66
249 66
309 67
356 67
256 68
392 68
450 68
118 70
363 70
227 71
135 72
156 72
266 72
426 72
146 73
400 73
328 75
179 76
464 76
375 77
193 78
187 79
198 79
283 80
382 80
437 80
343 81
118 88
136 88
141 88
321 88
358 88
154 90
190 91
326 91
460 91
431 92
336 93
479 95
298 99
107 100
118 101
133 102
149 102
356 102
448 103
428 104
220 107
461 109
336 110
69 111
79 111
264 111
282 111
60 113
86 113
106 113
121 115
145 115
153 116
352 116
442 117
311 119
478 119
324 120
361 120
216 122
430 123
451 124
84 125
457 126
74 127
98 127
340 127
51 128
408 128
114 129
462 129
356 133
475 134
316 135
430 137
330 138
404 139
51 140
86 140
105 140
380 142
445 142
178 143
252 143
343 143
460 143
417 146
293 149
358 149
399 150
429 154
37 155
73 155
214 156
337 156
466 156
44 157
51 157
88 157
109 157
224 157
412 157
353 160
441 160
304 165
451 165
309 166
364 166
405 167
320 169
90 170
71 171
81 171
100 171
117 171
61 173
15 174
385 174
24 175
278 175
351 175
467 176
259 177
436 177
294 178
445 180
81 182
100 182
309 182
120 184
317 184
245 189
63 190
236 190
31 191
38 191
76 191
464 191
264 192
350 192
10 193
88 193
275 193
288 195
303 196
479 198
314 200
127 201
445 201
110 202
375 203
450 203
232 204
385 204
78 206
64 207
352 207
457 207
16 210
26 210
362 210
424 211
286 212
299 212
308 213
468 213
188 214
145 215
166 215
215 215
129 216
176 216
384 216
479 218
395 220
453 221
84 222
37 224
365 225
51 226
343 226
18 227
45 227
176 227
192 227
211 227
301 227
6 229
237 229
288 229
308 229
316 229
165 230
472 230
389 233
400 236
439 236
449 238
457 239
293 240
74 241
309 243
250 244
6 245
466 245
60 248
339 248
284 250
476 251
305 253
352 253
445 254
219 255
190 256
28 258
160 258
283 259
461 259
16 261
293 261
306 262
59 265
479 268
447 269
40 271
177 271
455 272
111 273
294 273
350 273
89 274
31 275
460 275
22 276
311 276
76 277
365 277
468 279
250 283
479 283
56 284
140 284
282 284
345 284
89 286
358 286
35 289
451 289
26 291
116 291
19 292
325 292
332 293
462 293
72 294
106 294
245 294
9 295
343 296
446 298
146 300
358 301
22 302
321 302
455 302
55 303
75 304
201 306
217 306
332 306
46 307
437 307
9 308
471 308
414 310
325 311
446 312
350 313
259 315
29 316
88 316
24 317
458 317
76 319
468 319
14 320
191 320
54 321
180 322
63 323
213 323
206 325
284 326
458 326
42 328
298 328
230 329
317 331
222 332
445 332
434 333
30 334
384 335
73 336
413 337
475 337
66 338
452 338
281 339
293 339
57 340
201 340
363 340
422 340
216 341
307 341
241 342
154 344
463 344
44 345
124 346
34 349
79 349
225 349
215 350
299 350
286 351
72 352
201 352
447 352
24 353
162 353
183 353
311 354
479 354
17 356
62 357
248 359
51 360
161 360
233 360
458 362
359 363
113 364
305 364
41 365
283 366
262 367
102 368
445 368
29 369
95 369
327 369
63 370
195 370
292 370
373 370
125 373
388 373
347 374
306 375
173 376
79 377
358 377
47 378
287 378
314 378
367 379
463 379
264 380
36 382
69 382
330 382
96 385
381 385
128 386
151 386
344 386
58 387
453 387
308 388
167 389
300 389
392 389
359 390
324 392
114 393
142 393
286 393
461 393
44 394
78 394
188 394
370 394
329 395
231 396
297 396
318 396
341 396
441 396
467 397
105 398
176 399
410 399
384 400
352 401
452 403
478 403
274 404
289 404
362 404
94 405
249 406
458 406
315 407
436 407
335 409
422 409
375 410
400 410
468 412
407 414
450 414
201 416
475 416
248 417
259 417
277 417
359 417
123 418
415 418
396 419
459 420
371 421
442 423
157 426
384 426
407 426
430 427
472 427
282 428
248 429
257 429
267 429
454 430
395 432
355 434
141 435
423 435
203 437
446 437
369 439
411 440
471 440
79 442
379 443
395 443
435 443
458 444
105 445
207 451
409 453
430 454
471 454
458 455
401 460
422 461
23 462
163 464
449 464
469 464
453 467
438 470
82 472
346 473
402 474
421 474
277 475
450 479
248 481
314 481
278 482
433 483
460 486
261 487
341 487
248 490
445 491
467 491
382 494
263 497
453 497
215 498
246 499
333 499
185 501
19 502
415 503
459 503
349 504
392 504
204 505
224 506
106 507
273 507
214 508
289 508
467 508
296 509
361 510
245 511
258 511
155 513
448 513
124 514
384 514
94 515
376 515
258 520
477 520
137 521
459 521
247 523
185 524
415 524
156 526
274 526
231 527
127 528
366 528
468 528
53 529
447 529
263 530
257 532
186 533
246 534
381 536
455 536
133 539
157 539
407 540
105 541
275 541
81 542
316 542
444 543
262 544
325 544
464 545
123 546
249 547
332 547
45 550
396 553
135 554
287 554
372 554
156 555
263 556
475 556
256 559
103 561
217 561
402 561
57 562
146 563
307 563
461 563
327 565
290 566
407 566
446 566
334 567
427 567
232 568
118 569
93 570
194 570
68 571
226 572
345 572
412 572
153 574
204 574
370 574
453 574
473 574
63 577
218 577
437 577
355 578
424 579
148 580
318 580
376 580
236 581
325 581
415 582
479 582
299 583
336 584
462 584
193 586
74 588
288 588
343 588
382 588
449 589
202 591
349 591
70 592
432 592
227 593
308 595
315 595
407 596
455 598
475 598
220 600
425 601
103 602
176 602
206 602
346 602
457 602
339 603
157 605
237 605
439 605
266 606
280 606
189 607
334 607
51 608
235 608
249 608
312 608
217 609
89 610
139 610
169 610
398 610
70 611
262 612
381 612
152 613
281 613
432 613
46 615
132 616
325 616
465 616
185 617
245 617
353 617
364 617
176 618
277 618
304 619
214 620
334 620
228 621
401 621
449 621
417 622
470 622
258 623
74 624
310 624
185 625
290 625
375 625
320 627
436 627
475 627
143 628
198 628
210 629
158 630
256 630
275 630
364 630
395 630
171 631
294 631
196 633
338 633
353 633
63 634
85 634
242 634
179 635
230 636
260 637
389 637
196 638
278 638
