400 1
417 1
183 2
428 2
286 3
408 3
459 3
115 4
387 4
365 5
109 6
180 6
242 6
354 6
474 6
264 8
326 8
136 9
172 9
206 9
341 9
102 10
231 10
166 11
194 13
310 13
436 13
443 13
402 14
451 14
289 15
386 15
418 15
150 16
274 16
375 16
95 17
117 18
246 18
361 18
466 18
188 19
345 20
138 22
212 22
436 22
257 23
476 23
328 24
446 24
286 25
317 25
173 26
221 26
157 27
380 27
276 28
392 28
403 29
413 29
101 30
367 30
423 30
228 31
347 31
126 32
187 33
238 33
293 33
465 33
264 34
436 34
476 34
92 35
143 35
206 35
336 35
117 36
323 38
256 39
279 39
215 40
386 40
404 40
106 44
354 44
423 44
432 44
195 45
445 45
335 48
164 49
455 49
467 50
477 50
323 51
94 52
402 53
411 54
312 55
356 55
419 56
346 57
429 58
82 59
105 59
215 60
443 60
329 61
459 61
266 64
370 64
479 64
74 66
413 66
117 67
198 67
351 68
364 68
222 69
426 69
68 70
145 71
63 72
89 72
439 72
456 74
466 74
247 75
473 75
321 77
103 78
350 78
368 79
77 82
401 82
258 83
414 83
431 83
149 84
214 84
283 86
474 86
450 88
142 92
354 92
376 92
410 92
241 93
468 94
424 95
440 96
265 97
80 98
448 100
476 100
51 101
255 101
277 103
407 103
418 104
247 105
461 105
67 107
140 108
356 108
440 109
472 112
262 113
277 113
406 114
451 115
54 116
416 116
425 118
73 119
437 120
466 120
46 123
140 123
351 123
445 123
120 125
154 125
40 126
86 126
411 127
102 128
461 129
423 130
75 131
234 131
58 134
114 134
147 135
367 135
442 135
478 136
51 137
129 137
452 138
93 139
222 140
380 140
459 140
66 141
104 142
398 142
423 142
155 143
44 144
116 144
318 144
406 144
434 146
475 146
61 148
136 148
414 148
151 149
451 149
81 150
299 151
36 153
58 154
257 154
462 154
91 155
125 155
429 155
145 156
77 157
103 157
437 157
468 157
56 158
159 158
402 158
72 160
27 161
477 162
50 163
445 164
421 165
216 166
20 167
453 167
188 169
463 169
342 171
433 171
170 172
440 173
472 174
255 175
280 175
37 176
450 177
413 178
478 178
163 179
420 179
183 180
56 181
247 181
31 182
459 184
430 185
25 186
179 187
194 187
118 191
470 191
171 193
16 194
411 194
443 194
190 195
477 196
421 197
344 199
428 199
456 199
37 200
165 200
437 205
467 205
407 207
254 208
285 209
413 209
443 209
25 210
179 211
475 211
311 212
453 214
244 215
425 216
135 218
217 218
460 220
384 221
433 222
294 223
410 223
36 224
235 224
11 225
188 225
259 226
444 226
470 226
418 228
55 230
448 230
425 231
32 232
93 232
227 233
474 234
49 235
27 236
406 236
432 236
262 237
389 238
457 238
250 239
463 242
20 243
123 243
145 246
424 248
243 249
450 249
468 249
7 250
134 253
53 254
259 254
27 255
160 255
412 255
240 256
328 256
478 256
301 257
147 258
337 259
460 260
441 262
222 263
261 263
15 264
463 264
148 266
422 266
40 267
80 267
447 267
132 270
160 270
252 270
470 270
3 272
329 272
31 274
145 274
176 274
199 274
408 275
453 275
128 277
223 279
278 279
28 281
114 281
85 283
19 284
329 285
371 285
462 285
113 286
355 286
98 287
337 290
446 290
467 291
7 293
15 293
116 296
318 296
342 296
431 296
452 296
474 296
170 297
408 297
96 298
31 299
387 299
80 300
137 300
308 304
327 304
346 304
19 305
461 305
357 306
189 307
376 307
442 307
332 309
76 311
113 311
286 311
107 312
173 312
9 313
364 314
228 315
450 315
65 316
90 316
95 316
349 316
471 317
130 318
204 318
354 318
32 320
102 320
269 322
407 322
337 323
478 323
457 324
23 325
80 330
115 330
8 331
221 332
228 332
309 332
94 333
209 335
32 338
465 338
156 339
106 340
447 341
305 344
368 344
453 345
474 345
115 346
251 347
10 348
225 349
237 349
30 350
89 350
178 350
212 350
458 350
197 351
163 352
99 353
285 355
111 358
468 359
123 361
268 361
277 362
448 362
12 363
247 363
134 364
258 364
33 367
95 367
475 367
336 368
353 368
366 368
458 370
331 372
248 374
406 375
10 377
280 378
360 378
323 379
37 380
271 381
28 384
259 384
455 384
466 384
347 385
247 387
201 388
386 388
171 389
337 389
442 389
477 389
193 390
409 394
20 396
277 396
327 396
360 396
268 397
138 398
321 398
446 399
241 400
455 400
353 401
35 402
254 402
373 402
468 402
437 403
104 404
426 404
42 405
68 405
163 405
173 406
183 406
192 406
118 407
387 408
416 408
79 409
53 410
19 412
366 412
380 412
402 414
409 414
89 416
361 416
66 419
460 419
470 419
478 419
106 420
227 420
450 420
43 421
394 421
164 422
175 422
428 423
192 424
78 425
380 425
118 426
55 428
281 428
371 428
420 429
28 432
92 432
354 432
362 432
406 432
67 436
166 436
217 436
453 436
100 437
159 437
176 437
434 437
193 438
396 439
444 440
79 441
289 442
378 442
47 443
61 446
421 448
362 449
92 450
165 451
181 451
315 451
194 452
199 452
244 452
475 452
25 453
208 453
222 453
231 454
74 455
395 455
458 455
372 456
41 458
448 458
443 459
383 462
62 463
164 464
427 465
189 466
202 466
266 466
479 466
172 467
322 467
69 468
231 469
217 470
239 470
466 470
78 471
454 471
338 474
386 474
34 475
114 476
445 476
93 477
171 478
370 478
131 479
194 479
50 480
181 480
272 481
474 481
64 482
268 482
208 483
232 483
245 483
259 483
107 484
220 484
463 486
379 488
117 489
450 489
33 490
83 490
479 491
272 493
324 494
206 495
259 496
48 497
94 497
228 497
59 498
245 499
107 501
462 501
375 502
70 503
78 506
443 506
210 507
34 508
85 508
277 508
223 509
429 509
265 510
43 511
236 511
159 512
53 513
469 513
290 514
169 515
107 516
345 516
396 516
456 516
68 517
369 519
203 520
221 520
116 521
148 521
266 521
336 521
301 522
416 524
93 525
471 525
48 527
401 528
454 528
63 530
107 531
254 531
208 533
76 534
87 536
478 538
459 540
137 541
442 544
56 545
108 545
195 545
254 545
291 545
71 549
118 549
465 552
359 554
278 555
443 555
241 556
205 559
111 560
388 561
64 563
126 563
221 564
470 564
236 565
83 566
173 566
376 566
142 568
267 568
287 568
328 568
337 568
354 568
454 568
94 570
156 570
188 570
443 570
108 571
207 573
171 576
220 576
121 578
130 578
477 578
79 579
183 579
234 580
461 580
141 581
334 581
352 581
445 582
163 583
268 584
249 585
111 586
206 586
373 586
218 587
282 589
384 589
121 591
467 593
475 593
139 594
338 594
158 596
169 597
193 597
349 597
212 598
229 599
243 600
389 601
105 602
261 602
403 602
285 603
419 604
437 604
114 606
302 609
470 609
326 610
457 610
180 611
131 612
149 613
196 613
278 613
210 614
337 614
390 614
369 615
227 618
240 618
159 619
166 620
254 620
406 620
425 620
300 623
441 623
284 624
177 625
309 625
186 626
336 626
191 628
379 629
200 630
207 633
219 633
360 635
370 637
226 638
