137 2
363 2
288 3
232 4
467 4
332 5
168 6
418 6
476 6
396 8
267 9
70 11
157 12
205 13
373 13
316 14
52 16
255 17
356 17
109 18
192 18
143 19
454 19
473 19
293 21
431 21
334 22
235 23
175 24
408 24
41 25
87 26
129 26
391 26
320 27
374 27
221 28
277 29
313 30
211 32
160 33
14 34
113 34
197 35
261 35
477 35
462 36
407 38
444 38
248 39
392 39
424 39
146 40
344 40
63 41
301 41
373 41
47 42
55 42
200 42
327 42
434 42
440 42
287 43
236 44
397 44
188 45
315 45
45 48
80 48
281 48
295 48
86 49
129 49
227 49
290 49
45 50
49 51
319 51
169 52
306 52
388 52
198 53
348 53
437 53
74 54
214 54
267 54
322 54
382 54
422 54
440 54
116 55
287 55
435 55
458 55
473 55
398 56
403 56
202 57
409 57
368 58
74 59
316 59
347 59
383 59
397 59
61 60
247 60
332 60
350 60
423 61
49 62
318 62
383 62
147 63
425 63
102 64
182 64
307 65
423 65
52 66
79 66
294 66
22 67
70 67
316 67
372 67
59 68
176 68
391 68
172 69
47 70
56 70
281 70
382 70
61 71
129 71
342 72
393 72
406 72
423 72
270 73
409 73
441 73
55 74
164 74
379 74
471 74
213 75
355 75
85 76
256 76
325 76
379 76
398 76
114 77
153 77
349 77
353 77
362 77
297 78
310 78
368 78
333 79
401 79
178 82
312 82
386 82
432 82
237 83
266 83
190 84
196 84
64 85
298 85
342 85
104 86
226 86
138 87
173 87
348 87
400 87
39 88
225 88
268 88
271 88
404 88
422 88
176 89
434 89
450 89
330 90
476 90
381 91
466 91
165 92
196 92
270 92
87 93
317 93
371 93
397 93
421 93
163 94
260 94
276 94
29 95
208 95
418 95
248 96
358 96
386 96
181 97
304 97
284 98
356 98
390 98
124 99
199 99
269 99
294 100
166 101
243 101
20 102
147 102
403 102
446 102
74 103
334 103
409 103
422 103
438 103
454 103
311 104
180 105
275 105
332 105
471 105
225 106
389 106
109 107
391 107
352 108
377 108
397 108
177 109
363 109
368 109
262 110
316 110
341 110
133 111
165 111
296 111
59 112
205 112
219 112
369 112
99 113
179 113
210 113
248 114
353 114
4 115
178 115
201 116
397 116
440 116
290 117
391 117
429 117
461 117
339 118
412 118
366 119
143 120
372 120
415 120
40 121
48 121
87 121
231 121
249 121
328 121
371 121
188 122
233 122
272 122
381 122
413 122
166 123
261 123
86 124
117 124
222 124
248 125
271 125
306 125
360 125
114 127
258 127
366 127
105 128
272 128
96 129
156 129
209 129
75 130
195 130
343 130
445 130
173 131
292 131
374 131
390 131
398 131
400 131
413 131
417 131
27 132
236 132
406 132
460 132
474 132
57 133
106 133
271 133
74 134
103 134
194 134
196 134
228 134
276 134
355 134
332 135
343 135
385 135
201 136
269 136
134 137
192 137
351 137
398 137
218 138
321 138
50 139
260 139
356 139
96 140
115 140
159 140
256 140
75 141
83 141
162 141
383 141
66 142
251 142
351 142
49 143
250 143
8 144
77 144
177 144
233 144
407 144
89 145
121 145
329 145
351 145
76 146
178 146
260 146
293 146
439 146
80 147
86 147
192 147
336 147
370 147
371 147
424 147
115 148
282 148
66 149
214 149
253 149
256 149
397 149
450 149
460 149
114 150
144 150
193 150
220 150
360 150
388 150
477 150
41 151
64 151
161 151
221 151
357 151
75 152
264 152
365 152
64 153
113 153
250 153
254 153
338 153
109 154
325 154
177 155
265 155
354 155
384 155
431 155
130 156
192 156
364 156
178 157
90 158
101 158
85 159
179 159
202 159
226 159
114 160
232 160
300 160
377 160
402 160
435 160
59 161
99 161
125 161
94 162
120 162
148 162
209 162
284 162
439 162
451 162
22 163
383 163
395 163
415 163
52 164
119 164
168 164
170 164
377 164
468 164
56 165
141 165
351 165
404 165
357 166
363 166
148 167
129 168
141 168
218 169
265 169
374 169
83 170
92 170
193 170
299 170
336 170
356 170
88 171
176 171
295 171
319 171
40 172
51 172
56 172
140 172
190 172
415 172
71 173
143 173
153 173
6 174
151 174
202 174
302 174
66 175
241 175
253 175
291 175
126 176
157 176
176 176
227 176
390 176
433 176
64 177
102 177
430 177
447 177
464 177
62 178
198 178
369 178
408 178
419 178
174 179
194 179
276 179
372 179
30 180
352 180
390 180
411 180
91 181
228 181
290 181
191 182
227 182
68 183
106 183
316 183
136 184
160 184
219 184
381 184
334 185
415 185
24 186
54 186
118 186
158 186
185 186
262 186
321 186
78 187
78 188
178 188
187 188
231 188
302 188
363 188
48 189
309 189
348 189
127 190
137 190
248 190
304 190
328 190
404 190
436 190
82 191
99 191
100 191
149 191
204 191
369 191
375 191
434 191
362 192
372 192
424 192
91 193
289 193
342 193
458 193
233 194
283 194
355 194
473 194
165 195
208 195
118 196
140 196
192 196
292 196
53 197
221 197
273 197
325 197
338 197
391 197
139 198
12 199
44 199
63 199
87 199
398 199
88 200
416 200
47 201
166 201
218 201
313 201
83 202
181 202
36 203
65 203
97 203
129 203
249 203
297 203
428 203
141 204
186 204
226 204
42 205
100 205
150 205
177 205
254 205
381 205
392 205
76 206
205 206
25 207
161 207
365 207
433 207
443 207
204 208
285 208
349 208
390 208
241 209
275 209
381 209
394 209
85 210
335 210
467 210
54 211
368 211
93 212
228 212
231 212
245 212
273 212
48 213
77 213
100 213
129 213
135 213
189 213
253 213
320 213
164 214
194 214
199 214
111 215
221 215
271 215
305 215
397 215
86 216
134 216
157 216
186 216
191 216
274 216
85 217
105 217
152 217
175 217
219 217
258 217
399 217
414 217
201 218
396 218
64 219
124 219
155 219
177 219
177 220
340 220
381 220
425 220
433 220
33 221
209 221
249 221
368 221
379 221
115 222
324 222
7 223
96 223
192 223
464 223
76 224
144 224
210 224
353 224
276 225
81 226
109 226
116 226
138 226
271 226
125 227
185 227
52 228
162 228
202 228
345 228
135 229
234 229
247 229
270 229
419 229
85 230
117 230
242 230
258 230
378 230
439 230
25 231
102 231
211 231
214 231
332 231
381 231
402 231
424 231
130 232
176 232
286 232
294 232
399 232
180 233
423 233
444 233
106 234
198 234
277 234
454 234
203 235
245 235
362 235
385 235
368 236
432 236
62 237
318 237
467 237
78 238
87 238
179 238
224 238
18 239
142 239
427 239
142 240
165 240
187 240
93 241
262 241
313 241
33 242
117 242
157 242
298 242
318 242
410 242
215 243
304 243
389 243
421 243
193 244
255 244
432 244
345 245
8 246
127 246
204 246
284 246
364 246
375 246
443 246
155 247
249 247
253 247
271 247
278 247
285 247
332 247
106 248
242 248
271 248
86 249
456 249
48 250
328 250
124 251
321 251
343 251
354 251
437 251
475 251
145 252
174 252
198 253
407 254
312 255
384 255
416 255
426 255
265 256
408 256
20 257
40 257
255 257
405 257
427 257
443 257
97 258
185 258
251 258
261 258
69 259
219 259
308 259
136 260
158 260
162 260
401 260
460 260
308 261
189 262
209 262
175 263
286 263
12 264
109 264
185 264
241 264
471 264
308 265
364 265
375 265
405 265
74 266
286 266
350 266
174 267
336 267
436 267
198 268
279 268
390 268
434 268
29 269
164 269
262 269
413 269
144 270
227 270
323 270
402 270
51 271
100 271
336 271
417 271
440 271
5 273
304 273
155 274
252 274
449 274
83 275
187 275
65 276
288 276
299 276
416 276
116 277
152 277
209 277
458 277
94 279
408 279
472 279
21 280
135 280
325 280
352 280
362 280
41 281
58 281
134 281
240 281
267 281
373 281
402 281
86 282
117 282
174 282
201 282
338 282
398 282
406 282
50 283
59 283
204 283
249 283
271 283
279 283
330 283
428 283
275 284
412 284
84 285
153 285
271 285
314 285
51 286
90 286
228 286
14 288
88 288
167 288
189 288
223 288
256 288
429 288
296 289
426 289
207 290
220 290
31 291
70 291
101 291
302 291
318 291
451 291
120 292
392 292
422 293
49 294
138 294
262 294
288 294
353 294
103 295
242 295
366 295
374 295
390 295
391 295
404 295
465 295
159 296
176 296
280 296
344 296
380 296
422 296
68 297
276 297
332 297
364 297
414 297
228 298
421 298
4 299
53 299
105 299
235 299
267 299
433 299
261 300
277 300
307 300
41 301
107 301
211 301
305 301
63 302
248 302
275 302
23 303
102 303
130 303
302 303
441 303
260 304
51 305
62 305
99 305
102 305
227 305
271 305
294 305
296 305
453 305
148 306
182 307
276 307
290 307
38 308
200 308
258 308
268 308
424 308
82 309
410 309
418 309
465 309
91 310
103 310
125 310
220 310
224 310
282 310
354 310
365 310
221 311
248 311
473 311
292 312
312 312
328 312
341 312
385 312
16 313
90 313
314 313
98 314
158 314
394 314
119 315
239 315
243 315
441 315
478 315
67 316
116 316
194 316
269 316
116 317
137 317
365 317
170 318
101 319
307 319
431 319
400 320
411 320
283 321
459 321
28 322
70 322
92 322
185 322
228 322
261 322
9 323
75 323
253 323
321 323
333 323
204 324
241 324
291 324
344 324
337 325
350 325
361 325
437 325
471 325
45 326
131 326
280 326
334 326
372 326
422 326
424 326
145 327
357 327
57 328
110 328
279 328
382 328
407 328
146 330
246 330
415 330
448 330
217 331
272 331
62 332
172 332
194 332
285 332
20 333
77 333
268 333
455 333
140 334
144 334
249 334
394 335
33 336
81 336
122 336
287 336
100 337
275 337
316 337
337 337
437 337
466 337
42 338
139 338
152 338
165 338
208 338
306 338
348 338
65 339
345 339
361 339
430 339
435 339
187 340
259 340
375 340
243 341
368 341
441 341
476 341
55 342
286 342
291 342
298 342
346 342
405 342
10 343
283 343
329 343
72 344
124 344
49 345
94 345
114 345
387 345
456 345
146 346
322 346
422 346
225 347
55 348
180 348
285 348
200 349
345 349
27 350
122 350
343 350
73 351
141 351
160 351
326 351
395 351
45 352
67 352
154 352
314 352
433 352
129 353
153 353
220 353
442 353
468 353
121 354
245 354
416 354
3 355
72 355
75 355
173 355
336 355
368 355
88 356
129 356
191 356
243 356
435 356
47 357
67 357
285 357
419 357
425 357
67 358
74 358
19 359
105 359
214 359
342 359
415 359
72 360
301 360
410 360
424 360
136 361
239 361
380 361
42 362
74 362
271 362
341 362
409 362
123 363
131 363
145 363
187 363
213 363
257 363
352 363
440 363
40 364
255 364
273 364
434 364
58 365
390 365
164 366
276 366
323 366
392 366
16 367
44 367
153 367
250 367
335 367
59 368
231 368
233 368
313 368
373 368
115 369
384 369
419 369
112 370
262 370
379 370
78 371
135 371
210 371
427 371
96 372
135 372
241 372
295 372
436 372
49 373
54 373
179 373
334 373
402 373
114 374
117 374
225 374
246 374
368 374
329 375
424 375
94 376
159 376
196 376
31 377
94 377
351 377
403 377
415 377
426 377
352 378
383 378
75 379
230 379
222 380
263 380
320 380
348 380
466 380
9 381
63 381
352 381
362 381
372 381
90 383
128 383
218 383
434 383
71 384
98 384
157 384
174 384
190 384
224 384
380 384
440 384
77 385
110 385
280 385
74 386
140 386
150 386
205 386
326 386
338 386
415 386
424 386
456 386
59 387
144 387
247 387
250 387
366 387
431 387
46 388
339 388
399 388
24 389
275 389
476 389
279 390
331 390
4 391
252 391
357 391
42 392
347 392
135 393
273 393
361 393
424 393
58 394
105 394
264 394
372 394
432 394
84 395
97 395
126 395
153 395
169 395
202 395
246 395
288 395
296 395
325 395
419 395
424 395
464 395
147 396
229 396
337 396
356 396
407 396
444 396
59 397
68 397
119 397
121 397
185 397
267 397
359 397
369 397
372 397
392 397
420 397
41 398
72 398
221 398
405 398
409 398
2 399
37 399
45 399
256 399
272 399
427 399
112 400
133 400
227 400
249 400
270 400
427 400
85 402
166 402
218 402
252 402
329 402
376 402
340 403
360 403
401 403
468 403
86 404
122 404
128 404
379 404
396 404
440 404
147 405
201 405
326 405
359 405
433 405
342 406
416 406
52 407
158 407
453 407
15 408
67 408
151 408
289 408
309 408
438 408
474 408
96 409
98 409
114 409
164 409
425 409
31 410
204 410
361 410
379 410
86 411
162 411
164 411
250 411
178 412
182 412
82 413
100 413
220 413
341 413
399 413
411 413
128 414
299 414
61 415
77 415
110 415
421 415
199 416
219 416
359 416
478 416
94 417
170 417
204 417
242 417
325 417
399 417
462 417
142 418
167 418
294 418
261 419
357 419
24 420
99 420
238 420
399 420
422 420
109 421
131 421
300 421
332 421
110 422
177 422
219 422
252 422
256 422
381 423
399 423
5 424
42 424
58 424
160 424
121 425
197 425
202 425
344 425
124 426
250 426
280 426
396 426
363 427
380 427
403 427
467 427
19 428
86 428
152 428
178 428
197 428
446 428
115 429
249 429
290 429
325 429
140 430
166 430
402 430
70 431
281 431
305 431
427 431
158 432
300 432
224 433
284 433
313 433
108 434
312 434
358 434
99 435
178 435
94 436
122 436
156 436
223 436
277 436
320 436
338 436
377 436
384 436
471 436
127 437
158 437
259 437
261 437
32 438
183 438
229 438
232 438
270 438
367 438
381 438
138 439
215 439
408 439
119 440
130 440
238 440
269 440
451 440
149 441
254 441
327 441
76 442
208 442
234 442
328 442
343 442
415 442
42 443
119 443
197 443
219 443
220 444
473 444
54 445
286 445
73 446
272 446
283 446
324 446
403 446
12 447
47 447
65 447
84 447
88 447
121 447
130 447
155 447
174 447
314 447
435 447
117 448
244 448
278 448
351 448
399 448
455 448
292 449
374 449
382 449
303 450
346 450
403 450
418 450
70 451
116 451
131 451
136 451
158 451
217 452
353 452
26 453
224 453
227 453
286 453
420 453
104 454
226 454
277 454
435 454
438 454
476 454
59 455
256 455
287 455
202 456
397 456
86 457
91 457
152 457
177 457
340 457
337 458
367 459
51 460
118 460
265 460
283 460
461 460
479 460
88 461
228 461
280 461
68 462
332 462
342 462
6 463
39 463
82 463
23 464
133 464
234 464
84 465
104 465
360 465
110 466
118 466
298 466
316 466
410 466
99 467
150 467
212 467
324 467
332 467
396 467
441 467
225 468
82 469
180 469
205 469
309 469
163 470
418 470
51 471
56 471
114 471
131 471
244 471
313 471
268 473
275 473
294 473
414 473
460 473
134 474
193 474
276 474
351 474
370 474
423 474
441 474
64 475
151 475
329 475
338 475
17 476
112 477
126 477
257 477
266 477
33 478
342 479
48 480
337 480
187 481
200 481
221 481
274 481
424 481
443 481
97 482
110 482
151 482
343 482
395 482
168 483
309 483
334 483
411 483
438 484
78 485
123 485
260 485
331 485
358 485
463 485
13 486
60 486
61 486
228 486
184 487
275 487
292 487
332 487
45 490
193 490
378 490
440 490
205 491
318 491
323 491
233 493
242 493
347 493
393 493
408 493
76 494
153 494
301 494
39 495
48 495
54 495
171 495
189 495
249 495
335 495
371 495
73 496
406 496
438 496
458 496
335 497
431 497
91 498
189 498
242 498
24 499
44 499
250 499
260 499
438 499
7 500
109 500
214 501
386 501
55 502
61 502
140 502
172 502
335 502
358 502
138 503
139 504
269 504
401 504
455 504
74 505
224 505
311 505
430 505
47 507
263 507
290 507
44 508
91 508
108 508
149 508
194 508
298 508
435 508
470 508
124 509
158 509
233 509
277 509
413 509
52 510
59 510
197 510
354 510
48 511
78 511
250 511
257 511
321 512
373 513
153 514
177 514
430 514
453 514
19 516
140 516
389 516
184 517
209 517
92 518
160 518
346 518
32 519
57 520
73 520
188 520
271 520
310 520
435 520
50 521
77 521
134 521
288 521
312 521
385 521
407 521
111 522
115 522
185 522
245 522
250 522
322 523
230 524
231 524
298 524
334 524
361 524
428 524
58 525
108 525
184 525
239 525
351 525
427 525
284 526
399 526
466 526
133 527
269 527
393 527
446 527
43 528
81 528
90 528
129 528
371 528
144 529
195 529
254 529
307 529
328 529
82 530
191 530
236 530
422 530
10 531
169 531
408 531
300 532
113 533
372 533
391 533
437 533
109 534
180 534
207 534
235 534
349 534
375 534
421 534
61 535
68 535
207 535
293 535
313 535
440 535
455 535
475 535
97 536
286 536
309 536
384 536
392 536
38 537
83 537
98 537
417 537
220 538
283 538
348 538
433 538
132 539
204 539
314 539
341 539
365 539
400 539
20 540
150 540
193 540
312 540
331 540
172 541
183 541
273 541
339 541
381 541
83 542
271 542
417 542
114 543
186 543
219 543
232 543
295 543
329 543
469 543
62 544
101 544
151 544
335 544
432 544
437 544
447 544
52 545
94 545
194 546
279 546
291 546
397 546
410 546
59 547
263 547
43 548
184 548
194 548
241 548
249 548
313 548
354 548
384 548
158 549
181 549
192 549
390 549
34 550
325 550
373 550
432 550
41 551
140 551
206 551
324 551
56 553
65 553
99 553
144 553
245 553
397 553
424 553
219 554
436 554
68 555
250 555
265 555
403 555
82 556
167 556
176 556
179 556
341 556
464 556
13 557
46 557
49 557
85 557
355 557
230 558
288 558
312 558
334 558
449 558
76 559
180 559
281 559
294 559
401 559
184 560
205 560
279 560
357 560
377 560
30 561
191 561
237 561
244 561
101 562
195 562
311 562
337 562
438 562
55 563
152 563
416 564
479 564
204 565
208 565
259 565
291 565
394 565
139 566
210 566
257 566
180 567
217 567
287 567
357 567
120 568
220 568
278 568
330 568
347 568
73 569
127 569
135 569
178 569
327 569
409 569
457 569
4 570
278 570
438 570
85 571
148 571
229 571
365 571
137 572
189 572
406 572
23 573
195 573
213 573
338 573
47 574
50 574
208 574
289 574
339 574
380 574
418 575
60 576
288 576
310 576
451 576
66 577
111 577
245 577
119 578
168 578
197 578
276 578
471 578
84 579
145 579
428 579
89 580
242 580
255 580
263 580
352 580
149 581
215 581
223 581
302 581
350 581
394 581
53 582
326 582
403 582
132 583
220 584
348 584
95 585
329 585
406 585
51 586
181 586
289 586
349 586
365 586
442 586
162 587
272 587
461 587
41 588
68 588
83 588
99 588
144 588
240 588
289 588
310 588
348 588
412 588
15 589
183 589
189 589
230 589
382 589
118 590
135 590
276 590
314 590
341 590
420 590
176 591
196 591
321 591
326 592
396 592
73 593
98 593
195 593
263 593
74 594
150 594
201 594
61 595
154 595
212 595
300 595
332 595
373 595
433 595
53 596
244 596
305 596
355 596
453 596
56 597
164 597
228 597
259 597
148 598
216 598
232 598
218 599
4 600
34 600
108 600
213 600
240 600
308 600
344 600
473 600
289 601
321 601
343 601
385 601
410 601
281 603
363 603
423 604
54 605
134 605
266 605
443 605
189 606
400 608
465 608
375 609
154 610
196 610
214 610
223 610
236 610
252 610
24 611
297 611
329 611
348 611
95 612
111 615
180 615
284 615
366 615
412 615
320 616
432 616
453 617
66 618
16 619
268 620
466 620
40 621
133 621
335 621
386 621
305 622
361 622
6 623
251 623
423 623
477 623
204 624
237 624
404 624
150 625
170 625
294 625
463 625
97 627
183 627
221 627
349 627
438 627
323 629
24 632
118 632
275 632
341 632
371 632
413 632
454 632
15 633
132 634
427 635
470 635
259 636
68 638
331 638
80 639
153 639
218 639
236 639
