300 46
313 46
327 46
289 47
339 47
355 47
348 48
367 48
383 50
397 54
404 56
415 58
278 60
246 61
257 61
293 62
306 62
332 63
232 65
352 65
368 67
378 67
440 68
400 71
406 76
257 78
264 78
312 78
278 79
285 79
247 80
307 80
237 81
248 81
343 81
325 82
332 82
463 82
358 83
227 85
352 85
217 86
260 86
247 87
372 87
428 87
476 87
382 88
438 88
206 90
244 90
201 91
244 92
301 92
396 92
447 92
278 93
276 95
284 95
350 95
312 96
332 96
406 96
266 97
323 97
177 98
333 98
413 98
459 98
341 99
251 100
266 101
338 101
353 101
236 102
264 103
341 103
355 103
372 103
427 103
358 104
218 105
246 105
330 105
473 105
325 106
381 106
387 106
344 107
150 108
207 108
437 108
201 109
251 109
302 110
334 110
340 110
397 110
315 111
405 111
188 112
262 112
282 112
291 112
325 112
275 113
337 113
262 114
331 114
257 115
280 116
356 116
420 116
341 117
345 117
456 117
246 118
425 118
169 119
342 119
371 119
243 121
264 121
231 122
384 122
415 122
223 123
417 123
444 123
153 124
241 124
318 125
398 125
302 126
316 126
325 126
390 126
199 127
280 127
287 127
332 127
468 127
140 128
269 128
300 128
342 128
195 129
257 129
258 129
296 129
304 129
320 129
408 129
416 129
203 130
314 130
251 131
386 131
413 131
416 131
182 132
247 132
318 132
358 132
397 132
253 133
407 133
123 134
240 134
307 134
423 134
432 134
116 135
233 135
250 135
372 135
384 135
223 137
365 137
445 137
106 138
328 138
392 138
421 138
162 139
428 139
215 140
288 140
150 141
274 141
361 141
401 142
455 142
290 143
394 143
277 144
288 144
298 144
303 144
258 145
419 145
192 146
249 146
265 146
269 146
322 146
468 146
134 147
334 147
381 147
182 148
214 148
240 148
234 149
260 149
354 149
387 150
169 151
227 151
434 151
364 152
212 153
271 153
215 154
373 154
386 154
444 154
233 155
368 155
396 155
401 155
432 155
206 156
219 156
242 156
417 156
428 157
142 158
193 158
240 158
310 158
413 158
282 159
293 159
325 159
436 159
260 160
267 160
318 160
411 160
260 161
353 161
403 161
214 162
248 162
337 162
354 162
426 162
292 163
241 164
386 164
175 165
231 165
322 165
367 165
169 166
209 166
325 166
436 166
220 167
224 167
294 167
375 167
475 168
158 169
217 169
98 170
183 170
216 170
453 170
232 171
274 171
398 171
426 171
247 172
291 172
315 172
269 173
276 173
304 173
366 173
374 173
395 173
197 174
238 174
266 174
291 174
325 174
225 175
256 175
335 175
417 175
469 175
131 176
216 176
230 176
150 177
186 177
204 177
270 177
353 177
369 177
423 177
134 178
141 178
143 178
245 178
341 178
410 178
176 179
208 179
365 179
430 179
240 180
265 180
363 180
440 180
219 181
223 181
430 181
160 182
280 182
153 183
312 183
386 183
159 184
170 184
213 184
301 184
302 184
313 184
326 184
365 184
371 184
291 185
355 185
395 185
143 186
351 186
405 186
453 186
201 187
270 187
274 187
345 187
132 188
135 188
416 188
227 189
234 189
247 189
290 189
343 189
400 189
259 190
287 190
294 190
333 190
466 190
251 191
272 191
281 191
397 191
476 191
246 192
319 192
344 193
362 193
428 193
163 194
233 194
251 194
360 194
311 195
346 195
373 195
379 195
407 195
428 195
435 195
114 196
132 196
140 196
396 196
93 197
275 197
216 198
217 198
333 198
206 199
285 199
295 199
316 199
331 199
388 199
397 199
146 200
204 200
255 200
197 201
421 201
138 202
140 202
146 202
159 202
268 202
405 202
453 202
258 203
261 203
125 204
460 204
183 205
245 205
335 205
341 205
418 205
419 205
127 206
250 206
324 206
426 206
172 207
467 207
141 208
348 208
360 208
427 208
472 208
232 209
263 209
311 209
117 210
371 210
428 210
479 210
110 211
146 211
158 211
262 211
385 211
425 211
438 211
221 212
274 212
293 212
303 212
379 212
163 213
204 213
214 213
399 213
401 213
286 214
220 215
275 215
90 216
195 216
223 216
410 216
145 217
213 217
240 217
260 217
200 218
272 218
460 218
78 219
134 219
187 219
244 220
314 220
423 220
217 221
249 221
323 221
239 222
279 222
336 222
440 222
122 223
164 223
226 223
350 223
362 223
470 223
400 224
422 224
434 224
147 225
258 225
300 225
370 225
440 225
134 226
253 226
264 226
292 226
378 226
116 227
226 227
241 227
257 227
262 227
284 227
157 228
214 228
245 228
407 228
426 228
151 229
274 229
123 230
261 230
385 230
455 231
418 232
193 233
402 233
133 234
235 234
239 234
105 235
138 235
318 235
330 235
264 236
299 236
339 236
405 236
158 237
239 237
405 237
464 237
223 238
359 238
434 238
469 238
175 239
186 239
254 239
436 239
160 240
370 240
169 241
475 241
213 242
246 242
282 242
438 242
122 243
164 243
177 243
204 243
283 243
304 243
308 243
331 243
385 243
396 243
240 244
272 244
343 244
400 244
410 244
447 244
193 245
315 245
330 245
378 245
438 245
87 246
151 246
164 246
172 246
387 246
190 247
344 247
391 247
231 248
309 248
374 248
457 248
191 249
286 249
337 249
385 249
389 249
163 250
224 250
308 250
315 250
349 250
379 250
112 251
267 251
294 251
323 251
329 251
364 251
372 251
300 252
308 252
404 252
428 252
179 253
413 253
428 253
434 253
138 254
248 254
290 254
320 254
344 254
425 254
167 255
193 255
209 255
252 255
281 255
283 255
285 255
412 255
243 256
244 256
384 256
391 256
468 256
291 257
330 257
164 258
248 258
275 258
308 258
311 258
341 258
384 258
437 258
180 259
198 259
399 259
124 260
178 260
257 260
265 260
411 260
183 261
232 261
265 261
276 261
300 261
433 261
241 262
339 262
445 262
350 263
451 263
175 264
187 264
244 264
305 264
330 264
357 264
358 264
412 264
414 264
149 265
219 265
254 265
290 265
295 265
317 265
368 265
377 265
169 266
419 266
434 266
456 266
340 268
353 268
392 268
435 268
114 269
140 269
241 269
280 269
327 269
428 269
462 269
175 270
385 270
433 270
307 271
318 271
261 272
263 272
403 272
436 272
233 273
271 273
278 273
389 273
471 273
62 274
190 274
79 275
320 275
397 275
433 275
443 275
260 276
406 276
162 277
338 277
410 277
246 278
302 278
306 278
311 278
357 278
451 278
475 278
244 279
151 280
220 280
337 280
382 280
435 280
129 281
420 281
118 282
187 282
292 282
337 282
137 283
143 283
214 283
295 283
311 283
395 283
435 283
147 284
324 284
362 284
388 284
242 285
306 285
460 285
269 286
139 287
175 287
406 287
303 288
321 288
468 288
293 289
306 289
344 289
348 289
353 289
110 290
203 290
258 290
334 290
82 291
105 291
136 291
229 291
345 291
362 291
372 291
382 291
392 291
152 292
310 292
472 292
129 293
196 293
216 293
281 293
312 293
329 293
377 293
390 293
434 293
167 294
301 294
339 294
123 296
251 296
279 296
294 296
398 296
478 296
84 297
94 297
219 297
343 297
441 297
82 298
87 298
218 298
293 298
333 298
296 299
403 299
92 300
152 300
241 300
270 300
341 300
361 300
443 300
108 301
286 301
300 301
308 301
329 302
348 302
369 302
262 303
372 303
378 303
410 303
453 303
209 304
234 305
384 305
75 306
103 306
125 306
317 306
457 306
175 307
324 307
91 308
284 308
397 308
107 309
125 309
130 309
395 309
461 309
199 310
306 310
269 311
143 312
299 312
349 312
444 312
135 313
335 313
339 313
360 313
479 313
373 314
375 314
408 314
242 315
165 316
296 316
310 316
429 316
187 317
335 317
354 317
378 317
451 317
284 318
114 319
132 319
215 319
260 319
293 319
85 320
159 320
354 320
389 320
478 320
235 321
124 322
130 322
309 322
85 323
91 323
102 323
199 323
419 323
390 324
395 324
270 325
291 325
356 325
400 325
462 325
112 326
177 326
330 326
339 326
344 326
150 327
171 327
247 327
299 327
370 327
132 328
178 328
202 328
448 328
331 329
379 329
225 330
342 330
431 330
470 330
117 331
98 333
319 333
422 333
390 334
457 334
111 335
172 335
175 335
378 335
98 336
144 336
238 336
414 336
168 337
195 337
479 337
255 338
441 338
56 339
81 339
126 339
214 339
274 339
303 339
336 339
343 339
348 339
359 339
398 339
426 339
124 340
325 340
187 341
355 341
366 341
84 342
325 342
337 342
98 343
135 343
267 343
430 343
230 344
380 344
114 345
133 345
183 345
247 345
325 345
466 345
141 346
154 346
158 346
193 346
207 346
133 347
316 347
378 347
384 347
406 347
451 347
124 348
137 348
281 349
131 350
276 350
291 350
310 350
340 350
336 351
347 351
386 351
392 351
97 352
174 352
177 352
239 352
258 352
354 352
412 352
427 352
64 353
82 353
126 353
151 353
337 353
363 353
475 353
105 354
328 354
349 354
441 354
218 355
272 356
321 356
367 356
461 356
181 357
374 357
235 358
93 359
192 359
315 359
372 359
380 359
143 361
172 361
352 361
418 361
448 361
195 362
334 362
339 362
375 362
404 362
435 362
306 363
412 363
229 364
264 364
280 364
338 364
367 364
180 365
193 365
389 365
411 365
103 366
255 366
411 366
453 366
112 367
151 367
209 367
326 367
352 367
390 367
412 367
421 367
244 368
283 368
387 368
470 368
97 369
100 369
160 369
170 369
184 369
166 370
257 370
296 370
163 371
343 371
399 371
426 371
224 372
238 372
253 372
374 372
402 372
129 373
180 373
331 373
415 373
429 373
184 374
186 374
405 374
411 374
419 374
441 374
87 375
91 375
126 375
340 375
343 375
363 375
373 375
459 375
473 375
268 376
291 376
310 376
374 376
412 376
159 377
164 378
202 378
275 378
336 378
361 378
385 378
124 379
234 379
334 379
268 380
217 381
248 381
272 381
337 381
381 381
410 381
140 382
264 382
328 382
339 382
391 382
479 382
112 383
123 383
174 383
285 383
371 383
400 383
427 383
131 384
143 384
145 384
229 384
257 384
319 384
342 384
109 385
376 385
414 385
452 385
87 386
114 386
212 386
267 386
420 386
149 387
179 387
187 387
194 387
241 387
242 387
389 387
399 387
416 387
437 387
198 388
271 388
355 388
358 388
362 388
374 388
423 388
469 388
169 389
326 389
349 389
374 389
297 390
439 390
168 391
254 391
259 391
312 391
343 391
398 391
406 391
85 392
142 392
185 392
188 392
371 392
427 392
163 393
339 393
385 393
105 394
150 394
181 394
261 394
414 394
428 394
442 394
455 394
306 395
328 395
260 396
274 396
279 396
384 396
119 397
221 397
242 397
250 397
471 397
95 398
125 398
160 398
288 398
388 398
411 398
184 399
188 399
345 399
428 399
168 400
170 400
176 400
194 400
330 400
374 400
393 400
446 400
179 401
251 401
302 401
316 401
460 401
83 402
143 402
393 402
440 402
165 403
168 403
238 403
263 403
271 403
353 403
357 403
230 404
277 404
346 404
359 404
156 405
117 406
355 406
404 406
440 406
175 407
195 407
247 407
304 407
418 407
479 407
82 408
138 408
211 408
376 408
397 408
228 409
79 410
81 410
283 410
466 410
194 411
259 411
272 411
284 411
327 411
109 412
226 412
242 412
346 412
359 412
369 412
378 412
437 412
131 413
168 413
248 413
336 413
396 413
405 413
452 413
132 414
161 414
172 414
227 414
296 414
308 414
365 414
371 414
402 414
422 414
89 415
170 415
216 415
321 415
356 415
420 415
275 416
409 416
70 417
202 417
242 417
384 417
406 417
472 417
230 418
295 418
147 419
195 419
384 419
413 419
457 419
104 420
239 420
374 420
187 421
201 421
256 421
270 421
294 421
349 421
306 422
317 422
414 422
85 423
223 423
253 423
412 423
426 423
441 423
241 424
390 424
409 424
430 424
101 425
170 425
225 425
268 425
241 426
248 426
308 426
316 426
343 426
401 426
437 426
240 427
276 427
280 427
342 427
56 428
213 428
349 428
367 428
392 428
225 429
261 429
271 429
364 429
413 429
92 430
195 430
252 430
304 430
447 430
83 431
118 431
136 431
156 431
230 431
357 431
362 431
467 431
93 432
149 432
373 432
423 432
428 432
137 433
216 433
290 433
375 433
75 434
86 434
88 434
98 434
212 434
238 434
248 434
303 434
328 434
416 434
119 435
263 435
396 435
413 435
436 435
448 435
88 436
172 436
197 436
279 436
355 436
356 436
381 436
390 436
82 437
256 437
267 437
268 437
288 437
313 437
472 437
142 438
340 438
414 438
430 438
199 439
300 439
302 439
319 439
381 439
260 440
328 440
398 440
89 441
93 441
325 441
111 442
191 442
231 442
368 442
401 442
117 443
298 443
66 444
164 444
256 444
354 444
117 445
301 445
386 445
362 446
463 446
325 447
395 447
442 447
60 448
86 448
175 448
266 448
276 448
309 448
311 448
339 448
138 449
144 449
242 449
251 449
111 450
118 450
389 451
82 452
322 452
372 452
139 453
420 453
274 454
336 454
373 454
104 455
154 455
340 455
131 456
215 456
253 456
308 456
443 456
109 457
272 457
354 457
113 458
239 458
407 458
453 458
115 459
157 459
200 459
265 459
309 459
375 459
469 459
78 460
257 460
259 460
392 460
103 461
252 461
266 461
299 461
316 461
371 461
341 462
106 464
238 464
250 464
387 464
395 464
423 464
70 465
221 465
375 465
105 466
359 466
361 466
326 467
251 468
263 468
310 468
397 468
128 469
163 469
282 469
375 469
286 470
298 470
381 470
391 470
147 471
157 471
195 471
110 472
303 472
344 472
474 472
63 473
389 473
436 473
363 474
387 474
388 474
462 474
87 475
131 475
243 475
276 475
286 475
348 475
175 476
232 476
249 476
259 476
260 476
451 476
139 477
247 477
91 478
157 478
272 478
275 478
366 478
438 478
478 478
146 479
357 479
361 479
399 479
100 480
150 480
191 480
307 480
317 480
347 480
417 480
213 481
233 481
312 481
327 481
390 481
100 482
254 482
346 482
173 483
216 483
321 484
430 484
300 485
353 485
383 485
121 486
239 486
303 486
396 486
200 487
287 487
380 487
408 487
257 488
368 488
376 488
403 488
137 489
154 489
220 489
229 489
313 489
327 489
333 489
353 489
374 489
232 490
275 490
407 490
438 490
249 491
378 491
433 491
471 491
301 492
304 492
334 492
365 492
399 493
250 494
314 494
338 494
339 494
357 494
457 494
204 495
375 495
249 496
275 496
331 496
384 496
210 497
218 497
289 498
299 498
359 498
360 499
422 499
235 500
241 500
405 500
149 501
179 501
293 501
316 501
349 501
355 501
444 501
195 502
219 502
248 502
306 502
430 502
463 502
164 503
253 503
298 503
310 503
335 503
478 503
393 504
202 505
321 505
391 505
409 505
252 506
270 506
328 506
343 506
208 507
429 507
464 507
127 508
344 508
145 509
196 509
248 509
275 509
369 509
329 510
395 510
303 511
311 511
320 511
330 511
348 511
362 511
425 511
234 512
260 512
376 512
381 512
233 513
248 513
160 514
205 514
409 514
455 514
380 515
257 516
275 516
290 516
437 516
174 517
222 517
403 517
351 518
385 519
213 520
219 520
249 520
320 520
358 520
169 521
173 521
277 521
306 521
187 522
190 522
193 522
244 522
442 522
149 523
321 523
324 523
331 523
370 523
127 524
174 524
200 524
407 524
195 525
233 525
241 525
268 525
323 525
342 525
355 525
470 525
154 526
189 526
285 526
326 526
385 526
422 526
264 527
308 527
312 527
217 528
354 528
401 528
126 529
146 529
200 529
248 529
278 529
298 529
377 529
390 529
392 529
420 529
447 529
357 530
382 530
136 531
266 531
285 531
422 531
312 532
329 532
366 532
418 532
426 532
427 532
151 533
162 534
419 534
475 534
145 535
170 535
258 535
133 536
368 536
401 536
165 537
297 537
384 537
197 538
369 538
413 538
455 538
298 539
314 539
350 539
435 539
136 541
147 541
148 541
163 541
250 541
262 541
371 541
409 541
115 542
282 542
344 542
347 542
440 542
235 543
243 543
390 543
127 544
162 544
299 544
315 544
336 544
410 544
200 545
216 545
360 545
425 545
171 546
182 546
324 546
372 546
414 546
174 547
318 547
146 548
285 548
355 548
127 549
142 549
183 549
326 549
390 549
297 550
337 550
409 550
418 550
345 551
349 551
357 551
369 551
375 551
380 551
384 551
198 552
233 552
331 552
388 552
138 553
302 553
146 554
161 554
347 554
352 554
306 555
327 555
121 556
320 556
429 556
472 556
248 557
256 557
435 557
197 558
286 558
408 558
419 558
335 559
380 559
406 559
148 560
281 560
412 560
478 560
317 561
374 561
443 561
235 562
293 562
353 562
137 563
282 563
290 563
298 563
395 564
165 565
182 565
328 565
375 565
421 565
461 565
258 566
263 566
316 566
342 566
400 566
360 567
426 567
268 568
152 569
229 569
256 569
310 569
219 570
409 570
430 570
201 571
252 571
386 571
402 571
475 571
303 572
317 572
406 572
349 573
165 574
233 574
242 574
334 574
104 575
186 575
312 575
435 575
444 575
220 576
291 576
376 577
203 578
285 578
313 578
454 578
206 579
244 579
246 579
273 579
321 579
361 579
378 579
409 579
134 580
296 580
208 582
264 582
273 582
416 582
344 583
309 584
189 585
237 585
477 586
291 587
403 587
210 588
285 588
329 588
470 588
379 589
428 589
440 589
138 590
303 590
153 591
231 591
236 591
286 591
294 591
417 591
449 591
216 592
351 592
391 592
464 592
285 593
402 593
194 594
291 594
300 594
309 594
228 595
254 595
365 595
384 595
376 596
404 596
440 596
170 597
319 597
401 597
409 597
249 598
276 598
310 598
429 598
231 599
264 599
270 599
318 599
363 599
426 599
288 600
374 602
433 602
446 602
154 604
216 604
246 604
235 605
335 605
469 605
182 606
203 606
272 606
382 606
254 607
297 608
318 608
390 609
160 610
345 610
396 610
208 611
188 613
281 613
409 613
354 614
446 614
305 615
418 615
426 615
214 616
264 616
435 616
451 616
460 616
245 617
196 618
337 618
366 618
220 619
228 620
318 622
205 624
322 624
296 625
441 627
358 630
244 632
368 633
272 634
387 635
228 636
