244 24
214 25
270 26
278 26
202 29
225 32
259 32
166 34
196 34
248 34
321 35
309 37
298 38
279 39
214 40
234 40
181 41
274 41
143 43
149 43
258 45
198 46
336 46
164 48
323 48
242 49
135 50
231 50
308 51
188 52
290 52
220 54
270 55
362 57
122 58
173 58
207 58
250 58
340 58
355 59
144 60
323 60
305 62
164 63
231 64
138 65
281 65
296 65
191 66
106 67
127 67
267 67
345 67
356 68
150 70
247 70
212 71
372 71
175 74
234 74
303 74
316 74
200 75
285 75
90 76
333 76
143 78
225 78
254 79
269 79
346 79
387 79
126 82
174 82
104 83
120 83
172 83
364 83
152 84
180 84
205 84
170 85
241 85
123 86
260 86
304 86
227 87
271 87
284 87
317 87
123 88
136 88
162 88
190 88
129 89
174 89
274 89
335 89
90 90
264 90
350 90
145 92
164 92
249 92
82 93
103 93
258 93
366 93
139 94
174 94
245 94
402 94
133 95
203 95
177 96
190 96
280 97
374 97
113 98
150 98
244 98
299 98
189 99
272 99
288 99
310 99
327 99
136 100
216 100
389 100
141 101
167 101
62 102
163 102
253 102
171 103
185 103
269 103
349 103
396 103
86 104
100 104
129 104
255 104
126 105
359 106
197 107
234 107
165 108
246 108
369 108
150 109
254 109
69 110
274 110
289 111
306 111
323 111
189 112
215 112
252 112
378 112
140 113
332 113
107 114
248 114
164 115
389 115
84 116
127 116
199 116
239 116
251 116
349 116
127 117
164 117
140 119
190 119
275 119
360 119
409 119
96 120
54 121
209 121
262 121
274 121
289 121
303 121
314 122
343 122
366 122
419 122
85 123
143 123
161 123
176 123
266 123
115 124
338 124
205 125
85 126
90 126
241 126
328 126
428 126
66 127
221 127
268 127
340 127
435 127
225 128
260 128
347 128
364 128
127 129
183 129
400 129
42 130
178 130
199 130
210 130
211 130
344 130
164 131
228 131
242 131
324 131
355 131
412 131
89 132
192 132
248 132
328 132
226 133
305 133
72 134
243 134
247 134
279 134
328 134
343 134
143 135
239 135
260 135
294 135
370 135
98 136
117 136
168 136
198 136
249 136
318 136
117 137
257 137
330 137
327 138
384 138
431 138
187 139
337 139
107 140
218 140
377 140
396 140
106 141
163 141
219 141
79 142
127 142
348 142
378 142
397 142
54 143
171 143
248 144
257 144
405 144
149 145
173 145
228 145
231 145
267 145
283 145
102 146
268 146
294 146
306 146
358 146
411 146
44 147
82 147
190 147
417 148
209 149
325 149
326 149
351 149
67 150
87 150
112 150
136 150
170 150
216 150
217 150
346 150
376 150
84 151
159 151
88 152
193 152
204 152
233 152
340 152
388 152
114 153
191 153
434 153
56 154
79 156
187 156
228 156
258 156
354 156
380 156
394 156
406 156
89 157
223 157
244 157
279 157
301 157
443 157
450 157
102 158
180 158
267 158
269 158
354 158
121 159
219 159
312 159
330 159
397 159
100 160
144 160
361 160
186 161
367 161
205 162
372 162
377 162
428 162
165 163
186 163
293 163
330 163
135 164
42 165
65 165
88 165
360 165
112 166
150 166
179 166
194 167
262 167
305 167
200 168
274 168
403 168
442 168
226 169
245 169
352 169
152 170
165 170
200 170
400 170
292 171
307 171
371 171
390 171
317 172
53 173
76 173
99 173
141 173
148 173
171 173
365 173
26 174
100 174
121 174
139 174
165 174
373 174
377 174
100 175
193 175
207 175
350 175
423 175
456 175
89 176
331 176
339 176
95 177
162 177
388 178
105 179
246 179
380 179
86 180
262 180
298 180
343 180
356 180
363 180
433 180
278 181
39 182
64 182
165 182
180 182
194 182
222 182
237 182
297 182
331 182
355 182
378 182
88 183
124 183
148 183
313 183
126 184
194 184
377 185
30 186
91 186
171 186
193 186
318 186
370 186
407 186
100 187
106 187
206 187
377 187
389 187
446 187
54 188
141 188
289 188
323 188
85 189
116 189
164 189
400 189
133 190
318 190
323 190
340 190
351 190
74 191
117 191
189 191
459 191
177 192
232 192
258 192
383 192
395 192
424 192
92 193
155 193
274 193
333 193
121 194
296 194
330 194
341 194
41 195
218 195
395 195
308 196
315 196
35 197
170 197
359 197
105 198
371 198
386 198
354 199
322 200
351 200
442 200
116 201
139 201
247 201
253 201
359 201
375 201
390 201
406 201
59 202
81 202
202 202
259 202
283 202
270 203
272 203
326 203
334 203
403 203
76 204
185 204
281 204
343 204
453 204
104 205
119 205
229 205
242 205
399 205
422 205
22 206
65 206
153 206
155 206
397 206
50 207
90 207
297 207
369 207
93 208
104 208
127 208
267 208
287 208
106 209
136 209
156 209
213 209
388 209
150 210
315 210
361 210
394 210
459 210
32 211
45 211
118 211
314 211
438 211
167 212
288 212
64 213
126 213
200 213
302 213
395 213
426 213
94 214
252 215
267 215
372 215
62 216
136 216
242 216
271 216
276 216
332 216
339 216
405 216
409 216
113 217
22 218
89 218
364 218
450 218
72 219
184 219
219 219
290 219
349 219
418 219
151 220
278 221
296 221
304 221
145 222
300 222
409 222
58 223
125 223
173 223
316 223
318 223
371 223
387 223
435 223
49 224
100 224
128 224
302 224
324 224
360 224
107 225
431 225
30 226
258 226
373 226
409 226
441 226
164 227
208 227
226 227
235 227
248 227
259 227
276 227
416 227
97 228
128 228
334 228
136 229
289 229
426 229
433 229
92 230
195 230
308 230
424 230
58 231
70 231
73 231
252 231
282 231
436 231
84 232
88 232
328 232
423 232
95 233
99 233
109 233
149 233
251 233
350 233
392 234
251 235
256 235
291 235
332 235
386 235
458 235
96 236
310 236
370 236
32 237
230 237
256 237
271 237
325 237
115 238
121 238
282 238
439 238
67 239
109 239
279 239
330 239
361 239
366 239
78 240
204 240
216 240
246 241
279 241
344 241
405 241
74 242
208 242
357 242
157 243
305 243
42 244
90 244
152 244
378 244
56 245
110 245
313 245
347 245
189 246
192 246
422 246
452 246
164 247
195 247
115 248
128 248
232 248
233 248
252 248
358 248
376 248
83 249
97 249
142 249
202 249
268 249
271 249
394 249
155 250
177 250
212 250
285 250
145 251
63 252
210 252
423 252
86 253
143 253
165 253
329 253
436 253
82 254
194 254
225 254
242 254
300 254
333 254
386 254
402 254
193 256
264 256
313 256
344 256
373 256
466 256
364 257
412 257
33 258
72 258
111 258
112 258
166 258
196 258
224 259
338 259
355 259
87 260
153 260
229 260
367 260
125 261
157 261
182 261
252 261
274 261
392 261
214 262
237 262
265 262
277 262
451 262
185 263
204 263
225 263
260 263
294 263
215 264
232 264
46 265
125 265
264 266
431 266
107 267
137 267
270 267
98 268
199 268
201 268
341 268
408 268
16 269
56 269
104 269
165 269
284 269
377 269
270 270
426 270
109 271
110 271
327 271
358 271
359 271
373 271
33 272
70 272
190 272
268 272
297 272
147 273
247 273
327 273
121 274
148 274
388 274
444 274
216 275
231 275
265 275
364 275
408 275
88 276
114 276
354 276
417 276
431 276
109 277
176 277
310 277
162 278
275 278
346 278
353 278
400 278
95 279
137 279
139 279
114 280
149 280
187 280
201 280
247 280
405 280
124 281
295 281
22 282
79 282
209 282
241 282
306 282
429 282
42 283
195 283
290 283
328 283
332 283
458 283
52 284
58 284
439 284
68 285
160 285
186 285
418 285
53 286
75 286
97 286
158 286
253 286
305 286
325 286
370 286
409 286
123 287
294 287
298 287
224 288
254 288
344 288
14 289
42 289
92 289
269 289
81 290
114 290
150 290
272 290
316 290
434 290
443 290
32 291
329 291
111 292
193 292
206 292
239 292
295 292
319 292
394 292
423 292
50 293
101 293
246 293
264 293
283 293
357 293
373 293
80 294
138 294
114 295
140 295
247 295
368 295
67 296
164 296
196 296
295 296
363 296
401 296
82 297
438 297
455 297
83 299
150 299
194 299
304 299
306 299
309 299
314 299
92 300
237 300
252 300
259 300
262 300
297 300
103 301
152 301
182 301
295 301
350 301
369 301
378 301
408 301
86 302
150 302
226 302
326 302
41 303
124 303
141 303
203 303
217 303
272 303
282 303
437 303
190 304
285 304
323 304
416 304
465 304
126 305
432 305
70 306
179 306
200 306
291 306
315 306
58 307
127 307
134 307
142 307
201 307
209 307
18 308
71 308
93 308
156 308
340 308
394 308
112 309
266 309
163 310
336 310
344 310
363 310
52 311
63 311
149 311
252 311
263 311
32 312
139 312
186 312
276 312
294 312
300 312
370 312
434 312
347 313
427 313
451 313
76 314
86 314
103 314
158 314
231 314
294 314
344 314
125 315
226 315
250 315
274 315
277 315
309 315
120 316
177 316
216 316
248 316
59 317
67 317
85 317
151 317
417 317
253 318
317 318
356 318
412 318
49 319
83 319
101 319
202 319
336 319
392 319
185 320
201 320
239 320
289 320
359 320
388 320
404 320
438 320
189 321
214 321
294 321
197 322
464 322
75 323
93 323
108 323
323 323
399 323
21 324
49 324
113 324
115 324
186 324
368 324
429 324
45 325
129 325
163 325
38 326
219 326
268 326
301 326
400 326
422 326
281 327
345 327
146 328
183 328
198 328
230 328
378 328
427 328
65 329
90 329
228 329
384 329
396 329
450 329
153 330
219 330
243 330
351 330
356 330
382 330
406 330
16 331
202 331
311 331
332 331
177 332
214 332
381 332
117 333
167 333
193 333
287 333
81 334
131 334
261 334
432 334
48 335
196 335
338 335
393 335
66 336
132 336
181 336
237 336
262 336
264 336
410 336
458 336
119 337
178 337
298 337
168 338
186 338
394 338
415 338
81 339
105 339
280 339
345 339
352 339
27 340
269 340
98 341
131 341
152 341
257 341
278 341
349 341
372 341
403 341
444 341
58 342
180 342
198 342
232 342
287 342
313 342
220 343
283 343
342 343
350 343
377 343
109 344
315 344
67 345
164 345
204 345
287 345
364 345
39 346
106 346
109 346
214 346
294 346
56 347
145 347
172 347
212 347
238 347
327 347
357 347
19 348
103 348
166 348
244 348
383 348
393 348
62 349
180 349
428 349
69 350
88 350
151 350
192 350
222 350
260 350
298 350
333 350
409 350
121 351
267 351
364 351
390 351
396 353
410 353
81 354
103 354
313 354
360 354
402 354
454 354
89 355
134 355
182 355
209 355
213 355
430 355
439 355
169 356
189 356
41 357
53 357
153 357
203 357
225 357
233 357
65 358
158 358
273 358
347 358
48 359
80 359
247 359
295 359
347 359
356 359
375 359
423 359
169 360
400 360
416 360
433 360
53 361
190 361
171 362
310 362
325 362
332 362
343 362
27 363
197 363
338 363
113 364
144 364
179 364
254 364
303 364
164 365
357 365
410 365
92 366
170 366
246 366
275 366
307 366
332 366
450 366
126 367
154 367
266 367
345 367
390 367
192 368
197 368
199 368
225 368
42 369
74 369
290 369
335 369
165 370
177 370
183 370
306 370
432 370
149 371
174 371
214 371
230 371
232 371
312 371
456 371
176 372
367 372
220 373
247 374
273 374
55 375
69 375
152 375
324 375
343 375
37 376
150 376
297 376
204 377
275 377
314 377
348 377
459 377
87 378
135 378
299 378
320 378
388 378
424 378
303 379
263 380
103 381
166 381
314 381
350 381
393 381
444 381
143 382
179 382
195 382
356 382
410 382
48 383
119 383
218 383
345 383
74 384
121 384
238 384
292 384
139 385
171 385
328 385
339 385
96 386
187 386
335 386
155 387
83 388
158 388
178 388
180 388
214 388
323 388
46 389
79 389
199 389
287 389
314 389
333 389
242 390
273 390
284 390
438 390
454 390
56 391
62 391
134 391
269 391
385 391
76 392
114 392
248 392
158 394
163 394
234 394
296 394
337 394
404 394
52 395
125 395
26 396
174 396
208 396
233 396
150 397
188 397
224 397
426 397
58 398
229 398
256 398
320 398
300 399
374 399
45 400
74 400
91 400
194 400
261 400
296 400
338 400
108 401
127 401
199 401
411 401
85 402
159 402
187 403
195 403
197 403
283 403
168 404
450 404
236 405
334 405
358 405
24 406
119 406
162 406
206 406
264 406
356 406
374 406
189 408
196 408
208 408
227 408
322 408
326 408
337 408
50 409
162 409
192 409
234 409
269 409
308 409
389 409
417 409
435 409
144 411
185 411
213 411
338 411
82 412
104 412
134 412
191 412
205 412
252 412
268 412
69 413
166 413
290 413
306 413
346 413
87 414
156 414
230 414
276 414
336 414
384 414
181 416
232 416
340 416
384 416
159 417
312 417
347 417
405 417
185 418
194 418
241 418
291 418
373 418
120 419
137 419
261 419
368 419
386 419
112 420
142 420
233 420
257 420
162 421
208 421
217 421
225 421
238 421
263 421
274 421
302 421
391 421
444 421
370 422
335 423
47 424
63 424
322 424
429 424
31 425
84 425
168 426
313 426
343 426
353 426
190 427
149 428
341 428
395 428
99 429
243 429
252 429
317 429
337 429
374 429
167 430
224 430
261 430
299 430
300 430
347 430
246 431
262 431
326 431
98 432
211 432
353 432
136 433
170 433
218 433
237 433
243 433
285 433
384 433
417 433
202 434
340 434
359 434
117 435
192 435
273 435
436 435
199 436
278 436
379 436
44 437
83 437
105 437
112 437
188 437
223 437
229 437
136 438
223 438
247 438
336 438
400 438
60 439
130 439
380 439
152 440
304 441
324 441
184 442
94 443
111 443
167 443
263 443
290 443
257 444
267 444
347 444
383 444
440 444
164 445
364 445
57 446
181 446
219 446
234 446
75 447
166 447
201 447
216 447
332 447
388 447
197 448
373 448
132 449
294 449
58 450
183 450
345 450
368 450
108 451
148 451
164 451
343 451
408 451
443 451
144 452
236 452
270 452
325 452
233 453
340 453
133 454
142 454
198 454
217 454
232 454
429 454
318 455
327 455
348 455
354 455
136 456
152 457
308 457
391 457
169 458
279 458
373 458
138 459
263 459
325 460
167 461
197 461
293 461
366 461
72 462
89 462
179 462
224 462
213 463
311 463
360 463
56 464
133 464
272 464
278 464
415 464
318 465
124 466
212 466
222 466
320 466
397 466
232 467
157 468
277 468
292 468
303 468
374 468
140 469
220 469
278 469
378 469
196 470
224 470
247 470
373 470
249 471
256 471
266 471
377 471
120 472
292 472
151 473
161 473
168 473
389 473
438 473
137 474
256 474
106 475
155 475
209 475
329 475
422 475
177 476
189 476
229 476
90 477
242 477
312 478
358 478
133 479
126 480
172 480
251 480
296 480
322 480
334 480
347 480
349 480
103 481
194 481
119 482
137 482
148 482
322 482
366 482
385 482
160 483
227 483
288 484
311 484
310 485
407 485
221 486
299 486
158 487
252 488
274 488
76 489
316 489
333 489
250 490
90 491
124 491
173 491
286 491
290 491
356 491
155 492
257 492
298 492
228 493
162 494
357 494
373 494
181 495
190 495
122 496
299 496
308 496
342 496
139 497
194 497
292 497
328 497
334 497
109 498
149 498
169 498
208 498
312 498
180 499
250 499
160 500
199 500
202 500
222 500
262 500
343 500
272 501
289 501
298 501
353 501
193 502
226 502
268 502
350 502
419 502
90 503
152 503
275 503
176 504
158 505
221 505
244 505
158 506
192 506
203 506
280 506
346 506
143 507
190 509
307 509
397 509
422 509
287 510
413 510
92 511
123 511
140 511
167 511
289 511
128 512
210 512
214 512
262 512
269 512
358 512
379 512
342 513
108 514
148 514
242 514
156 515
231 515
236 515
275 515
263 516
277 516
324 516
243 517
188 519
304 519
332 519
282 520
359 520
175 523
203 523
413 523
127 524
221 524
230 524
238 524
256 524
149 525
305 525
341 525
381 526
230 527
280 527
323 528
362 528
109 529
255 529
300 529
170 530
254 530
195 531
400 531
229 532
275 533
303 533
233 534
142 535
216 537
125 538
164 538
361 539
230 540
302 540
246 541
383 542
140 543
188 543
298 543
226 546
284 546
298 546
209 547
297 547
244 548
273 548
360 548
277 549
234 550
245 550
268 550
273 551
337 551
218 552
231 552
304 552
318 553
202 554
223 555
270 555
239 556
289 556
172 557
196 557
219 557
271 557
359 558
382 558
149 559
248 559
266 559
220 560
165 562
188 562
283 562
334 562
215 563
240 565
308 565
355 566
185 568
378 568
231 570
257 570
276 571
327 571
180 573
204 573
299 574
226 575
194 580
218 580
323 580
265 581
290 582
316 586
210 587
283 588
268 597
