236 1
452 1
459 4
253 5
384 6
472 7
342 8
184 9
273 9
307 9
420 9
103 11
122 11
169 11
201 11
354 11
434 12
396 13
222 14
241 14
319 14
365 14
298 19
448 19
74 20
253 20
381 20
86 21
336 21
67 22
271 23
463 23
107 24
394 24
141 25
158 25
175 25
194 25
209 26
285 26
349 26
359 26
122 27
223 28
478 29
306 31
244 32
374 32
449 32
418 34
71 35
90 35
257 35
334 35
64 38
226 38
274 38
322 39
396 39
125 40
141 40
172 40
350 40
157 41
191 41
201 41
204 41
431 41
466 41
115 42
289 42
330 42
184 43
362 43
248 44
378 44
124 45
183 45
308 45
362 45
370 45
99 46
479 46
216 48
277 49
334 49
410 49
129 50
450 50
77 51
296 51
382 51
219 52
239 52
198 53
299 53
165 54
203 55
290 55
145 56
186 56
130 57
349 57
358 57
467 57
197 58
259 58
314 58
122 59
340 59
98 60
302 60
113 61
372 61
224 62
381 62
439 62
478 62
276 63
335 63
355 63
443 63
78 65
299 65
330 65
410 65
174 66
217 66
223 66
297 66
399 66
245 68
294 68
343 68
138 69
192 69
199 70
389 70
149 71
261 71
308 71
390 71
418 71
456 71
206 72
227 72
378 72
112 73
138 73
315 73
225 74
462 74
238 75
277 75
423 75
101 76
140 76
161 76
180 76
295 76
365 76
151 77
158 77
229 77
319 77
467 77
86 78
351 78
432 78
165 79
374 79
475 79
286 80
297 80
300 80
338 80
66 81
162 81
183 81
318 81
217 82
349 82
406 82
414 82
114 83
139 83
143 83
192 84
275 84
281 84
323 84
397 84
157 85
204 85
287 85
313 85
338 85
438 85
105 86
187 86
222 86
285 86
350 86
384 86
388 86
258 87
430 87
118 88
126 88
132 88
265 88
282 88
323 88
94 89
259 89
267 90
284 90
352 90
152 91
222 91
316 91
365 91
331 92
393 92
400 92
147 93
174 93
203 93
433 93
458 93
140 94
238 94
283 94
302 94
424 94
119 95
63 96
109 96
190 96
432 96
198 98
212 98
235 98
257 98
160 99
324 99
393 99
414 99
100 100
113 100
314 100
324 100
347 100
81 101
216 101
325 101
344 101
358 101
377 101
66 102
100 102
289 102
413 102
472 103
149 104
159 104
239 104
253 104
135 105
305 105
356 105
385 105
156 106
386 106
114 107
163 107
217 107
226 107
106 108
241 108
278 108
338 108
79 109
184 109
426 109
450 109
214 110
302 110
258 111
342 111
114 112
251 112
323 112
64 113
197 113
375 113
404 113
229 114
291 114
351 114
372 114
43 115
169 115
205 115
428 115
335 117
403 117
170 118
302 118
373 118
123 119
142 119
179 119
252 119
307 119
379 119
103 120
116 120
163 120
211 120
216 120
462 120
151 121
268 122
390 122
421 122
82 123
184 123
351 123
156 124
323 124
237 125
238 125
83 126
153 126
275 126
158 127
345 127
352 127
394 127
60 128
105 128
199 128
247 128
292 128
393 128
471 128
113 129
226 129
334 129
39 130
201 130
121 131
168 131
364 131
477 131
137 132
151 132
196 132
258 132
367 132
409 132
423 132
427 132
104 133
219 133
211 134
217 134
89 135
129 135
357 135
85 136
285 136
424 136
66 137
312 137
379 137
352 138
378 138
414 138
235 139
301 139
251 140
406 140
89 141
280 141
134 142
151 142
181 142
226 142
277 142
45 143
131 143
173 143
194 143
201 143
331 143
465 143
251 144
107 145
127 145
83 147
168 147
262 147
288 147
298 147
367 147
435 147
442 147
84 148
368 148
420 148
426 148
132 149
232 149
327 149
363 149
395 150
399 150
64 151
271 151
345 151
423 151
140 152
165 153
183 153
221 153
150 154
253 154
379 154
395 154
408 154
43 155
138 155
182 155
234 155
320 155
429 155
108 156
120 156
409 156
424 156
455 156
224 157
434 157
279 158
289 158
412 158
130 159
394 159
411 159
228 160
250 160
85 161
337 161
265 162
306 162
324 162
466 162
155 163
391 163
437 163
63 164
261 164
174 165
367 165
194 166
213 167
315 167
420 167
440 167
473 167
301 168
324 168
143 169
351 169
39 170
126 170
283 170
293 170
326 170
86 171
109 171
229 171
303 171
90 172
155 172
187 172
417 172
421 172
247 173
86 174
384 174
455 174
147 175
157 175
172 175
311 175
339 175
168 176
335 176
72 177
184 177
297 177
337 177
434 177
160 178
410 178
162 179
262 179
437 179
53 180
304 180
366 180
407 180
104 181
140 182
163 182
198 182
199 182
274 182
353 182
113 183
140 183
146 183
218 183
35 184
115 184
129 184
139 184
443 184
331 185
353 185
417 185
469 185
93 186
377 186
424 186
438 186
230 187
268 187
401 188
84 189
132 189
289 189
424 189
65 190
327 190
127 191
162 191
178 191
244 191
421 191
453 191
479 191
178 192
253 192
264 192
82 193
304 193
101 194
131 194
143 194
147 194
195 194
340 194
46 195
112 195
122 195
339 195
362 195
382 196
83 197
92 197
218 197
268 197
321 198
338 198
94 199
237 199
436 199
61 202
75 202
130 202
142 202
283 202
425 202
210 203
214 203
312 203
346 203
369 203
411 203
188 204
321 204
346 204
148 205
170 205
442 205
155 206
171 206
475 206
108 207
124 207
193 207
208 207
231 207
256 207
280 207
46 208
107 208
33 209
399 209
86 210
212 210
372 210
413 210
449 210
88 211
141 211
326 211
356 211
382 211
389 211
158 212
179 212
182 212
187 212
207 212
329 212
455 212
228 213
375 213
308 214
322 214
58 215
163 215
223 215
271 215
387 215
247 216
432 216
107 217
153 218
390 218
459 218
161 219
171 219
187 219
317 219
430 219
130 220
163 220
260 220
285 220
345 220
371 220
436 220
117 221
144 221
153 221
213 221
98 222
129 223
230 223
263 223
357 223
464 223
73 224
101 224
300 224
120 225
131 225
190 225
264 225
324 225
380 225
424 225
275 226
328 226
149 227
243 227
443 227
191 228
249 228
336 228
437 228
156 229
173 229
327 229
356 229
55 230
98 230
172 230
194 230
275 230
325 230
423 230
98 231
114 232
137 232
156 232
216 232
242 232
285 232
314 232
404 232
479 232
100 233
232 234
425 234
40 235
81 235
331 235
361 235
386 235
278 236
91 237
239 237
341 237
114 238
143 238
158 238
161 238
235 238
294 238
182 239
258 239
324 239
363 239
414 239
454 239
110 240
117 240
120 240
180 240
380 240
391 240
416 240
62 241
198 241
135 242
435 242
439 242
100 243
258 243
304 243
181 244
207 244
223 244
272 244
415 244
418 244
150 245
178 245
244 245
286 245
372 245
47 246
387 246
437 246
83 247
114 247
166 247
280 247
423 247
467 247
167 248
187 248
352 248
146 249
185 249
368 249
381 249
137 250
184 250
247 250
275 250
361 250
401 250
122 251
171 251
226 251
436 251
89 252
191 252
313 252
30 253
71 253
95 253
153 253
163 253
207 253
260 253
404 253
121 254
227 254
339 254
451 254
98 255
191 255
256 256
98 257
230 257
299 257
382 257
59 258
121 258
125 258
271 258
323 258
410 258
302 259
433 259
154 260
308 260
312 260
346 260
245 261
131 263
193 263
368 263
79 264
96 264
216 264
251 264
255 264
334 264
392 264
143 265
170 265
310 265
129 266
192 266
281 266
219 267
283 267
417 267
431 267
443 267
470 267
111 268
274 268
134 269
162 270
208 270
275 270
24 271
64 271
112 271
305 271
319 271
356 271
142 272
221 272
95 273
148 273
180 273
239 273
306 273
380 273
93 274
116 274
184 274
209 274
384 274
47 276
128 276
274 276
386 276
403 276
205 277
274 277
291 277
306 277
326 277
425 277
149 278
299 278
346 278
392 278
82 279
139 279
218 279
219 279
292 279
379 279
412 279
228 280
253 280
287 280
465 280
71 281
162 281
326 281
365 281
108 282
115 282
160 282
306 282
32 283
316 283
152 284
163 284
175 284
382 284
428 284
449 284
70 285
94 285
96 285
177 285
193 285
229 285
260 285
343 285
372 285
61 286
139 286
205 286
210 286
290 286
303 286
107 287
170 287
203 287
298 287
379 287
431 287
100 288
261 288
290 288
390 288
435 288
196 289
479 289
68 290
215 290
331 290
435 290
94 291
184 291
324 291
350 291
392 291
201 292
239 292
356 292
48 293
115 293
319 293
375 293
49 294
71 294
79 294
182 295
300 295
417 295
104 296
159 296
160 296
170 296
188 296
246 296
275 296
326 296
185 297
271 297
339 297
466 297
199 298
43 299
109 299
118 299
66 300
123 300
141 300
195 300
206 300
305 300
415 300
428 300
44 301
59 301
99 301
151 301
158 301
177 301
280 301
344 301
363 301
52 302
137 302
254 302
279 302
303 302
448 302
90 303
123 303
35 304
368 304
217 305
224 305
237 305
327 305
402 305
63 306
117 306
229 306
232 306
260 306
346 306
61 307
80 307
241 307
424 307
54 308
423 308
478 308
166 309
71 310
155 310
175 310
234 310
352 310
81 311
107 311
160 311
170 311
190 311
374 311
386 311
138 312
317 312
125 313
199 313
228 313
265 313
321 313
332 313
371 313
57 314
70 314
199 314
204 314
240 314
49 315
94 315
98 315
120 315
125 315
240 315
273 315
78 316
271 316
304 316
462 316
39 317
59 317
245 317
252 317
265 317
351 317
363 317
400 317
410 317
88 318
139 318
270 318
302 318
371 318
440 318
42 319
127 319
248 319
260 319
415 319
131 320
202 320
219 320
298 320
338 321
158 322
188 322
194 322
252 322
414 322
438 322
109 323
227 323
365 323
470 323
182 324
292 324
59 325
70 325
308 325
390 325
80 326
69 327
198 327
232 327
412 327
23 328
258 329
277 330
421 330
74 331
161 331
314 331
212 332
304 332
80 333
449 333
64 334
67 334
116 334
353 334
391 334
404 334
45 335
167 335
261 335
299 335
148 336
166 336
402 336
452 336
89 337
361 337
376 337
415 337
336 338
182 339
244 339
184 340
428 340
435 340
287 341
291 341
102 342
220 342
431 342
130 343
370 343
29 344
383 344
56 345
287 345
323 345
368 345
98 346
173 346
196 346
306 346
60 347
76 347
270 347
365 347
233 348
51 349
118 349
258 349
148 350
206 350
472 350
166 351
413 351
55 352
370 352
441 352
91 353
168 353
241 353
292 353
136 354
299 354
350 354
275 355
175 356
247 356
295 356
315 356
331 356
477 356
107 357
168 357
424 357
63 359
64 359
228 359
397 359
452 359
83 360
173 360
176 360
369 360
382 360
112 361
34 362
154 362
203 362
298 362
350 362
45 363
255 363
317 363
366 363
379 363
124 364
194 364
197 364
127 365
321 365
358 365
431 365
171 366
425 366
144 367
302 367
339 367
131 368
239 368
296 368
356 368
104 369
198 369
77 370
98 370
102 370
226 370
363 370
379 370
122 371
404 371
86 372
116 372
216 372
240 372
262 372
305 372
314 372
212 373
223 373
421 373
446 373
54 374
138 374
139 374
166 374
208 375
430 375
203 376
246 376
20 377
288 377
151 378
210 378
319 378
328 378
329 378
389 378
404 378
475 378
121 379
89 380
92 380
113 380
152 380
430 380
111 381
154 381
173 381
200 381
229 381
351 381
413 381
254 382
382 382
414 382
180 383
187 383
314 383
336 383
171 384
205 384
272 384
152 385
179 385
428 385
458 385
127 386
194 386
431 386
333 387
375 387
410 387
64 388
215 389
296 389
316 389
144 390
159 390
237 390
348 390
84 391
122 391
305 391
29 392
85 392
105 392
237 392
300 392
419 392
444 392
168 393
197 393
286 393
337 393
142 394
375 394
360 396
404 396
102 397
121 397
136 397
148 397
205 397
263 397
383 397
168 398
183 398
243 398
324 398
348 398
471 398
195 399
343 399
417 399
423 399
425 399
203 400
254 401
285 401
308 401
387 401
42 402
60 402
120 402
153 402
190 402
204 402
249 402
81 403
100 403
226 403
249 403
308 403
431 403
135 404
215 404
225 404
303 404
366 404
386 405
173 406
394 406
389 407
458 407
434 408
118 409
252 409
351 409
287 410
136 411
256 411
417 411
211 412
298 412
306 412
149 413
177 413
254 413
275 413
428 413
257 414
275 414
294 414
77 415
156 415
235 415
271 415
373 415
375 415
56 416
118 416
98 417
321 417
195 418
361 418
464 418
36 419
299 419
408 419
179 420
232 420
205 421
250 422
446 422
119 423
136 423
211 423
218 423
268 423
340 423
406 424
245 425
265 425
294 425
312 425
139 426
243 426
160 427
240 427
287 427
383 428
396 428
99 429
347 429
184 431
203 431
357 431
430 431
271 432
276 432
52 433
245 433
297 433
457 433
212 434
277 434
427 434
250 435
323 435
236 437
278 437
315 437
397 437
76 438
99 438
139 438
163 438
308 438
367 438
333 439
121 440
257 440
409 440
437 440
145 441
98 442
127 442
275 443
121 444
211 444
236 444
271 444
304 444
382 444
190 445
96 446
285 446
398 446
414 446
262 447
124 448
127 448
147 448
168 449
205 449
287 449
470 449
148 450
216 450
284 450
343 450
127 451
211 451
316 451
319 451
344 451
103 452
150 452
204 452
242 452
78 453
104 453
265 453
267 453
298 453
404 453
172 454
277 454
474 454
316 455
418 455
221 456
319 456
446 456
107 457
199 457
302 457
147 458
167 458
272 458
310 458
327 458
373 458
284 459
270 460
302 460
94 461
140 461
197 461
273 461
299 461
118 462
135 462
156 462
176 462
343 462
188 463
277 463
303 463
387 463
107 464
180 464
144 465
153 465
253 465
340 465
113 466
178 466
198 466
266 466
136 467
429 467
69 468
201 468
422 468
463 468
85 469
145 469
228 469
266 469
348 469
311 470
417 470
153 471
166 471
209 471
236 471
258 471
354 471
413 471
132 472
207 472
278 472
343 472
125 473
143 473
145 473
166 473
280 473
318 473
368 473
108 474
236 474
264 474
396 474
162 475
202 475
371 475
88 476
132 477
187 477
218 477
296 477
301 477
152 478
409 478
103 479
220 479
347 479
436 479
82 480
96 480
98 480
204 480
243 480
271 480
479 480
73 481
282 481
190 482
338 482
150 483
168 483
292 483
227 484
320 484
429 484
473 484
216 485
224 485
125 486
203 486
308 486
466 487
116 488
250 488
283 489
226 490
393 490
138 491
286 491
371 491
385 491
154 492
197 494
227 494
265 494
349 494
216 495
246 495
448 495
75 496
300 496
308 496
178 497
281 497
296 497
334 497
296 498
205 499
210 499
236 499
247 499
161 500
329 500
432 500
250 501
425 502
307 503
332 503
356 503
143 504
312 504
415 504
273 505
125 506
355 506
217 507
246 507
375 507
390 508
221 509
81 510
290 512
193 513
271 514
332 514
441 514
173 515
344 515
350 515
260 517
104 518
219 518
231 518
358 518
432 518
303 519
138 520
279 520
158 522
239 522
274 523
413 523
388 524
212 525
187 526
321 526
284 530
251 531
147 532
294 532
220 533
338 533
351 533
175 536
200 538
367 540
386 540
404 540
269 541
314 541
157 543
212 546
244 546
284 548
191 549
343 551
228 553
171 554
260 555
208 561
278 562
