417 1
205 2
260 2
246 4
122 5
157 5
436 5
368 8
232 9
322 9
352 9
453 9
185 10
311 10
385 10
286 11
301 11
338 11
141 12
362 12
402 12
470 13
418 14
214 15
173 16
268 16
100 17
431 18
125 20
200 21
244 21
380 21
158 22
370 22
446 22
86 23
308 24
232 25
316 25
333 25
345 26
361 26
398 26
465 26
146 27
185 27
292 27
414 27
214 29
275 29
106 30
478 31
260 32
375 35
238 37
380 37
434 37
84 38
157 38
299 38
316 38
456 38
189 39
334 39
119 40
307 40
348 40
393 40
220 42
280 42
414 42
146 43
182 43
359 43
391 43
272 44
474 44
109 45
258 45
76 46
174 46
205 46
430 46
145 47
168 47
371 48
96 49
188 49
240 50
390 50
396 50
193 51
442 51
297 52
314 52
451 52
136 53
227 53
283 53
332 53
121 54
402 54
182 55
83 56
151 56
375 56
462 56
155 57
345 57
359 57
199 58
252 58
476 58
144 59
194 59
139 60
133 61
179 61
424 61
129 62
297 62
373 62
103 63
234 63
362 63
175 64
386 64
445 64
97 65
186 65
154 66
315 66
127 67
209 67
286 67
329 67
400 67
265 68
278 68
342 68
87 69
384 69
461 69
113 70
257 70
355 70
198 71
199 71
409 71
248 72
239 73
469 73
475 73
168 74
371 74
420 74
199 75
226 76
399 76
433 76
135 77
168 77
177 77
187 77
384 77
67 78
102 79
214 79
302 79
316 79
445 79
197 80
151 81
183 81
254 81
283 81
327 81
404 81
129 82
269 82
371 82
88 83
156 83
342 83
384 83
388 83
168 84
90 85
117 85
129 85
197 85
280 85
298 85
462 85
131 86
151 86
231 86
244 86
262 86
359 86
419 86
145 87
260 87
316 87
379 87
400 87
424 88
473 88
188 89
246 89
376 89
420 89
432 89
70 90
142 90
180 90
286 90
220 91
295 91
433 91
449 91
302 92
420 92
209 93
288 93
98 94
104 94
135 94
172 94
174 94
242 94
270 94
320 94
398 94
250 95
328 95
338 95
127 96
191 96
355 96
413 96
461 96
254 97
258 97
163 98
237 98
261 98
88 99
294 99
57 100
277 100
296 100
373 100
378 100
429 100
416 101
151 102
221 102
251 102
293 102
318 102
419 102
82 103
185 103
299 103
440 103
446 103
460 103
209 104
390 104
395 104
286 105
313 105
438 105
143 106
145 106
179 106
270 106
319 106
340 106
352 106
373 106
384 106
440 106
477 106
161 107
251 107
272 107
391 107
412 107
301 108
42 109
365 109
410 109
69 110
238 110
429 110
131 111
191 111
285 111
374 111
449 111
175 112
394 112
37 113
382 113
295 114
405 114
96 115
162 115
218 115
319 115
327 115
414 115
116 116
294 116
398 116
426 116
464 116
371 117
428 117
119 118
209 118
250 118
259 118
279 118
89 119
364 119
150 120
351 120
407 120
189 121
195 121
82 122
238 122
252 122
378 122
407 122
53 123
110 124
169 124
229 125
312 125
447 125
136 126
403 126
176 127
217 127
221 127
381 127
429 127
83 128
86 128
96 128
268 128
282 128
297 128
327 128
375 128
415 128
463 128
47 129
98 129
172 129
218 129
262 129
278 129
200 130
346 130
423 130
252 131
364 131
361 132
198 133
235 133
341 133
344 133
374 133
403 133
64 134
119 134
158 134
378 134
474 134
40 135
119 135
191 135
260 135
351 135
171 136
241 136
442 136
219 137
303 137
318 137
389 137
217 138
366 138
409 138
429 138
145 139
164 139
255 139
263 139
390 139
80 140
97 140
272 140
333 140
358 140
400 140
113 141
171 141
187 141
200 141
342 141
377 141
229 142
281 142
344 142
353 142
370 142
458 142
106 143
245 143
255 143
375 143
420 143
425 143
431 143
366 144
52 145
264 145
270 145
334 145
367 145
373 145
295 146
338 146
377 146
431 146
27 147
163 147
166 147
231 147
84 148
311 148
219 149
256 149
362 149
396 149
430 149
121 150
200 150
218 150
328 150
387 150
410 150
474 150
95 151
182 151
264 151
365 151
417 151
440 151
199 152
415 152
66 153
205 153
215 153
250 153
324 153
173 154
346 154
378 154
452 154
368 155
386 155
169 156
206 156
221 156
239 156
270 156
377 156
433 156
111 157
194 157
249 157
284 157
293 157
389 157
397 157
81 158
136 158
221 158
234 158
323 158
399 158
100 159
218 159
33 160
80 160
258 160
304 160
365 160
423 160
57 161
185 161
317 161
330 161
246 162
309 162
315 162
419 162
462 162
158 163
192 163
255 163
272 163
321 163
329 163
371 163
439 163
470 163
128 164
51 165
344 165
381 165
97 166
187 166
360 166
324 167
65 168
173 168
177 168
196 168
423 168
432 168
58 169
204 169
351 169
395 169
45 170
234 170
241 170
288 170
254 171
272 171
369 171
446 171
143 172
361 172
19 173
65 173
113 173
189 173
224 173
230 173
410 173
455 173
71 174
193 174
299 174
302 174
421 174
438 174
88 175
316 175
340 175
360 175
396 175
214 176
273 176
358 176
463 176
163 177
334 177
375 177
417 177
133 178
307 178
424 178
246 179
278 179
281 179
331 179
335 179
82 180
269 180
393 180
474 180
150 181
179 181
236 181
31 182
66 182
344 182
387 182
98 183
239 183
267 183
382 183
170 184
212 184
215 184
256 184
257 184
358 184
359 184
437 184
198 185
290 185
389 185
229 186
327 186
356 186
50 187
191 187
242 187
302 187
306 187
404 187
162 188
398 188
453 188
21 189
69 189
221 189
374 189
410 189
415 189
51 190
250 190
320 190
373 190
240 191
305 191
349 191
378 191
397 191
436 191
73 192
109 192
139 192
181 192
249 192
276 192
416 192
212 193
239 193
252 193
333 193
356 193
414 193
64 194
71 194
368 194
464 194
102 195
122 195
268 195
278 195
323 195
349 195
351 195
386 195
41 196
156 196
235 196
244 196
428 196
176 197
203 197
207 197
222 197
363 197
170 198
296 198
474 198
59 199
175 199
286 199
313 199
361 199
398 200
416 200
437 200
77 201
132 201
182 201
197 201
315 201
372 201
444 201
218 202
250 202
309 202
30 203
205 203
216 203
288 203
185 204
187 204
306 204
312 204
322 204
372 204
409 204
129 205
160 205
236 205
270 205
338 205
375 205
90 206
145 206
181 206
265 206
277 206
306 206
417 206
435 206
81 207
187 207
220 207
299 207
349 207
451 207
61 208
203 208
212 208
237 208
316 208
90 209
107 209
111 209
327 209
390 209
56 210
71 210
210 210
219 210
291 210
386 210
421 210
166 211
236 211
303 211
351 211
459 211
46 212
348 212
440 212
175 213
197 213
210 213
245 213
196 214
202 214
227 214
233 214
254 214
311 214
88 215
263 215
267 215
417 215
190 216
247 216
284 216
324 216
396 216
429 216
43 217
133 217
164 217
188 217
223 217
228 217
286 217
313 217
364 217
399 217
15 218
80 218
148 218
173 218
236 218
269 218
273 218
476 218
99 219
166 219
197 219
224 219
280 219
340 219
187 220
262 220
363 220
407 220
440 220
34 221
421 221
59 222
65 222
105 222
113 222
296 222
377 222
162 223
215 223
293 223
396 223
240 224
273 225
42 226
47 226
86 226
108 226
155 226
209 226
297 226
355 226
357 226
419 226
453 226
89 227
205 227
245 227
330 227
6 228
85 228
102 228
172 228
197 228
199 228
273 228
31 229
112 229
294 229
315 229
394 229
70 230
202 230
249 230
271 230
339 230
409 230
460 230
227 231
241 231
259 231
262 231
279 231
367 231
397 231
428 231
108 232
135 232
196 232
375 232
68 233
122 233
239 233
268 233
332 233
335 233
104 234
279 234
409 234
88 235
95 235
179 235
244 235
324 235
403 235
412 235
434 235
46 236
67 236
86 236
105 236
146 236
166 236
189 236
218 236
263 236
290 236
312 236
376 236
469 236
22 237
112 237
230 237
65 238
254 238
305 238
366 238
440 238
215 239
248 239
301 239
334 239
384 239
172 240
181 240
208 240
227 240
255 240
97 241
104 241
147 241
162 242
331 242
360 242
424 242
479 242
15 243
59 243
131 243
157 243
247 243
258 243
266 243
275 243
346 243
454 243
52 244
208 244
233 244
314 244
36 245
101 245
212 245
231 245
393 245
413 245
113 246
161 246
195 246
287 246
461 246
370 247
227 248
239 248
266 248
431 248
125 249
55 250
82 250
138 250
248 250
400 250
422 250
73 251
159 251
211 251
215 251
437 251
205 252
302 252
150 253
169 253
189 253
248 253
332 253
6 254
90 255
117 255
202 255
238 255
257 255
357 255
381 255
449 255
105 256
128 256
204 256
307 256
313 256
330 256
476 256
110 257
244 257
286 257
338 257
413 257
68 258
338 258
409 258
428 258
409 259
25 260
44 260
117 260
133 260
136 260
164 260
190 260
210 260
267 260
249 261
412 261
112 262
131 262
145 262
162 262
171 262
229 262
295 262
391 262
64 263
90 263
159 263
200 263
319 263
337 263
434 263
456 263
174 264
220 264
277 264
346 264
82 265
129 265
171 265
184 265
198 265
325 265
337 265
189 266
418 266
42 267
50 267
82 267
102 267
191 267
410 267
14 268
41 268
97 268
207 268
242 268
261 268
328 268
141 269
143 269
248 269
353 269
399 269
435 269
444 269
468 269
101 270
173 270
210 270
360 270
379 270
141 271
267 271
420 271
110 272
139 272
308 272
429 272
435 272
83 273
153 273
350 273
407 273
58 274
123 274
186 274
255 274
448 274
158 275
204 275
387 275
133 276
313 276
370 276
122 277
169 277
196 277
271 277
290 277
337 277
412 277
33 278
125 278
250 278
47 279
120 279
187 279
224 279
340 279
479 279
91 280
416 280
456 280
5 281
106 281
151 281
197 281
296 281
317 281
438 281
50 282
102 282
146 282
358 282
26 283
69 283
111 283
189 283
218 283
256 284
394 284
424 284
92 285
132 285
165 285
181 285
267 285
277 285
297 285
377 285
120 286
210 286
235 286
322 286
344 286
462 286
241 287
194 288
295 288
345 288
364 288
382 288
53 289
85 289
153 289
302 289
311 289
351 289
390 289
449 289
76 290
158 290
210 290
261 290
315 290
337 290
411 290
431 290
87 291
208 291
229 291
327 291
339 291
361 291
50 292
163 292
197 292
20 293
40 294
101 294
144 294
163 294
180 294
262 294
294 294
418 294
474 294
91 295
116 295
162 295
311 295
345 295
438 295
42 296
193 296
220 296
360 296
395 296
457 296
131 297
175 297
226 297
242 297
264 297
360 297
384 297
56 298
165 298
262 298
279 298
284 298
375 298
310 299
332 299
335 299
347 299
390 299
405 299
126 300
210 300
7 301
60 301
61 301
246 301
252 301
317 301
65 302
97 302
177 302
185 302
302 302
423 302
189 303
249 303
305 303
309 303
444 303
79 304
119 304
144 304
319 304
44 305
80 305
152 305
219 305
299 305
363 305
281 306
350 306
363 306
54 307
111 307
122 307
463 307
158 308
337 308
411 308
255 309
383 309
429 309
125 310
278 310
318 310
367 310
30 311
146 311
254 311
265 311
354 311
372 311
398 311
470 311
74 312
90 312
113 312
219 312
225 312
245 312
398 312
452 312
2 313
50 313
51 313
169 313
212 313
277 313
299 313
327 313
417 313
55 314
130 314
183 314
187 314
337 314
47 315
274 315
248 316
388 316
439 316
70 317
93 317
217 317
323 317
334 317
355 317
361 317
64 318
160 318
205 318
210 318
302 318
342 318
47 319
163 319
191 319
259 319
278 319
116 320
169 320
322 320
478 320
130 321
164 321
239 321
243 321
421 321
57 322
103 322
119 322
146 322
201 322
286 322
20 323
77 323
85 323
181 323
332 323
320 324
64 325
148 325
178 325
318 325
408 325
43 326
131 326
231 326
115 327
272 327
299 327
445 327
57 328
223 328
255 328
282 328
391 328
37 329
62 329
126 329
252 329
299 329
433 329
12 330
131 330
166 330
363 330
253 331
469 331
102 332
142 332
186 332
282 332
58 333
60 333
78 333
212 333
219 333
311 333
99 334
151 334
191 334
257 334
307 334
319 334
335 334
412 334
161 335
208 335
224 335
431 335
451 335
143 336
153 336
198 336
253 336
298 336
379 336
84 337
126 337
275 337
307 337
398 337
440 337
2 338
114 338
120 338
124 338
165 338
269 338
287 338
402 338
168 339
478 339
53 340
133 340
196 340
277 340
299 340
365 340
31 341
113 341
415 341
187 342
279 342
314 342
432 342
436 342
456 342
50 343
94 343
349 343
82 344
102 344
154 344
333 344
225 345
386 345
15 346
145 346
295 346
363 346
167 347
268 347
309 347
198 348
71 349
91 349
151 349
216 349
240 349
258 349
464 349
187 350
207 350
50 351
79 351
90 351
143 351
254 351
262 351
402 351
424 351
43 352
45 352
155 352
200 352
269 352
333 352
376 352
444 352
262 353
349 353
115 354
98 355
180 355
189 355
87 356
173 356
250 356
309 356
62 357
177 357
215 357
276 357
281 357
314 357
414 357
3 358
144 358
264 358
390 358
471 358
46 359
110 359
164 359
211 359
246 359
24 360
54 360
100 360
154 360
215 360
429 360
67 361
248 361
286 361
289 361
304 362
364 362
375 362
405 362
452 362
42 363
82 363
277 363
329 363
126 364
133 364
300 364
401 364
426 364
439 364
121 365
258 365
346 365
479 365
93 366
188 366
245 366
261 366
142 367
181 367
258 367
300 367
265 368
272 368
328 368
155 369
172 369
196 369
288 369
298 369
310 369
393 369
424 369
456 369
170 370
315 370
361 370
65 371
98 371
136 371
214 371
227 371
247 371
278 371
295 371
301 371
310 371
403 371
354 372
375 372
405 372
439 372
32 373
56 373
321 373
137 374
202 374
254 374
296 374
375 374
422 374
76 375
231 375
342 375
8 376
90 376
321 376
361 376
379 376
384 376
387 376
95 377
196 377
228 377
277 377
381 377
426 377
115 378
259 378
478 378
26 379
110 379
120 379
173 379
190 379
422 379
444 379
462 379
48 380
90 380
328 380
98 381
139 381
391 381
54 382
89 382
131 382
174 382
182 382
185 382
250 382
316 382
333 382
143 383
234 383
252 383
274 383
302 383
19 384
65 384
156 384
168 384
193 384
287 384
385 384
389 384
400 384
411 384
38 385
212 385
306 385
380 385
76 386
85 386
117 386
242 386
430 386
212 387
300 387
315 387
331 387
451 387
218 388
245 388
357 388
387 388
101 389
270 389
326 389
333 389
84 390
99 390
156 390
196 390
250 390
328 390
344 390
50 391
153 391
169 391
205 391
286 391
332 391
130 392
261 392
311 392
314 392
392 392
395 392
434 392
55 393
170 393
255 393
378 393
405 393
423 393
194 394
233 394
301 394
375 394
420 394
86 395
99 395
105 395
286 395
16 396
50 396
169 396
227 396
333 396
353 396
380 396
459 396
48 397
102 397
118 397
179 397
255 397
399 397
91 398
112 398
132 398
149 398
222 398
276 398
129 399
137 399
169 399
206 399
277 399
443 399
94 400
242 400
121 401
146 401
159 401
174 401
310 401
326 401
76 402
225 402
249 402
253 402
294 402
349 402
390 402
179 403
220 403
270 403
408 403
433 403
37 404
212 404
322 404
351 404
371 404
415 404
469 404
231 405
148 406
228 406
63 407
205 407
124 408
145 408
238 408
320 408
427 408
230 409
341 409
349 409
383 409
191 410
204 410
238 410
260 410
283 410
326 410
341 410
451 410
18 411
169 411
187 411
304 411
328 411
407 411
420 411
440 411
53 412
128 412
205 412
333 412
404 412
243 413
246 413
100 414
112 414
226 414
363 414
410 414
416 414
84 415
176 415
431 415
46 416
135 416
180 416
249 416
316 416
123 417
130 417
158 417
197 417
327 417
380 417
413 417
434 417
148 418
186 418
226 418
245 418
274 418
459 418
8 419
294 419
142 420
194 420
417 420
419 420
466 420
196 421
213 421
231 421
399 421
333 422
347 422
429 422
418 423
424 423
23 424
263 424
337 424
353 424
446 424
470 424
154 425
230 425
197 426
200 426
287 426
307 426
412 426
168 427
190 427
208 427
228 427
331 427
170 428
371 428
78 429
94 429
325 429
392 429
411 429
57 430
68 430
139 430
251 430
386 430
458 430
432 431
109 432
125 432
142 432
164 432
177 432
320 432
329 432
422 432
123 433
135 433
141 433
200 433
218 433
244 433
258 433
409 433
43 434
126 434
151 434
193 434
231 434
277 434
298 434
429 434
437 434
171 435
222 435
240 435
245 435
349 435
362 435
37 436
154 437
401 437
473 438
241 439
338 439
406 439
19 440
206 440
256 440
452 440
120 441
158 441
261 441
355 441
195 442
229 442
257 442
315 442
322 442
427 442
173 443
201 443
308 443
422 443
179 444
187 444
209 444
218 444
342 444
374 444
121 445
241 445
310 445
313 445
328 445
391 445
414 445
107 446
157 446
168 446
184 446
253 446
254 446
282 446
370 446
410 446
431 446
45 447
65 447
83 447
100 447
141 447
153 447
157 447
250 447
103 448
209 448
215 448
328 448
468 448
126 449
230 449
369 449
114 450
165 450
205 450
243 450
245 450
32 451
207 451
214 451
402 451
435 451
441 451
312 452
22 453
114 453
160 453
241 453
406 453
418 453
155 454
174 454
204 454
274 454
343 454
437 454
243 455
294 455
136 456
315 456
366 456
426 456
429 456
192 457
310 457
361 457
397 457
146 458
388 458
134 459
216 459
223 459
230 459
259 459
261 459
327 459
333 459
450 459
154 460
179 460
249 460
264 460
363 460
48 461
57 461
67 461
351 461
361 461
414 461
39 462
121 462
167 462
290 462
376 462
469 462
79 463
157 463
186 463
284 463
295 463
423 463
89 464
151 464
216 464
306 464
101 465
250 465
254 465
282 465
400 465
106 466
299 466
350 466
115 467
240 467
197 468
245 468
326 468
327 468
126 469
269 469
296 469
417 469
435 469
134 470
237 470
272 470
285 470
240 471
362 471
371 471
437 471
458 471
111 472
293 472
318 472
343 472
32 473
175 473
382 473
417 473
45 474
131 474
146 474
222 474
317 474
147 475
289 475
308 475
321 475
385 475
399 475
421 475
51 476
159 476
162 476
425 476
72 477
83 477
210 477
339 477
393 477
464 477
59 478
82 478
183 478
200 478
257 478
275 478
282 478
294 478
325 478
365 478
111 479
327 479
409 479
477 479
114 480
303 480
329 480
350 480
384 480
421 480
445 480
108 481
215 481
287 481
367 481
401 481
99 482
159 482
205 482
248 482
306 482
322 482
92 483
178 483
373 483
394 483
115 484
118 484
186 484
266 484
129 485
235 485
146 486
178 486
350 486
131 487
189 487
294 487
313 487
314 487
470 487
31 488
37 488
194 488
200 488
225 488
279 488
394 488
424 488
154 489
219 489
255 489
285 489
381 489
88 490
180 490
297 490
46 491
56 491
174 491
209 491
222 491
336 491
374 491
395 491
427 491
436 491
137 492
178 492
190 492
369 492
414 492
416 492
435 492
92 493
400 493
236 494
278 494
397 494
461 494
79 495
95 495
175 495
314 495
325 495
375 495
390 495
401 495
91 496
98 496
111 496
167 496
177 496
107 497
118 497
131 497
272 497
112 498
315 498
359 498
210 499
250 499
261 499
294 499
346 499
102 500
222 500
287 500
300 500
143 501
165 501
242 501
302 501
130 502
137 502
259 502
288 502
291 503
434 503
455 503
145 504
146 504
162 504
227 504
342 505
44 506
210 506
211 506
405 506
411 506
417 506
126 507
165 507
220 507
258 507
333 507
407 507
181 508
185 508
196 508
223 508
314 508
58 509
63 509
256 509
365 509
384 509
393 509
428 509
70 510
98 510
135 510
392 510
420 510
86 511
186 511
229 511
319 511
432 511
80 512
125 512
172 512
212 512
270 512
372 512
266 513
296 513
308 513
313 513
362 513
431 513
113 514
218 514
231 514
253 514
354 514
458 514
474 514
240 515
254 515
258 515
101 516
212 516
345 516
434 516
442 516
136 517
265 517
403 517
302 518
315 518
425 518
152 519
158 519
182 519
242 519
338 519
406 519
425 519
118 520
170 520
198 520
219 520
249 520
288 521
327 521
332 521
282 522
293 522
408 522
53 523
64 523
73 523
321 523
335 523
382 523
394 523
83 524
181 524
276 524
351 524
258 526
274 526
89 527
246 527
365 527
425 527
434 527
98 528
192 528
213 528
222 528
449 528
459 528
466 528
204 529
215 529
111 530
126 530
235 530
236 530
303 530
342 530
422 530
349 531
139 533
152 533
262 533
339 533
245 534
253 534
280 534
331 534
353 534
193 535
312 535
319 535
161 536
178 536
299 537
283 538
405 538
206 539
253 539
272 539
273 539
287 539
416 539
438 539
54 540
257 540
331 540
354 540
377 540
431 540
440 540
239 541
244 541
352 541
367 541
391 541
445 541
75 542
89 542
421 542
461 542
112 543
189 543
209 543
297 543
103 544
120 544
138 544
228 544
251 544
295 544
344 544
179 545
186 545
317 545
177 546
196 546
220 546
266 546
301 546
171 547
207 547
436 547
151 548
268 548
314 548
337 548
159 549
168 549
272 549
319 549
178 550
323 550
251 551
340 551
162 552
286 552
306 552
211 553
266 553
410 553
174 554
202 554
347 554
369 554
423 554
439 554
452 554
76 555
383 555
398 555
431 555
464 555
359 556
103 557
162 557
358 557
81 558
116 558
178 558
190 558
296 558
410 558
132 559
148 559
197 559
217 559
272 559
343 559
163 560
206 560
317 560
177 561
242 562
250 562
290 562
264 564
295 564
260 565
265 565
274 566
287 566
272 568
304 568
436 568
325 569
339 569
374 570
389 570
403 570
256 571
292 571
455 571
413 572
86 573
109 573
251 573
356 573
128 574
165 574
180 574
198 574
141 575
154 575
222 575
147 576
240 577
257 577
295 577
319 577
247 579
248 580
258 580
275 580
277 581
290 581
306 581
252 582
296 582
318 583
347 583
295 584
337 584
382 584
277 585
399 585
437 585
417 586
449 586
107 587
365 587
130 588
149 588
140 589
212 589
164 590
174 590
186 590
199 590
224 590
245 592
247 594
309 594
292 595
277 596
255 597
261 597
291 598
302 598
350 598
324 599
358 600
412 600
194 602
202 602
209 602
217 602
373 602
392 602
227 605
264 614
278 614
208 615
294 615
232 617
217 619
265 626
