400 32
337 34
350 34
370 36
414 38
428 42
388 43
296 44
313 44
326 44
339 45
442 46
354 48
404 48
452 50
366 52
415 54
374 55
325 56
307 57
387 57
290 58
429 59
466 59
345 61
356 62
443 62
249 64
373 65
398 65
262 66
381 66
275 67
301 68
412 69
457 69
285 70
316 71
330 72
429 73
343 74
469 75
357 76
373 76
449 78
477 79
389 80
240 81
252 81
401 81
347 82
273 83
296 83
306 83
282 84
297 85
328 86
413 86
427 86
316 88
441 88
345 89
357 89
371 91
454 91
295 92
470 92
254 95
386 95
268 96
476 96
261 97
417 97
228 98
245 98
281 98
296 98
298 98
400 98
217 99
315 99
206 100
331 100
344 100
286 102
288 102
429 102
442 104
363 106
375 106
427 107
432 107
455 107
383 108
284 110
303 110
316 110
393 110
271 111
328 111
409 111
338 112
404 112
475 112
240 113
258 113
288 113
414 113
423 113
429 113
229 114
348 114
423 114
214 115
435 115
444 117
301 118
200 119
314 119
188 120
380 120
461 120
341 121
327 122
358 122
360 122
369 123
400 124
275 125
285 125
264 126
413 127
243 128
437 128
477 128
220 129
298 129
230 130
313 130
330 131
340 132
455 132
351 134
204 135
365 135
377 135
274 136
423 137
433 137
311 138
394 138
295 139
263 140
279 140
475 140
194 141
253 141
240 142
257 142
388 142
443 142
224 143
244 143
408 144
415 145
181 146
429 147
212 148
360 148
461 148
332 149
345 149
202 150
378 150
268 151
291 151
300 151
314 151
388 151
270 153
278 153
404 153
259 154
445 154
471 154
183 156
419 156
478 156
338 157
172 158
227 159
319 160
327 160
342 160
358 160
369 160
214 162
288 162
300 162
370 162
463 162
159 163
205 163
231 163
279 163
382 163
396 163
436 163
260 165
243 166
438 166
401 167
440 167
412 168
191 169
446 169
232 170
343 170
356 170
294 171
323 171
334 171
364 171
224 172
428 172
286 173
295 173
460 173
175 174
216 174
309 174
395 174
409 174
424 174
386 175
397 176
265 177
272 177
446 177
407 178
200 179
162 180
349 181
423 181
245 182
326 182
338 182
361 182
463 182
315 183
152 184
303 184
373 184
476 184
187 185
232 185
435 186
283 187
223 188
275 188
446 188
388 189
174 190
213 191
239 191
264 191
400 191
331 192
435 192
317 193
344 193
353 193
364 194
417 194
462 194
208 195
247 195
373 195
424 195
300 196
381 196
432 196
161 197
233 197
377 197
473 197
194 198
288 199
383 199
224 200
443 200
277 201
183 202
222 202
359 202
375 202
151 203
217 203
331 203
347 203
395 203
179 204
261 204
405 204
451 204
260 205
272 205
322 205
340 205
418 205
142 206
212 206
310 206
300 207
397 207
424 207
438 208
460 208
172 209
341 209
333 210
165 211
201 211
238 211
245 211
284 211
431 211
469 211
380 213
388 213
439 213
228 214
343 214
358 214
371 214
403 214
477 214
194 215
255 215
326 215
332 215
211 216
267 216
399 216
446 216
312 217
183 219
184 219
299 219
413 219
419 220
149 221
384 221
210 222
248 222
291 222
457 222
390 223
421 223
174 224
281 224
340 224
269 225
354 225
369 225
429 225
235 226
464 226
237 227
383 227
245 228
330 228
394 228
166 229
198 229
212 229
356 229
402 229
440 229
227 230
318 230
474 230
259 231
265 231
310 231
415 232
245 233
295 233
180 234
368 235
453 235
183 237
338 237
345 237
354 237
238 238
278 238
377 238
424 238
153 239
175 239
206 239
392 240
462 240
323 241
342 241
403 241
310 242
443 242
146 243
188 243
266 243
301 243
360 244
413 244
470 244
223 245
291 246
450 246
185 247
214 247
479 247
170 248
203 248
250 248
381 248
433 248
358 249
418 249
204 250
213 250
344 250
369 250
429 250
275 251
332 251
165 252
269 252
397 252
201 253
462 253
131 254
235 254
318 254
442 254
157 256
260 256
302 256
192 257
355 258
427 258
371 259
385 259
182 260
224 260
251 260
357 260
449 260
395 261
149 262
277 262
290 262
404 262
472 262
344 263
434 263
332 264
212 265
144 266
205 266
237 266
320 266
407 266
456 266
199 267
270 267
357 268
383 268
441 268
310 269
350 269
369 269
378 269
393 269
173 270
387 270
416 270
195 271
228 271
306 271
134 272
258 272
276 273
339 273
423 273
465 273
292 274
333 274
397 274
325 275
450 275
158 276
215 277
287 277
429 277
356 278
367 278
471 278
185 279
247 279
265 280
276 280
310 280
346 281
381 281
441 281
176 282
229 282
391 282
336 283
365 283
207 284
277 284
400 284
402 284
462 284
325 285
329 285
386 285
146 286
198 286
301 286
305 286
228 287
231 287
409 287
445 287
256 288
316 288
168 289
195 289
216 289
238 289
272 290
294 290
370 290
468 290
142 291
168 291
355 291
432 291
345 292
420 292
290 293
383 293
164 294
452 294
135 295
310 295
335 295
186 296
204 296
394 296
474 296
231 297
302 297
439 297
305 298
325 298
401 298
176 299
229 299
246 299
285 299
383 299
156 300
199 300
369 300
379 300
217 302
355 302
442 302
171 303
239 303
277 303
409 303
463 303
258 305
298 305
317 305
346 305
174 306
415 306
452 306
338 307
379 307
149 308
434 308
190 309
236 309
380 309
391 309
410 309
185 310
287 310
367 310
439 310
207 311
420 311
309 312
311 312
333 312
402 312
414 312
457 312
246 313
358 313
399 313
227 314
292 314
469 314
198 315
263 315
281 315
141 316
349 316
389 316
449 316
159 317
212 317
427 317
205 318
179 319
171 320
303 320
414 320
417 320
470 320
200 321
340 321
369 321
409 321
237 322
323 322
381 322
131 323
167 323
214 323
173 324
244 324
389 324
435 324
475 324
253 325
272 326
285 326
457 326
269 327
417 327
151 328
185 328
364 328
169 329
207 329
229 329
296 329
333 329
398 329
315 330
351 330
427 330
359 331
246 332
279 332
346 332
418 332
302 333
142 334
263 334
425 334
445 334
123 335
217 335
270 335
374 335
386 335
162 336
197 336
307 336
409 336
462 336
178 337
357 337
234 338
288 338
139 339
155 339
321 339
432 339
275 340
416 340
248 341
312 341
326 341
340 341
394 341
204 342
299 342
368 342
449 342
192 343
415 344
256 345
401 345
469 345
284 346
296 346
350 346
379 346
207 347
309 347
337 347
166 348
437 348
185 349
226 349
240 349
253 350
382 350
455 350
188 351
312 351
422 351
268 352
281 352
300 352
145 353
319 353
292 354
349 354
411 354
442 354
477 354
235 355
334 356
362 356
374 356
391 356
429 356
196 357
246 357
343 357
127 358
305 358
319 359
155 360
173 360
336 360
217 361
376 361
460 361
362 362
447 362
190 364
274 365
299 365
329 365
433 365
121 366
140 366
260 366
419 366
227 368
241 368
399 368
254 369
353 369
380 369
187 370
209 370
270 370
285 370
314 370
439 370
453 371
164 372
328 373
334 373
466 373
222 374
256 374
424 375
436 375
342 377
438 377
181 378
238 378
295 378
369 378
130 379
267 379
326 379
408 379
328 380
387 380
443 380
278 381
354 381
418 381
427 381
468 381
387 382
198 383
313 383
371 383
454 383
263 384
175 385
216 385
249 385
233 386
126 387
341 387
298 388
299 388
411 388
430 388
234 389
212 390
311 390
448 390
357 391
376 391
395 391
471 391
277 392
327 392
147 393
189 393
166 394
376 394
357 395
344 396
384 396
456 396
206 397
434 397
228 398
259 398
399 398
414 398
139 399
313 399
361 399
397 399
244 400
378 400
297 401
273 402
286 402
329 402
378 402
399 402
477 402
160 403
346 403
132 404
222 404
256 404
286 404
401 405
461 405
443 407
179 408
240 409
148 410
311 410
432 410
284 411
330 411
364 411
423 411
270 412
370 412
383 412
174 413
198 413
253 413
402 413
367 414
463 414
166 416
215 417
235 417
283 417
298 417
331 418
349 418
447 418
168 419
194 419
265 419
314 419
379 419
145 420
367 420
246 421
427 421
175 422
329 422
396 422
404 422
467 423
351 425
369 425
279 426
189 427
250 427
333 427
395 427
433 427
187 428
388 428
226 429
296 429
325 429
425 429
264 430
312 430
430 430
182 432
157 433
207 433
286 433
351 433
455 434
364 436
240 437
389 437
372 438
412 438
171 440
299 440
314 440
337 440
353 440
273 441
287 441
436 441
173 442
222 442
149 443
261 443
418 443
198 444
211 444
375 444
382 444
358 445
395 445
247 446
303 446
323 446
406 446
462 446
310 447
397 447
441 448
300 449
359 449
273 450
341 450
269 451
141 452
214 452
386 452
270 453
400 453
158 454
188 454
222 454
227 454
301 454
346 455
276 456
364 456
445 456
377 457
417 457
426 457
241 458
207 461
177 462
331 462
144 463
284 463
351 463
450 463
381 464
406 465
213 466
403 466
198 467
204 467
219 467
432 467
470 467
269 468
316 468
335 468
190 470
251 470
302 470
455 470
167 471
235 471
385 471
256 472
336 473
410 473
384 474
435 474
361 475
361 476
156 477
178 478
460 478
320 479
340 479
418 479
287 480
396 480
150 481
207 482
239 482
392 482
444 482
246 483
254 483
305 483
422 483
266 484
278 484
463 484
171 485
220 488
347 490
235 491
375 491
428 491
452 491
157 492
192 493
217 493
289 493
292 493
404 494
245 495
328 495
354 495
262 496
228 498
298 498
313 498
180 499
383 499
434 499
466 499
410 500
227 501
246 501
264 501
361 501
278 502
261 504
440 504
168 505
263 505
198 507
218 508
367 508
438 508
239 509
304 509
317 509
447 510
279 511
289 511
337 511
301 512
420 512
186 513
201 513
395 515
313 516
373 516
210 517
231 517
287 517
435 517
456 517
249 518
254 518
173 519
305 519
346 519
436 519
264 520
259 521
406 521
396 523
432 523
249 524
322 524
188 525
352 525
348 526
296 527
217 528
383 528
411 528
236 529
274 529
444 530
331 531
407 531
174 532
355 532
362 532
390 532
260 533
380 533
391 534
307 535
203 536
323 536
315 537
456 538
427 539
186 540
370 540
401 540
288 542
243 543
343 543
228 545
255 545
435 545
214 546
379 546
445 546
300 547
411 547
326 549
268 550
386 550
260 551
436 552
355 553
422 553
337 556
289 557
312 557
397 557
218 559
235 559
245 559
229 561
246 562
370 562
346 563
435 564
474 564
264 565
412 566
453 566
324 567
325 567
382 570
424 570
289 571
357 571
301 572
333 573
221 575
250 576
370 576
394 576
234 577
242 577
310 577
340 578
404 578
440 578
458 578
267 581
322 581
274 582
283 582
324 582
469 584
295 586
413 586
427 586
355 587
369 590
330 591
384 592
399 594
443 594
277 596
340 596
294 597
350 599
308 601
320 604
381 604
348 606
401 607
266 610
289 612
307 615
333 618
355 618
373 622
