370 4
292 5
390 5
274 6
443 7
474 7
411 8
187 9
248 10
326 13
338 13
226 14
458 15
211 17
381 17
296 18
360 18
439 19
194 20
396 20
251 22
274 22
417 25
453 25
239 26
177 27
364 28
169 29
221 29
347 29
429 29
318 30
337 30
380 31
467 31
291 32
305 32
394 32
470 34
445 35
479 35
199 36
270 36
418 38
181 41
256 41
367 43
241 44
308 44
356 44
461 44
235 45
340 45
353 45
355 45
381 45
160 46
323 46
327 46
390 46
219 47
370 48
434 48
217 49
289 49
269 50
384 50
474 50
388 51
403 51
197 52
280 52
448 54
179 56
247 56
248 56
323 59
326 59
162 60
227 60
318 61
333 61
362 61
468 61
350 62
393 62
433 62
155 63
290 63
308 63
381 63
208 65
370 65
379 65
198 66
268 66
409 66
141 67
267 68
251 69
454 69
185 70
233 71
423 71
432 73
465 73
164 74
341 74
122 75
332 75
218 76
297 76
360 76
322 77
347 77
275 78
399 78
446 78
199 79
381 79
476 79
259 80
277 80
144 82
423 83
458 83
180 85
229 85
346 85
231 86
331 86
440 88
308 89
311 89
359 89
125 90
210 90
284 90
372 91
393 91
154 92
456 92
254 93
409 93
196 94
236 95
427 95
108 96
236 96
184 98
478 98
359 99
295 100
303 100
318 100
131 101
223 101
285 101
337 101
349 101
442 102
165 103
373 103
269 104
392 105
452 105
113 106
194 107
252 107
408 107
145 108
234 108
420 108
288 109
292 109
224 110
474 110
181 111
277 112
323 112
349 112
365 112
432 112
209 113
380 114
128 115
164 117
193 117
401 118
308 119
240 120
290 120
414 120
234 121
474 121
292 122
344 123
181 124
105 125
139 125
215 125
256 125
275 125
139 126
362 126
460 126
429 127
200 128
327 128
375 129
301 130
153 131
440 131
121 132
245 132
89 133
156 133
268 133
181 134
238 134
392 134
227 135
141 136
410 136
449 136
216 137
220 137
131 139
339 139
421 139
205 140
104 141
359 141
189 142
315 142
288 143
375 143
432 143
153 144
157 144
291 144
463 144
94 145
149 145
257 145
276 145
153 146
245 146
387 146
395 146
183 147
77 148
116 148
140 148
439 148
144 150
228 150
472 150
162 151
137 152
214 152
105 153
333 153
405 153
314 154
319 154
448 154
128 155
197 155
96 156
297 156
304 156
351 156
417 156
124 157
273 157
195 158
254 158
305 158
367 158
290 159
145 160
175 160
178 160
235 160
374 160
241 161
459 162
82 163
386 163
107 166
210 166
309 166
327 166
437 166
161 167
71 168
474 168
202 169
294 169
339 169
267 170
284 170
350 171
413 171
97 172
189 172
144 173
236 173
254 173
67 174
127 174
181 174
224 174
233 174
377 175
453 176
173 177
383 178
211 179
380 179
386 179
425 179
118 180
158 180
307 180
389 180
462 180
323 181
108 182
199 182
388 182
73 184
137 184
406 184
192 185
254 185
350 185
440 185
278 186
475 186
98 188
298 188
364 188
367 188
173 189
229 189
232 189
211 190
414 190
315 191
121 192
210 192
328 193
378 193
202 194
83 195
137 195
160 195
388 195
249 196
195 197
426 197
246 198
262 198
290 198
183 199
234 199
263 199
346 199
101 200
225 200
303 200
402 201
406 201
464 201
380 202
52 203
213 203
317 203
357 203
435 203
71 204
143 205
365 206
326 207
413 207
418 207
118 208
270 209
282 209
473 209
253 210
396 210
161 211
238 211
61 212
337 212
130 213
292 213
307 213
451 213
81 214
184 214
383 215
424 215
220 216
171 217
324 217
355 217
101 218
434 218
120 219
146 219
365 220
461 220
199 221
259 221
399 221
234 222
243 222
335 222
162 223
272 223
437 223
69 224
347 224
286 225
304 225
470 225
87 226
187 226
411 226
413 226
442 226
40 227
223 227
416 227
108 228
207 228
321 228
408 228
129 229
412 230
417 230
358 231
256 232
385 232
427 232
335 233
450 233
196 234
164 235
273 235
291 235
426 235
144 238
228 238
303 238
399 238
434 238
70 239
92 239
111 239
221 239
379 239
409 239
457 239
46 240
210 240
138 241
318 241
410 241
176 242
354 242
203 243
410 243
151 244
266 244
437 244
274 245
290 245
437 245
81 246
238 246
276 246
195 247
248 247
332 247
363 247
417 247
103 248
169 248
229 248
242 248
367 248
395 248
305 249
467 249
123 250
187 250
421 251
96 252
215 252
160 253
116 254
315 254
348 254
371 254
68 255
176 255
209 255
429 255
270 256
403 256
251 257
427 257
453 257
131 258
202 258
285 258
476 258
105 259
259 259
243 260
280 260
150 261
237 261
299 261
360 261
388 261
192 262
433 262
387 263
77 264
230 264
368 264
415 264
166 265
188 265
41 266
49 266
317 266
219 267
440 267
402 268
137 269
346 269
371 269
399 269
92 270
275 270
37 271
114 272
211 272
255 272
268 272
274 272
287 272
353 272
355 272
207 273
259 273
332 273
377 273
153 274
177 274
262 274
267 274
451 274
302 275
381 275
129 276
172 276
245 276
252 276
406 276
33 277
60 277
199 277
238 277
358 277
405 277
474 277
103 279
52 280
77 280
233 280
316 280
434 280
163 281
434 281
218 282
345 282
365 282
416 282
27 283
161 283
190 283
288 283
394 284
460 284
188 285
328 285
43 286
92 286
117 286
181 286
328 286
264 287
302 288
445 288
279 289
130 290
314 290
335 291
205 292
467 292
198 293
248 293
380 293
426 293
109 294
240 294
323 295
235 296
346 296
365 296
405 296
294 297
79 298
162 298
192 298
474 299
191 300
454 300
28 301
52 301
154 302
433 302
133 303
264 303
393 303
417 303
150 304
178 304
219 304
307 304
280 305
332 305
97 306
246 307
358 307
376 307
39 308
68 308
207 308
236 310
137 311
164 311
117 312
300 312
424 312
444 312
200 313
401 313
113 314
327 315
59 316
261 316
36 317
387 317
222 318
281 318
328 318
349 318
79 319
411 319
470 319
245 320
150 321
243 321
310 321
52 322
53 322
187 322
128 323
205 323
291 323
435 323
96 324
230 324
293 324
375 324
165 325
26 326
73 326
231 326
319 327
338 327
421 327
159 329
95 330
118 330
382 330
63 331
138 331
192 331
252 331
258 331
364 331
91 332
212 332
259 332
442 332
18 333
40 333
67 333
111 333
215 333
266 333
462 333
307 334
63 335
238 336
282 336
406 336
429 336
151 337
183 337
239 337
330 337
103 338
110 338
132 338
234 338
291 339
389 339
352 340
180 341
292 341
198 342
226 343
449 343
53 344
99 344
75 345
164 345
218 345
219 345
314 345
470 345
29 346
44 346
140 346
376 346
413 346
73 347
261 347
337 347
118 348
266 348
298 348
46 349
157 349
255 350
272 350
185 351
363 351
401 351
135 352
211 352
273 352
324 352
442 352
18 353
177 353
244 353
434 353
462 353
204 354
250 354
269 354
479 354
238 355
240 355
86 356
151 356
420 356
60 357
129 357
172 357
303 357
348 357
386 357
36 358
306 358
448 358
229 359
285 360
308 360
405 360
102 361
144 362
348 362
331 363
81 364
100 366
162 366
264 366
294 366
371 366
75 367
143 367
298 367
314 367
393 367
469 367
186 368
332 368
395 368
215 369
276 369
410 369
134 371
115 372
181 372
242 372
252 372
355 372
441 372
152 374
203 374
232 374
278 374
457 374
63 375
302 375
339 375
399 375
430 375
88 376
108 376
376 376
232 377
397 377
148 378
284 378
321 378
323 378
85 380
172 380
29 381
52 381
57 381
363 381
234 382
345 382
284 383
325 383
142 384
214 384
258 384
324 384
143 385
192 385
360 385
479 385
120 386
381 386
418 386
287 387
324 387
161 388
140 389
348 389
273 390
364 390
44 391
133 391
228 391
288 391
326 391
182 392
249 392
465 392
88 393
202 393
72 394
310 394
323 394
453 394
153 395
325 395
342 395
389 395
81 396
107 396
178 396
202 396
37 397
308 397
357 397
149 398
217 398
436 398
66 399
125 399
29 400
128 400
265 400
292 400
408 400
424 400
198 401
240 401
280 402
343 402
331 403
360 403
468 403
218 404
168 405
234 405
379 405
19 406
348 406
55 407
309 407
409 407
48 409
191 409
235 409
116 410
211 410
395 410
457 410
49 411
329 411
78 412
296 412
364 412
258 413
276 413
47 414
136 414
312 416
426 417
327 418
476 418
181 419
202 419
412 419
442 419
334 420
349 420
383 420
60 421
234 421
255 421
366 421
231 422
291 422
352 422
151 424
313 424
52 425
224 425
461 425
122 426
248 426
22 427
78 427
94 427
347 427
400 427
57 428
170 428
364 429
267 430
333 431
388 431
43 432
349 432
71 433
244 433
287 433
91 434
199 434
351 434
142 435
336 435
347 435
298 436
417 437
430 437
64 438
210 438
450 438
180 440
242 440
261 441
315 441
59 442
152 442
364 442
284 443
349 443
405 443
104 444
330 444
82 445
147 446
220 446
316 446
392 446
73 447
170 447
466 447
259 448
296 448
184 449
203 449
280 449
68 451
199 451
347 451
363 452
436 452
452 452
114 454
423 454
133 455
230 456
314 456
331 456
408 456
62 457
93 457
181 457
295 458
88 459
378 459
393 459
276 460
158 461
188 462
272 462
347 462
362 462
246 463
115 464
310 464
170 465
289 465
107 467
181 467
382 467
293 468
439 468
143 469
62 470
456 470
100 471
270 471
362 472
408 472
176 473
218 473
424 473
190 474
344 475
310 477
131 478
154 478
394 478
82 479
288 479
442 479
262 480
200 482
368 483
115 484
304 484
77 485
279 485
325 485
409 485
341 486
395 486
163 487
256 487
379 487
258 488
356 488
425 488
395 489
161 490
276 490
173 491
225 491
274 492
132 493
258 493
303 493
269 494
172 495
440 495
96 496
204 496
284 496
367 496
182 498
251 498
461 498
50 499
150 499
182 499
244 499
425 500
319 501
352 501
217 502
144 503
335 503
164 504
174 504
192 505
239 505
260 505
278 505
394 505
411 505
243 507
316 507
426 507
165 508
260 508
382 508
68 510
233 510
105 512
207 512
445 512
180 513
274 513
347 513
362 516
378 516
394 516
328 518
393 518
119 519
195 520
223 520
244 520
145 521
289 522
428 522
301 524
305 524
306 524
340 524
139 525
214 525
242 526
182 527
262 527
391 527
357 528
73 529
156 530
463 530
62 531
128 531
298 531
100 532
207 532
318 532
277 533
362 533
373 534
430 534
295 535
296 535
228 536
48 537
411 537
311 538
296 539
141 540
391 540
164 541
332 541
111 542
306 542
133 543
242 543
309 543
265 545
285 545
306 545
349 546
71 547
182 547
209 547
449 547
371 548
408 548
411 552
94 553
121 553
257 553
278 553
390 553
141 555
298 555
366 555
226 556
321 557
344 560
195 562
159 563
388 563
477 563
217 564
359 564
121 565
311 565
219 567
290 567
186 568
211 568
368 568
460 568
306 569
382 569
239 570
332 570
145 571
256 572
309 572
406 572
308 573
427 573
210 574
280 575
379 578
442 578
198 579
228 579
165 580
325 580
193 582
112 583
222 583
295 584
297 584
269 585
181 586
397 586
418 586
316 588
286 589
435 589
286 590
373 591
464 591
230 593
347 593
368 593
258 594
285 594
164 596
281 596
131 597
216 599
250 599
273 599
385 600
428 600
305 602
360 602
384 602
458 604
206 605
400 605
266 606
418 606
351 607
299 609
434 609
321 613
371 614
423 614
405 617
216 621
235 621
260 621
331 623
275 627
323 628
348 629
370 630
317 631
235 634
308 635
