282 2
302 2
386 4
407 4
255 5
264 5
274 5
363 5
374 5
394 6
343 7
419 7
433 8
310 10
327 10
293 14
362 15
271 16
370 16
398 16
420 16
382 17
413 17
350 18
391 18
431 18
336 19
254 20
235 21
451 22
317 23
458 23
219 25
301 25
286 27
398 27
474 27
373 29
387 29
418 29
428 29
343 30
359 30
407 30
204 31
266 31
326 31
441 31
447 33
253 34
316 35
239 36
228 38
304 38
463 38
349 39
285 40
370 40
378 40
472 40
390 41
409 41
421 41
423 41
208 42
285 42
404 42
425 42
336 43
257 44
263 44
270 44
330 45
448 45
331 47
322 48
233 49
245 49
385 49
459 49
465 49
183 50
398 50
353 51
360 51
399 51
220 52
299 52
471 52
424 53
428 53
277 54
285 54
435 54
436 54
444 55
200 56
453 56
252 59
344 59
345 59
355 59
467 59
182 60
259 60
317 60
364 60
384 60
241 61
312 61
320 61
346 61
351 61
236 62
291 62
369 62
394 62
276 63
286 63
291 63
294 63
385 63
220 64
165 65
433 66
443 69
387 70
456 70
200 71
290 71
336 71
392 71
310 72
355 72
469 72
275 73
285 73
323 73
347 73
361 73
409 73
263 74
411 74
188 75
248 75
235 76
177 79
430 79
215 81
400 82
454 82
207 83
336 84
463 84
297 85
328 85
341 85
154 86
252 86
313 86
420 86
474 86
265 87
346 87
361 87
418 87
194 88
350 88
369 88
245 89
425 89
435 90
141 92
224 92
385 92
172 93
215 93
219 94
394 94
397 94
388 95
283 96
312 96
399 96
412 96
458 96
280 97
297 97
337 97
397 97
152 99
199 99
277 99
346 99
353 99
469 99
259 100
340 100
350 100
417 100
427 101
179 102
371 102
478 103
167 104
228 105
215 107
447 108
313 109
321 109
331 109
407 109
134 110
278 110
286 110
299 110
327 110
336 110
202 111
263 111
325 111
417 111
252 112
344 112
353 112
419 112
459 112
415 113
466 113
424 114
119 115
163 115
251 115
385 115
233 117
243 117
428 117
430 117
187 118
387 118
436 118
477 118
234 119
297 120
305 120
444 120
147 121
218 121
342 121
357 121
285 122
343 122
353 122
326 123
360 123
172 124
335 124
164 125
199 125
128 126
162 126
194 126
257 126
371 126
457 126
158 127
242 127
412 127
192 128
199 128
422 128
112 129
388 131
471 131
188 132
222 132
309 132
295 133
351 133
431 133
479 133
321 134
173 135
207 135
273 135
401 135
441 135
136 136
368 137
163 138
413 138
241 139
450 139
156 140
379 140
419 141
428 142
118 143
464 143
301 144
394 144
282 145
210 146
310 146
318 146
327 146
473 146
174 147
247 147
254 147
335 147
439 147
102 148
245 148
134 149
347 149
359 149
406 149
241 150
226 151
370 152
417 152
448 152
156 153
116 156
259 156
290 156
383 156
205 157
307 157
334 157
341 157
462 157
470 157
143 158
243 158
321 158
346 158
399 158
434 158
242 159
344 159
173 160
351 160
131 161
165 161
356 161
413 162
478 162
189 163
369 163
446 164
120 165
157 165
202 165
275 165
287 165
202 166
248 166
259 166
282 166
338 166
94 167
190 167
191 167
288 167
296 167
424 167
455 167
234 168
335 168
338 168
428 168
390 169
393 169
395 169
83 170
109 170
178 170
363 170
136 171
224 171
230 171
439 171
467 171
205 173
210 173
284 174
259 175
272 175
128 176
419 176
192 177
245 177
325 177
338 177
423 177
149 178
187 178
311 178
328 178
340 178
382 178
422 178
449 178
89 179
342 179
384 179
425 179
114 181
344 181
458 181
362 182
215 183
172 184
359 184
407 184
130 185
273 185
470 185
162 186
251 186
288 186
311 186
447 186
194 187
238 187
311 187
319 187
379 187
413 187
261 188
374 188
441 188
150 189
237 189
382 189
415 189
225 190
238 190
423 190
114 191
177 191
179 191
381 191
341 192
171 193
353 193
431 193
457 193
168 194
389 194
432 194
202 195
265 195
277 195
302 195
303 195
305 195
323 195
355 195
398 195
166 196
246 196
318 196
353 196
464 197
88 198
119 198
151 199
233 199
217 200
142 201
471 201
108 202
175 202
335 202
375 202
447 202
78 203
201 203
318 203
412 203
283 204
335 204
338 204
383 204
422 204
131 205
293 205
392 206
457 206
478 206
224 207
432 207
94 208
125 208
126 208
157 208
181 208
234 208
306 209
356 209
144 210
215 210
303 210
402 210
199 211
314 211
317 211
325 211
366 211
166 212
290 214
330 214
333 214
108 215
129 215
283 215
293 215
337 215
391 215
79 216
182 216
264 216
281 216
338 216
376 216
419 216
447 216
304 217
472 217
231 218
149 219
405 219
455 219
120 220
218 220
207 221
385 221
433 221
167 222
317 222
361 222
68 223
142 223
194 223
89 224
109 225
181 225
273 225
332 225
420 225
284 226
471 226
153 227
289 227
401 227
254 228
446 228
59 229
79 229
124 229
229 229
240 229
408 229
101 230
214 230
356 230
376 230
156 231
167 231
318 231
353 231
392 231
159 232
417 232
140 233
193 233
432 233
67 234
458 234
140 235
180 235
330 235
338 235
90 236
114 236
276 236
295 237
336 237
369 237
169 238
233 238
265 238
277 238
302 238
341 238
409 238
134 239
341 239
466 239
131 240
222 240
251 240
310 240
343 240
352 240
394 240
444 240
79 241
163 241
230 241
156 242
195 242
216 242
308 242
384 242
98 243
148 243
315 243
193 244
324 244
362 245
474 245
48 246
68 246
281 246
424 246
184 247
453 247
172 248
225 248
141 249
338 249
395 249
221 250
256 250
432 250
41 251
166 251
301 251
347 251
460 251
56 252
157 252
214 252
401 252
380 253
407 253
440 253
441 253
271 254
273 254
130 255
189 255
196 255
98 256
421 256
466 256
104 257
181 257
256 257
283 257
119 258
252 258
282 258
415 258
69 259
210 259
238 259
241 259
262 259
429 259
48 260
99 260
293 260
395 260
83 261
85 261
170 261
198 261
372 261
451 261
140 262
173 262
159 263
385 263
479 265
132 266
184 266
242 266
310 266
312 266
441 266
38 267
253 267
264 267
314 267
52 269
69 269
176 269
429 269
180 270
463 270
83 271
223 271
396 271
430 271
104 272
143 272
203 272
292 272
370 272
384 272
446 272
201 273
300 274
390 275
405 275
406 275
420 275
41 276
78 276
325 276
352 276
436 276
455 276
59 277
113 277
185 277
264 277
433 277
474 277
271 278
310 278
425 278
109 279
132 279
279 279
397 279
429 279
221 280
379 280
313 281
336 281
462 282
189 283
204 283
208 283
366 283
346 284
30 285
128 285
234 285
295 285
421 285
70 286
126 286
183 286
370 286
419 286
46 287
246 287
393 287
80 288
122 288
448 288
331 289
390 289
410 289
170 290
172 290
262 290
376 290
276 292
455 292
90 293
113 293
135 293
400 293
60 294
196 294
203 294
237 294
283 294
476 294
35 295
87 295
134 295
287 295
326 295
381 295
435 295
154 296
195 296
249 297
346 297
464 297
292 298
295 298
331 298
52 299
152 299
256 299
176 300
389 300
77 301
104 301
126 301
269 301
407 301
147 302
148 302
338 302
444 302
95 303
322 303
355 303
430 303
28 304
99 304
172 304
228 304
93 305
220 305
277 305
361 305
449 305
45 306
310 306
209 307
216 307
240 307
376 307
88 308
111 308
132 308
198 308
242 308
413 308
111 309
209 309
213 309
285 309
397 309
419 309
252 310
347 310
62 311
158 311
187 311
189 311
259 311
471 311
40 313
314 313
401 313
439 313
440 313
102 315
300 315
334 315
456 315
478 315
84 316
273 316
319 316
172 317
176 317
189 317
321 317
174 318
228 318
354 318
444 318
56 319
182 319
389 319
405 319
428 319
34 320
247 320
341 320
374 320
411 320
429 321
144 322
283 322
392 322
463 322
120 323
47 324
90 324
112 324
260 324
27 325
137 325
367 326
451 326
133 327
195 327
209 327
134 328
183 328
186 328
223 328
232 328
271 328
316 328
399 328
82 329
152 329
271 329
333 329
88 330
241 330
410 330
128 331
150 331
189 331
245 331
352 331
247 332
275 332
387 332
61 333
81 333
99 333
104 333
125 333
251 333
38 334
277 334
469 334
15 335
375 335
292 336
457 336
142 337
170 337
257 337
325 337
444 337
59 338
259 338
74 339
143 339
276 339
418 339
200 340
295 340
390 340
73 341
117 341
210 341
224 341
360 341
393 341
474 341
53 342
161 342
163 342
294 342
439 342
88 343
236 343
25 344
47 344
86 344
159 344
315 344
346 344
381 344
48 345
439 345
128 346
154 346
330 346
413 346
107 347
183 347
427 347
462 347
134 348
176 348
179 348
86 349
127 349
159 349
415 349
303 350
319 350
369 350
430 350
64 351
128 351
148 351
448 351
19 352
287 353
386 353
467 353
40 354
225 354
336 354
58 355
207 355
302 355
318 355
360 355
371 355
389 355
433 355
75 356
99 356
172 356
174 356
200 356
80 357
148 357
232 357
258 357
289 357
451 357
322 358
351 358
389 358
98 359
96 360
255 360
233 361
308 361
377 361
422 361
454 361
32 362
243 362
340 362
160 363
112 364
133 364
278 364
342 364
369 364
474 364
9 365
90 365
294 366
325 366
396 366
90 367
180 367
262 367
310 367
48 368
85 368
153 369
178 369
220 369
383 370
459 370
66 371
109 371
209 371
232 371
341 371
446 371
358 372
400 372
431 372
432 372
326 373
341 373
26 374
125 374
128 374
205 374
238 374
328 374
414 374
432 374
78 375
146 375
196 375
263 375
463 375
169 376
281 376
344 376
146 377
200 377
327 377
18 378
171 378
173 378
298 378
375 378
139 379
251 379
421 379
268 380
313 380
434 380
91 381
135 381
161 381
347 381
448 381
35 382
111 382
231 382
283 382
361 382
434 382
71 383
163 383
192 383
53 384
117 384
330 384
391 384
404 384
467 384
230 385
108 386
160 386
216 386
438 386
301 387
318 387
347 387
348 387
440 387
454 387
163 388
334 388
9 389
83 389
106 389
182 389
187 389
236 389
25 390
155 390
408 390
184 391
205 391
252 391
271 391
334 391
363 391
472 391
152 392
286 392
332 392
335 392
381 392
439 392
109 393
183 393
235 393
151 394
395 394
61 395
101 395
205 395
236 395
438 395
45 396
123 396
203 396
123 397
203 397
236 397
274 397
306 397
443 397
219 398
349 398
460 398
74 399
173 399
199 399
476 399
142 400
224 400
337 400
368 400
152 401
257 401
17 402
93 402
124 402
147 402
336 402
382 402
167 403
195 403
322 403
431 403
36 404
68 404
97 404
268 404
232 405
285 405
399 405
68 406
161 406
287 406
320 406
371 406
466 406
114 407
137 407
351 407
185 408
210 408
361 408
450 408
60 409
230 409
270 409
304 409
142 410
156 410
161 410
140 411
189 411
268 411
338 411
180 412
287 412
312 413
431 413
100 414
106 414
136 414
189 414
227 414
246 414
387 414
401 414
179 415
205 415
208 415
283 415
314 415
325 415
52 416
183 416
188 416
233 416
470 416
79 417
111 417
127 417
231 417
178 418
204 418
23 419
50 419
99 419
255 419
301 419
314 419
44 420
151 420
158 420
204 420
242 420
253 420
50 421
156 421
180 421
227 421
269 421
364 421
460 421
375 422
448 422
117 423
129 423
197 423
290 423
313 423
387 423
75 424
91 424
157 424
200 424
327 424
407 424
170 425
209 425
420 425
94 426
207 426
225 426
474 426
342 427
464 427
266 428
285 428
117 429
200 429
239 429
378 429
13 430
90 430
143 430
252 430
354 430
425 430
440 430
168 431
194 431
218 431
300 431
91 432
118 432
174 432
270 432
31 433
116 433
261 433
392 433
410 433
112 434
168 434
181 434
52 435
82 435
221 435
366 435
441 435
468 435
478 435
91 436
131 436
133 436
248 436
301 436
407 436
456 436
47 437
77 437
197 437
218 437
328 437
428 437
53 438
357 438
22 439
48 439
83 439
110 439
133 439
160 439
210 439
237 439
263 439
405 439
164 440
172 440
298 440
312 440
159 441
417 441
135 442
284 442
343 442
74 443
95 443
99 443
105 443
243 443
244 443
406 443
66 444
190 444
286 444
447 444
151 445
230 445
314 445
153 446
207 446
244 446
384 446
406 446
39 447
74 447
94 447
211 447
382 447
461 447
206 448
228 448
358 448
392 448
123 449
372 449
384 449
409 449
57 450
151 450
163 450
214 450
93 451
98 451
209 451
302 451
313 451
395 451
448 451
185 452
264 452
296 452
421 452
61 453
315 453
370 453
58 454
91 454
342 454
370 454
466 454
326 455
25 456
84 456
114 456
221 456
264 456
396 456
409 456
48 457
82 457
224 457
411 457
275 458
279 458
284 458
359 458
399 458
433 458
179 459
234 459
261 459
201 460
434 460
71 461
453 461
45 462
262 462
311 462
373 462
16 463
293 463
410 463
74 464
108 464
150 464
398 464
400 464
425 464
67 465
96 465
101 465
230 465
293 465
131 466
258 466
400 466
150 467
468 467
35 468
169 468
196 468
244 468
331 468
383 468
94 469
292 469
341 469
361 469
384 469
225 470
373 470
276 471
309 471
386 471
211 472
311 472
350 472
457 472
423 473
89 474
92 474
99 474
241 474
376 474
86 475
268 475
308 475
400 475
474 475
96 476
141 476
159 476
243 476
296 476
362 476
387 476
82 477
86 477
120 477
163 477
185 477
205 477
362 477
24 478
428 478
441 478
140 479
239 479
399 479
413 479
308 480
374 480
387 480
427 480
154 481
175 481
236 481
364 481
430 481
200 482
252 482
268 482
325 482
340 483
16 484
78 484
413 484
426 484
147 485
350 485
460 485
290 486
198 487
361 487
378 487
149 488
194 488
231 488
303 488
447 488
301 489
364 489
478 489
34 490
142 490
288 490
429 490
438 490
68 491
144 491
178 491
190 491
244 491
101 492
264 492
428 492
149 493
189 493
318 493
322 493
365 493
377 493
93 494
106 494
387 494
415 494
453 495
27 496
141 496
319 496
336 496
376 496
302 497
56 498
171 498
192 498
350 498
466 498
400 499
90 500
166 500
126 501
186 501
259 501
317 501
388 501
429 501
119 503
124 503
165 503
84 504
163 504
183 504
298 504
363 504
89 505
161 505
404 505
428 505
43 506
150 506
177 506
183 506
216 506
235 506
316 506
360 506
237 507
274 507
332 507
432 507
456 507
76 508
444 508
254 509
389 509
109 511
110 511
19 512
32 512
392 512
429 512
65 513
171 513
210 513
349 513
362 513
232 514
270 514
109 515
298 515
291 516
407 516
446 516
463 516
372 517
390 517
87 518
246 518
89 519
143 519
433 519
166 520
419 520
434 520
130 521
265 521
432 521
51 522
138 522
182 522
202 522
241 522
243 522
267 522
310 522
327 523
360 523
423 523
470 523
178 524
281 524
123 525
215 525
286 525
128 526
238 526
342 526
437 526
35 527
80 527
217 527
307 527
423 527
194 528
238 528
368 528
392 528
438 528
379 529
436 529
169 530
408 530
70 531
208 531
110 532
383 532
146 533
281 533
298 533
392 533
426 533
472 533
152 534
302 534
322 534
424 534
436 534
455 534
103 535
231 535
408 535
425 535
55 536
271 536
355 536
423 538
86 540
336 540
381 540
393 540
479 541
200 542
295 542
414 542
426 542
37 543
223 543
75 544
134 544
140 544
189 544
296 544
130 545
248 545
411 545
458 545
312 546
383 546
410 546
424 546
125 547
132 547
65 548
122 548
243 548
353 548
367 548
261 549
121 550
108 551
184 551
313 551
333 551
445 551
235 552
306 552
51 553
238 553
265 553
173 554
257 554
398 554
144 555
145 555
152 555
307 555
141 556
281 556
349 556
92 557
261 557
285 557
308 557
463 557
259 558
195 559
211 559
287 559
328 559
398 560
302 561
450 561
75 562
129 562
191 562
377 562
53 563
155 563
277 563
131 564
119 565
142 565
152 565
179 565
249 565
362 565
470 565
203 566
297 566
358 566
437 566
123 567
111 568
125 568
321 568
389 568
423 568
147 569
218 569
242 569
325 569
100 570
171 570
176 570
184 570
359 570
99 571
321 571
444 571
217 572
263 572
457 572
88 573
247 573
321 573
353 573
371 573
178 574
289 574
164 575
314 575
53 576
71 576
169 576
354 576
239 577
197 578
277 579
279 579
307 579
227 580
364 580
379 580
280 581
127 582
141 582
187 582
191 582
326 582
139 583
182 583
221 583
418 583
452 583
127 584
253 584
257 584
279 584
412 584
191 585
251 585
327 585
437 585
467 585
101 586
115 586
178 586
221 586
253 586
213 587
348 587
358 587
377 587
416 587
78 588
319 588
400 588
458 588
240 589
250 589
297 589
64 590
420 590
172 591
235 591
428 592
154 593
162 593
140 594
336 594
131 595
431 595
136 596
361 596
388 596
81 597
112 597
116 597
120 597
225 597
232 597
290 597
336 597
468 597
338 598
453 598
84 599
145 599
185 599
194 599
354 599
398 599
222 600
311 600
255 601
378 601
414 602
329 603
347 604
368 604
174 605
447 605
473 605
279 606
299 606
426 606
161 609
205 609
317 609
79 610
237 610
71 611
271 611
98 612
190 612
459 612
112 613
124 613
136 613
151 613
357 613
435 613
339 614
403 614
379 615
410 615
306 616
256 617
368 618
220 619
422 619
445 619
210 620
297 620
468 620
240 621
284 622
326 622
358 622
146 623
186 623
164 624
347 626
267 627
315 627
99 628
457 628
400 629
413 630
304 631
372 631
423 631
116 632
130 632
387 632
255 633
431 633
235 634
332 634
206 635
289 635
360 635
145 636
218 636
438 636
157 637
346 637
164 638
172 638
195 638
182 639
277 639
