215 2
419 2
256 4
314 4
377 5
297 6
385 6
404 6
474 6
360 9
199 11
348 11
235 12
274 13
444 14
184 15
328 16
430 17
222 18
416 18
311 19
406 19
163 20
468 20
249 21
461 21
395 22
205 23
378 23
298 24
362 25
284 26
190 28
349 28
235 29
331 30
139 31
268 31
467 31
177 32
320 33
443 33
387 34
413 34
426 34
218 35
305 37
372 37
248 38
290 39
161 41
355 41
116 42
201 42
336 42
240 43
345 43
451 45
468 45
138 46
193 46
229 46
329 46
436 46
429 47
194 48
320 48
403 48
422 48
302 50
380 50
396 50
414 50
222 51
363 52
216 53
242 54
358 54
125 55
285 55
155 56
210 56
336 56
206 57
330 57
412 57
441 57
407 58
428 58
459 58
475 59
309 61
409 61
105 64
252 64
299 64
140 65
234 65
174 67
368 67
384 67
397 67
219 68
275 69
280 69
422 69
176 70
220 70
226 70
401 70
411 70
164 71
275 71
337 71
437 71
444 71
462 71
326 72
126 73
207 73
254 74
216 75
265 75
310 76
254 77
192 78
203 78
150 79
293 79
187 80
190 80
194 80
106 82
279 82
192 83
378 83
132 84
184 84
233 84
361 84
447 84
135 85
139 85
359 85
413 85
217 86
264 86
275 86
431 86
461 86
266 87
330 87
345 87
220 88
314 88
129 89
122 90
314 91
292 92
203 93
106 95
240 95
144 98
153 98
190 98
194 98
380 98
384 98
386 98
357 99
476 99
265 100
342 100
412 100
428 100
90 101
371 101
436 101
464 101
182 102
256 102
331 102
303 103
316 104
213 105
448 105
80 106
135 106
216 106
125 107
130 107
158 107
205 108
290 108
459 108
201 109
236 109
289 109
283 110
159 111
190 111
230 111
108 112
156 112
226 112
271 113
384 113
149 114
182 114
405 114
258 115
474 115
335 116
399 116
422 116
327 117
349 117
358 117
168 118
319 118
206 119
293 119
209 120
243 121
443 121
123 122
296 122
82 123
460 123
187 124
274 124
222 125
391 125
113 126
216 126
404 126
465 126
217 127
222 127
371 127
378 127
416 127
408 128
412 128
243 129
424 129
204 130
355 130
169 131
328 131
340 131
432 131
132 132
232 133
94 134
158 134
132 135
270 135
258 136
448 136
127 137
181 137
200 139
202 139
348 139
80 140
384 140
402 140
110 141
339 141
368 141
235 142
419 142
424 142
469 142
140 143
311 143
135 144
285 144
288 144
171 145
247 149
369 149
91 150
204 150
447 150
123 151
343 151
358 151
148 152
154 152
390 152
186 153
325 153
303 154
459 154
82 156
280 156
415 156
103 157
211 157
265 157
134 158
174 158
214 158
474 158
430 160
70 161
161 161
123 162
152 162
163 162
326 162
308 163
337 163
360 163
307 164
147 165
280 165
291 165
367 165
406 165
86 166
179 166
449 166
115 167
379 167
252 168
384 168
408 168
416 168
409 169
334 170
308 172
337 172
354 172
69 173
96 173
153 173
237 173
391 173
100 174
185 174
437 174
466 174
282 175
92 176
357 176
182 177
88 178
374 178
447 178
210 179
256 179
373 179
409 180
247 182
137 183
293 184
308 184
317 184
347 184
419 184
73 185
276 185
341 185
351 185
427 185
217 186
313 187
460 187
100 188
122 188
362 189
430 189
149 190
203 190
250 190
203 191
209 191
439 191
469 191
57 192
242 192
418 193
139 194
108 195
347 195
382 195
444 195
157 196
301 196
311 196
315 196
342 197
66 198
126 198
280 198
315 198
234 199
240 199
286 199
263 200
402 201
430 201
459 201
202 202
267 202
406 202
95 203
217 203
434 203
89 204
369 204
468 205
52 206
252 206
384 206
79 207
188 207
291 207
301 207
312 208
332 208
352 208
133 209
321 209
357 209
438 209
157 210
328 210
364 211
443 211
403 212
99 213
147 213
229 213
118 214
200 214
261 214
66 215
170 215
120 216
90 217
319 217
422 217
136 218
166 218
212 218
246 218
456 218
109 219
134 219
157 219
299 219
335 219
184 220
53 221
237 221
274 221
343 221
403 222
438 222
265 223
360 223
401 223
464 223
403 224
434 224
74 225
102 225
173 225
222 225
263 226
414 226
45 227
248 227
371 227
141 228
380 228
206 229
238 229
317 229
389 229
416 229
289 230
303 230
322 230
324 230
290 231
343 231
113 232
115 232
163 232
298 232
300 232
133 233
222 233
284 233
459 233
54 235
152 235
364 235
394 235
133 236
215 236
262 236
432 236
96 237
189 237
306 238
72 239
184 239
375 239
471 239
242 240
376 240
443 240
143 241
323 241
415 242
64 243
159 243
224 243
344 243
134 244
136 244
192 244
357 244
214 245
270 245
273 245
281 245
390 245
393 245
421 245
355 246
452 246
129 247
302 247
359 247
57 248
256 248
310 248
362 248
90 249
112 249
114 249
131 249
364 249
109 250
252 250
366 250
123 252
405 252
141 253
160 253
233 253
464 253
88 254
136 254
441 254
64 255
84 256
288 256
217 257
267 257
274 257
297 257
475 257
82 258
136 258
151 258
169 258
276 258
392 258
418 258
327 260
452 260
178 261
258 261
403 261
127 262
180 262
205 262
250 262
323 262
17 263
325 263
342 263
51 264
93 264
122 264
234 264
341 264
388 264
64 265
200 265
431 265
81 266
340 266
345 266
386 266
191 268
282 268
80 269
140 269
220 269
277 269
309 269
362 269
404 269
469 270
256 271
323 271
16 272
152 272
271 272
316 272
377 272
153 273
335 273
373 273
416 273
384 274
446 274
248 275
331 275
347 275
28 276
340 276
379 276
168 277
346 277
123 278
228 278
302 278
103 279
122 279
141 279
146 279
67 280
167 280
430 280
101 281
141 281
314 281
63 282
326 282
406 282
59 283
120 283
183 283
372 283
263 284
59 285
76 285
95 285
203 285
208 285
442 285
466 285
21 286
418 286
41 287
71 287
91 287
385 287
111 288
129 288
173 288
199 288
387 288
127 289
351 289
478 289
71 290
108 290
148 290
151 290
153 290
216 290
11 291
233 291
30 293
100 293
428 293
451 293
167 294
298 294
398 294
47 295
253 295
271 295
371 295
80 296
138 296
161 296
250 296
265 296
334 296
410 296
98 297
175 297
56 298
95 298
298 298
307 298
375 298
112 299
157 299
343 299
457 299
92 300
379 300
438 300
167 301
302 301
149 302
398 302
19 303
68 303
73 303
316 303
467 303
323 304
395 304
158 305
424 305
33 306
50 306
256 306
272 306
322 306
63 307
86 307
283 307
288 307
402 307
119 308
239 308
409 308
197 309
199 309
279 309
300 309
153 310
337 310
366 310
452 310
304 311
308 311
98 312
345 312
438 312
478 312
7 313
133 313
258 313
25 314
165 314
206 315
319 315
186 316
403 316
250 317
354 317
384 317
285 318
428 318
465 318
88 319
251 319
290 319
102 320
241 320
249 320
87 321
263 321
286 321
81 322
127 322
298 322
300 322
330 322
337 322
395 322
148 323
267 323
399 323
413 323
417 323
477 323
118 324
188 324
216 324
219 324
346 324
454 324
11 325
80 325
101 325
120 325
419 325
61 326
206 326
31 327
139 327
381 327
438 327
120 328
355 328
278 329
315 329
406 329
461 329
185 330
241 330
204 331
230 331
330 331
116 332
181 332
231 332
259 332
392 332
51 333
91 333
362 333
102 334
104 334
174 334
181 334
261 334
336 334
21 335
260 335
333 335
430 335
132 336
274 336
416 336
418 336
471 336
211 337
422 338
432 338
434 338
451 338
68 339
13 340
70 340
99 340
113 340
287 340
126 341
380 341
382 341
433 341
67 342
162 342
478 342
31 343
108 343
386 343
124 344
224 344
254 344
300 344
64 345
65 345
254 346
264 346
387 346
440 346
463 346
5 347
107 347
181 347
186 347
156 348
217 348
274 348
414 348
62 349
315 349
358 349
78 350
283 350
418 350
21 351
157 351
289 351
115 353
446 353
59 354
172 354
88 355
116 355
197 355
474 355
54 356
171 356
236 356
424 356
428 356
195 357
234 357
247 357
353 357
237 358
430 358
406 359
33 360
162 360
216 360
257 360
343 360
453 360
186 361
279 361
321 361
47 362
163 362
289 362
411 362
82 363
295 364
311 364
366 364
391 364
62 365
92 365
108 365
124 365
267 365
436 365
460 365
106 366
158 366
272 366
275 366
331 366
121 367
142 367
203 367
3 368
227 368
155 369
420 369
176 370
193 370
333 370
118 371
203 371
284 371
286 371
307 371
421 371
322 372
468 372
220 373
377 373
101 374
263 374
362 374
97 375
295 375
99 376
189 376
218 376
451 376
115 377
144 377
244 377
66 378
130 378
210 378
15 379
34 379
145 379
215 379
232 379
267 379
389 379
211 380
205 381
369 381
67 382
141 382
182 383
393 383
8 385
205 385
209 385
434 385
474 385
46 386
398 386
457 386
91 387
140 387
250 387
310 387
26 388
228 388
63 389
258 389
292 389
402 389
174 390
196 390
104 391
224 391
229 391
264 391
151 392
349 392
391 392
424 392
262 393
71 394
270 394
463 394
191 395
102 396
153 396
412 396
57 397
209 397
241 397
357 397
447 397
248 398
302 398
378 398
18 399
67 399
148 399
323 399
53 400
128 400
164 400
247 400
342 400
234 401
433 401
36 402
100 402
252 402
362 402
401 402
48 403
140 403
160 403
419 403
475 403
81 405
441 405
109 406
179 406
270 406
310 406
364 406
370 406
382 406
14 407
48 408
159 408
198 408
223 408
268 408
368 408
460 408
347 409
159 410
161 410
277 410
350 410
407 410
30 411
392 411
62 412
446 412
45 413
77 413
121 413
159 413
217 413
221 413
335 413
353 413
428 413
281 414
318 414
464 414
284 415
302 415
43 416
216 416
356 416
378 416
240 417
60 418
92 418
235 418
260 418
280 418
289 418
413 418
40 420
53 420
377 420
450 420
104 421
245 422
251 422
308 422
5 423
263 423
325 423
438 423
473 423
50 424
53 424
115 424
260 424
312 424
343 424
211 425
207 426
294 426
368 426
33 427
189 427
423 427
48 428
153 428
167 428
406 428
67 429
232 429
332 429
345 429
295 430
314 430
210 431
464 431
16 432
191 432
248 432
123 433
193 433
229 433
291 433
396 433
449 433
68 434
279 434
430 434
82 435
188 435
412 435
49 436
165 436
46 437
96 437
251 437
368 437
80 438
111 438
257 438
283 438
396 438
10 439
60 439
189 439
227 439
478 439
264 440
243 441
260 441
313 441
162 442
282 442
436 442
456 442
131 443
150 443
299 443
131 445
265 445
418 445
145 446
211 446
403 446
21 447
76 447
344 448
442 448
57 449
102 449
208 449
317 449
391 449
191 450
423 450
4 451
245 451
358 452
371 452
86 453
107 453
230 453
159 454
161 454
287 454
107 455
208 455
210 455
305 455
448 455
229 456
331 456
430 456
34 457
301 457
398 457
413 457
358 458
102 459
180 459
271 459
321 459
130 460
86 461
118 461
230 461
244 461
376 461
419 461
160 462
321 462
349 462
118 463
42 464
267 464
321 464
458 464
100 465
336 465
361 465
439 465
23 467
198 467
216 467
394 467
58 468
100 468
264 468
339 468
366 468
405 468
423 469
325 470
82 471
326 471
257 472
328 472
383 472
196 473
198 473
229 473
38 474
249 474
476 474
118 475
428 475
127 476
201 476
463 476
114 477
115 477
279 477
447 477
208 478
184 479
357 479
386 479
401 479
415 479
21 480
54 480
148 480
179 480
189 480
67 481
147 481
82 482
99 482
374 482
466 482
190 483
356 483
372 483
433 483
330 484
344 484
417 484
129 485
114 486
187 486
220 486
372 486
35 487
233 488
377 489
457 489
16 490
51 490
243 490
249 490
317 490
440 490
473 490
166 491
196 491
246 491
254 491
293 491
390 491
50 492
54 492
67 492
81 492
150 493
287 493
98 494
285 495
49 496
168 496
186 496
272 496
410 496
13 497
35 497
51 497
209 497
424 497
425 497
152 498
466 498
65 499
118 499
301 499
335 499
381 499
170 500
222 500
320 500
289 501
413 501
33 502
51 502
97 502
261 502
286 502
305 502
382 502
434 502
451 502
172 503
432 503
83 504
236 504
260 504
135 505
398 505
279 506
300 506
369 506
386 506
107 507
155 507
243 507
355 508
457 508
298 509
474 509
419 510
176 511
276 511
405 511
280 512
182 513
163 514
309 514
317 514
319 514
370 514
183 515
332 515
343 515
377 515
444 515
51 516
207 516
321 516
341 516
394 516
83 517
218 517
249 517
273 517
466 517
14 518
33 518
53 518
98 518
240 519
306 519
126 521
228 521
293 521
98 522
266 522
293 522
431 522
114 523
112 524
172 524
257 524
52 525
251 525
362 525
450 525
34 526
251 527
348 527
474 527
52 528
86 528
115 528
291 528
393 528
147 529
202 529
208 529
293 529
130 530
151 530
183 530
217 530
232 530
241 530
291 530
17 531
71 531
88 531
383 531
101 532
272 532
319 532
32 533
50 533
135 533
275 533
434 533
459 533
74 534
155 534
183 534
439 534
188 535
335 535
370 535
399 535
259 536
261 536
266 536
417 536
418 537
406 538
464 538
91 539
313 539
443 539
353 540
420 540
469 540
220 541
384 541
121 542
220 542
403 542
163 543
249 543
372 543
386 543
79 544
78 545
40 546
237 546
64 547
375 547
23 548
43 548
98 548
477 548
125 549
272 549
340 549
359 549
426 549
84 550
152 550
155 550
376 550
388 551
411 551
63 552
266 552
297 552
437 552
6 553
208 553
210 553
45 554
257 554
134 555
262 555
46 556
459 556
50 557
67 557
52 558
90 558
419 558
115 559
316 559
318 559
139 560
281 560
381 560
419 560
439 560
119 561
201 561
378 561
149 562
346 562
22 563
76 563
77 563
205 563
378 563
421 563
213 564
271 564
365 564
179 565
228 565
52 566
264 566
296 567
306 567
310 567
407 567
159 568
261 568
385 568
56 569
104 569
128 569
297 569
404 569
450 569
295 570
383 570
254 571
110 572
116 572
138 572
201 572
430 572
278 573
341 573
476 573
69 574
87 574
91 574
210 574
354 574
204 575
408 575
72 576
329 576
391 576
393 576
45 577
170 577
271 577
313 577
376 578
394 578
69 579
122 579
174 580
183 580
311 580
463 580
153 582
291 582
297 582
362 582
399 582
128 583
190 583
110 584
223 584
250 584
297 584
336 584
365 584
238 585
252 585
428 585
445 585
83 586
216 586
227 586
250 586
208 587
110 588
137 588
168 588
200 588
202 588
203 588
213 588
433 588
228 589
282 589
354 589
13 590
172 590
373 590
436 591
457 591
92 592
398 592
48 593
150 593
176 593
273 593
313 594
392 594
76 595
295 595
306 595
49 596
183 596
396 596
199 597
355 597
103 598
306 598
420 598
60 599
199 599
255 599
34 600
62 600
97 600
161 600
200 600
230 600
345 600
398 600
238 601
291 601
329 602
472 602
132 603
432 603
10 604
108 604
249 604
274 605
16 607
318 607
213 608
385 608
438 608
267 609
78 610
120 610
147 610
206 610
157 611
414 611
221 612
302 612
56 613
126 614
187 614
233 614
94 615
359 615
425 615
295 616
401 616
31 617
337 617
104 618
134 618
281 619
323 620
380 620
463 620
251 621
312 621
233 622
389 622
412 623
47 624
209 624
75 625
197 625
225 625
448 627
286 628
124 630
61 631
353 631
374 632
333 633
272 635
321 635
402 635
306 636
