259 24
266 24
284 25
296 26
308 26
324 27
337 29
352 30
366 35
236 38
384 38
217 39
228 39
249 39
196 40
256 40
263 40
203 41
276 41
428 41
191 42
396 42
302 43
436 44
321 45
175 46
338 48
349 48
362 49
236 50
368 51
412 52
226 56
234 56
420 56
217 57
247 57
260 57
375 57
256 58
281 58
385 58
144 59
209 60
267 61
294 61
302 61
312 61
197 62
188 63
432 63
327 64
173 67
341 68
164 69
444 69
353 70
397 70
405 70
357 71
416 72
252 73
270 73
365 73
234 74
246 74
138 75
193 75
265 75
281 75
301 76
204 77
292 77
220 78
334 78
375 78
128 79
310 79
384 79
428 79
462 80
190 81
195 81
197 81
316 81
328 81
119 82
169 83
425 83
177 84
187 84
475 84
200 85
203 85
169 86
441 86
101 87
397 87
157 88
172 89
293 90
297 90
371 90
276 91
293 91
437 91
245 92
445 92
240 93
367 93
139 94
322 94
214 96
225 96
321 96
453 96
333 97
200 98
203 98
390 98
123 99
182 99
333 99
396 99
479 99
115 101
184 101
194 101
396 101
108 103
180 103
431 103
463 103
251 104
355 104
356 104
424 104
232 105
256 105
292 105
360 105
235 106
285 106
286 106
356 106
238 107
268 107
282 107
373 107
436 107
468 107
150 108
224 108
274 108
312 108
94 109
84 110
215 110
423 110
437 110
202 111
428 111
75 112
140 112
208 112
372 112
210 113
328 113
130 114
189 114
320 115
333 115
347 115
390 115
449 116
286 117
327 117
343 117
119 118
162 118
337 118
400 118
101 119
173 119
293 119
341 119
408 119
355 120
414 121
159 122
225 122
273 122
364 122
272 123
216 124
233 124
368 124
371 124
150 125
286 125
424 125
465 125
208 126
254 126
291 126
316 126
136 127
202 127
283 127
302 127
473 127
379 128
191 129
348 129
389 129
397 129
437 130
167 131
358 131
110 134
159 135
165 135
262 135
366 135
403 135
94 136
342 136
360 136
273 137
277 137
452 137
228 138
83 139
234 139
294 139
413 139
214 140
322 141
382 141
142 142
312 142
65 143
123 143
136 143
463 143
183 145
191 145
394 146
189 147
395 147
430 147
344 148
352 148
469 148
258 149
263 149
272 149
285 149
257 150
405 150
97 151
262 151
243 152
445 152
152 153
223 153
233 153
370 153
83 154
421 154
142 155
211 155
306 155
383 155
322 156
327 156
314 157
384 157
125 158
189 158
339 158
191 160
436 160
112 161
179 161
184 161
275 161
280 161
399 162
460 162
272 163
98 164
352 164
359 164
407 164
95 165
363 165
87 166
219 166
216 167
243 167
373 167
469 167
89 169
127 169
229 169
315 169
335 169
80 170
202 170
286 170
383 170
420 170
473 170
58 171
305 171
66 172
199 172
290 172
292 172
326 172
338 172
479 172
118 173
193 173
269 173
277 173
112 174
121 174
437 174
111 175
352 175
432 175
107 176
166 176
172 176
395 176
442 176
106 177
242 177
150 178
239 178
243 178
355 178
159 179
248 179
360 179
363 179
402 179
453 181
136 182
207 182
220 182
300 182
371 182
87 183
154 183
222 183
289 183
319 183
411 183
82 184
207 185
75 186
81 186
197 186
326 186
384 186
419 186
127 187
132 187
462 187
185 188
272 188
332 188
336 188
55 189
349 189
426 189
469 189
177 190
186 190
245 190
113 191
251 191
355 191
41 192
222 192
393 192
432 192
233 193
365 193
403 193
475 193
226 195
229 195
308 195
375 195
88 196
289 196
445 196
212 197
214 197
268 197
300 197
415 197
150 198
314 198
87 200
269 200
326 200
83 201
334 201
387 201
252 202
256 202
121 203
248 203
344 203
365 203
425 203
460 204
81 205
115 205
428 205
372 206
405 207
156 208
351 208
108 209
282 209
470 209
70 210
294 210
382 210
264 211
304 211
415 211
418 212
443 212
227 213
323 213
139 214
333 215
420 215
251 216
212 217
295 217
86 218
126 218
169 218
176 218
243 218
273 218
397 218
454 218
51 219
203 219
348 219
115 221
196 221
405 221
231 222
372 223
155 224
286 224
292 224
76 225
142 226
180 226
220 226
327 226
438 226
336 227
409 227
250 228
466 228
173 230
204 230
212 230
367 230
91 231
389 231
442 231
347 232
127 233
354 233
375 233
166 235
227 235
301 235
449 235
223 236
313 236
362 236
423 236
292 237
64 238
280 238
308 238
320 238
114 239
151 239
400 239
429 239
330 240
382 241
210 242
334 242
374 242
460 242
136 243
77 244
203 244
243 244
343 244
351 244
377 244
139 245
347 245
136 246
439 246
96 247
235 247
467 247
419 248
125 249
224 249
290 249
394 250
416 250
274 251
281 251
292 251
319 251
473 251
227 252
268 252
189 253
334 253
253 254
91 255
155 255
255 255
344 255
85 256
213 256
243 256
341 256
452 256
115 257
249 257
347 257
477 257
81 258
206 258
212 258
145 259
148 259
355 259
113 260
204 260
303 260
381 260
305 261
307 261
314 261
295 262
314 262
328 262
358 262
135 263
392 263
435 263
437 263
73 264
109 264
219 264
281 264
322 264
366 264
461 264
68 265
192 265
223 265
272 265
389 265
422 265
436 265
191 266
267 266
343 266
127 267
93 268
267 268
401 268
441 268
159 269
217 269
86 270
152 270
56 271
467 271
85 272
118 272
151 272
210 272
237 272
301 272
154 273
178 273
447 273
114 274
250 274
285 274
363 274
207 275
247 275
335 275
43 276
199 276
399 276
415 276
430 276
398 277
452 277
171 278
473 279
134 280
274 280
137 281
27 282
69 282
139 282
235 282
266 282
162 284
259 284
309 284
312 284
109 285
134 285
184 285
193 285
210 285
411 285
440 285
152 286
319 286
279 287
380 287
460 287
180 288
208 288
337 288
411 288
414 288
51 289
245 289
331 289
227 290
366 290
367 290
149 291
417 291
222 292
287 292
419 293
98 294
145 294
177 294
269 294
347 294
386 294
402 294
86 295
177 295
449 295
172 296
197 296
232 296
350 296
35 297
433 297
435 297
251 298
295 298
298 298
303 298
309 298
469 298
213 299
452 299
139 300
260 300
290 300
299 300
358 300
473 300
112 301
427 301
164 302
282 302
396 302
106 303
226 303
338 303
398 303
243 304
338 304
400 304
454 304
78 305
225 305
277 305
366 305
417 306
72 307
382 307
400 307
105 308
184 308
203 308
237 308
240 308
268 308
347 308
385 308
479 308
157 309
370 309
387 309
403 309
458 309
441 310
43 311
236 311
261 311
350 311
216 312
378 312
439 312
172 313
197 313
369 313
149 314
425 314
324 315
284 316
381 316
411 316
60 317
75 317
226 317
337 317
382 317
467 317
120 318
274 318
337 318
397 318
416 318
448 318
144 319
209 319
211 319
213 319
94 320
123 320
48 321
340 321
388 321
432 321
188 322
241 322
251 322
362 323
377 323
24 324
93 324
184 324
237 324
264 324
65 325
220 325
305 325
312 325
324 325
418 325
138 326
219 326
294 326
321 326
364 326
113 327
203 327
348 327
440 327
107 328
281 328
420 328
457 328
85 329
278 329
367 329
83 330
164 330
232 330
331 330
63 331
112 331
156 331
383 331
273 332
331 332
442 332
61 333
195 333
215 333
355 333
382 333
428 335
146 336
227 336
246 336
295 336
342 336
414 336
238 337
324 337
447 337
74 338
289 338
467 338
373 339
429 339
170 340
284 340
289 340
123 341
400 341
374 342
376 342
388 342
63 343
170 343
278 343
285 343
350 343
451 343
149 344
238 344
273 344
374 344
91 345
96 345
150 345
390 345
437 345
187 346
215 346
404 346
150 347
226 347
238 347
311 347
356 347
368 347
474 347
145 348
269 348
332 348
435 348
61 349
254 349
357 349
455 349
90 350
291 350
357 350
408 350
421 350
53 351
291 351
318 351
74 352
112 352
163 352
265 352
407 352
72 353
114 353
159 353
195 353
320 353
361 353
394 353
163 354
197 354
266 354
139 355
208 355
364 355
461 355
67 356
136 356
209 356
245 356
396 356
130 357
46 358
73 358
157 358
425 358
261 359
332 359
365 359
413 359
42 360
228 360
415 360
233 361
243 361
74 362
258 362
305 362
315 362
467 362
95 363
153 363
353 363
398 363
412 363
447 363
94 364
269 364
385 364
123 365
124 365
202 365
300 365
351 365
373 365
327 366
405 366
88 367
142 367
340 367
390 367
120 369
197 369
79 370
239 370
119 371
147 371
181 371
197 371
239 371
379 371
417 371
472 371
164 372
180 373
336 373
287 374
394 374
454 374
82 375
194 375
363 375
366 375
392 375
62 376
140 376
276 376
304 376
313 376
380 376
440 376
118 377
112 378
327 378
366 378
116 379
136 379
439 379
478 379
196 380
364 380
426 380
463 380
138 381
185 381
273 381
398 381
152 382
76 383
130 383
350 384
108 385
149 385
193 385
256 385
258 385
355 385
400 385
46 386
91 386
94 386
133 386
347 386
68 387
92 387
130 387
416 387
464 387
49 388
127 388
279 388
333 388
372 388
445 388
292 389
331 389
430 389
46 390
64 390
123 390
127 390
131 390
229 390
350 390
44 391
102 391
203 391
204 391
280 391
312 391
327 391
400 391
404 391
124 392
355 392
358 392
389 392
41 393
66 393
85 393
331 393
375 393
402 393
43 394
177 394
204 394
434 394
229 395
338 395
84 396
451 397
98 398
215 398
262 398
304 398
59 399
63 400
77 400
132 400
113 401
200 401
300 401
473 401
76 402
184 402
365 402
218 403
230 403
378 403
409 403
275 404
318 404
393 404
33 405
88 405
198 405
321 405
259 406
345 406
365 407
128 408
199 408
208 409
318 409
328 409
414 409
259 410
310 410
430 411
50 412
417 412
463 412
349 413
368 413
80 414
437 414
23 416
226 416
399 416
283 417
309 417
145 418
190 418
464 418
99 419
147 419
188 420
307 420
246 421
309 421
421 421
200 422
296 422
353 422
39 423
234 423
128 424
213 424
294 424
113 425
293 425
310 425
184 426
336 426
381 426
61 427
91 427
269 427
392 427
413 427
442 427
156 428
157 429
279 429
342 429
325 430
170 431
279 431
138 432
222 432
306 432
371 432
401 432
224 433
245 434
266 434
25 435
52 435
105 435
283 435
256 436
181 437
293 437
329 437
393 437
208 438
85 439
344 439
223 440
402 440
431 440
252 441
121 442
220 442
254 442
66 443
436 443
314 444
315 444
330 444
374 444
42 445
234 445
254 445
283 445
128 446
177 446
310 446
395 446
63 447
282 447
299 447
374 447
132 448
150 448
177 448
231 448
334 448
418 448
455 448
83 449
298 449
206 450
186 451
316 451
147 452
174 452
232 452
35 453
57 453
116 453
130 453
440 453
230 454
232 454
300 454
82 455
111 455
219 455
334 455
477 455
98 456
353 456
77 457
131 457
158 457
244 457
461 457
52 458
115 458
298 458
340 458
111 459
158 459
341 459
356 460
366 460
93 461
243 461
255 461
73 462
142 462
170 462
289 462
339 462
356 462
400 462
92 464
231 464
180 465
268 465
466 465
109 466
305 466
359 467
430 467
230 468
326 468
383 470
104 471
106 473
241 473
328 473
85 474
205 474
259 474
373 474
336 475
406 475
420 475
135 476
270 476
456 476
85 477
202 477
245 477
316 477
372 477
151 478
257 478
371 478
395 478
166 479
337 479
425 479
438 479
281 480
203 482
342 483
377 483
424 483
272 484
300 484
360 484
187 485
215 485
245 486
362 486
149 487
365 487
377 487
398 487
242 488
344 488
112 489
326 489
73 490
228 490
257 490
259 490
159 491
143 492
349 492
381 492
399 492
417 493
403 494
449 494
388 495
261 496
306 496
353 496
367 496
382 496
403 496
420 496
385 497
434 499
81 500
128 500
173 500
292 500
153 501
261 502
305 502
320 502
203 503
217 503
233 503
363 503
153 504
342 504
435 504
439 504
59 505
107 505
121 505
186 505
294 505
311 505
416 505
277 507
376 507
120 508
421 508
139 509
311 509
152 510
248 510
295 511
420 511
69 512
138 512
330 512
350 512
399 512
123 513
203 513
376 514
154 515
318 515
249 516
423 516
152 517
233 517
251 517
383 517
169 518
185 518
319 518
449 518
135 519
426 519
222 520
266 520
268 520
96 521
354 521
431 521
387 522
435 522
169 523
247 523
153 524
255 524
303 524
357 525
362 525
75 526
412 528
192 529
223 529
268 529
312 530
270 531
280 531
205 532
256 533
271 533
188 534
211 534
297 534
91 535
226 535
239 535
253 535
385 535
447 535
171 536
186 536
209 536
319 536
137 537
273 538
210 539
242 539
359 539
426 539
290 540
228 541
343 541
406 541
138 542
154 542
322 542
173 543
308 543
368 543
239 544
469 544
294 545
118 546
139 546
190 546
378 547
174 548
297 548
243 549
282 549
246 550
340 550
87 551
300 552
247 553
269 553
271 553
391 553
309 555
357 555
274 556
341 556
401 556
459 557
121 558
142 559
161 559
310 559
355 559
415 559
203 560
363 560
276 562
376 562
105 563
253 563
424 563
329 566
386 566
190 567
298 567
396 567
146 568
209 568
123 569
411 569
441 570
264 571
196 572
347 572
447 572
364 574
239 575
169 576
320 577
379 577
133 578
153 578
223 579
282 579
392 579
205 580
417 581
336 584
293 585
431 585
141 586
344 586
166 589
195 589
301 589
356 589
215 590
363 590
371 590
393 590
380 591
279 592
408 592
150 593
180 593
237 593
260 593
285 593
317 596
270 598
334 599
188 601
405 602
378 603
390 603
357 604
362 604
256 605
305 606
