370 4
292 5
390 5
274 6
443 7
474 7
411 8
187 9
248 10
326 13
338 13
226 14
458 15
211 17
381 17
296 18
360 18
439 19
194 20
396 20
251 22
274 22
417 25
453 25
239 26
177 27
364 28
169 29
221 29
347 29
429 29
318 30
337 30
380 31
467 31
291 32
305 32
394 32
470 34
445 35
479 35
199 36
270 36
418 38
181 41
241 44
308 44
432 44
461 44
305 45
160 46
327 46
390 46
219 47
294 47
364 47
378 47
340 48
343 48
347 48
361 48
289 49
374 49
401 49
269 50
474 50
265 51
403 51
197 52
277 53
448 54
250 55
256 55
259 55
179 56
331 59
162 60
227 60
320 60
362 61
387 61
468 61
393 62
433 62
155 63
281 63
290 63
300 63
271 64
340 64
384 64
208 65
198 66
141 67
409 69
454 69
185 70
233 71
423 71
243 72
465 73
164 74
122 75
218 76
287 76
302 76
310 76
360 76
347 77
280 78
399 78
446 78
199 79
476 79
259 80
397 80
144 82
423 83
427 83
458 83
180 85
346 85
231 86
331 86
439 88
311 89
359 89
125 90
284 90
373 90
393 91
154 92
456 92
409 93
196 94
427 95
108 96
411 96
184 98
478 98
359 99
303 100
318 100
131 101
217 101
285 101
337 101
349 101
442 102
165 103
269 104
452 105
113 106
194 107
235 107
402 107
408 107
145 108
411 108
292 109
224 110
429 110
474 110
181 111
277 112
323 112
349 112
365 112
432 112
380 114
128 115
270 115
164 117
193 117
254 117
398 117
308 119
399 119
231 120
306 121
474 121
144 122
344 123
181 124
105 125
256 125
275 125
268 126
460 126
379 127
429 127
200 128
327 128
250 130
245 132
89 133
156 133
268 133
181 134
392 134
152 135
227 135
449 136
147 137
230 137
134 139
221 139
339 139
104 141
303 141
359 141
365 141
289 142
463 144
94 145
287 145
245 146
395 146
147 147
183 147
77 148
116 148
439 148
472 150
162 151
220 152
105 153
304 153
333 153
314 154
319 154
448 154
128 155
197 155
96 156
127 156
308 156
351 156
417 156
281 157
418 157
151 158
244 158
305 158
367 158
125 159
252 159
426 159
145 160
175 160
235 160
142 161
237 161
459 162
82 163
386 163
222 165
312 165
329 165
107 166
306 166
309 166
316 166
437 166
164 167
334 167
71 168
155 168
298 168
474 168
294 169
339 169
261 170
268 170
355 170
350 171
407 171
97 172
239 172
257 172
356 172
144 173
236 173
252 173
254 173
67 174
224 174
377 175
453 176
124 177
167 177
171 177
173 177
212 177
386 179
118 180
426 180
462 180
108 182
428 182
192 183
430 183
73 184
137 184
152 184
194 184
350 184
271 185
281 185
146 186
240 186
475 186
280 187
283 187
356 187
440 187
98 188
149 188
241 188
367 188
223 189
225 189
231 189
233 189
414 190
121 192
413 192
138 193
378 193
159 194
83 195
137 195
388 195
249 196
426 197
264 198
290 198
152 199
183 199
288 199
346 199
101 200
255 200
285 200
402 201
464 201
380 202
52 203
100 203
317 203
357 203
435 203
71 204
413 204
365 206
326 207
413 207
90 208
205 208
270 209
282 209
473 209
194 210
253 210
396 210
161 211
238 211
61 212
337 212
110 213
292 213
428 213
451 213
187 214
179 215
221 215
316 215
383 215
177 216
220 216
171 217
182 217
308 217
314 217
324 217
355 217
98 218
101 218
120 219
146 219
365 220
461 220
259 221
399 221
433 221
234 222
243 222
335 222
162 223
272 223
69 224
347 224
286 225
470 225
224 226
442 226
40 227
108 228
158 228
207 228
321 228
412 228
129 229
209 229
414 229
155 230
213 230
417 230
358 231
423 231
128 232
256 232
385 232
335 233
450 233
196 234
426 234
164 235
273 235
291 235
426 235
239 236
144 238
228 238
229 238
399 238
70 239
379 239
457 239
46 240
210 240
434 240
315 241
176 242
354 242
203 243
150 245
283 245
438 245
148 246
263 247
332 247
122 248
229 248
336 248
467 249
122 252
215 252
310 252
398 252
315 254
371 254
398 254
428 254
68 255
137 255
263 257
453 257
131 258
476 258
86 259
105 259
255 259
288 259
127 260
251 260
173 261
360 261
388 261
235 263
77 264
230 264
433 264
309 265
41 266
49 266
160 266
221 266
393 266
438 266
422 267
95 268
137 269
371 269
372 269
37 271
137 272
211 272
255 272
131 273
154 273
273 273
149 274
177 274
262 274
267 274
332 274
451 274
301 275
302 275
381 275
83 276
87 276
129 276
130 276
151 276
172 276
245 276
33 277
60 277
106 277
314 277
389 277
474 277
130 279
170 279
52 280
77 280
103 280
233 280
163 281
434 281
439 281
365 282
371 282
413 282
27 283
190 283
288 283
292 284
394 284
460 284
43 286
99 286
181 286
328 286
208 287
302 288
309 288
445 288
273 289
255 290
355 291
360 291
260 292
467 292
198 293
380 293
144 294
240 294
280 294
143 296
346 296
294 297
368 297
429 297
79 298
105 298
162 298
303 299
474 299
99 300
191 300
438 300
454 300
28 301
52 301
151 302
211 302
218 302
433 302
120 303
214 303
264 303
353 303
178 304
219 304
254 304
307 304
373 304
97 306
208 307
376 307
39 308
68 308
289 308
241 309
287 309
293 309
336 309
358 310
137 311
164 311
291 311
139 312
294 312
424 312
444 312
200 313
202 313
234 313
113 314
327 315
59 316
261 316
323 316
407 316
36 317
263 317
222 318
281 318
351 318
79 319
100 319
108 319
283 319
411 319
470 319
245 320
80 321
270 321
310 321
52 322
187 322
356 322
374 322
125 323
128 323
129 323
168 323
236 323
435 323
297 325
313 325
339 325
26 326
336 326
355 326
338 327
421 327
98 328
73 329
159 329
121 330
162 330
294 330
300 330
382 330
138 331
216 331
252 331
255 331
345 331
178 332
259 332
442 332
18 333
40 333
67 333
135 333
195 333
348 333
462 333
67 334
112 334
307 334
382 334
65 335
248 336
406 336
429 336
151 337
183 337
207 337
110 338
347 338
291 339
369 341
198 342
310 342
353 342
391 342
127 343
449 343
336 344
140 345
164 345
220 345
295 345
470 345
29 346
44 346
98 346
140 346
413 346
140 347
261 347
268 347
71 348
211 348
157 349
138 350
401 351
324 352
442 352
18 353
63 353
134 353
155 353
157 353
177 353
434 353
462 353
250 354
305 354
479 354
176 355
345 355
420 356
60 357
172 357
230 357
327 357
347 357
36 358
84 358
152 358
243 358
448 358
386 359
148 360
176 360
192 360
285 360
405 360
142 361
287 364
165 365
169 365
195 365
354 365
387 365
100 366
290 366
371 366
75 367
160 367
163 367
184 367
314 367
469 367
187 368
253 368
264 368
293 368
215 369
276 369
204 370
209 370
261 370
336 370
134 371
295 371
136 372
162 372
242 372
252 372
355 372
414 372
441 372
203 374
378 374
457 374
63 375
302 375
339 375
430 375
88 376
108 376
376 376
151 377
203 377
232 377
340 377
397 377
148 378
299 378
323 378
382 379
169 380
344 380
29 381
52 381
57 381
173 381
357 381
364 381
402 382
238 383
342 383
258 384
386 384
416 385
479 385
120 386
249 386
348 387
366 387
161 388
266 388
273 390
364 390
44 391
133 391
181 391
288 391
326 391
134 392
157 392
182 392
250 392
367 392
465 392
202 393
293 393
72 394
268 394
305 394
310 394
353 394
453 394
153 395
161 395
107 396
178 396
356 396
37 397
226 397
276 397
177 398
217 398
325 398
410 398
66 399
197 399
390 399
29 400
128 400
265 400
292 400
408 400
424 400
97 401
218 401
240 401
280 402
360 403
468 403
168 405
191 405
379 405
19 406
348 406
397 406
423 408
457 410
295 411
329 411
410 411
78 412
278 412
296 412
364 412
383 412
258 413
136 414
154 414
226 414
41 416
258 416
309 416
312 416
178 417
292 417
327 418
439 418
476 418
102 419
442 419
334 420
349 420
366 420
60 421
181 421
251 421
255 421
291 422
428 422
147 424
175 424
224 425
398 425
402 425
461 425
170 426
176 426
248 426
363 426
22 427
78 427
94 427
298 428
364 429
428 429
96 430
267 430
388 430
333 431
114 433
120 433
160 433
244 433
287 433
351 434
135 435
142 435
167 435
317 435
367 435
112 437
247 437
417 437
258 438
450 438
155 439
81 440
197 440
242 440
261 441
59 442
82 442
135 442
174 442
279 442
364 442
127 443
149 443
349 443
173 444
264 444
283 444
295 444
330 444
406 445
147 446
220 446
73 447
152 447
466 447
259 448
296 448
377 448
102 449
117 449
188 449
203 449
280 449
199 450
315 450
68 451
139 451
347 451
452 452
258 453
439 453
89 455
91 455
162 455
365 455
230 456
331 456
62 457
176 458
254 458
295 458
159 459
276 460
158 461
159 461
177 461
83 462
272 462
347 462
154 463
115 464
249 464
295 466
107 467
181 467
264 467
382 467
293 468
439 468
113 469
143 469
62 470
456 470
270 471
288 471
407 471
408 472
98 473
218 473
379 473
190 474
285 475
344 475
407 475
101 476
125 477
310 477
131 478
151 478
394 478
288 479
368 479
442 479
126 480
262 480
310 481
424 481
283 482
288 482
410 482
368 483
115 484
123 484
304 484
308 484
77 485
184 485
214 485
227 485
285 485
409 485
164 486
341 486
356 486
163 487
225 487
256 487
309 487
356 488
424 488
162 489
175 489
395 489
211 490
300 490
173 491
176 491
136 492
100 493
303 493
324 493
269 494
440 495
97 496
201 496
378 496
93 497
151 498
182 498
220 498
461 498
50 499
150 499
244 499
202 500
221 500
319 500
413 500
425 500
217 502
83 503
313 503
332 503
335 503
172 504
314 505
440 505
114 506
172 507
426 507
260 508
382 508
334 509
68 510
345 511
159 512
207 512
445 512
96 513
274 513
184 514
199 515
378 516
125 517
293 517
119 519
226 519
83 520
195 520
357 520
289 522
428 522
167 523
136 524
220 524
266 524
306 524
242 526
259 526
157 527
159 527
182 527
391 527
283 528
428 528
73 529
154 529
182 529
463 530
62 531
100 532
184 532
374 532
129 533
277 533
362 533
320 534
180 535
233 535
295 535
434 535
228 536
294 536
360 536
375 536
48 537
172 537
411 537
139 538
227 539
337 539
375 539
141 540
391 540
135 541
246 541
428 541
111 542
240 543
309 543
131 544
194 544
355 544
136 545
211 545
265 545
285 545
432 545
349 546
391 546
71 547
160 547
347 547
375 547
431 547
449 547
158 548
215 549
306 549
368 550
412 550
414 551
411 552
94 553
173 553
257 553
297 553
304 553
390 553
122 554
203 554
251 554
141 555
366 555
394 555
226 556
303 556
386 556
321 557
299 558
363 558
430 558
226 559
166 560
269 560
297 560
412 560
414 560
195 562
159 563
388 563
477 563
289 564
315 564
320 564
359 564
121 565
384 565
338 566
290 567
317 567
186 568
211 568
460 568
239 570
145 571
406 572
281 573
427 573
228 574
286 574
329 574
331 574
255 577
442 578
198 579
398 579
165 580
219 581
193 582
112 583
222 583
318 583
296 584
265 585
269 585
353 585
376 585
181 586
418 586
319 588
371 588
261 589
310 589
435 589
206 590
240 590
263 590
464 591
237 592
230 593
263 593
347 593
368 593
326 594
255 595
345 595
164 596
257 596
131 597
275 597
218 598
340 598
342 598
250 599
273 599
369 599
293 600
428 600
305 602
360 602
384 602
458 604
206 605
400 605
266 606
418 606
351 607
299 609
434 609
321 613
371 614
423 614
405 617
216 621
235 621
260 621
331 623
275 627
323 628
348 629
370 630
317 631
235 634
308 635
