331 1
155 2
195 2
471 2
373 3
101 6
308 6
366 7
454 7
263 9
138 11
356 11
178 12
423 12
218 13
91 14
293 14
398 14
133 15
168 17
339 18
247 19
285 19
123 20
466 20
324 21
376 21
204 22
275 22
436 23
452 23
72 24
236 24
305 24
264 25
364 25
418 26
411 27
148 28
299 28
107 30
191 31
325 33
392 33
221 34
247 35
464 35
136 36
376 36
320 37
52 38
101 38
443 38
422 39
177 40
275 40
85 41
129 41
305 41
401 41
96 42
399 42
421 42
237 43
268 44
261 45
303 45
370 45
381 45
121 46
122 46
354 46
463 46
472 46
238 47
284 49
112 50
194 50
218 50
338 50
254 51
284 51
443 51
228 52
438 52
190 53
283 53
65 54
428 54
195 56
322 56
402 56
143 57
415 57
106 58
145 58
187 58
258 59
460 59
203 60
265 60
381 60
49 61
102 61
141 61
191 61
444 61
262 62
430 63
184 64
368 64
135 65
228 65
244 65
94 66
352 66
430 66
432 66
283 67
37 68
297 68
211 69
279 69
88 70
333 70
402 70
478 70
118 71
122 72
469 72
115 73
75 74
232 74
395 74
114 75
380 75
112 76
263 76
270 77
439 77
308 78
247 80
249 80
421 81
426 82
296 83
417 83
59 84
136 84
339 85
418 85
398 86
91 87
93 87
236 87
385 88
88 89
274 90
362 90
455 90
123 91
328 91
439 91
461 91
227 92
265 92
276 92
278 92
281 92
442 92
428 93
440 93
272 94
348 94
316 95
187 96
150 97
191 97
74 98
79 98
425 98
112 99
148 99
216 99
177 100
395 100
26 101
174 101
378 101
176 102
66 103
205 104
459 104
60 105
169 105
292 105
298 105
352 105
440 105
477 105
23 106
104 106
283 106
170 107
445 107
334 108
136 109
319 109
327 109
99 110
284 110
323 110
433 110
124 111
229 111
86 112
122 112
166 112
396 112
172 113
179 113
384 113
416 113
88 114
164 115
165 115
362 115
46 116
350 116
81 117
255 117
83 119
300 119
211 120
294 120
452 120
246 121
85 122
201 122
34 123
356 124
389 124
334 125
401 125
28 126
142 126
370 126
421 126
64 127
100 127
271 127
324 127
354 127
267 128
146 129
67 130
180 130
173 131
210 131
306 131
172 132
312 132
65 133
90 133
22 134
171 134
247 134
59 135
89 135
92 135
133 135
254 135
53 136
288 136
302 136
450 136
465 136
124 137
243 137
359 137
433 137
476 137
122 138
199 138
362 138
44 139
126 139
194 139
237 139
274 140
397 140
346 141
338 142
221 143
320 143
188 144
317 144
336 144
182 145
312 145
327 145
142 146
39 147
214 147
103 148
447 148
35 150
289 150
103 151
137 151
401 152
101 153
134 153
168 153
422 153
470 153
30 154
236 154
366 154
379 154
397 154
64 155
235 155
281 155
402 155
60 156
340 156
348 157
62 158
225 158
438 158
66 159
230 159
320 159
59 160
158 161
116 162
219 163
459 163
12 164
18 164
252 164
108 165
298 165
383 165
138 167
200 167
354 167
373 167
375 167
388 167
476 167
80 168
398 168
409 169
44 171
197 171
127 172
132 172
432 172
95 173
134 173
136 173
194 173
269 173
60 174
231 174
442 174
81 175
187 176
455 177
121 178
294 178
33 179
253 179
151 180
50 181
71 181
113 181
350 181
362 181
377 181
382 181
385 181
474 182
140 183
331 183
377 183
389 183
208 184
27 185
311 185
383 185
18 186
104 186
142 186
408 186
60 188
424 188
133 189
134 189
225 189
433 189
438 189
138 190
224 190
15 191
162 191
264 191
321 191
95 192
319 192
446 192
297 193
45 194
155 194
253 195
282 196
353 196
370 196
381 196
462 196
41 197
382 197
150 198
398 198
85 199
330 199
395 199
412 199
40 200
203 200
472 200
328 201
174 202
265 202
114 203
433 203
265 204
28 205
105 206
300 206
441 206
192 207
295 207
130 209
217 209
452 209
63 210
133 210
344 210
355 210
212 211
401 213
209 214
467 214
124 215
155 215
179 215
271 215
52 216
405 216
127 217
47 218
123 218
478 218
151 219
226 219
296 219
423 220
147 221
441 221
141 222
360 222
290 223
330 223
357 223
186 224
352 224
376 224
394 224
320 225
453 225
32 226
73 226
318 226
65 227
71 227
79 227
461 227
395 228
234 229
414 229
203 230
233 230
130 231
173 231
230 231
26 232
256 232
260 232
431 232
195 233
198 233
358 233
365 233
99 234
347 234
478 234
384 235
343 236
376 236
429 236
167 237
213 237
315 237
388 237
391 237
312 238
151 239
48 240
397 240
43 241
122 241
150 241
461 241
41 242
68 242
72 242
119 242
67 244
113 244
115 245
338 245
417 245
39 246
142 246
177 246
334 246
349 246
198 247
379 247
86 248
218 248
360 248
366 248
87 249
391 250
440 250
54 251
85 251
114 251
246 251
301 251
301 252
445 252
212 253
238 253
397 253
451 254
80 255
183 255
410 255
25 256
162 256
208 257
279 257
410 257
465 257
48 258
131 258
329 258
127 259
157 259
197 259
359 259
415 259
225 260
363 260
347 261
351 261
428 261
47 262
173 262
375 262
380 262
293 263
146 266
237 267
91 268
141 268
262 268
264 268
113 269
89 270
187 270
210 270
231 270
257 270
410 270
463 270
310 272
340 272
29 273
361 273
316 274
372 274
222 275
51 276
309 276
107 277
134 277
439 277
150 278
193 278
370 278
51 279
52 279
73 279
83 279
381 279
235 280
395 280
452 280
189 281
209 281
385 281
166 282
191 282
263 283
326 283
163 284
466 284
95 285
141 285
181 285
338 285
265 286
346 286
351 286
440 286
39 287
66 287
354 287
356 288
371 288
114 291
219 291
252 291
423 291
61 292
386 292
420 292
449 292
279 293
132 294
433 294
459 294
149 295
172 295
236 296
29 297
79 297
167 297
266 298
323 298
474 298
338 299
206 300
260 300
262 300
307 300
51 301
83 301
182 301
416 302
449 302
120 303
160 303
422 303
183 305
258 305
366 305
390 305
138 306
222 306
251 306
243 307
380 307
394 307
43 308
250 308
464 308
97 309
193 309
66 310
195 310
276 310
268 311
326 311
335 312
445 312
211 313
63 314
385 314
110 315
146 315
166 316
255 316
294 316
106 317
256 317
258 317
182 319
203 319
101 320
126 320
282 320
458 320
142 321
277 321
402 321
243 322
247 322
28 323
140 323
182 323
223 323
317 323
439 324
140 325
218 326
343 326
266 327
136 328
388 328
67 329
292 329
356 329
453 329
209 330
240 330
189 331
234 331
361 331
44 332
288 332
399 333
65 334
134 334
151 334
186 334
278 335
307 335
88 336
336 336
405 336
467 336
62 337
128 337
225 337
282 337
249 338
271 339
410 339
102 340
159 340
164 340
352 340
218 341
417 341
447 341
81 342
362 342
31 343
193 343
197 343
238 343
422 344
120 345
174 346
211 346
291 346
363 346
401 346
50 347
317 347
330 347
74 348
459 348
49 350
94 350
283 350
376 350
469 350
97 351
24 352
116 352
132 352
343 352
222 353
250 353
273 353
206 354
46 356
148 356
162 356
363 356
419 356
268 357
418 357
448 357
107 358
130 358
298 358
40 359
90 359
238 359
368 359
85 360
298 360
374 361
457 361
196 362
285 362
325 362
103 363
176 363
259 363
118 364
349 364
233 365
259 365
430 365
81 366
192 366
262 366
384 366
411 366
469 366
33 367
118 367
359 367
438 367
57 368
173 368
416 369
116 370
370 370
186 371
248 371
448 371
476 371
291 372
375 372
202 373
319 373
399 373
28 374
51 374
169 374
183 374
218 374
425 374
113 375
279 375
71 376
144 377
182 377
272 377
332 377
423 377
242 378
426 378
144 379
238 379
263 379
459 379
44 380
340 380
403 380
162 381
259 381
364 381
446 381
103 382
236 383
297 383
410 383
183 384
204 384
232 384
179 385
258 385
370 385
100 386
433 386
454 386
472 386
314 387
348 387
36 388
57 388
306 388
372 388
414 388
132 389
201 389
326 389
458 389
134 390
223 390
348 390
378 390
290 391
297 391
194 392
350 392
93 393
224 393
247 393
328 393
30 394
218 394
197 395
280 395
357 395
148 396
282 396
335 396
381 396
241 397
443 397
466 397
167 398
335 398
407 398
162 401
262 401
385 401
83 402
164 402
361 402
144 403
307 403
182 404
472 404
60 405
180 405
450 405
38 406
118 407
158 407
271 409
292 409
350 409
138 410
253 410
344 410
397 410
154 411
179 411
199 411
250 411
433 411
479 411
97 412
134 412
135 412
416 412
138 413
158 413
373 413
198 414
351 414
375 414
417 414
319 415
134 416
171 416
243 416
320 416
416 416
460 416
223 417
345 417
419 417
113 418
168 418
49 419
444 419
192 420
262 420
263 420
324 420
399 420
149 421
311 421
87 422
125 422
126 422
147 422
148 423
189 424
309 424
383 424
63 425
258 425
280 425
303 425
384 425
352 426
403 426
404 426
468 426
82 427
120 427
141 427
163 427
186 427
258 427
419 427
40 428
184 428
186 429
254 429
372 429
204 430
371 430
138 431
226 431
77 432
320 432
139 433
300 433
354 433
202 435
435 435
475 435
57 436
271 436
320 436
174 437
176 437
271 437
301 437
455 437
357 438
390 438
246 439
171 440
374 440
440 440
475 441
71 442
172 442
149 444
124 445
129 445
357 445
189 447
341 447
389 447
292 449
314 449
352 449
461 449
42 450
164 450
308 450
317 450
142 451
261 451
231 453
443 453
60 454
120 454
349 454
310 455
334 455
354 455
463 455
138 456
282 457
409 457
150 458
251 458
328 458
110 459
155 459
203 459
326 461
426 461
111 462
151 462
306 462
355 462
106 463
279 463
447 463
130 464
171 465
463 465
130 466
191 466
220 466
328 467
240 468
273 469
213 470
409 470
132 471
207 471
324 471
365 471
269 472
292 472
406 472
424 472
66 473
342 474
407 474
427 474
465 474
159 475
205 475
61 476
384 476
389 476
153 477
297 477
177 478
365 478
447 478
141 479
295 479
317 479
258 480
377 480
387 480
428 480
362 481
381 481
106 483
225 483
290 483
363 483
260 484
169 485
195 485
219 485
357 485
228 486
315 486
403 486
426 486
466 486
127 487
219 488
280 488
336 488
70 489
278 489
310 489
335 490
250 491
328 491
445 492
140 493
216 493
277 493
187 494
330 494
352 494
397 494
243 495
464 496
207 498
322 498
421 498
114 499
270 499
373 499
232 500
369 500
107 501
133 501
238 501
398 502
295 503
343 503
197 505
208 505
323 506
440 506
262 507
417 508
265 509
460 509
95 510
393 510
119 511
365 511
283 512
358 512
436 512
220 513
331 513
311 514
360 514
162 515
219 515
240 517
205 518
279 518
282 518
432 518
155 519
181 519
359 519
328 520
410 520
429 521
477 521
102 522
147 522
271 523
349 526
299 527
232 529
398 529
165 531
192 531
134 532
293 532
258 533
338 533
107 534
216 535
396 535
221 536
287 536
389 537
358 538
442 538
397 539
334 540
148 541
307 541
176 542
390 542
203 543
370 544
385 544
227 545
231 545
389 547
459 547
135 548
196 548
433 551
326 552
364 552
289 553
478 554
236 556
241 556
342 556
405 556
179 557
235 557
361 557
254 559
429 559
280 560
423 560
474 560
332 563
226 565
247 565
266 565
307 565
372 568
416 568
465 568
248 573
347 573
239 574
321 574
297 575
433 577
363 578
234 579
226 581
378 583
261 584
335 584
310 585
250 587
285 587
396 588
218 589
352 589
447 589
237 595
323 595
413 595
365 596
295 598
221 602
254 604
312 604
282 606
398 606
245 607
295 615
