259 2
447 2
151 4
104 5
113 5
132 5
268 5
280 5
395 5
165 6
170 6
295 6
410 6
186 7
466 7
213 9
354 9
308 10
230 11
477 11
371 13
424 13
244 15
127 16
262 17
331 17
144 18
442 18
157 19
165 19
172 19
278 19
388 19
291 21
96 22
187 22
199 22
210 22
109 23
455 23
347 24
229 25
307 26
411 26
120 27
361 28
472 28
136 30
248 30
167 31
271 32
292 33
318 33
381 33
435 33
398 34
196 35
340 36
214 37
450 37
107 39
414 39
462 40
97 41
218 41
356 41
118 43
132 43
420 43
252 44
429 44
474 44
258 46
160 47
244 47
266 47
294 47
370 47
378 47
182 48
303 48
448 48
258 49
220 50
282 50
317 50
385 50
397 50
285 51
292 52
304 52
311 52
218 53
220 53
331 53
334 53
414 54
344 56
346 56
426 56
470 56
141 57
335 57
350 57
364 57
101 58
112 58
130 59
147 59
347 59
146 60
164 60
194 60
88 61
155 61
179 61
260 61
268 61
378 61
379 61
79 62
218 62
250 62
383 62
199 63
267 63
444 63
203 64
294 64
375 65
318 67
327 71
348 71
466 71
422 72
139 73
95 74
187 74
211 74
339 74
104 75
113 75
122 75
140 75
162 75
430 75
433 75
80 76
178 76
158 77
190 77
208 77
251 77
69 78
169 78
241 78
372 78
376 78
389 78
275 79
446 79
277 80
297 80
377 80
280 82
309 82
302 83
307 83
317 85
355 86
466 87
153 88
162 88
372 88
144 89
239 89
109 90
118 90
141 90
167 90
93 91
101 91
136 91
172 91
221 91
73 92
82 92
201 92
256 92
258 92
264 92
229 93
342 93
260 94
338 94
392 94
307 95
411 96
359 98
434 100
460 101
143 102
383 102
476 103
111 104
157 104
164 104
209 104
211 104
123 105
157 105
170 105
180 105
238 105
193 106
206 106
209 106
212 106
226 106
258 106
93 107
178 107
238 107
273 107
287 107
296 107
317 107
342 107
402 107
83 108
229 108
254 108
402 108
63 109
74 109
191 109
283 109
307 109
326 109
193 110
428 111
363 113
433 114
447 114
143 115
145 115
156 115
131 116
141 116
142 117
374 117
225 118
394 118
470 118
115 119
218 119
233 119
286 119
192 120
207 120
226 120
237 120
254 120
276 120
188 121
273 121
323 121
393 121
413 121
179 122
207 122
224 122
259 122
266 122
278 122
292 122
304 122
198 123
273 123
168 124
290 124
432 124
101 125
437 125
97 126
346 126
363 126
453 126
74 127
95 127
158 127
65 128
372 128
379 130
242 131
264 131
381 131
385 131
407 131
474 131
393 132
397 132
220 133
205 134
232 134
415 134
187 136
334 137
421 137
435 137
438 137
106 138
133 138
169 138
288 138
306 138
113 139
119 139
129 139
143 139
250 140
123 141
243 141
268 141
232 142
454 142
88 143
361 143
389 143
79 144
86 144
417 144
212 145
88 146
194 146
477 146
69 147
418 147
421 147
63 148
177 149
313 149
424 149
436 149
160 150
155 151
287 151
312 151
322 151
119 152
144 152
266 152
285 152
246 153
248 153
339 153
355 153
379 153
361 154
107 155
198 155
462 155
370 156
379 156
114 157
222 157
407 157
180 158
386 158
403 158
412 158
397 159
406 159
478 160
168 161
312 161
75 162
86 162
162 162
282 162
435 162
82 163
338 163
58 164
138 164
279 164
354 164
218 165
221 167
245 167
262 167
366 167
457 167
191 168
370 168
379 168
194 169
219 169
122 170
370 170
391 170
117 171
182 171
292 172
313 172
325 172
341 172
405 172
102 173
315 173
474 173
286 174
303 174
317 174
278 175
425 175
143 176
152 176
156 176
79 177
142 178
68 179
144 179
438 179
247 181
266 181
271 181
186 183
200 183
357 183
363 183
370 183
455 183
303 184
309 184
331 184
374 184
379 184
58 185
99 185
308 185
311 185
342 185
158 187
179 187
174 188
470 188
86 189
153 189
270 190
285 190
415 190
50 191
148 191
72 192
223 192
250 192
299 192
224 194
438 194
208 195
123 196
346 196
363 196
375 197
184 198
186 198
362 198
458 198
166 199
189 199
331 199
77 200
376 200
275 201
66 202
150 202
158 202
273 202
406 202
421 202
154 203
286 203
471 203
272 204
415 204
421 204
97 205
142 206
233 206
136 207
208 207
220 207
359 208
376 208
119 209
125 209
320 209
328 209
342 209
88 210
125 210
194 210
310 210
334 210
356 210
389 210
176 211
297 211
302 211
453 211
195 212
286 212
294 212
317 212
79 213
88 213
90 213
115 213
185 213
289 213
117 214
274 214
297 214
165 215
105 216
173 216
64 217
110 217
229 217
266 217
102 218
475 218
218 219
201 220
97 221
357 221
313 222
349 222
391 222
434 222
50 223
91 223
318 223
334 223
337 223
392 223
304 224
448 224
282 225
307 225
177 226
411 226
466 226
81 227
82 227
171 227
184 227
262 227
290 227
178 228
243 228
275 228
70 230
165 230
263 230
431 230
230 231
36 232
213 233
357 233
369 233
132 234
307 234
312 234
360 234
146 235
374 235
445 235
195 236
101 237
256 237
291 237
300 237
315 237
58 238
90 238
250 238
293 238
389 238
147 239
464 239
172 240
275 240
88 241
244 241
147 242
166 243
118 244
213 244
422 244
475 244
47 245
262 245
341 245
353 245
359 245
380 245
202 246
346 246
372 246
386 246
429 246
438 246
75 247
261 247
107 248
210 248
194 250
294 250
251 251
291 251
455 251
63 253
237 253
277 253
226 254
405 254
140 255
232 255
358 255
374 255
376 255
472 256
85 257
169 257
268 257
312 257
343 257
187 258
215 258
427 258
118 259
125 259
162 259
435 259
215 260
256 260
304 260
107 261
286 261
283 262
442 262
70 264
99 264
154 264
223 264
272 265
346 266
367 266
39 267
151 267
217 267
322 267
334 267
342 267
454 267
344 268
140 269
194 269
254 269
258 269
337 269
375 269
401 269
86 270
119 270
239 270
307 270
334 270
294 271
462 271
64 272
111 272
178 272
301 272
424 273
427 274
104 275
56 276
239 276
242 276
276 276
167 277
255 277
443 277
252 278
350 278
479 278
132 279
224 279
256 279
336 279
361 279
95 280
127 280
228 280
212 281
308 281
372 281
320 282
403 282
175 283
42 284
83 284
198 284
294 284
460 284
417 285
118 286
278 286
279 286
112 287
109 288
256 288
263 289
434 289
149 290
347 290
187 291
346 291
359 291
473 291
351 292
385 292
29 293
66 293
174 293
329 293
371 293
384 293
316 294
354 294
445 294
98 295
304 295
378 295
138 296
264 296
385 296
405 296
54 298
215 298
221 298
458 298
126 299
260 299
290 299
91 300
205 300
413 300
161 301
334 301
424 301
128 302
202 302
273 303
128 304
318 304
469 304
115 305
151 305
239 305
370 305
376 305
42 306
70 306
191 306
227 306
230 306
382 306
115 307
270 307
350 307
386 307
439 307
154 308
228 308
345 308
382 308
182 309
300 309
217 310
226 310
330 310
108 311
448 311
107 312
149 312
406 312
62 314
138 314
173 314
284 314
320 314
134 315
276 315
310 315
371 315
418 315
28 316
131 316
382 316
460 316
135 317
201 317
275 317
371 317
377 317
130 318
234 318
89 319
164 319
200 319
361 319
54 320
127 320
290 320
431 320
352 321
79 322
261 322
305 322
157 323
330 323
435 323
187 324
221 324
390 325
438 325
473 325
250 326
277 326
401 326
448 326
41 327
48 327
149 327
379 327
181 328
369 328
188 329
182 330
425 330
455 330
116 331
239 331
139 332
263 332
285 332
71 333
166 333
165 334
340 334
63 335
112 335
117 335
256 335
302 335
307 335
33 336
66 336
107 336
136 336
200 336
201 336
335 336
428 336
466 336
108 337
224 337
272 337
179 338
201 338
324 338
58 339
394 339
375 340
382 340
438 340
25 341
103 341
199 341
244 341
290 341
366 341
411 341
446 341
471 341
103 342
171 342
286 342
409 342
127 343
154 343
191 343
307 343
193 344
216 344
263 344
287 344
422 344
284 345
300 345
416 345
479 346
22 347
76 347
257 347
323 347
44 348
70 348
92 348
186 348
188 348
455 348
184 349
235 349
281 349
122 350
296 350
40 351
145 351
184 351
205 351
275 351
379 351
436 351
314 352
431 352
41 353
250 353
285 353
320 353
403 353
227 354
229 354
462 354
290 355
359 355
365 355
387 355
178 356
306 356
350 356
358 356
267 357
311 357
330 357
56 358
59 358
135 359
217 359
241 359
448 360
29 361
104 361
129 361
127 362
216 362
298 362
419 362
473 362
264 363
213 364
123 365
125 365
149 366
167 366
378 366
97 367
259 367
430 367
478 367
147 368
168 368
188 368
234 368
278 368
283 368
401 368
432 368
437 368
70 369
148 369
186 369
208 369
191 370
252 370
365 370
368 370
398 370
124 371
209 371
211 371
402 371
20 372
163 372
303 372
352 372
88 373
138 373
274 373
326 373
348 373
167 374
421 374
423 374
458 374
179 375
181 375
200 375
303 375
157 376
242 376
326 376
424 377
466 378
156 379
240 379
294 379
62 380
198 380
223 380
266 380
30 381
54 381
58 381
180 381
320 381
369 381
371 381
383 381
77 382
117 382
198 382
317 382
381 383
397 383
75 384
98 384
287 384
310 384
131 385
218 385
332 385
371 385
406 385
72 386
112 386
311 386
409 386
50 387
356 387
358 387
360 387
310 388
24 389
54 389
93 389
192 389
69 390
194 390
275 390
458 390
50 391
232 391
286 391
125 392
145 392
303 392
45 393
109 393
467 393
86 394
163 394
373 394
64 395
92 395
107 395
303 395
144 396
169 396
247 396
392 396
64 397
181 397
269 397
303 397
348 397
60 398
87 398
126 398
398 398
58 399
403 399
409 399
164 400
228 400
243 400
445 400
182 401
251 401
34 403
342 403
80 404
211 404
336 404
461 404
58 405
100 406
156 406
176 406
262 406
343 406
279 407
280 407
303 407
341 407
114 408
138 408
224 408
297 408
375 408
381 408
133 409
152 409
262 409
298 409
377 409
471 409
94 410
96 410
113 410
173 410
319 410
24 411
193 411
336 411
131 412
172 412
298 412
395 412
114 413
240 413
354 413
432 413
46 414
113 415
148 415
206 415
222 415
276 415
108 416
407 416
442 416
361 417
329 418
67 419
358 419
401 419
408 419
449 419
165 420
293 420
104 421
221 421
239 421
407 421
142 422
205 422
37 423
189 423
254 423
276 423
410 423
413 423
123 424
183 424
327 424
355 424
386 424
97 425
119 425
140 425
185 425
465 425
138 426
165 426
115 427
157 427
161 427
295 427
395 427
478 427
61 428
92 428
141 428
237 428
329 428
383 428
183 429
358 429
434 429
217 430
340 430
435 430
137 431
158 431
189 431
254 431
327 431
114 432
256 433
407 433
25 434
52 434
132 434
275 434
341 434
185 435
235 435
255 435
260 435
262 435
407 435
443 435
220 437
326 437
80 438
131 438
167 438
359 438
19 439
262 439
315 439
411 440
455 440
201 441
277 441
417 441
327 442
329 442
390 442
45 443
73 443
165 443
198 443
293 443
310 443
181 444
183 444
254 444
396 444
471 444
181 445
375 445
465 445
39 446
477 446
91 447
218 447
237 447
364 447
165 449
278 449
65 450
147 451
295 451
336 451
401 451
31 452
121 452
177 452
406 452
89 453
113 453
162 453
258 453
316 453
115 454
353 454
386 454
109 455
218 455
57 456
277 456
26 457
186 457
202 458
357 458
373 458
453 458
128 460
240 460
414 460
427 460
51 461
172 461
258 461
298 461
421 461
103 462
343 462
359 462
468 462
74 463
221 464
394 464
436 464
99 465
160 465
187 466
327 466
171 467
281 467
302 467
343 467
119 468
175 468
157 469
159 469
261 469
405 469
140 470
141 470
325 470
387 470
67 471
192 471
124 472
204 472
283 472
368 472
445 472
119 473
137 473
187 473
223 474
307 474
191 475
243 475
453 475
464 475
331 476
354 476
187 478
62 479
272 479
266 480
331 480
380 480
421 480
117 481
227 481
85 482
275 482
111 483
430 483
473 483
54 484
209 484
313 484
385 484
108 485
152 485
339 485
296 486
299 486
231 487
293 487
99 488
250 488
273 488
278 488
370 489
414 489
100 490
149 490
349 490
174 491
320 491
161 492
97 493
300 493
303 493
453 493
74 494
214 494
118 495
196 495
256 495
379 495
426 495
192 496
88 497
284 497
342 497
239 498
62 499
126 499
280 499
311 499
326 499
260 500
307 500
471 500
85 501
365 501
410 501
435 501
106 502
220 502
284 502
141 503
198 503
291 503
85 504
122 504
138 505
157 505
241 505
394 505
84 506
123 506
198 506
290 506
447 506
183 507
50 508
358 508
377 508
426 508
335 509
176 510
460 510
320 511
406 511
97 512
119 512
231 512
273 512
250 513
386 513
95 514
186 514
206 514
299 514
131 515
182 515
415 515
474 515
68 516
112 516
439 516
107 517
111 517
160 517
305 518
368 518
149 520
429 521
59 522
167 522
306 522
450 523
118 524
124 524
283 524
94 525
77 526
190 526
336 526
356 526
144 527
194 527
358 528
382 528
476 528
291 529
68 530
196 530
380 530
111 531
293 531
361 531
289 533
96 534
292 534
301 534
422 534
208 535
253 535
272 535
368 535
127 536
189 536
277 536
299 536
303 536
428 536
214 537
128 538
133 538
139 538
164 539
114 540
138 540
187 540
278 540
333 540
445 540
80 541
191 541
240 541
399 541
454 541
196 542
413 542
239 543
262 543
306 543
162 544
308 544
98 545
468 545
168 546
314 546
367 546
200 547
342 547
428 547
227 549
375 549
383 549
386 549
170 550
208 550
427 550
131 551
227 551
352 551
357 551
430 551
249 552
296 552
358 553
439 553
115 554
124 554
211 554
233 554
297 554
447 554
126 555
150 555
331 555
336 555
139 556
153 556
217 556
364 556
466 556
237 557
198 558
285 558
407 558
87 559
98 559
336 559
369 559
310 560
377 560
241 561
285 561
307 561
376 561
164 562
202 562
294 562
342 562
347 562
248 564
272 564
295 564
176 565
432 565
233 566
313 566
384 566
446 566
110 567
248 567
124 568
136 568
191 570
232 570
282 570
461 570
474 570
94 571
149 571
219 571
235 571
401 571
237 573
367 573
158 574
201 574
411 574
294 575
171 576
241 576
423 576
273 577
245 578
303 580
381 580
438 581
185 582
107 583
221 583
251 583
252 583
351 583
97 584
123 584
252 584
313 584
395 584
451 584
138 585
226 585
317 586
226 587
267 587
323 587
406 587
200 588
316 588
358 588
152 589
231 589
271 590
420 590
165 591
202 591
327 591
207 592
368 593
374 593
434 593
334 594
171 595
213 595
107 596
297 596
384 596
95 597
340 597
124 598
307 598
343 598
309 599
184 600
136 601
258 601
269 601
354 601
399 601
149 603
231 603
323 604
415 605
290 606
157 607
333 608
371 608
107 612
118 612
177 612
220 612
343 612
284 613
135 614
253 614
271 614
361 616
389 616
192 617
312 617
153 618
236 618
170 621
319 621
331 623
257 625
353 625
218 627
279 627
163 630
238 632
194 633
307 634
320 635
265 637
