319 11
353 11
336 12
308 13
369 13
287 14
386 14
272 17
403 18
259 20
324 21
418 21
311 22
346 23
362 23
293 24
378 25
274 26
388 27
401 27
435 28
250 30
229 31
444 31
299 33
417 33
329 34
315 35
345 36
266 37
281 37
360 37
367 37
251 41
437 41
239 42
402 43
311 44
447 44
322 45
412 45
302 46
218 47
332 47
344 48
358 49
268 50
426 50
202 51
252 53
406 54
464 54
438 55
240 56
330 58
300 59
322 59
223 60
341 60
474 60
360 62
425 62
262 64
272 64
410 64
206 65
454 65
255 66
246 68
469 68
193 69
436 69
222 71
234 71
184 72
322 72
335 72
348 72
207 75
357 75
266 77
414 77
250 79
321 79
456 80
197 81
423 81
240 82
230 84
186 85
217 86
437 86
178 87
404 87
295 88
472 88
307 89
282 90
202 91
445 91
165 92
316 93
224 94
419 94
457 94
182 97
231 99
433 100
206 101
362 101
170 102
301 102
470 103
286 104
316 105
410 105
443 105
191 107
216 107
418 107
184 111
236 111
460 112
176 113
225 113
266 115
295 115
205 116
286 116
305 116
409 116
320 118
160 120
445 120
191 121
342 124
222 125
270 129
465 130
160 131
175 132
391 132
194 134
449 134
222 135
148 137
304 138
478 139
158 141
174 143
464 143
197 145
447 147
164 149
181 150
341 150
476 150
139 151
457 151
231 153
198 154
436 154
155 156
259 156
282 156
134 157
313 157
417 157
191 159
333 160
467 160
165 161
446 161
297 164
381 164
204 165
272 165
455 165
139 167
476 167
119 169
154 169
392 170
255 171
189 172
466 172
288 173
371 173
428 174
140 177
205 178
351 178
231 179
453 179
121 180
363 180
388 180
441 181
156 183
261 183
466 184
370 185
240 186
298 186
450 186
128 187
378 189
430 189
462 192
441 193
106 194
137 194
263 194
273 194
387 194
365 197
124 198
153 199
399 199
427 200
191 201
309 201
317 201
450 201
167 203
229 203
269 203
281 203
261 204
249 205
460 205
290 206
181 208
242 208
305 208
385 208
417 209
196 210
467 210
105 211
298 211
394 211
444 213
318 214
172 215
189 216
453 216
213 217
275 217
252 218
262 218
294 218
328 218
390 219
145 220
244 220
457 220
165 221
301 222
347 222
379 222
477 222
110 224
308 224
196 225
364 226
266 227
464 228
276 229
289 229
317 229
174 231
256 231
249 232
187 233
429 233
447 233
114 234
305 234
472 235
167 237
216 237
280 237
313 237
200 238
292 238
181 239
336 239
453 240
478 240
122 241
108 243
156 243
442 245
463 245
305 246
100 247
371 247
114 249
234 249
296 253
470 253
208 255
93 256
365 256
413 256
452 258
471 260
103 261
191 261
455 263
356 265
403 265
462 265
443 270
322 271
132 272
349 272
91 273
200 273
107 276
466 279
195 280
453 281
102 283
474 283
238 287
114 289
459 292
442 293
478 294
89 295
302 297
358 298
162 300
190 300
462 300
102 303
447 304
199 305
465 309
416 310
87 311
115 312
452 313
369 316
458 316
332 318
345 318
187 319
106 321
461 322
473 322
125 323
181 325
370 325
447 325
195 326
99 327
119 327
300 327
175 331
359 331
477 332
93 333
211 333
431 333
419 335
110 338
398 339
466 340
184 341
348 341
279 342
411 342
165 343
299 343
421 344
452 345
104 347
181 348
198 348
274 348
340 350
100 352
441 354
117 356
458 357
176 358
472 359
94 360
227 360
325 360
337 363
444 364
107 369
131 369
461 369
236 373
285 375
218 376
449 376
253 377
99 378
376 379
157 380
467 380
114 383
452 384
132 388
90 389
109 390
323 390
296 391
457 394
307 395
472 395
428 397
158 399
441 403
114 404
338 404
304 406
319 406
409 406
364 408
478 408
172 409
193 409
148 410
383 410
463 411
415 413
447 413
106 415
233 415
429 416
162 417
399 417
373 418
465 418
185 419
268 419
338 419
283 421
434 423
386 424
468 425
175 427
326 427
416 427
451 427
111 429
435 429
403 432
297 433
364 433
375 433
170 434
194 435
421 436
338 437
440 438
390 440
120 441
98 443
293 443
407 446
425 447
130 448
156 451
395 452
122 453
361 455
378 456
449 456
412 457
110 458
141 458
315 459
431 462
193 463
299 463
134 464
398 464
415 464
124 465
161 465
367 465
384 466
116 473
148 473
402 473
422 476
390 481
240 482
283 482
303 482
165 483
319 483
200 484
408 485
231 486
258 486
358 486
394 487
278 488
341 488
329 489
154 490
376 490
136 492
183 493
249 494
310 496
170 497
212 497
292 497
235 500
268 500
341 500
363 502
158 503
327 505
195 506
263 506
283 506
148 507
226 507
303 507
247 508
184 513
258 513
216 515
309 515
170 517
272 518
232 520
336 520
323 521
288 522
201 524
242 525
183 527
301 529
234 530
258 532
212 535
241 538
