283 1
326 1
174 2
225 2
299 2
423 2
89 3
145 3
446 4
58 5
262 5
346 5
209 6
366 6
158 10
243 10
390 10
106 11
468 11
183 12
408 12
327 13
75 14
219 14
279 15
444 15
124 16
312 16
94 17
300 17
350 17
137 18
265 18
163 19
199 19
245 19
381 19
61 22
228 23
341 23
400 23
149 25
184 25
285 25
419 25
82 26
306 26
327 26
108 28
437 28
463 28
171 29
206 30
244 30
264 30
361 31
287 32
122 33
391 33
157 34
332 34
348 35
408 35
224 36
63 37
269 37
319 37
89 38
421 38
253 39
457 39
183 40
350 40
431 40
473 41
133 42
373 44
332 45
385 45
75 47
151 47
446 47
47 48
457 48
255 49
123 50
362 53
470 53
384 56
59 58
132 58
153 60
444 60
50 61
214 61
458 64
372 65
382 66
474 67
68 69
140 69
157 71
206 72
38 74
127 74
450 74
249 75
368 75
170 76
387 76
398 76
461 76
473 80
50 81
75 81
313 85
444 85
124 86
149 87
378 88
405 89
459 90
60 92
35 93
140 93
433 94
475 95
158 96
329 96
224 97
27 98
123 100
211 101
413 101
452 101
49 103
391 103
68 106
402 106
472 106
111 108
137 109
155 109
447 109
273 111
104 114
365 115
462 115
31 117
473 119
450 121
53 122
93 122
267 124
71 126
31 128
190 128
11 131
207 131
253 131
366 133
441 133
82 134
274 134
457 135
98 140
307 140
111 142
358 144
18 145
273 145
290 145
440 145
469 145
450 149
115 151
330 151
27 153
460 153
94 154
442 159
473 159
65 161
105 161
211 162
453 163
16 167
236 167
460 167
228 168
283 168
34 171
191 172
442 173
74 175
449 176
477 176
49 177
207 179
141 182
355 182
457 182
7 183
65 185
203 185
233 185
406 185
23 187
441 187
468 188
43 190
367 190
218 191
454 195
476 195
58 197
188 199
209 200
146 201
364 201
439 201
15 203
72 203
228 204
467 204
35 206
121 206
397 206
424 208
449 209
405 210
140 211
100 212
383 213
417 213
456 215
5 218
24 218
440 218
136 219
157 219
367 220
349 221
81 222
120 223
393 223
408 223
448 223
471 225
99 226
61 227
378 227
435 228
455 228
135 229
418 230
18 231
155 235
463 235
445 236
193 237
294 237
368 237
385 237
115 240
134 240
57 241
450 241
94 243
430 243
473 243
332 244
15 245
306 245
74 247
438 249
55 250
207 250
113 251
281 251
93 254
313 254
461 254
446 257
72 258
34 259
304 261
336 262
7 263
474 263
285 264
309 265
449 265
417 266
113 267
196 267
51 269
31 270
292 270
465 271
71 273
115 273
313 276
287 279
300 280
163 281
470 281
28 282
11 283
113 284
139 284
219 284
315 284
331 284
236 285
443 285
167 288
187 288
397 288
349 290
414 291
463 291
475 292
333 295
447 296
195 297
433 299
467 299
351 302
77 303
215 303
335 304
452 304
170 305
12 307
290 307
404 307
367 308
142 309
469 309
32 311
182 312
194 313
281 314
229 315
352 315
453 315
57 316
78 316
334 317
311 318
210 320
105 321
15 322
35 322
254 325
406 325
137 326
457 326
171 328
388 329
470 329
40 330
145 334
16 337
457 338
364 340
197 345
346 345
373 345
473 345
4 348
142 348
22 349
236 350
152 351
386 351
75 352
306 357
133 358
171 358
456 358
272 359
10 360
32 361
56 362
470 364
238 365
355 366
452 368
20 369
119 370
399 370
37 371
163 372
368 372
196 373
182 374
255 374
70 376
380 380
271 381
450 381
304 383
414 383
242 384
364 384
196 385
469 385
394 386
52 388
169 388
260 388
29 389
177 389
313 389
376 391
448 391
254 393
478 394
269 395
390 397
466 399
109 401
184 401
73 402
405 404
22 405
126 407
231 407
367 407
477 407
29 408
348 408
55 409
135 411
217 411
251 411
382 411
461 411
155 413
422 413
168 414
186 415
282 415
437 416
335 418
476 418
236 420
47 421
73 421
201 421
221 424
293 424
454 424
127 425
331 425
372 425
401 425
166 426
179 426
353 426
471 426
154 427
33 428
385 428
40 429
63 431
417 431
203 432
327 432
431 432
278 434
321 434
464 434
187 437
445 437
221 438
379 439
125 440
133 440
166 440
339 440
392 440
427 440
246 441
461 441
265 442
230 446
441 446
97 449
371 449
253 450
386 450
457 450
473 450
59 451
303 451
169 453
70 455
122 456
243 457
265 458
322 458
365 458
379 460
194 461
339 461
450 461
463 461
412 463
177 465
253 466
355 466
391 466
47 467
373 468
59 470
457 471
327 472
349 473
69 474
190 474
268 475
471 477
365 478
258 480
380 480
316 481
91 482
100 484
52 485
108 485
451 485
117 487
164 487
247 487
178 489
189 489
299 489
462 491
444 492
72 493
293 494
475 495
312 497
95 499
200 500
282 502
119 503
189 503
169 505
449 506
272 509
372 510
467 510
90 511
293 511
119 516
193 516
170 517
453 518
477 520
298 521
225 524
377 524
439 526
99 527
109 528
415 528
312 529
461 530
150 531
134 532
361 534
388 536
474 536
246 537
405 537
423 537
447 539
106 544
398 545
274 546
337 546
369 546
432 546
127 548
145 548
159 549
459 549
423 550
380 553
312 554
166 563
121 567
142 567
191 568
421 568
175 571
281 575
441 576
234 577
262 577
318 577
366 578
358 581
426 581
348 582
409 586
399 589
249 592
369 593
381 593
