417 1
205 2
260 2
246 4
122 5
157 5
436 5
368 8
232 9
322 9
352 9
453 9
185 10
311 10
385 10
286 11
301 11
338 11
141 12
362 12
402 12
470 13
418 14
214 15
173 16
268 16
100 17
431 18
125 20
200 21
244 21
380 21
158 22
370 22
446 22
86 23
308 24
232 25
316 25
333 25
345 26
361 26
398 26
465 26
146 27
185 27
292 27
414 27
214 29
275 29
106 30
478 31
260 32
375 35
238 37
380 37
434 37
84 38
157 38
299 38
316 38
456 38
189 39
334 39
119 40
307 40
348 40
393 40
280 42
146 43
272 44
474 44
109 45
76 46
205 46
371 48
96 49
390 50
193 51
442 51
451 52
121 54
182 55
83 56
151 56
462 56
476 58
139 60
424 61
373 62
103 63
386 64
445 64
97 65
186 65
154 66
400 67
87 69
461 69
113 70
469 73
475 73
371 74
135 77
384 77
67 78
102 79
445 79
151 81
254 81
283 81
269 82
168 84
462 85
473 88
376 89
70 90
142 90
286 90
449 91
302 92
135 94
270 94
250 95
328 95
127 96
461 96
57 100
82 103
446 103
460 103
395 104
145 106
270 106
477 106
251 107
42 109
69 110
131 111
191 111
449 111
37 113
308 114
464 116
209 118
259 118
279 118
150 120
82 122
238 122
53 123
110 124
229 125
447 125
217 127
463 128
47 129
98 129
346 130
364 131
235 133
64 134
474 134
40 135
119 135
442 136
303 137
217 138
80 140
333 140
113 141
353 142
458 142
106 143
255 143
52 145
377 146
27 147
231 147
219 149
121 150
474 150
95 151
66 153
205 153
346 154
452 154
169 156
111 157
194 157
249 157
234 158
399 158
33 160
80 160
304 160
419 162
462 162
428 163
470 163
97 166
173 168
241 170
254 171
272 171
446 171
19 173
113 173
230 173
410 173
455 173
302 174
88 175
316 175
463 176
424 178
331 179
474 180
31 182
344 182
267 183
277 183
170 184
256 184
437 184
404 187
453 188
21 189
410 189
320 190
373 190
139 192
416 192
252 193
333 193
464 194
122 195
268 195
278 195
351 195
386 195
428 196
474 198
437 200
444 201
30 203
409 204
129 205
375 205
451 207
421 210
303 211
459 211
429 216
133 217
15 218
80 218
269 218
476 218
280 219
340 219
407 220
440 220
34 221
419 226
453 226
6 228
31 229
70 230
460 230
227 231
428 231
403 235
434 235
46 236
166 236
189 236
469 236
22 237
440 238
208 240
97 241
360 242
479 242
15 243
157 243
247 243
258 243
266 243
275 243
454 243
314 244
36 245
113 246
345 246
461 246
400 250
437 251
150 253
248 253
332 253
6 254
90 255
238 255
257 255
357 255
381 255
449 255
105 256
476 256
338 258
25 260
44 260
117 260
267 260
131 262
391 262
159 263
456 263
277 264
346 264
82 267
14 268
41 268
97 268
242 268
328 268
248 269
444 269
468 269
360 270
267 271
110 272
350 273
186 274
255 274
448 274
169 277
271 277
337 277
33 278
120 279
224 279
479 279
91 280
456 280
5 281
106 281
197 281
26 283
256 284
165 285
277 285
120 286
344 286
462 286
241 287
85 289
449 289
261 290
280 292
20 293
40 294
101 294
144 294
474 294
116 295
457 296
262 298
279 298
7 301
61 301
246 301
97 302
444 303
111 307
463 307
337 308
255 309
30 311
265 311
354 311
470 311
90 312
245 312
452 312
2 313
130 314
337 314
355 317
116 320
478 320
239 321
421 321
201 322
286 322
20 323
318 325
408 325
231 326
272 327
299 327
445 327
223 328
255 328
391 328
37 329
12 330
363 330
469 331
282 332
60 333
219 333
319 334
412 334
208 335
431 335
451 335
153 336
253 336
298 336
379 336
398 337
2 338
168 339
478 339
365 340
31 341
415 341
279 342
314 342
436 342
456 342
225 345
386 345
15 346
295 346
363 346
309 347
216 349
240 349
258 349
464 349
90 351
402 351
424 351
200 352
269 352
376 352
444 352
115 354
173 356
250 356
281 357
314 357
414 357
3 358
264 358
390 358
471 358
46 359
211 359
24 360
429 360
289 361
304 362
452 362
42 363
82 363
329 363
346 365
479 365
181 367
328 368
310 369
456 369
361 370
295 371
32 373
321 373
375 374
342 375
8 376
361 376
196 377
478 378
26 379
444 379
462 379
19 384
287 384
38 385
380 385
300 387
315 387
451 387
357 388
205 391
286 391
332 391
261 392
314 392
395 392
301 394
16 396
353 396
459 396
102 397
179 397
169 399
443 399
326 401
76 402
390 402
270 403
408 403
37 404
351 404
371 404
469 404
205 407
238 408
427 408
383 409
341 410
451 410
18 411
187 411
226 414
363 414
176 415
46 416
380 417
459 418
8 419
466 420
213 421
399 421
333 422
23 424
353 424
446 424
470 424
200 426
307 426
190 427
228 427
170 428
371 428
94 429
325 429
392 429
386 430
458 430
164 432
177 432
123 433
218 433
240 435
362 435
37 436
473 438
338 439
19 440
206 440
452 440
229 442
310 445
282 446
45 447
65 447
83 447
100 447
468 448
114 450
32 451
441 451
22 453
204 454
294 455
315 456
366 456
429 456
261 459
450 459
179 460
48 461
57 461
67 461
414 461
39 462
469 462
79 463
284 463
89 464
306 464
101 465
250 465
115 467
197 468
245 468
296 469
237 470
458 471
318 472
32 473
45 474
289 475
308 475
51 476
72 477
83 477
464 477
59 478
200 478
257 478
282 478
477 479
114 480
303 480
445 480
367 481
322 482
350 486
470 487
31 488
37 488
225 488
46 491
56 491
336 491
461 494
79 495
325 495
112 498
315 498
359 498
261 499
346 499
291 503
434 503
455 503
146 504
162 504
342 505
44 506
333 507
407 507
196 508
58 509
63 509
70 510
319 511
80 512
270 512
253 514
354 514
458 514
474 514
212 516
345 516
442 516
338 519
327 521
282 522
293 522
408 522
53 523
64 523
73 523
321 523
394 523
83 524
89 527
246 527
365 527
434 527
98 528
449 528
459 528
466 528
111 530
422 530
349 531
152 533
339 533
331 534
319 535
161 536
299 537
287 539
54 540
354 540
244 541
367 541
391 541
445 541
75 542
89 542
461 542
112 543
103 544
120 544
344 544
171 547
314 548
286 552
306 552
347 554
369 554
423 554
452 554
76 555
464 555
359 556
103 557
81 558
116 558
163 560
177 561
264 564
304 568
436 568
325 569
339 569
374 570
389 570
403 570
455 571
413 572
86 573
109 573
356 573
128 574
165 574
180 574
198 574
141 575
154 575
222 575
147 576
240 577
290 581
347 583
337 584
382 584
399 585
437 585
417 586
449 586
107 587
365 587
130 588
149 588
140 589
212 589
164 590
174 590
186 590
199 590
224 590
255 597
350 598
324 599
358 600
412 600
194 602
202 602
209 602
217 602
373 602
392 602
227 605
264 614
278 614
208 615
294 615
232 617
217 619
265 626
