133 1
263 1
276 2
118 3
286 3
328 3
370 3
410 5
103 7
190 7
201 7
211 8
226 8
303 8
387 8
160 9
175 9
348 9
237 10
250 10
145 12
264 12
318 12
90 13
80 14
362 14
405 15
127 16
278 17
287 17
115 18
180 19
190 19
335 19
172 20
213 20
299 20
199 21
246 21
308 21
345 21
383 21
105 22
159 22
235 23
258 23
426 23
151 24
93 25
268 25
320 25
140 26
359 28
401 28
438 28
283 29
122 31
202 31
298 31
371 31
216 32
330 32
70 33
190 33
109 34
172 34
246 34
415 34
165 35
235 35
154 36
307 36
340 36
386 36
101 37
93 38
261 38
273 39
356 39
80 40
144 40
203 43
438 43
197 44
210 44
407 44
68 45
178 45
221 45
451 45
249 47
170 48
235 48
262 49
426 49
104 50
99 52
276 52
205 57
229 57
406 57
73 58
214 58
240 58
247 58
332 58
268 60
417 60
455 60
169 62
56 64
155 64
428 64
357 65
385 65
201 68
225 68
235 68
208 69
411 69
245 70
259 71
329 71
448 71
270 72
422 74
79 75
466 75
69 77
201 78
436 78
478 78
63 79
190 79
215 80
241 80
103 81
180 81
136 83
259 83
287 83
50 85
151 86
162 86
295 86
455 86
90 87
123 88
194 89
304 90
75 91
139 91
180 91
473 91
170 92
350 92
389 92
160 94
252 94
284 94
323 94
60 95
107 95
293 97
91 99
145 100
185 100
202 100
303 100
194 101
46 102
135 102
173 102
123 103
316 103
464 103
82 104
165 104
287 104
69 108
155 108
447 109
112 110
143 111
194 111
221 111
58 112
184 112
309 112
92 114
175 114
462 114
288 115
323 115
43 116
130 116
166 116
433 116
472 117
258 118
80 119
117 119
155 120
72 121
279 122
110 123
391 123
479 123
422 124
451 124
183 125
63 126
174 126
189 126
166 127
93 128
432 128
53 129
369 129
302 131
469 131
82 133
119 133
408 133
320 135
35 136
109 136
479 136
186 137
195 138
226 138
63 139
177 139
167 140
450 140
362 141
425 141
96 142
129 142
281 142
403 144
433 144
49 146
88 146
119 146
467 147
413 148
78 149
298 149
38 151
108 151
138 151
182 151
194 151
169 153
130 154
447 154
70 155
241 156
312 156
430 157
454 157
412 158
91 159
119 159
149 159
139 161
53 162
353 162
113 163
191 163
308 164
464 164
218 165
160 166
333 167
76 168
156 169
284 169
337 169
151 170
447 170
322 171
249 172
34 173
67 173
297 173
352 174
478 174
30 176
207 176
308 177
358 177
56 178
461 179
292 181
338 181
367 182
81 183
448 184
298 185
469 185
324 186
46 188
74 188
348 188
209 189
287 190
310 190
37 191
174 192
336 193
226 194
62 196
441 196
466 196
240 197
299 197
25 199
323 199
51 200
186 200
283 200
146 201
451 204
478 206
74 207
382 207
154 209
459 209
38 211
387 211
114 213
392 215
286 216
370 216
444 218
29 219
416 219
252 220
477 220
400 223
43 224
139 224
316 224
381 224
195 226
456 226
76 227
119 227
26 228
213 228
365 228
388 229
348 230
463 230
408 231
444 232
113 233
222 233
374 234
393 234
416 237
42 238
235 240
473 241
138 242
261 243
445 246
458 246
35 247
158 247
430 247
370 248
266 249
130 251
151 251
226 252
461 253
184 254
147 255
442 255
32 256
245 257
26 258
292 258
125 260
141 260
219 265
252 265
431 265
340 266
454 266
66 267
88 267
303 267
156 269
133 271
462 272
258 274
442 274
148 275
245 275
468 275
34 276
128 278
144 280
165 280
211 281
451 281
30 283
110 283
194 283
357 285
213 286
335 286
300 287
476 288
50 289
73 290
383 290
182 291
25 292
89 292
103 292
323 292
138 294
119 295
342 295
44 296
172 296
188 296
465 296
218 298
64 299
89 300
191 301
204 301
329 301
113 303
350 303
232 304
262 304
374 305
458 305
36 306
85 306
301 306
61 307
105 307
165 307
357 309
382 309
190 310
284 311
339 311
55 312
176 312
465 313
447 314
98 315
77 316
188 317
329 317
269 318
173 319
392 320
314 321
95 322
342 322
457 322
45 324
298 325
382 325
126 326
69 327
399 327
462 327
201 329
387 330
302 331
325 331
351 331
40 332
368 332
426 333
447 334
308 336
62 338
287 338
332 338
474 339
133 340
313 340
395 340
56 341
164 342
380 342
80 344
338 344
294 346
317 346
361 346
460 346
403 348
73 351
345 351
50 352
301 352
326 353
446 353
394 356
45 357
185 357
308 357
220 358
375 358
286 360
352 360
456 360
66 361
197 361
167 363
338 363
381 363
35 365
461 366
438 368
155 369
53 371
58 372
326 372
347 372
227 373
132 374
55 376
448 376
46 377
77 379
477 379
359 381
340 382
45 383
432 383
69 384
462 384
324 386
437 386
67 388
303 389
473 391
450 393
135 394
58 395
341 398
78 400
175 400
129 401
295 401
252 403
329 405
236 406
143 408
448 409
476 410
64 412
338 412
90 414
207 419
463 419
153 421
180 421
133 422
80 424
145 429
235 429
452 429
69 430
102 430
123 430
317 430
159 434
61 435
136 438
476 439
275 440
268 441
297 441
346 441
82 442
208 442
258 442
309 442
447 442
252 443
111 444
240 445
128 446
120 448
157 450
466 451
67 452
109 452
144 452
374 452
97 456
135 456
447 456
298 457
278 458
305 458
388 458
85 460
252 460
268 460
290 460
463 460
122 461
258 461
247 462
325 463
363 463
237 464
152 466
435 466
468 466
109 467
141 470
100 474
314 474
89 475
285 476
295 476
425 476
455 476
120 477
274 478
354 478
230 479
259 479
434 480
162 481
402 482
198 483
469 483
151 485
137 486
445 487
414 488
116 489
184 490
318 494
266 496
241 497
428 497
192 498
438 498
167 499
159 500
132 502
360 502
117 503
147 503
448 504
314 506
301 507
101 508
400 508
196 511
418 512
180 513
271 515
164 517
435 517
130 518
149 519
111 520
341 520
385 524
196 525
402 525
184 528
227 528
414 528
430 532
145 533
128 535
165 537
316 537
364 539
192 541
379 542
396 544
253 546
385 546
412 548
305 549
152 552
164 552
191 555
371 555
382 558
227 560
309 560
253 561
401 561
168 567
195 569
209 570
323 570
345 570
250 571
302 571
226 572
274 572
334 572
353 572
284 573
359 573
288 582
205 583
218 584
274 586
298 586
328 586
237 587
248 587
254 587
