258 6
274 8
324 10
287 12
220 14
238 15
304 15
344 17
255 18
315 20
275 21
364 22
206 24
188 25
224 26
291 26
335 27
307 29
243 30
267 31
379 31
346 32
321 36
392 36
292 38
305 40
369 40
242 41
333 41
406 42
258 43
199 44
274 44
222 45
183 46
387 47
421 47
363 48
165 50
401 52
152 53
135 54
238 54
254 54
270 54
381 54
285 55
208 56
222 57
193 60
361 61
419 61
170 62
398 64
429 64
254 65
149 67
127 68
234 68
275 68
217 69
382 69
204 71
418 71
180 72
393 74
264 77
133 78
142 78
223 78
250 78
438 78
237 79
277 79
407 80
450 81
371 82
108 83
418 84
158 87
262 87
341 87
139 89
250 89
297 89
428 91
439 94
123 95
409 96
106 98
452 99
167 100
254 101
350 101
269 103
424 103
147 104
360 105
400 106
465 107
129 108
115 110
437 110
343 112
414 112
259 113
270 113
168 114
104 115
280 115
91 116
421 116
295 117
154 118
456 119
401 120
142 122
185 122
227 122
248 122
324 122
126 123
211 126
470 126
167 128
201 128
109 129
187 130
449 130
91 132
230 132
175 134
318 134
427 134
212 136
463 136
77 138
200 138
118 142
190 142
342 142
238 144
170 145
478 145
225 146
452 146
99 147
214 147
142 150
197 151
83 152
464 153
277 154
182 155
228 156
351 156
440 157
213 158
106 159
169 159
474 160
202 162
258 162
275 162
306 162
319 162
188 163
92 164
243 164
454 164
373 165
407 166
428 166
180 168
82 169
72 173
414 173
275 174
290 174
444 174
244 175
307 176
469 176
111 177
262 177
326 177
426 178
478 178
316 179
407 181
97 182
457 183
84 184
170 184
358 186
273 187
438 187
253 188
294 188
313 188
68 189
418 189
423 189
467 191
115 192
334 192
176 193
102 195
217 195
408 196
227 199
286 199
304 199
80 200
118 200
265 200
419 202
71 203
458 203
449 206
98 208
261 209
455 210
216 211
474 212
78 217
450 217
63 220
312 223
164 225
462 226
364 228
120 230
470 230
77 232
390 233
247 235
310 235
448 235
103 237
324 237
429 237
414 240
454 241
366 242
82 243
271 243
246 245
265 245
394 245
258 247
378 247
109 248
182 248
324 248
315 249
358 249
467 249
99 251
448 252
335 254
372 255
390 255
431 256
85 257
277 257
115 259
256 259
79 260
268 260
456 260
200 261
242 262
378 262
415 263
64 264
166 266
399 266
440 266
104 267
386 267
465 268
128 269
217 269
341 270
266 271
289 271
274 272
90 273
119 274
149 274
248 275
375 275
394 275
450 276
81 278
107 278
59 279
478 280
332 281
219 282
189 283
157 285
181 285
342 287
250 288
465 288
66 289
146 291
350 292
442 292
192 294
451 294
166 295
356 295
330 298
475 299
74 300
211 301
96 303
179 303
234 303
337 304
445 305
463 305
54 310
452 311
169 312
195 312
349 312
469 313
456 317
355 318
474 318
73 319
181 319
328 319
281 323
61 324
431 324
460 324
442 325
122 326
144 326
58 329
383 329
195 331
214 331
132 334
155 334
468 335
106 336
344 336
449 337
185 338
72 340
430 340
121 341
149 341
204 342
276 344
455 345
476 346
134 349
260 349
55 351
107 351
310 351
171 352
154 353
76 356
123 358
462 358
403 360
420 360
66 361
144 361
240 362
58 363
301 366
446 366
470 367
158 368
177 369
214 373
310 374
454 376
71 377
96 379
120 380
259 381
315 381
462 386
79 388
224 389
444 392
466 393
170 394
183 394
323 395
200 396
67 397
449 400
471 400
88 402
222 403
309 403
366 403
116 404
277 407
78 408
294 408
255 409
457 409
390 410
103 411
116 414
203 414
312 414
349 416
265 417
465 418
90 419
256 419
64 420
242 420
375 420
149 421
109 422
396 422
443 422
269 424
99 426
242 427
377 427
77 428
260 429
225 430
272 431
113 433
384 433
455 434
245 435
326 437
275 439
87 441
167 441
462 441
148 443
414 445
104 446
250 446
268 446
438 446
319 447
281 448
184 449
306 451
471 452
162 453
445 453
254 454
421 456
89 458
212 458
114 459
188 460
290 461
356 461
260 463
279 463
406 463
313 465
172 466
460 466
103 467
242 467
438 467
82 469
465 469
298 470
287 471
342 471
442 474
163 475
196 475
224 475
94 476
112 476
270 476
416 476
248 477
323 477
478 478
450 479
204 481
99 484
178 484
279 484
399 485
124 486
308 486
431 486
155 488
465 488
144 489
239 489
375 489
112 492
213 492
438 493
473 493
131 494
384 495
101 497
362 497
339 498
220 499
420 499
315 500
395 500
119 503
367 503
131 504
454 505
150 506
107 508
402 508
373 509
231 510
238 514
409 514
435 514
216 517
116 518
383 518
130 519
448 521
289 522
368 522
145 523
392 523
197 526
426 526
159 528
319 529
231 530
205 531
402 531
169 532
377 533
282 534
303 534
434 534
180 536
386 536
119 538
413 538
133 540
270 540
308 540
141 541
189 541
392 543
316 544
230 545
337 545
370 545
150 546
426 549
163 551
379 552
273 553
304 554
178 555
356 555
390 557
188 559
285 559
313 560
367 560
261 562
138 564
233 564
197 565
148 566
272 567
293 567
344 567
160 568
208 569
308 569
245 571
380 571
277 572
322 572
360 572
221 573
256 574
396 577
182 578
231 578
293 578
341 578
319 580
249 584
195 585
359 585
330 586
205 587
216 590
280 590
339 590
292 591
224 592
233 594
305 594
321 596
362 596
279 606
293 608
