321 99
334 103
234 104
254 104
399 104
274 107
359 108
412 108
286 110
300 113
319 114
372 115
435 117
235 119
262 119
338 120
219 121
202 122
190 124
447 125
290 126
315 127
410 129
455 130
328 131
218 134
426 134
229 135
259 135
346 135
245 136
470 137
182 139
200 139
271 139
284 140
301 141
438 142
317 143
157 144
336 146
141 147
227 150
248 150
348 150
209 151
406 151
457 151
198 152
268 153
416 153
186 155
279 155
285 156
303 157
170 158
474 158
384 159
431 160
150 162
327 163
237 164
211 165
254 165
135 166
182 168
403 168
443 168
195 169
167 171
419 172
156 179
461 179
239 180
124 181
200 181
224 181
140 182
177 182
108 186
419 188
425 191
177 192
194 192
436 192
206 193
220 194
106 195
159 195
142 198
443 198
362 199
96 200
132 201
458 203
377 206
114 207
177 207
200 207
470 208
102 210
157 211
392 212
138 214
477 214
369 215
118 221
187 221
215 221
379 221
169 224
156 225
293 225
452 225
91 229
142 229
379 229
470 232
122 233
391 233
74 234
273 235
230 236
172 237
189 237
102 239
368 239
158 241
318 241
479 241
88 243
420 244
456 245
296 248
190 251
201 251
213 252
312 252
464 252
104 253
224 253
438 254
240 256
90 257
413 259
299 261
76 262
118 262
448 262
424 264
209 266
315 266
106 267
237 267
221 268
429 268
59 269
283 271
405 271
463 272
81 274
300 275
314 275
231 278
418 278
445 278
473 278
216 279
71 280
112 280
327 281
188 283
201 283
56 284
343 284
375 284
137 287
166 287
148 289
390 289
461 291
363 292
127 293
226 293
326 293
203 294
234 294
214 295
55 297
164 297
181 297
345 298
300 299
381 300
447 301
359 302
478 302
146 303
68 304
135 304
368 307
396 307
214 308
228 308
330 308
180 309
55 310
123 311
201 311
341 311
168 313
377 313
459 313
155 315
41 317
385 317
75 318
192 318
360 319
464 319
233 320
441 320
329 321
179 322
290 322
60 325
342 326
421 326
307 327
448 327
469 329
352 330
320 331
424 331
328 333
456 334
77 335
285 335
408 335
434 336
146 337
340 337
302 338
41 340
212 340
418 341
394 342
442 343
314 345
467 345
353 346
60 347
333 348
285 350
426 350
403 351
85 352
298 352
453 353
53 354
341 354
206 356
432 356
477 356
316 359
414 359
354 360
391 360
70 361
169 361
196 362
225 363
439 363
462 363
37 365
97 365
281 365
329 365
297 367
182 369
238 369
210 370
308 370
448 370
61 371
342 371
86 374
469 374
116 375
199 375
322 375
225 376
453 377
168 379
258 379
288 379
299 380
48 382
105 382
189 382
310 383
163 384
372 384
238 385
74 386
181 386
354 387
460 388
205 389
229 389
333 389
323 390
97 391
176 391
41 393
359 394
295 395
199 396
466 396
306 397
67 398
115 398
243 400
188 401
343 401
448 401
148 402
167 402
87 405
410 405
475 405
430 407
184 408
323 408
372 408
392 408
27 409
106 409
220 409
454 409
352 410
163 411
81 412
413 412
478 413
377 414
58 415
436 415
335 417
120 418
360 418
397 418
39 419
178 419
198 420
416 420
460 421
73 422
96 422
382 422
340 423
54 425
116 426
175 427
193 427
362 428
406 430
387 431
464 431
346 432
425 432
445 433
326 435
48 436
372 436
167 437
188 438
26 439
106 439
63 440
146 441
473 441
85 442
311 442
288 443
277 444
454 445
43 446
258 447
296 449
101 450
334 450
83 451
119 451
318 452
36 455
244 455
467 455
259 456
56 457
300 457
337 458
76 459
97 459
270 459
285 459
115 462
258 462
30 465
458 465
272 466
476 467
72 468
245 468
313 468
295 471
142 472
90 473
111 473
25 474
262 475
186 476
278 476
462 476
157 478
105 479
249 479
325 479
450 479
302 480
45 482
202 482
169 483
65 484
269 486
313 486
466 486
235 487
288 487
437 488
188 489
253 489
389 489
105 491
169 492
204 492
220 492
59 495
239 495
274 495
295 495
453 496
258 498
373 498
442 498
471 498
205 500
300 500
280 501
390 502
189 503
171 504
74 506
227 507
442 507
475 507
54 508
243 508
266 508
208 510
286 510
316 511
458 512
26 513
172 514
191 514
273 515
293 515
444 515
390 516
211 519
300 519
466 521
193 523
70 526
281 526
458 526
45 527
258 527
103 528
119 529
447 529
292 531
65 535
314 535
86 536
261 536
307 536
37 537
459 538
320 539
448 542
474 543
117 544
276 548
82 549
47 552
65 552
101 552
479 553
252 554
448 556
463 556
318 557
302 559
258 560
79 561
119 561
139 562
61 563
160 563
449 565
233 566
99 567
207 567
433 567
79 572
407 572
468 572
239 573
121 574
445 577
145 578
215 579
303 579
59 580
426 580
77 582
107 582
402 583
469 583
127 585
455 585
147 587
222 588
93 591
201 592
440 594
471 594
418 595
458 595
371 597
112 598
236 598
72 599
353 601
362 601
404 601
180 602
204 602
134 603
153 604
224 604
260 604
280 604
455 604
473 604
246 607
392 607
210 610
292 610
96 611
337 611
432 611
302 612
310 613
325 613
119 614
141 614
274 614
164 615
190 615
234 615
257 615
419 616
364 618
217 620
351 621
451 621
288 622
473 622
443 623
147 624
246 624
399 624
268 625
341 625
304 626
200 627
319 627
99 628
382 630
437 630
127 632
178 632
235 633
212 635
276 635
366 635
460 635
400 636
426 637
355 639
