215 2
419 2
256 4
314 4
377 5
297 6
385 6
404 6
474 6
360 9
199 11
348 11
235 12
274 13
444 14
184 15
328 16
430 17
222 18
416 18
311 19
406 19
163 20
468 20
249 21
461 21
395 22
205 23
378 23
298 24
362 25
284 26
190 28
349 28
235 29
331 30
139 31
268 31
467 31
177 32
320 33
443 33
387 34
413 34
426 34
218 35
305 37
372 37
248 38
290 39
161 41
206 41
349 41
116 42
336 42
451 45
468 45
138 46
183 46
229 46
268 47
380 50
396 50
363 52
214 53
125 55
241 55
347 55
155 56
441 57
325 58
459 58
475 59
264 60
105 64
140 65
186 65
234 65
368 67
384 67
397 67
275 69
358 69
220 70
337 71
444 71
462 71
166 72
326 72
126 73
206 75
261 75
248 77
150 79
194 80
106 82
235 82
279 82
447 84
413 85
264 86
431 86
461 86
220 88
122 90
247 92
106 95
235 95
278 97
476 99
265 100
412 100
428 100
90 101
223 101
436 101
464 101
180 102
448 105
80 106
246 106
205 108
459 108
164 109
230 111
108 112
144 113
271 113
405 114
258 115
474 115
422 116
206 119
443 121
82 123
460 123
113 126
465 126
289 133
94 134
448 136
80 140
384 140
110 141
412 141
469 142
91 150
447 150
343 151
186 153
303 153
459 154
82 156
415 156
103 157
474 158
70 161
202 161
160 162
352 162
236 163
308 163
337 163
147 165
291 165
179 166
221 166
449 166
379 167
207 170
334 170
325 171
161 172
308 172
69 173
153 173
351 173
427 173
185 174
232 174
293 174
466 174
282 175
122 177
171 178
447 178
210 179
163 182
137 183
231 183
317 184
330 184
347 184
73 185
189 185
298 185
307 185
217 186
460 187
122 188
177 188
203 190
469 191
57 192
168 192
414 193
139 194
333 195
444 195
157 196
297 197
342 197
66 198
186 198
308 198
315 198
353 198
234 199
264 200
459 201
122 202
202 202
217 203
251 204
468 205
52 206
136 206
79 207
188 207
291 207
347 207
312 208
332 208
357 209
318 210
277 211
443 211
147 213
229 213
257 213
269 213
66 215
319 217
139 218
212 218
456 218
157 219
292 219
303 219
184 220
328 220
53 221
237 221
274 221
343 221
127 223
360 223
464 223
436 224
74 225
222 225
251 226
263 226
45 227
141 228
206 229
238 229
303 230
290 231
315 231
333 231
343 231
276 232
352 232
222 233
459 233
54 235
215 236
262 236
403 237
251 238
306 238
72 239
316 239
471 239
242 240
443 240
336 241
345 242
64 243
224 243
214 245
421 245
357 246
452 246
57 248
372 250
330 252
233 253
341 253
464 253
441 254
64 255
217 257
354 257
475 257
392 258
452 260
205 262
246 262
17 263
325 263
342 263
51 264
234 264
64 265
354 266
192 267
80 269
220 269
277 269
404 269
266 270
469 270
16 272
446 274
331 275
28 276
346 277
228 278
67 280
309 280
101 281
212 282
274 284
95 285
112 285
203 285
376 285
442 285
466 285
21 286
242 288
387 288
478 289
216 290
11 291
233 291
30 293
103 293
451 293
398 294
207 295
371 295
80 296
112 299
457 299
92 300
230 301
19 303
467 303
395 304
213 305
384 305
33 306
204 306
86 307
239 308
370 309
230 310
452 310
135 311
98 312
478 312
7 313
25 314
73 315
206 315
381 316
110 317
465 318
88 319
102 320
284 320
364 320
235 321
300 322
337 322
395 322
477 323
376 324
454 324
11 325
347 326
31 327
316 328
461 329
329 330
359 330
288 331
231 332
389 332
301 333
219 334
336 334
21 335
369 335
471 336
313 337
451 338
13 340
287 340
380 340
359 342
478 342
31 343
189 343
299 343
326 343
386 343
262 345
306 345
463 346
5 347
417 348
315 349
340 349
358 349
370 349
283 350
21 351
397 353
446 353
291 354
328 354
380 354
402 354
353 355
474 355
54 356
301 357
255 358
33 360
343 360
453 360
186 361
163 362
411 362
438 365
460 365
106 366
91 367
3 368
45 369
420 369
75 370
176 370
193 370
333 370
59 372
322 372
468 372
403 373
427 373
99 376
189 376
451 376
66 378
15 379
34 379
82 380
412 380
432 380
109 383
182 383
205 384
8 385
474 385
457 386
440 387
26 388
380 389
402 389
174 390
196 390
232 390
423 390
45 391
104 391
60 392
71 394
463 394
191 395
412 396
447 397
248 398
320 398
378 398
18 399
164 400
36 402
256 403
475 403
262 404
294 405
441 405
14 407
313 407
269 408
460 408
277 410
30 411
132 411
392 411
446 412
318 414
464 414
302 415
289 418
255 419
40 420
450 420
156 422
245 422
308 422
5 423
263 423
438 423
473 423
383 424
33 427
271 427
295 430
314 430
464 431
16 432
135 433
449 433
316 435
277 436
251 437
396 438
10 439
208 439
478 439
355 441
456 442
131 443
342 444
146 445
21 447
330 447
391 448
442 448
382 450
4 451
344 451
358 452
371 452
131 454
334 454
448 455
34 457
398 457
374 459
349 462
389 462
160 464
458 464
100 465
145 466
23 467
58 468
339 468
129 469
217 469
365 469
326 471
397 471
38 474
476 474
127 476
463 476
114 477
447 477
343 478
386 479
415 479
21 480
147 481
82 482
99 482
329 482
466 482
358 485
114 486
220 486
35 487
233 488
457 489
16 490
473 490
196 491
332 491
81 492
347 492
98 494
13 497
35 497
209 497
466 498
118 499
222 500
334 500
173 501
351 501
33 502
97 502
451 502
83 504
236 504
107 507
355 508
457 508
474 509
332 515
444 515
207 516
343 516
83 517
218 517
466 517
14 518
33 518
98 518
240 519
194 522
432 523
413 524
173 525
450 525
34 526
474 527
17 531
434 531
319 532
32 533
459 533
56 534
73 534
188 535
418 537
163 538
464 538
443 539
469 540
403 542
79 544
170 544
40 546
61 546
23 548
428 548
477 548
148 549
340 549
305 550
181 551
6 553
210 553
412 553
224 554
192 555
162 556
459 556
50 557
316 559
281 560
419 560
439 560
149 562
22 563
77 563
179 565
306 567
58 568
159 568
298 568
369 568
287 569
450 569
41 573
192 573
476 573
69 574
90 574
432 575
45 577
221 577
180 578
311 580
463 580
297 582
362 582
190 583
445 585
288 586
168 588
282 588
13 590
318 590
457 591
48 593
176 593
313 594
75 595
306 595
188 598
60 599
199 599
298 599
34 600
161 600
238 601
291 601
329 602
472 602
132 603
432 603
10 604
108 604
249 604
274 605
16 607
318 607
213 608
385 608
438 608
267 609
78 610
120 610
147 610
206 610
157 611
414 611
221 612
302 612
56 613
126 614
187 614
233 614
94 615
359 615
425 615
295 616
401 616
31 617
337 617
104 618
134 618
281 619
323 620
380 620
463 620
251 621
312 621
233 622
389 622
412 623
47 624
209 624
75 625
197 625
225 625
448 627
286 628
124 630
61 631
353 631
374 632
333 633
272 635
321 635
402 635
306 636
