281 9
269 10
294 10
308 12
328 13
335 13
348 15
365 15
377 20
383 21
245 23
235 24
257 24
212 25
265 25
272 25
396 25
285 26
441 26
311 28
193 30
202 30
330 30
449 31
348 32
359 33
413 35
379 37
423 38
169 39
242 42
256 42
224 43
268 43
216 45
322 46
203 47
194 48
335 48
348 51
181 52
172 55
278 57
456 57
254 58
242 60
265 60
310 60
145 61
300 61
211 63
226 63
134 64
332 65
195 67
351 67
126 68
474 68
185 70
178 71
279 73
452 73
164 74
268 75
252 76
376 76
237 77
322 77
145 80
333 80
464 82
349 83
129 86
114 88
303 88
294 89
276 90
473 90
244 91
256 91
321 91
97 95
158 95
336 95
446 95
477 95
342 98
349 98
149 99
306 100
298 101
459 102
267 105
281 105
253 106
299 107
241 108
109 109
311 109
357 110
157 111
332 112
474 112
144 114
445 114
342 115
190 117
351 117
411 117
257 119
287 119
452 119
115 120
271 120
302 121
244 122
461 122
102 123
315 124
331 125
85 128
345 128
351 129
144 130
132 132
267 133
281 133
293 133
252 134
307 134
242 135
377 135
478 135
454 136
329 138
104 139
160 139
344 141
150 142
278 143
445 143
290 144
134 145
268 145
250 147
469 147
120 148
309 150
105 151
297 153
322 153
477 153
286 154
336 155
137 158
272 158
350 158
443 158
451 159
119 162
411 162
233 163
172 164
113 165
462 165
157 167
322 167
421 167
336 169
146 170
427 170
346 171
90 172
471 172
435 173
82 174
137 174
355 174
475 174
402 175
441 176
412 177
446 177
63 178
119 179
453 179
424 181
325 182
96 184
336 184
344 184
396 185
433 186
353 187
140 189
469 189
89 190
130 191
124 192
360 192
414 192
443 192
477 195
333 198
76 199
342 199
428 199
151 201
187 202
246 202
461 202
357 203
406 203
136 205
242 205
436 205
94 207
296 207
58 208
230 208
303 208
125 209
166 209
199 209
274 209
283 209
336 210
446 210
263 211
418 211
255 212
346 212
473 212
84 214
183 214
249 215
449 215
356 216
427 216
154 217
398 217
172 219
457 219
138 220
303 220
312 220
323 220
290 221
330 222
97 223
193 223
162 224
266 224
339 224
408 224
437 224
127 225
467 226
253 227
414 227
245 229
355 230
444 230
150 231
474 232
86 233
301 233
309 233
424 233
449 233
283 234
290 234
106 235
199 235
273 235
402 235
171 236
328 236
430 236
479 236
265 238
343 238
353 240
411 240
459 240
159 242
188 242
215 242
364 243
389 245
121 246
304 246
314 246
290 247
323 247
202 248
442 248
468 248
147 249
282 249
332 249
375 249
227 250
342 250
352 251
138 253
170 253
449 253
76 254
359 254
474 255
192 256
299 256
310 256
385 256
214 257
400 257
454 257
318 258
332 258
370 259
234 260
337 260
476 260
65 261
182 261
287 261
459 261
125 262
208 262
346 262
354 262
443 264
479 264
226 266
52 267
148 267
172 268
362 268
384 269
448 269
196 270
304 270
328 270
78 271
467 271
215 272
340 272
451 273
173 274
374 274
232 275
346 275
288 276
160 277
208 278
356 279
394 279
455 279
243 280
443 281
261 282
474 282
269 283
323 283
459 283
95 284
219 284
150 285
337 285
478 286
75 287
236 287
346 287
122 288
461 288
278 293
356 293
88 294
210 294
244 294
272 294
465 294
227 295
448 295
304 296
114 297
140 297
326 297
80 298
202 299
237 299
333 299
160 300
454 301
219 302
345 302
473 302
76 303
130 304
250 304
155 305
180 305
233 306
246 306
260 306
104 309
329 310
355 310
64 311
464 312
149 313
265 313
375 313
124 314
207 314
223 314
97 315
449 316
273 318
345 318
140 319
201 320
234 320
246 320
421 321
454 321
471 321
215 324
440 327
457 327
160 329
225 329
80 330
236 330
414 331
478 331
103 333
428 333
444 333
462 334
206 336
300 336
401 336
71 338
219 338
418 339
254 340
355 340
466 340
201 341
227 341
431 341
212 343
237 343
61 344
407 344
452 346
472 348
56 349
224 349
437 349
207 352
258 353
48 356
75 356
221 357
296 357
401 357
476 357
414 358
460 359
232 360
242 363
466 366
265 367
278 367
242 368
252 371
450 371
260 374
103 375
396 375
454 375
368 377
383 377
58 378
313 379
456 382
249 384
385 385
53 386
71 387
272 388
476 388
258 389
49 390
247 393
278 394
461 394
375 396
449 396
43 397
465 398
178 402
428 402
255 403
268 403
360 403
199 404
467 404
187 405
211 405
223 405
443 405
244 406
417 410
333 411
350 412
433 412
446 412
185 413
50 415
209 415
171 416
233 416
421 416
274 417
71 418
264 418
448 418
253 419
336 419
194 420
219 421
351 421
407 422
208 424
424 424
231 426
273 426
321 426
63 427
190 427
440 427
263 428
456 428
165 429
341 430
357 430
468 430
252 432
56 433
202 433
323 433
78 435
217 435
346 435
241 436
54 437
325 438
416 438
175 439
275 439
444 439
227 441
347 441
264 443
431 443
206 444
252 444
478 444
69 445
294 445
46 446
367 446
404 446
275 448
288 448
312 448
264 451
332 451
64 452
434 452
467 453
242 454
298 454
316 454
355 454
334 455
342 457
318 458
411 458
204 459
217 459
266 460
453 461
240 464
289 464
441 464
133 465
280 465
302 465
348 466
472 466
216 468
430 468
306 470
383 470
462 470
228 471
350 471
201 472
253 472
332 472
402 472
417 472
268 474
240 475
281 478
310 478
407 478
358 479
268 480
341 480
188 481
468 481
85 482
156 483
327 483
230 487
107 488
186 488
243 488
216 489
273 491
334 491
347 491
199 494
442 494
71 495
259 495
459 495
356 496
381 496
120 497
274 498
168 499
217 500
245 502
327 502
359 502
262 503
479 503
82 505
346 505
467 505
167 506
187 506
277 506
450 506
311 508
217 509
263 512
110 513
166 513
200 514
280 516
248 517
473 517
88 519
182 519
444 519
359 521
123 522
168 522
329 522
421 522
364 524
448 525
103 527
396 527
427 527
150 528
299 528
453 528
373 530
433 530
119 533
306 533
324 533
412 533
151 534
459 534
291 535
383 535
468 536
188 538
132 539
152 539
348 539
329 541
395 541
316 542
100 544
361 545
368 547
153 548
413 548
434 548
286 549
458 549
135 551
157 551
381 551
307 555
390 555
420 555
118 556
344 556
399 557
223 558
434 559
160 560
413 560
352 561
229 562
361 562
210 563
443 563
448 564
454 564
252 565
326 566
183 568
259 568
292 568
383 568
236 569
402 569
395 570
146 571
167 571
218 571
334 571
277 573
302 574
341 574
419 574
172 576
349 576
432 577
444 577
205 578
310 578
456 578
154 579
361 579
209 580
178 581
228 582
271 583
376 583
385 583
395 583
185 584
294 584
410 584
193 586
278 588
258 591
344 591
200 594
425 594
356 595
410 595
394 596
366 597
268 598
325 601
234 602
341 602
420 606
408 607
217 608
259 609
400 609
312 611
376 611
362 612
224 613
