212 79
156 86
172 89
252 89
191 91
204 91
214 94
268 94
231 99
146 100
125 102
159 102
172 103
292 103
250 104
188 106
95 109
197 109
265 109
213 112
313 112
229 114
280 115
159 118
139 119
243 119
333 119
123 120
370 120
259 123
106 124
94 125
297 125
339 125
381 126
309 129
351 129
70 131
247 136
367 136
165 137
288 137
329 138
108 140
203 142
91 144
338 144
385 144
78 146
308 147
346 147
286 149
388 149
352 150
357 150
60 151
400 152
175 155
109 156
369 157
328 158
40 160
94 160
418 163
63 167
250 170
49 173
264 175
29 180
275 180
416 180
71 183
218 183
430 187
246 190
403 191
260 192
41 193
375 193
160 194
76 196
202 197
278 198
63 199
23 202
333 202
427 202
297 203
51 205
8 206
89 207
256 207
308 207
405 207
181 209
349 209
172 210
443 210
74 211
270 211
411 211
197 212
33 214
284 214
326 215
421 215
61 216
242 217
296 218
18 219
52 220
255 220
402 222
311 223
343 223
278 225
174 226
199 226
412 226
442 226
72 227
319 227
188 228
447 228
230 229
354 229
290 230
254 231
23 233
426 234
306 235
337 235
48 237
199 239
75 240
348 240
438 240
316 241
411 241
4 242
113 242
31 243
156 243
384 243
449 245
100 246
294 247
389 247
421 247
363 248
428 249
18 250
139 250
399 250
82 251
131 253
185 253
310 253
118 254
376 256
5 258
106 258
233 258
288 260
419 260
97 261
445 261
386 262
159 263
363 263
424 263
90 264
144 264
82 265
133 266
25 267
303 267
400 269
117 270
373 270
438 270
12 271
281 271
408 272
102 274
320 274
40 275
382 276
413 276
160 277
213 277
293 278
144 280
129 282
237 282
69 283
432 284
58 285
16 288
203 288
260 288
179 289
407 290
159 291
219 291
38 292
78 292
235 295
2 296
130 296
425 299
24 301
51 301
200 301
171 302
185 302
207 302
218 303
224 303
75 304
403 304
153 306
440 306
39 307
143 307
13 308
61 309
439 311
2 313
27 313
191 313
207 313
415 313
445 313
51 314
171 314
75 316
224 316
235 318
39 319
16 320
152 320
427 320
94 321
333 322
371 322
405 322
87 324
24 327
217 327
383 327
228 328
78 329
439 329
118 330
237 330
345 330
7 331
45 331
390 331
422 333
108 335
325 335
365 335
88 336
98 336
399 336
63 337
30 338
203 338
218 340
299 340
337 340
88 342
230 342
381 342
279 343
432 343
412 344
49 345
17 346
353 346
386 346
78 347
111 348
392 348
364 349
215 350
36 352
100 352
66 353
232 354
342 354
425 357
28 358
377 359
88 360
405 360
356 361
448 361
386 362
194 363
337 363
180 364
287 364
432 364
317 366
391 367
18 368
163 368
369 370
418 370
300 371
326 371
442 371
353 373
29 375
188 376
309 376
400 377
181 379
316 380
135 382
293 382
173 383
366 383
410 384
432 385
164 386
385 386
299 387
32 388
198 389
355 389
441 390
11 391
331 391
186 393
282 393
93 394
393 394
312 395
364 396
341 397
420 398
172 399
294 402
17 403
39 403
399 404
323 405
428 405
351 407
152 411
306 411
329 411
406 411
9 412
359 412
432 413
28 414
287 417
263 418
119 419
314 420
337 420
411 420
416 422
296 423
319 424
441 426
13 428
300 429
345 430
205 431
324 431
419 431
373 433
308 436
354 437
331 439
248 442
89 443
104 444
142 444
276 444
408 444
376 445
295 446
156 447
118 450
337 450
134 451
30 452
260 452
82 453
152 454
383 454
189 455
419 455
241 456
363 457
404 458
97 459
185 460
9 462
108 462
130 462
268 462
40 463
387 463
76 464
147 465
250 465
426 466
271 467
185 469
371 472
278 473
392 474
125 475
88 477
203 480
259 480
377 480
432 480
167 481
283 481
356 482
419 483
106 484
285 484
309 485
398 485
49 486
143 487
65 488
184 488
267 488
82 489
10 490
163 490
403 492
120 493
362 493
426 495
292 496
319 496
63 497
7 500
44 500
79 500
24 501
139 501
388 501
186 502
163 503
118 504
372 507
61 508
140 508
300 508
419 511
21 513
79 514
187 514
383 515
38 516
406 516
115 517
141 517
95 518
165 519
305 519
236 521
258 522
265 524
214 525
419 525
56 526
366 526
19 527
77 527
343 528
395 528
264 531
216 532
37 534
351 534
408 534
243 536
322 536
327 537
58 540
272 540
219 541
76 542
16 543
35 544
396 545
250 546
339 546
278 548
226 551
379 551
344 553
59 554
255 554
77 555
15 556
201 556
231 557
260 558
35 559
151 559
287 559
321 559
392 559
330 563
360 563
297 565
406 565
101 566
179 566
376 569
39 570
62 570
341 571
307 572
354 575
386 575
134 577
187 577
214 577
41 578
161 578
364 580
63 581
285 581
323 581
45 584
294 585
170 587
195 588
339 588
70 591
305 591
378 591
360 592
75 594
32 595
315 597
179 601
244 601
153 602
334 602
58 603
288 604
185 605
132 606
213 606
83 607
220 608
258 608
348 608
361 608
298 609
190 611
321 612
110 613
226 613
231 614
89 615
137 615
68 617
276 618
53 619
167 621
199 621
295 622
243 623
98 625
123 625
149 625
304 626
178 627
325 627
335 628
78 629
208 629
218 630
261 631
155 632
186 634
283 636
198 637
62 638
134 638
111 639
