145 2
399 2
258 3
300 3
436 4
166 6
214 6
379 6
343 7
277 9
412 9
186 10
231 10
351 10
455 10
286 12
323 12
243 13
394 13
200 15
135 16
368 16
425 16
149 17
165 17
260 18
212 19
182 20
304 20
343 21
384 22
441 22
228 23
271 23
315 24
411 24
245 26
108 27
129 27
288 27
361 27
396 28
473 28
144 29
261 31
375 31
162 32
179 32
199 32
335 32
423 32
216 34
460 35
352 36
236 38
427 38
284 39
390 39
106 41
125 41
438 41
464 41
296 43
203 44
376 48
277 49
157 50
236 50
328 50
109 52
128 52
357 53
454 53
256 55
300 55
398 57
429 58
318 59
270 60
163 62
134 63
372 64
178 65
471 65
99 66
112 66
216 68
340 68
416 68
301 69
229 70
448 70
359 74
145 77
157 77
180 77
115 78
170 78
101 79
280 79
433 80
332 81
404 81
221 82
373 82
293 83
236 84
467 85
350 86
253 87
192 89
306 89
133 90
176 90
450 90
109 91
119 91
390 91
211 92
363 92
96 93
398 94
425 94
233 95
374 98
195 100
433 100
169 102
251 102
303 102
110 103
128 103
146 103
158 103
334 103
265 104
94 106
444 107
471 109
196 110
392 110
347 111
370 112
238 114
424 115
123 117
135 117
148 117
250 117
104 118
402 118
332 119
459 119
94 120
196 121
263 121
78 124
214 124
413 124
445 126
465 127
147 130
174 130
240 131
190 133
253 134
91 135
478 135
427 136
331 137
221 138
72 139
268 139
308 140
407 140
234 141
385 141
459 141
141 142
197 144
282 144
180 145
442 145
124 146
113 147
212 147
362 147
469 147
100 148
420 148
76 149
373 150
89 151
298 151
398 152
62 153
255 153
134 155
272 155
178 156
264 156
332 156
454 156
304 157
355 158
114 159
384 159
216 160
285 160
94 163
228 163
466 163
439 164
68 166
367 166
419 167
396 168
447 168
174 169
158 170
200 170
258 170
218 172
355 172
67 174
98 175
406 176
477 176
280 177
434 179
136 180
247 180
174 181
456 181
345 182
198 183
368 183
70 186
328 186
419 186
121 188
275 188
109 189
240 190
469 190
188 192
399 192
450 192
50 193
427 194
202 195
257 195
293 196
318 197
123 199
461 201
416 202
67 203
305 204
394 205
146 206
193 206
376 206
444 206
177 207
328 208
51 209
87 209
252 209
199 210
471 210
114 212
263 212
405 214
102 215
229 216
38 217
74 217
385 217
343 218
369 218
242 219
277 219
311 219
457 219
161 220
181 221
65 222
104 224
118 224
130 224
138 224
208 224
49 226
398 226
262 227
356 227
92 228
442 228
220 229
424 229
382 231
470 232
77 233
237 233
277 233
447 234
366 235
106 237
168 237
252 237
64 238
141 238
196 238
392 238
58 240
128 240
91 241
415 242
266 243
233 244
329 244
46 245
119 245
77 246
277 246
306 246
462 247
195 248
210 249
401 249
421 249
68 251
444 251
150 252
27 253
224 254
267 254
409 254
340 255
57 256
87 256
47 258
120 258
200 258
321 258
370 258
392 258
472 258
175 260
186 260
238 260
215 261
74 263
332 264
35 265
252 265
378 265
315 266
453 266
63 267
94 268
260 268
404 269
437 269
126 271
54 272
166 272
215 272
270 272
365 272
298 273
386 273
147 274
442 274
17 275
467 275
230 276
244 276
280 277
328 277
407 277
42 278
109 278
67 280
450 281
427 282
94 283
356 283
393 283
123 284
201 284
217 284
315 285
28 286
295 287
52 290
161 290
478 290
382 291
418 292
457 292
80 293
107 293
20 294
148 294
304 294
403 295
283 298
38 299
354 300
372 300
133 301
313 301
168 302
229 302
467 302
86 304
262 304
156 306
14 307
98 308
339 308
472 308
295 309
395 309
451 309
112 312
199 312
186 313
214 313
382 313
174 315
87 316
222 317
478 317
458 318
40 319
162 319
286 319
18 320
101 320
305 320
406 320
440 320
424 321
374 323
79 326
144 326
242 326
115 327
269 328
332 329
426 329
91 330
354 330
466 330
54 331
167 331
448 331
33 332
250 333
106 334
151 334
414 335
126 336
431 337
25 338
297 338
366 339
322 340
454 340
141 341
235 341
345 341
384 341
80 342
158 342
96 344
279 344
478 344
419 345
19 346
58 346
440 348
133 349
404 349
170 350
461 350
36 351
245 351
362 351
265 352
316 352
393 352
425 352
332 353
51 355
145 355
463 355
285 356
88 358
8 359
447 359
65 360
30 362
158 362
351 363
188 364
413 364
320 365
430 365
472 365
5 366
234 366
271 367
457 368
169 369
202 369
218 370
154 371
59 372
22 374
121 374
450 374
479 374
255 375
402 375
435 375
173 377
72 378
188 380
356 380
220 381
322 381
308 382
273 383
340 383
291 384
162 385
16 386
36 386
387 386
53 387
206 387
82 388
149 388
118 389
256 389
324 389
179 390
66 392
12 393
196 393
394 394
473 394
101 395
272 397
456 397
291 398
80 399
342 399
360 399
446 399
136 400
209 400
410 400
47 402
326 402
479 402
30 403
376 403
10 404
152 405
170 405
310 405
362 405
77 406
135 406
396 406
274 407
465 407
62 408
431 408
342 410
192 411
50 412
289 412
14 413
98 414
179 414
310 415
398 415
76 416
343 416
360 416
437 416
453 417
472 418
33 419
159 419
272 420
97 422
327 422
344 422
53 423
76 423
416 423
141 424
313 424
14 425
119 425
343 428
444 430
76 432
247 432
380 432
313 433
344 433
478 433
146 434
422 434
464 434
171 435
35 437
324 437
55 438
98 438
352 440
381 440
398 440
15 441
78 441
124 441
306 441
182 442
365 445
454 446
37 447
337 448
286 449
383 449
159 450
190 450
319 450
471 450
134 451
306 452
58 453
222 453
257 455
16 456
366 456
38 457
351 458
400 458
478 458
416 459
120 460
139 460
333 460
274 461
369 462
440 462
459 462
331 464
297 465
315 465
248 466
145 467
383 467
291 469
422 469
43 470
94 470
125 470
265 470
349 470
193 472
330 472
466 472
219 473
288 475
64 477
131 477
392 478
454 478
101 479
311 479
346 479
441 481
161 483
282 483
377 484
478 484
46 485
86 485
251 485
180 486
239 486
26 487
139 488
216 488
67 489
242 489
461 489
322 490
404 494
190 495
318 495
337 495
278 496
122 497
263 497
148 498
354 498
468 498
71 499
86 499
448 499
210 500
202 501
34 502
126 504
404 504
164 505
291 506
171 508
435 508
110 509
131 509
332 509
179 510
58 511
348 511
95 512
39 513
454 514
136 515
157 515
79 516
192 516
270 518
118 519
340 519
141 520
299 520
405 520
438 520
421 521
318 522
64 523
169 523
356 523
460 523
103 524
146 525
181 525
47 526
85 526
156 528
194 529
334 529
130 530
280 530
310 531
370 531
228 532
405 532
468 532
73 533
385 533
442 533
166 535
213 535
348 536
55 537
423 537
267 538
118 539
141 539
248 541
448 541
427 542
282 543
152 544
320 544
194 545
131 546
234 546
341 546
214 549
378 552
411 554
458 554
72 555
118 555
331 555
393 555
427 555
149 557
352 557
184 558
251 558
444 558
412 559
228 560
100 561
159 562
302 562
57 563
132 563
167 564
347 564
445 564
389 565
81 566
366 566
295 567
64 570
251 570
313 570
185 571
111 572
146 572
406 572
89 573
199 574
220 574
281 574
333 574
380 574
72 577
433 577
419 578
350 580
98 581
297 581
373 581
187 582
321 582
255 583
151 584
109 586
226 586
85 588
174 588
401 588
282 589
337 589
304 591
145 592
268 592
363 593
96 594
356 594
323 596
420 596
137 598
379 598
406 599
349 600
271 601
370 603
159 604
264 604
398 605
145 608
248 608
214 609
385 610
276 612
349 612
163 614
373 614
316 617
258 618
180 619
358 619
234 620
383 621
278 624
333 626
307 630
354 632
330 638
