269 4
203 5
363 5
325 6
139 7
159 7
189 7
216 7
289 8
122 9
173 9
228 9
392 9
332 10
102 11
436 11
469 11
302 14
352 14
318 18
406 18
179 19
167 20
194 20
210 21
144 22
232 22
290 22
452 22
131 23
250 23
374 23
109 24
261 25
91 27
301 28
429 28
281 29
351 30
395 30
146 32
314 32
163 33
176 33
188 34
473 34
132 35
201 35
212 35
366 35
441 35
228 36
252 36
326 36
409 36
119 38
102 39
269 39
385 40
91 41
284 41
452 43
223 44
176 45
187 45
398 45
425 45
153 46
207 46
434 48
463 49
112 50
323 51
100 52
410 53
226 56
287 56
336 56
449 56
179 58
189 58
200 58
252 58
159 59
142 61
349 62
127 63
429 63
381 65
107 66
323 66
407 66
253 67
90 68
462 69
439 71
283 72
189 73
365 73
166 75
393 75
205 76
420 76
125 77
227 77
450 78
378 79
112 81
261 81
353 81
91 82
272 84
329 85
178 86
193 86
207 86
71 87
433 87
465 89
123 91
302 92
256 93
446 94
107 95
316 96
267 97
88 98
173 98
194 99
186 100
212 100
400 100
478 100
229 101
246 101
155 103
458 103
437 104
267 105
68 106
122 106
110 107
299 109
307 110
392 110
96 111
183 112
194 112
340 112
422 112
170 113
228 113
251 113
446 113
471 114
76 115
322 115
262 116
276 117
115 119
128 121
61 122
100 122
457 122
85 124
191 125
295 125
170 126
234 126
392 126
416 126
305 127
154 128
253 128
444 129
76 130
271 130
315 130
131 132
350 132
59 133
283 133
381 134
424 134
474 134
189 135
220 135
208 136
171 137
118 138
232 138
250 139
78 140
457 141
261 142
343 142
104 144
276 145
438 145
60 146
145 146
393 146
132 147
189 147
378 147
86 148
172 148
223 148
329 148
420 148
466 149
238 150
252 152
308 153
263 154
454 156
71 157
279 158
433 158
101 160
324 160
390 160
135 161
211 161
367 161
227 163
290 163
69 165
122 166
251 166
165 167
266 168
445 168
314 170
52 171
423 171
135 172
351 172
472 172
281 173
407 173
74 174
363 177
456 177
61 179
187 179
231 179
154 180
175 180
300 180
395 180
437 180
166 181
139 182
83 183
342 183
41 185
127 185
421 185
320 186
463 186
276 187
378 187
72 189
406 189
190 191
433 192
234 193
178 194
256 194
472 194
143 195
101 196
305 196
54 197
92 197
165 197
416 197
454 197
128 200
286 201
156 202
441 202
113 204
215 204
325 204
461 204
42 206
188 206
142 208
450 208
105 209
306 209
379 209
64 210
360 210
170 212
411 212
124 213
279 213
158 214
240 214
55 215
94 215
254 215
200 216
325 216
83 217
392 217
292 219
372 219
144 220
300 220
418 220
181 221
354 221
43 222
73 223
476 224
310 225
443 225
132 226
164 227
206 227
340 227
383 227
317 228
90 230
121 230
186 231
272 231
322 231
56 232
285 232
448 232
148 233
369 233
80 235
30 237
106 237
243 237
258 238
468 238
160 239
187 239
356 239
398 239
47 240
227 240
415 240
132 241
66 244
362 245
387 245
315 246
422 246
38 247
90 247
459 248
117 249
161 249
286 249
59 251
188 251
324 251
444 251
222 252
394 253
271 255
412 255
48 256
77 257
210 257
304 257
103 258
24 259
124 260
158 261
197 261
336 261
381 262
454 263
286 264
313 264
403 264
472 264
90 265
136 265
185 265
53 266
34 267
228 268
255 268
365 268
67 269
295 269
424 269
109 270
216 271
263 271
168 273
42 275
446 275
21 276
80 277
465 277
59 279
415 279
98 280
286 280
227 282
253 282
310 282
34 283
118 283
335 283
210 284
448 284
130 286
357 286
293 287
92 288
435 288
267 289
167 292
48 293
456 293
22 294
341 294
104 295
225 295
245 295
365 295
472 295
66 296
302 296
388 296
408 296
322 298
425 298
38 299
121 299
264 300
58 302
98 304
156 304
288 304
114 306
309 306
35 307
247 307
359 307
417 307
433 307
445 307
465 308
76 309
391 310
329 311
344 311
27 312
91 313
294 314
50 315
200 316
257 316
107 317
183 318
230 318
164 319
279 319
438 319
364 321
454 321
23 322
245 322
377 322
262 323
213 324
348 325
472 325
82 326
408 327
330 329
40 330
100 330
162 330
179 331
299 331
442 332
18 333
232 333
281 333
459 333
476 334
113 335
265 335
398 336
317 337
350 337
382 338
250 339
203 340
55 342
75 342
11 343
94 343
139 343
191 343
461 343
34 344
122 344
223 344
367 344
107 345
479 345
267 346
447 346
240 347
208 349
53 351
140 351
316 353
334 353
177 354
384 354
468 354
251 355
400 355
120 356
28 357
368 358
449 358
87 359
194 360
211 360
352 360
417 361
177 362
317 362
402 362
236 363
101 364
277 365
472 367
88 368
219 368
244 369
20 370
158 370
294 370
37 371
54 371
115 371
139 371
257 371
352 371
264 373
314 373
437 374
455 375
478 375
136 377
384 378
94 379
342 379
116 381
232 381
160 382
307 383
438 384
37 385
278 385
322 386
472 386
15 387
250 387
289 387
186 389
210 389
353 389
115 390
268 392
404 392
138 393
462 393
334 394
162 395
221 396
55 397
193 397
346 397
477 397
36 398
392 398
307 399
437 399
231 403
284 403
405 403
77 404
450 404
37 405
326 405
420 405
377 406
174 407
263 407
344 409
274 410
57 411
296 411
469 411
77 414
17 416
179 416
405 416
38 417
389 417
439 418
457 419
336 421
479 421
99 422
184 423
420 423
132 426
149 426
271 426
303 426
164 427
232 428
257 428
19 429
40 429
60 429
403 429
461 429
80 430
192 432
443 432
121 435
39 439
200 440
321 440
123 441
479 441
278 442
83 443
218 443
21 444
63 444
157 445
178 445
253 445
467 447
335 449
43 451
227 452
441 452
133 453
159 455
185 455
88 456
25 457
123 457
249 458
391 458
69 459
162 460
201 461
262 461
48 462
455 462
209 464
326 464
215 465
442 465
93 467
145 467
346 467
367 468
471 468
31 469
131 469
280 469
383 469
195 471
74 472
173 472
423 472
228 473
314 473
116 474
260 474
178 475
245 475
154 476
306 476
54 477
206 479
377 479
474 480
36 481
99 481
440 481
456 481
407 482
121 483
139 483
183 483
292 483
390 483
192 486
279 488
65 489
231 489
369 489
404 490
439 490
42 491
345 492
249 493
419 493
478 493
89 495
301 495
383 495
456 495
132 496
153 496
175 498
53 500
286 501
186 503
397 503
355 504
461 504
75 505
165 505
247 505
336 505
374 507
57 509
430 509
201 510
124 511
411 511
151 514
444 514
185 515
284 515
365 515
385 516
461 516
62 517
219 517
236 518
88 520
263 520
446 521
305 522
200 523
380 523
114 524
327 526
422 526
73 528
288 528
458 528
96 529
121 530
144 530
162 530
347 530
233 532
414 534
438 534
103 535
313 535
83 538
129 539
156 540
219 541
382 541
451 541
182 542
287 542
353 543
405 543
195 544
234 545
114 546
140 546
270 546
95 549
176 549
314 549
335 551
434 551
300 552
394 552
125 553
155 553
285 555
388 555
195 556
106 557
355 557
411 558
208 559
381 561
142 562
302 562
188 564
400 564
339 566
242 567
175 568
260 568
279 568
322 569
226 570
415 570
158 571
193 572
307 572
357 573
379 574
137 575
402 575
176 578
209 578
262 580
334 580
231 582
373 586
308 587
350 589
204 590
220 591
335 592
243 593
266 594
282 594
314 596
359 600
330 604
253 606
288 606
