335 1
364 2
159 3
180 3
262 3
324 3
479 3
307 5
221 6
145 7
174 8
296 8
410 10
139 11
246 12
277 12
235 14
367 14
385 14
428 14
200 15
269 15
440 15
336 16
354 16
378 16
394 17
408 17
453 18
329 19
319 20
467 20
250 21
478 21
186 22
306 23
296 24
147 25
236 26
178 28
224 28
278 28
141 29
267 29
348 29
366 29
388 30
334 31
380 31
419 31
130 33
340 33
361 33
395 33
410 33
436 33
168 34
252 34
205 35
319 35
451 36
304 38
468 38
119 39
155 39
293 40
188 41
234 41
147 44
228 44
279 44
354 47
135 48
174 48
221 48
332 48
345 48
423 48
380 49
394 49
440 49
431 50
454 51
207 52
122 53
248 53
467 54
195 57
154 58
233 58
113 59
184 60
411 61
421 61
105 62
219 62
264 62
353 63
438 64
133 65
379 65
342 66
404 66
452 66
325 67
391 67
168 68
206 69
159 72
238 72
124 73
197 73
288 73
473 73
230 74
147 76
108 77
219 79
255 79
347 80
358 80
433 80
171 82
329 82
322 83
453 83
308 84
243 85
404 86
470 86
202 87
233 88
190 89
479 89
415 90
154 91
276 91
112 92
250 93
332 93
433 94
354 95
362 95
379 96
444 96
205 97
173 98
101 99
238 99
163 100
392 100
285 101
405 101
464 102
260 103
116 104
192 104
478 105
220 106
250 106
418 106
187 107
346 107
105 109
97 110
316 110
336 110
430 110
138 111
240 111
362 111
444 112
203 114
277 114
168 115
452 115
123 116
220 117
467 118
195 119
462 119
473 119
415 121
75 122
149 122
108 124
305 124
350 124
320 125
332 125
362 125
232 126
446 126
102 127
139 127
179 127
284 127
293 127
374 127
270 129
132 131
387 131
460 131
214 132
242 133
403 134
91 136
119 137
474 137
84 138
298 138
420 138
153 139
197 139
237 139
318 139
287 140
182 141
356 141
270 142
112 143
146 143
366 143
73 145
375 145
383 145
398 145
454 145
470 147
170 148
104 149
131 149
241 149
343 150
316 151
62 152
201 152
160 153
286 153
97 154
332 155
363 155
266 156
275 156
382 156
393 157
147 158
186 158
220 158
91 160
241 162
350 163
423 163
65 164
452 164
169 165
303 165
337 165
368 165
465 165
129 167
206 168
162 169
263 169
274 169
101 170
75 171
193 171
403 171
245 172
311 175
440 176
221 177
352 177
279 178
294 178
337 178
46 179
170 179
69 180
366 180
453 180
88 182
384 182
461 182
80 184
245 184
401 184
478 185
159 186
411 187
126 188
426 190
183 191
286 191
312 191
445 191
47 192
296 192
435 192
320 194
370 194
389 195
461 195
68 196
174 196
213 196
255 196
114 198
247 198
55 200
403 200
473 200
166 201
236 201
134 202
430 202
348 203
50 204
79 204
160 204
450 206
127 207
187 207
287 208
256 209
381 209
320 210
67 211
424 211
143 212
177 212
434 213
339 214
464 214
453 215
230 217
350 218
191 220
309 220
279 221
415 221
473 221
152 222
379 222
218 224
314 224
51 225
77 225
146 225
324 225
34 226
187 226
251 226
445 226
163 227
430 227
395 228
179 229
350 230
236 231
456 232
409 234
133 235
91 236
194 236
275 236
365 236
471 236
228 237
265 237
291 237
19 238
60 238
170 238
422 238
148 239
311 239
36 240
84 241
324 241
106 242
247 242
340 242
437 242
184 243
122 246
354 246
274 247
407 247
450 247
287 248
50 249
197 249
192 250
259 250
366 250
463 250
419 251
312 252
170 253
303 253
382 253
471 253
20 254
74 254
330 254
479 254
112 255
320 255
394 257
432 257
66 258
285 258
342 258
183 259
443 259
254 260
270 260
357 261
39 262
245 262
408 262
199 263
107 264
230 265
238 265
455 265
325 266
157 267
190 267
418 267
30 268
77 268
337 269
463 269
170 270
134 271
345 271
258 272
95 273
291 273
430 273
475 273
48 274
270 274
282 274
358 274
397 274
303 276
441 276
374 277
18 278
314 278
181 279
238 279
411 280
67 282
229 282
452 282
388 283
85 284
125 284
38 285
158 285
220 286
102 287
259 287
283 287
427 287
60 288
350 288
461 288
6 289
272 289
54 290
80 290
170 290
213 290
312 290
474 292
239 293
437 293
118 294
359 294
150 295
324 295
23 296
232 297
113 298
131 298
182 298
227 298
339 298
71 299
459 299
44 301
200 301
266 301
280 301
308 301
146 302
258 302
447 302
17 303
219 303
347 303
467 303
248 304
403 304
427 304
12 305
64 305
473 305
124 308
190 308
456 308
434 309
282 310
57 311
234 311
269 311
30 312
209 312
136 314
290 314
416 314
390 315
444 315
319 316
370 316
77 317
117 317
250 317
346 317
21 318
203 318
221 318
260 318
468 318
300 319
327 320
150 321
45 322
353 322
478 322
309 323
273 324
452 324
95 325
433 325
132 326
176 326
278 326
333 326
234 327
464 328
144 329
297 329
88 330
440 330
366 331
65 332
35 333
253 333
405 333
3 334
127 334
474 334
302 336
321 336
450 336
172 338
105 339
154 339
240 339
138 340
265 340
391 340
459 340
79 341
429 341
24 342
411 342
52 343
225 343
271 343
99 345
375 345
466 345
257 346
446 346
291 348
414 348
475 349
44 350
68 350
248 350
327 350
452 350
15 351
94 351
203 351
311 351
419 351
155 352
237 352
342 353
379 353
128 354
170 354
184 354
408 355
425 356
460 356
5 357
34 357
141 357
265 357
272 357
327 357
479 357
346 359
261 360
466 361
140 362
446 362
310 363
329 363
211 364
238 364
382 364
417 364
123 365
154 365
23 366
401 366
271 367
470 367
432 368
452 368
234 369
348 369
329 370
226 371
267 371
289 371
422 372
304 373
370 373
387 373
454 373
11 374
263 374
34 377
287 377
7 378
460 378
254 379
262 379
443 379
479 379
155 380
207 380
73 381
132 381
425 382
91 384
189 384
281 384
379 385
69 386
395 386
198 387
448 387
466 387
310 388
106 389
122 390
209 390
366 390
349 391
412 391
14 393
450 393
472 393
34 395
290 395
58 396
176 396
237 397
305 398
220 399
146 400
193 400
200 400
344 400
50 401
73 401
263 401
380 401
419 401
282 402
322 402
478 402
458 403
3 404
22 406
62 406
159 406
167 407
231 407
293 407
274 408
363 409
16 410
449 410
465 410
36 411
206 411
287 411
422 411
362 414
439 414
77 415
104 415
279 415
314 415
7 416
41 416
233 416
407 417
28 418
221 419
259 420
394 421
159 422
207 422
472 422
335 423
92 424
58 425
185 425
18 426
127 426
370 426
13 428
457 428
391 429
310 430
7 431
40 432
137 432
148 432
263 433
422 433
445 435
66 436
210 436
175 438
185 438
193 438
251 438
282 438
31 440
468 441
239 442
360 442
380 442
333 444
266 445
421 445
317 446
351 446
223 447
377 448
203 449
286 449
400 449
149 450
162 450
255 450
451 451
460 451
94 452
278 452
102 453
240 453
110 454
348 454
436 455
55 456
271 456
48 457
467 457
124 458
39 459
137 459
261 459
390 459
27 460
295 460
341 460
433 460
409 461
474 461
18 463
205 463
449 463
6 465
179 465
281 465
84 466
190 466
244 466
308 467
358 467
91 468
100 469
330 469
443 469
422 470
107 471
268 472
295 472
455 473
469 473
372 474
210 475
344 475
153 476
220 476
24 477
256 477
14 478
169 478
180 478
190 478
201 479
249 479
280 479
431 479
461 480
74 481
333 481
7 482
67 482
447 484
95 485
231 487
292 489
370 489
16 490
170 490
219 490
314 490
476 490
38 491
52 491
193 491
340 491
394 491
207 492
141 493
182 493
421 493
463 493
280 494
362 495
100 497
214 498
232 498
304 498
446 498
329 499
406 499
155 501
162 501
352 501
379 501
117 503
319 503
132 504
177 504
468 504
22 505
189 505
372 505
423 505
36 506
199 506
239 506
249 506
392 506
51 507
57 507
30 508
413 508
144 509
332 509
276 510
361 511
161 512
458 512
476 512
266 513
185 514
397 514
108 515
254 515
321 515
346 515
116 516
128 518
192 518
226 519
139 520
315 520
338 520
369 520
413 521
147 522
39 523
301 523
461 523
52 524
64 524
362 524
450 524
73 525
163 525
403 525
445 525
180 526
350 526
81 527
432 527
268 528
338 529
422 529
221 530
230 530
281 530
317 530
373 530
389 530
100 531
324 531
131 534
151 534
467 536
414 538
439 538
450 538
346 539
32 540
233 540
251 540
45 541
73 541
171 541
178 541
261 541
274 541
402 541
57 542
92 542
383 543
104 544
326 546
116 547
200 547
475 547
466 548
297 549
345 549
351 549
359 549
457 549
131 550
289 551
411 551
439 551
448 551
225 552
424 552
158 553
189 554
267 554
394 554
197 556
41 557
470 557
58 558
75 559
454 559
357 560
366 560
109 561
342 561
103 562
123 563
138 563
294 563
157 564
264 564
310 564
197 565
206 565
434 567
180 568
382 568
422 568
447 568
191 569
372 569
464 569
362 570
272 574
337 574
48 575
69 575
123 575
286 575
80 576
110 576
310 577
330 577
211 580
219 580
151 581
471 581
428 582
375 583
441 583
454 583
264 584
272 586
298 588
70 589
85 591
105 592
119 592
326 592
129 593
185 593
363 595
402 595
168 596
175 596
463 596
381 597
417 597
434 597
244 598
452 598
278 603
298 603
85 605
98 605
330 605
128 607
373 607
114 608
347 608
152 609
386 609
161 610
419 610
186 611
220 611
233 611
195 612
208 612
245 612
410 612
267 615
277 618
285 619
301 620
313 621
350 621
338 622
146 623
375 623
137 624
216 624
231 624
238 624
169 625
186 627
260 627
273 630
204 634
233 636
357 636
302 637
317 639
