164 2
249 2
312 2
116 3
300 3
200 4
284 8
236 9
141 10
408 10
355 11
422 11
456 11
467 11
102 12
182 12
227 12
269 13
375 13
389 13
440 13
346 14
171 15
318 16
332 16
215 17
254 18
307 18
82 22
113 23
199 23
241 23
291 24
150 25
453 25
464 26
439 28
226 29
351 29
391 29
406 29
475 29
99 30
271 30
371 30
414 30
177 31
335 31
213 32
259 32
319 32
427 32
137 33
308 34
438 34
81 35
246 36
282 38
455 38
118 39
202 39
292 39
160 40
154 41
473 41
146 42
227 42
121 43
153 43
230 43
355 43
357 43
369 43
381 43
151 44
346 44
352 44
369 44
375 44
378 44
383 44
106 45
140 45
222 45
267 45
268 45
342 45
403 45
185 46
336 46
340 46
358 46
388 46
421 46
143 47
216 47
332 47
345 47
348 47
142 48
212 48
248 48
249 48
438 48
139 49
207 49
337 49
137 50
242 50
314 50
329 50
339 50
129 51
311 51
168 52
201 52
239 52
301 52
306 52
323 52
446 52
460 52
128 53
285 53
296 53
299 53
305 53
123 54
236 54
282 54
283 54
302 54
130 55
273 55
291 55
83 56
156 56
275 56
383 56
399 56
474 56
150 57
153 57
188 57
388 57
226 58
361 58
373 59
394 59
406 59
147 60
215 60
254 60
258 60
263 60
344 60
348 60
352 60
217 61
255 61
351 61
414 61
108 62
150 62
217 62
334 62
246 63
249 63
433 63
237 64
315 64
341 64
170 65
323 65
96 66
199 66
335 66
301 67
312 67
127 69
267 69
289 69
293 69
374 69
378 69
391 69
452 69
273 70
383 70
150 71
154 71
272 71
370 71
389 71
463 71
213 72
265 72
269 72
391 72
408 72
156 73
207 73
215 73
252 73
255 73
365 73
397 73
473 73
151 74
201 74
210 74
256 74
337 74
339 74
354 74
115 75
354 75
358 75
75 76
147 76
171 76
204 76
247 76
325 76
420 76
143 77
233 77
318 77
236 78
295 78
303 79
185 80
288 80
432 80
142 81
292 82
385 82
445 82
453 82
275 83
390 83
94 84
128 84
217 84
356 84
257 85
334 85
347 85
371 85
373 85
461 85
60 86
123 87
157 87
235 87
324 87
363 87
367 87
369 87
393 87
397 87
86 88
150 88
410 88
116 89
122 89
307 89
82 90
148 90
309 90
313 90
302 91
424 91
192 92
289 92
312 92
473 92
140 93
150 93
219 93
266 93
294 93
109 94
141 94
147 94
285 94
78 95
112 95
135 95
144 95
439 95
108 96
142 96
359 96
174 97
343 97
202 98
327 98
334 98
367 98
375 99
388 99
235 100
312 100
101 101
164 101
300 101
373 101
399 101
65 102
93 102
187 102
459 102
90 103
119 103
121 103
286 103
121 104
223 104
280 104
282 104
56 105
421 105
149 106
152 106
261 106
117 107
211 107
319 107
85 108
113 108
147 108
330 108
475 108
172 109
323 109
347 109
390 109
399 109
438 109
247 110
302 110
102 111
135 111
405 111
108 112
129 112
292 112
307 112
367 112
101 113
197 113
232 113
365 113
369 113
102 114
128 114
286 114
357 114
95 115
131 115
281 115
289 115
379 115
456 115
148 116
279 116
262 117
372 117
384 117
91 118
146 118
149 118
464 118
116 119
176 119
331 119
346 119
388 119
395 119
428 119
398 120
307 121
317 121
355 121
401 121
82 122
243 122
296 122
302 122
306 122
321 122
353 122
400 122
201 123
207 123
305 123
362 123
412 123
80 124
109 124
112 124
307 124
360 124
369 124
413 124
442 124
164 125
270 125
313 125
315 125
228 126
281 126
294 126
129 127
156 127
232 127
373 127
382 127
386 127
98 128
225 128
229 128
460 129
214 130
334 130
181 131
260 131
331 131
352 131
432 131
94 132
398 132
64 133
91 133
251 133
343 133
350 133
469 133
92 134
170 134
338 134
405 134
434 134
94 135
116 135
237 135
298 135
355 135
84 136
202 136
300 136
301 136
310 136
319 136
362 136
368 136
84 137
163 137
201 137
283 137
305 137
373 137
88 138
109 138
227 139
282 139
285 139
290 139
383 139
421 139
423 139
106 140
186 140
101 141
134 141
217 141
396 141
445 141
101 142
240 142
398 142
46 143
153 143
105 144
268 144
336 144
348 144
354 144
401 144
407 144
410 144
202 145
231 145
337 145
200 146
234 146
361 146
373 146
413 146
415 146
458 146
60 147
171 147
252 147
315 147
324 147
363 147
224 148
300 148
422 148
426 148
87 149
114 149
221 149
298 149
299 149
424 149
86 150
118 150
286 150
387 150
391 150
470 150
218 151
285 151
391 151
116 152
160 152
435 152
439 152
187 153
397 153
404 153
104 155
131 155
233 155
264 155
274 155
326 155
334 155
351 155
412 155
46 156
332 156
334 156
343 156
348 156
361 156
76 157
105 157
233 157
303 157
307 157
326 157
341 157
449 157
178 158
202 158
227 158
299 158
324 158
366 158
371 158
372 158
312 159
383 159
420 159
426 159
149 160
303 160
423 160
143 161
170 161
298 161
428 161
247 162
164 163
281 163
395 163
466 163
61 164
116 164
168 164
191 164
214 164
406 164
432 164
435 164
161 165
409 165
137 166
138 166
155 166
164 166
188 166
324 166
341 166
349 166
359 166
159 167
271 167
259 168
353 168
361 168
408 168
417 168
478 168
86 169
129 169
230 169
312 169
344 169
357 169
450 170
128 171
155 171
177 171
300 171
385 171
417 171
425 171
124 172
195 172
374 172
148 173
176 173
248 173
287 173
421 173
47 174
426 174
427 174
213 175
317 175
330 175
70 176
171 176
231 176
273 176
350 176
427 176
434 176
94 177
182 177
334 177
436 177
464 177
41 178
144 178
353 178
358 178
434 178
115 179
166 179
262 179
401 179
402 179
439 179
474 179
181 180
183 180
197 180
369 180
62 181
178 182
200 182
221 182
253 182
411 182
83 183
195 183
294 183
307 183
196 184
312 184
320 184
333 184
105 185
172 185
193 185
284 185
386 185
417 185
424 185
452 185
129 186
133 186
150 186
174 186
339 186
427 186
51 187
170 187
188 187
148 188
344 188
74 189
170 189
183 189
225 189
122 190
184 190
269 190
355 190
407 190
360 191
370 191
463 191
121 192
165 192
201 192
408 192
410 192
429 192
432 192
144 193
162 193
178 193
255 193
160 194
305 194
328 194
419 194
65 195
175 195
212 195
248 195
312 195
320 195
412 195
85 196
138 196
154 196
327 196
338 196
341 196
386 196
293 197
347 197
445 197
134 198
189 198
274 198
57 199
115 199
404 199
425 199
96 200
171 200
358 200
419 200
232 201
371 201
421 202
460 202
164 203
263 204
380 204
432 204
109 205
144 205
309 205
393 205
161 206
179 206
252 206
304 206
310 206
328 206
466 206
68 207
144 207
395 207
397 207
162 208
193 208
294 208
305 208
309 208
332 208
335 208
346 208
347 208
192 209
282 209
284 209
290 209
295 209
299 209
401 209
236 210
275 210
297 210
357 210
364 210
44 211
132 211
289 211
447 211
88 212
132 212
152 212
157 212
173 212
207 212
409 212
171 213
268 213
374 213
423 213
149 214
318 214
369 214
128 215
56 216
327 216
328 216
379 216
113 217
152 217
167 217
224 217
344 217
147 219
168 219
194 219
219 219
221 219
246 219
340 219
342 219
355 219
391 219
394 219
71 220
359 220
394 220
433 220
458 220
141 221
142 221
168 221
186 221
211 221
294 221
366 221
406 221
87 222
124 222
125 222
210 222
292 222
306 222
367 222
103 223
182 223
272 223
293 223
322 223
188 224
230 224
416 224
226 225
233 225
444 225
467 225
181 226
157 227
184 227
340 227
345 227
426 227
201 228
220 228
228 228
347 228
377 228
382 228
391 228
475 228
133 229
200 229
220 229
385 229
393 229
155 230
217 230
222 230
396 230
455 230
34 231
134 231
169 231
293 231
356 231
52 232
75 232
111 232
131 232
172 232
214 232
252 232
287 232
352 232
358 232
91 233
145 233
212 233
285 233
294 233
306 233
316 233
320 233
167 234
169 234
237 234
278 234
292 234
314 234
356 234
365 234
368 234
144 235
189 235
284 235
290 235
372 235
124 236
166 236
190 236
205 236
207 236
331 236
374 236
418 236
124 237
166 237
227 237
265 237
323 237
333 237
375 237
404 237
26 238
105 238
143 238
184 238
201 238
202 238
326 238
335 238
371 238
423 238
81 239
429 239
445 239
224 240
336 240
120 241
220 241
222 241
250 241
383 241
179 242
59 243
115 243
155 243
350 243
153 244
214 244
392 244
458 244
97 245
135 245
238 245
240 245
278 245
308 245
359 245
95 246
231 246
295 246
38 247
89 247
92 247
204 247
210 247
319 247
19 248
205 248
369 248
402 248
126 249
187 249
262 249
425 249
445 249
465 249
88 250
128 250
168 250
224 250
332 250
68 251
224 251
227 251
253 251
84 252
121 252
127 252
141 253
177 253
283 253
343 253
102 254
144 254
217 254
218 254
380 254
102 255
160 255
435 255
474 255
103 256
191 256
352 256
390 256
416 256
81 257
155 257
359 257
230 258
274 258
309 258
314 258
326 258
460 258
27 259
133 259
226 259
266 259
297 259
42 260
113 260
154 260
157 260
204 260
58 261
75 261
95 261
130 261
165 261
258 261
289 261
446 261
135 262
371 262
401 262
430 262
114 263
195 263
201 263
126 264
219 264
87 265
93 265
128 265
178 265
215 265
219 265
228 265
339 265
90 266
149 266
242 266
354 266
383 266
17 267
127 267
147 267
413 267
439 267
469 267
65 268
103 268
145 268
233 268
102 269
120 269
209 269
276 269
311 269
121 270
265 270
395 270
36 271
86 271
106 271
139 271
188 271
360 271
224 272
229 272
477 272
82 273
140 273
207 273
256 273
286 273
326 273
337 273
456 273
136 274
143 274
164 274
182 274
427 274
296 275
407 276
242 277
354 277
369 277
384 277
5 278
74 278
95 278
131 278
311 278
51 279
96 279
233 279
127 280
158 280
234 280
463 280
24 281
194 281
412 281
137 282
153 282
322 282
418 282
41 283
124 283
154 283
156 283
225 283
332 283
361 283
441 283
111 284
153 284
281 284
362 284
396 284
418 284
170 285
213 285
263 285
288 285
298 285
330 285
365 285
471 285
135 286
298 286
304 286
306 286
384 286
400 286
420 286
340 287
186 288
308 288
119 289
147 289
244 289
318 289
352 289
35 290
403 290
407 290
427 290
477 290
65 291
206 291
234 291
355 291
359 291
451 291
8 292
406 292
428 292
145 293
146 293
149 293
182 293
326 293
437 293
130 294
163 294
382 294
436 294
26 295
46 295
223 295
263 295
332 295
383 295
84 296
129 296
272 296
279 296
366 296
126 297
159 297
255 297
345 297
389 297
390 297
395 297
440 297
459 297
98 298
142 298
387 298
418 298
111 299
128 299
159 299
195 299
306 299
315 299
334 300
337 300
352 300
58 301
172 301
286 301
315 301
349 301
354 301
372 301
243 302
356 302
377 302
397 302
467 302
139 303
155 303
211 303
299 303
319 303
324 303
140 304
155 304
321 304
446 304
18 305
122 305
125 305
357 305
380 305
37 306
151 306
189 306
299 306
301 306
345 306
362 306
266 307
331 307
433 307
121 308
230 308
276 308
303 308
431 308
432 308
475 308
121 309
308 309
312 309
435 309
71 310
183 310
251 310
350 310
385 310
406 310
407 310
413 310
8 311
369 311
390 311
90 312
315 312
148 313
164 313
224 313
320 313
414 313
415 313
418 313
49 314
130 314
135 314
202 314
286 314
316 314
320 314
324 314
356 314
396 314
457 314
128 315
148 315
287 315
114 316
145 316
273 316
296 316
360 316
437 316
440 316
289 317
378 317
379 317
400 317
401 317
145 318
216 318
243 318
294 318
299 318
331 318
421 318
174 319
306 319
402 319
128 320
259 320
301 320
303 320
382 320
387 320
96 321
173 321
64 322
370 322
384 322
465 322
209 323
238 323
339 323
313 324
20 325
125 325
449 325
232 326
434 326
80 327
277 327
373 327
153 328
168 328
260 328
356 328
395 328
396 328
284 329
327 329
350 329
399 329
416 329
90 330
104 330
293 330
325 330
380 330
11 331
164 332
256 332
472 332
35 333
137 333
202 333
382 333
385 333
405 333
54 334
163 334
222 334
300 334
349 334
246 335
331 335
362 335
427 335
445 335
459 335
178 336
200 336
349 336
348 337
163 338
192 338
197 338
217 338
314 338
200 339
239 339
279 339
369 339
390 339
132 340
269 340
371 340
373 340
389 340
413 340
26 341
84 341
393 341
44 342
177 342
285 342
357 342
433 342
65 343
115 343
142 343
193 343
262 343
321 343
324 343
377 343
395 343
322 344
375 344
380 344
399 344
95 345
342 345
469 345
210 346
396 346
421 346
328 347
343 347
399 347
156 348
298 348
455 348
227 349
307 349
345 349
363 349
381 349
127 350
170 350
252 350
326 350
379 350
384 350
438 350
19 351
188 351
347 351
364 351
386 351
426 351
328 352
345 352
366 352
405 352
331 353
37 354
56 354
108 354
137 354
190 354
388 354
476 354
332 355
199 356
330 356
349 356
162 357
318 357
370 357
199 358
283 358
70 359
332 359
336 359
351 359
356 359
336 360
393 360
11 361
33 361
104 361
137 361
292 361
451 361
465 361
88 362
107 362
158 362
264 362
358 362
412 362
157 363
87 364
196 364
416 364
436 364
86 365
119 365
221 365
241 365
299 365
360 365
51 366
133 366
182 366
144 367
158 367
169 367
324 367
340 367
359 367
395 367
474 367
119 368
322 368
455 368
131 369
264 369
344 369
380 369
143 370
100 371
115 371
440 371
7 372
240 372
95 373
327 373
346 373
365 373
80 374
130 374
180 374
220 374
261 374
307 374
347 374
401 374
329 375
425 375
48 376
326 376
154 377
207 377
385 377
462 377
24 378
166 378
286 378
411 378
96 379
97 379
195 379
258 379
312 379
346 379
446 379
94 380
327 380
109 381
112 381
153 381
219 381
358 381
124 382
180 382
332 382
94 383
97 383
239 383
333 383
374 383
467 383
77 384
126 384
140 384
274 384
450 384
58 385
390 385
433 385
110 386
125 386
192 386
255 386
331 386
334 386
347 386
315 387
347 387
38 388
92 388
329 388
375 388
109 389
163 389
291 389
331 389
334 389
345 389
410 389
89 390
176 390
256 390
274 390
398 390
423 390
439 390
455 390
16 391
208 391
474 391
333 392
364 392
135 393
241 393
348 393
150 394
221 394
332 394
87 395
120 395
402 395
152 396
120 397
86 398
105 398
379 398
138 399
285 399
300 399
353 399
419 399
443 399
84 400
104 400
135 400
176 400
192 400
63 401
67 401
134 401
191 401
297 401
433 401
224 402
245 402
162 403
164 403
463 403
46 404
67 404
177 404
207 404
46 405
335 405
448 405
7 406
56 406
62 406
132 406
394 406
23 407
99 407
146 407
300 407
357 407
423 407
59 408
178 408
192 408
304 408
114 409
164 409
298 409
317 409
343 409
369 409
57 410
192 410
249 410
58 411
161 411
229 411
453 411
55 412
177 412
314 412
333 412
52 413
132 413
193 413
270 414
279 414
289 414
164 415
175 415
177 415
258 415
284 415
321 415
54 416
57 416
72 416
163 416
213 416
372 416
441 416
52 417
67 417
179 417
193 417
284 417
386 417
401 417
458 417
54 418
236 418
310 418
415 418
431 418
71 419
90 419
113 419
161 419
335 419
48 420
359 420
162 421
194 421
51 422
323 422
461 422
46 423
80 423
177 423
179 423
196 423
298 423
64 424
145 425
164 425
176 425
216 425
249 425
310 425
432 425
11 426
405 426
417 426
447 426
29 427
48 427
63 427
180 427
194 427
297 427
376 427
98 428
128 428
290 428
292 428
160 429
193 429
281 429
306 429
348 429
364 429
220 430
289 430
45 431
63 431
79 431
112 431
197 431
263 431
281 431
335 431
61 432
145 432
306 432
45 433
83 433
199 433
275 433
321 433
410 433
179 434
227 434
395 434
451 434
65 435
183 435
202 436
305 436
47 437
181 437
303 437
437 437
472 437
182 438
382 438
39 440
61 440
183 440
239 440
348 440
366 440
63 441
65 441
97 441
113 441
131 441
163 441
219 441
236 441
3 442
162 442
221 442
425 442
21 443
185 443
207 443
411 443
456 443
98 444
201 444
318 444
400 444
57 445
79 445
256 445
332 445
443 445
96 446
291 446
478 446
64 447
150 447
202 447
206 447
270 447
384 447
416 447
42 448
206 448
282 448
37 449
44 449
60 449
186 449
59 450
99 450
414 450
42 451
128 451
167 451
374 451
431 451
54 452
116 452
167 452
169 452
225 452
312 452
349 452
79 453
210 453
211 453
231 453
17 454
362 454
418 454
420 454
432 454
434 454
449 454
467 454
76 455
97 455
139 455
54 456
94 456
96 456
116 456
190 456
195 456
59 457
83 457
239 457
340 457
57 458
117 458
192 458
211 458
305 458
407 458
98 459
100 459
216 459
237 459
421 459
452 459
96 460
172 460
195 460
282 460
327 460
403 460
190 461
254 461
391 461
270 462
297 462
408 462
198 463
437 463
473 463
100 464
17 465
175 465
220 465
407 465
116 466
157 466
377 466
423 466
59 467
200 467
228 467
410 467
61 468
116 468
131 468
457 468
65 469
99 469
145 469
176 469
206 469
233 469
274 469
281 469
116 470
182 470
185 470
228 470
426 470
60 471
82 471
85 471
99 471
101 471
163 471
176 471
351 471
55 472
180 472
235 472
252 472
324 472
38 473
83 473
239 473
264 473
67 474
366 474
16 475
164 475
184 475
190 475
307 475
410 475
81 476
166 476
211 476
214 476
396 476
428 476
443 476
63 477
430 477
462 477
80 478
86 478
120 478
218 478
410 478
118 479
298 479
121 480
168 480
191 480
225 480
414 480
66 481
133 481
152 481
225 481
384 481
432 481
46 482
87 482
119 482
288 482
342 482
415 482
447 482
43 483
59 483
137 483
346 483
399 483
41 484
105 484
315 484
359 484
383 484
43 485
60 485
82 485
103 485
239 485
256 485
273 485
337 485
470 485
109 486
136 486
139 486
18 487
41 487
80 487
154 487
383 487
451 487
67 488
86 488
122 489
126 489
157 489
372 489
387 489
388 489
81 490
105 490
112 490
373 490
404 490
47 491
91 491
159 491
205 491
327 491
64 492
66 492
306 492
390 492
434 492
62 493
435 493
88 494
90 494
92 494
94 494
110 494
141 494
160 494
418 494
456 494
68 495
216 495
298 495
375 495
51 496
69 496
160 496
243 496
258 496
477 496
93 497
290 497
392 497
417 497
423 497
67 498
407 498
24 499
48 499
50 499
142 499
147 499
222 499
405 499
316 500
441 500
93 501
99 501
427 501
145 502
197 502
274 502
344 502
348 502
393 502
405 502
423 502
68 503
94 503
169 503
306 503
362 503
341 504
346 504
364 504
367 504
379 504
430 504
75 505
96 505
412 505
78 506
123 506
361 506
379 506
395 506
429 506
446 506
29 507
98 507
151 507
264 507
430 507
467 507
248 508
296 508
331 508
335 508
340 508
360 508
412 508
77 509
101 509
104 509
125 509
152 509
398 509
41 510
150 510
325 510
369 510
381 510
77 511
102 511
111 511
127 511
152 511
319 511
328 511
412 511
156 512
185 512
213 512
321 512
107 513
108 513
352 513
383 513
384 513
412 513
105 514
137 514
279 514
308 514
357 515
436 515
454 515
48 516
135 516
161 516
350 516
371 516
386 516
419 516
135 517
225 517
84 518
115 518
199 518
303 518
341 518
345 518
371 518
372 518
87 519
111 519
119 519
253 519
344 519
440 519
32 520
60 520
89 520
94 520
235 520
346 520
392 521
405 521
444 521
242 522
244 522
297 522
390 522
426 522
143 523
171 523
404 523
123 524
209 524
328 524
379 524
426 524
428 524
296 525
374 525
41 526
290 526
394 526
72 527
278 527
319 527
361 527
464 527
288 528
378 528
155 529
273 529
397 529
433 529
98 530
187 530
312 530
316 530
385 530
386 530
449 530
248 531
264 531
277 531
411 531
434 531
108 532
161 532
223 532
251 532
252 532
383 532
472 532
46 533
243 533
310 533
413 533
347 534
385 534
455 534
202 535
302 535
342 535
415 535
419 535
334 536
294 537
392 537
394 537
418 537
439 537
139 538
169 538
295 538
463 538
68 539
115 539
212 539
368 539
369 539
374 539
287 540
294 540
296 540
327 541
379 541
422 541
423 541
247 542
319 542
425 542
181 543
258 543
273 543
320 543
151 544
241 544
257 544
268 544
373 544
402 544
102 545
253 545
288 545
355 545
383 545
452 545
471 545
221 546
233 546
280 546
309 546
343 546
406 546
268 547
270 547
307 547
411 548
125 549
195 549
286 549
428 549
84 550
130 551
288 551
295 551
393 551
435 551
439 551
456 551
206 552
295 552
298 552
389 552
411 552
415 552
30 553
162 553
416 553
61 554
439 554
142 555
331 555
260 556
362 556
387 556
245 557
249 557
250 557
364 557
366 557
379 557
259 558
369 558
399 558
41 559
72 559
105 559
180 559
189 559
219 559
236 559
255 559
310 559
321 559
397 559
265 560
306 560
369 560
307 561
347 561
446 561
152 562
427 562
340 563
350 563
365 563
81 564
352 564
455 564
193 565
341 565
350 565
161 566
279 566
331 566
53 567
91 567
125 567
410 567
229 569
265 569
436 569
241 570
254 570
469 571
65 572
314 572
321 572
376 573
72 574
101 574
174 574
355 574
447 575
190 576
403 576
337 578
420 578
297 579
329 579
343 579
351 579
151 580
328 580
335 580
323 581
345 581
88 582
284 582
319 582
53 583
122 583
225 583
161 584
269 584
460 584
174 585
241 585
310 586
257 587
386 587
183 588
439 588
470 588
71 589
364 590
140 592
339 592
349 592
418 592
337 593
341 593
356 593
82 594
205 594
291 595
300 595
321 595
91 596
219 596
242 596
267 596
333 596
429 596
150 597
105 598
404 599
378 601
120 603
168 604
274 604
181 605
252 605
351 605
387 605
301 606
319 607
331 607
366 607
416 607
136 608
406 611
94 612
432 612
262 615
109 616
166 616
245 617
297 617
121 618
221 618
308 619
336 619
400 619
389 620
455 620
182 621
413 621
435 621
137 623
195 623
224 626
255 626
317 629
330 629
334 629
109 631
120 634
422 634
411 635
436 635
285 636
400 637
