348 2
360 2
262 3
332 4
375 4
397 5
410 7
287 8
329 8
431 8
221 9
106 10
320 10
362 12
190 13
161 14
122 15
243 15
275 17
360 17
378 17
211 18
347 18
405 19
305 20
331 21
418 21
92 22
141 22
431 23
174 24
263 24
230 25
321 25
445 25
301 26
200 29
296 29
367 30
355 31
381 31
109 32
130 32
158 33
404 33
61 34
86 34
216 34
249 34
342 34
189 35
421 36
282 37
151 38
327 38
433 38
236 41
377 41
394 41
100 42
123 42
366 42
146 43
176 43
270 43
447 43
365 44
458 44
74 45
207 46
234 46
304 46
354 47
116 48
230 48
348 48
339 49
342 49
398 49
72 50
210 50
260 50
336 50
235 51
390 51
418 51
136 52
203 52
324 52
380 52
406 52
373 53
199 54
227 54
290 54
391 54
435 54
158 55
320 55
365 55
220 56
255 56
366 56
61 57
181 57
354 57
462 57
217 58
368 58
373 58
347 59
350 59
355 59
220 62
306 62
343 62
213 63
240 63
345 63
100 64
333 64
413 64
76 65
145 65
213 65
328 65
335 65
392 65
332 66
166 67
331 67
337 67
430 67
210 68
215 68
263 69
211 70
288 70
374 70
446 70
186 71
230 71
231 71
360 71
362 71
378 71
384 71
92 72
225 72
322 72
366 72
370 73
136 74
223 74
311 74
466 74
63 75
114 75
223 75
152 76
344 76
199 78
202 78
339 78
254 79
174 80
216 80
239 80
298 80
53 81
195 81
250 81
404 81
416 81
431 81
127 82
174 82
257 82
333 82
391 82
213 83
250 84
335 84
381 84
72 85
324 85
326 85
447 85
107 86
143 86
372 86
460 86
137 88
139 88
322 88
358 88
314 89
163 90
225 90
273 90
276 90
278 90
358 90
243 91
477 91
160 92
182 92
346 92
138 93
302 93
350 93
134 94
185 94
198 94
204 94
128 95
134 95
181 95
183 95
266 95
273 95
237 96
412 96
428 96
156 97
262 97
266 97
333 97
53 98
154 98
257 98
398 98
196 99
262 99
322 99
328 99
97 100
177 100
257 100
289 100
386 100
126 101
171 101
227 101
250 101
168 102
318 102
466 102
70 103
191 103
323 103
248 104
357 104
126 105
252 105
310 105
279 106
375 106
479 106
90 107
248 107
348 107
144 108
244 108
361 108
62 109
116 109
146 109
164 109
207 109
143 110
347 110
353 110
416 110
123 111
275 111
298 111
404 111
156 112
243 113
269 113
410 113
134 114
196 114
201 114
331 114
443 114
82 115
325 115
330 115
194 116
196 116
262 116
322 116
457 116
152 117
257 117
261 117
315 117
229 118
284 118
323 118
104 119
135 119
194 119
49 120
132 120
475 120
164 121
167 121
382 121
162 122
170 122
193 122
128 123
302 123
361 123
161 124
190 124
245 124
389 124
271 125
345 125
217 126
161 127
297 127
413 127
121 128
180 128
293 128
329 128
94 129
436 129
443 129
63 130
188 130
148 131
182 131
455 131
169 133
204 133
263 133
285 133
311 133
313 133
470 133
115 134
310 134
86 135
199 135
283 135
285 135
476 136
184 137
226 137
279 137
351 137
363 137
137 138
342 138
375 138
389 138
83 140
163 140
250 140
196 141
331 141
181 142
294 142
80 143
214 143
290 143
292 143
401 143
454 143
241 144
287 144
267 145
291 145
315 145
413 145
129 146
208 146
316 146
422 146
154 147
171 147
188 147
313 147
441 147
282 148
315 148
435 148
463 148
77 149
101 149
170 150
172 150
371 150
202 151
253 151
351 151
144 152
382 152
393 152
122 153
226 153
340 153
167 154
296 154
170 155
182 156
197 156
200 156
326 156
451 156
139 157
168 157
264 158
157 160
238 160
320 160
46 161
212 161
278 161
312 161
476 161
83 162
177 163
417 163
302 164
396 164
66 165
180 165
309 165
345 165
357 165
366 165
381 165
86 166
203 166
248 166
340 166
352 166
452 166
89 167
128 167
336 167
353 167
102 168
299 168
346 168
197 169
199 169
296 169
344 169
119 170
146 170
320 170
335 170
116 171
174 171
463 171
320 172
120 173
169 173
191 173
217 173
261 173
82 174
166 174
283 174
286 174
322 174
478 174
189 175
191 175
282 175
316 175
53 176
304 176
114 177
138 177
377 177
394 177
77 178
193 178
234 178
302 178
347 178
363 178
413 178
119 179
166 179
301 179
356 179
107 180
249 180
298 180
429 180
162 181
337 181
340 181
343 181
352 181
103 182
188 183
102 184
266 184
331 184
42 185
105 185
132 185
292 185
322 185
338 185
67 186
107 186
176 186
222 186
332 186
448 186
96 187
100 187
283 187
312 187
316 187
96 189
178 189
280 189
86 190
151 190
283 190
380 190
179 191
236 191
387 191
172 192
253 192
305 192
311 192
355 192
358 192
361 192
195 193
303 193
400 193
118 194
214 194
192 195
271 195
340 195
344 195
350 195
467 195
60 196
296 196
299 196
350 196
416 196
292 197
53 198
323 198
332 198
435 198
111 199
242 200
184 201
316 201
449 201
86 202
140 202
102 203
205 203
76 204
218 204
257 204
278 204
48 205
374 205
258 206
356 206
381 206
413 206
83 207
302 207
341 208
271 209
297 209
433 209
94 210
97 210
157 210
193 210
251 210
269 210
101 211
66 212
227 212
129 213
208 213
245 213
267 213
269 213
393 213
173 214
223 214
322 214
265 215
410 215
287 216
97 217
120 217
354 218
373 218
476 218
86 219
305 220
256 221
425 221
141 222
215 222
336 222
385 222
84 223
56 224
234 224
112 225
114 225
119 225
434 225
195 226
225 226
270 226
396 226
83 227
178 227
265 227
318 227
109 228
245 228
448 228
464 228
71 229
244 229
289 229
263 231
460 231
91 232
156 232
243 232
260 232
266 232
87 233
105 233
355 233
379 233
419 233
282 234
372 234
171 235
335 236
388 236
242 237
102 239
109 239
435 239
475 239
196 240
275 240
293 240
183 241
229 241
403 241
101 242
125 242
253 242
317 242
179 243
227 243
237 243
165 244
206 244
448 245
207 246
224 246
287 246
411 246
251 247
222 248
236 248
265 248
357 248
374 248
119 249
263 249
335 249
422 249
70 250
282 250
234 251
384 251
218 252
236 252
256 252
465 252
178 254
217 254
257 254
299 254
155 255
176 255
193 255
271 255
472 255
170 256
211 256
244 256
251 256
108 257
136 257
320 257
82 258
172 258
408 258
210 259
251 259
270 259
292 259
435 259
225 260
264 260
266 260
224 261
359 261
443 261
241 262
266 262
268 262
350 262
103 263
130 263
189 263
310 263
371 263
53 264
267 264
202 265
238 265
265 265
334 265
219 266
242 266
259 266
403 266
181 267
182 267
200 267
235 267
425 267
454 267
47 268
200 268
261 268
70 269
217 269
261 269
276 269
300 269
194 270
217 270
257 270
143 271
164 271
180 271
232 271
200 272
276 272
387 272
178 273
195 273
232 273
294 273
418 273
464 273
252 274
349 274
439 274
191 275
237 275
190 276
334 276
339 276
395 276
211 277
252 277
275 277
359 277
86 278
469 278
194 279
207 279
214 279
233 279
250 279
314 279
322 279
366 279
207 280
252 280
272 280
113 281
311 281
315 281
446 281
474 281
158 282
265 282
288 282
370 282
402 282
426 282
132 283
210 283
227 283
245 283
248 283
253 283
226 284
311 284
409 284
171 285
221 285
373 285
379 285
430 285
382 286
452 286
246 287
304 287
311 287
382 287
427 287
203 288
186 289
245 289
304 289
411 289
435 289
274 290
308 290
354 290
202 291
274 291
336 291
342 291
431 291
76 292
147 292
245 292
297 292
393 292
52 293
416 293
204 294
236 294
328 294
399 294
416 294
361 295
105 296
296 296
201 297
215 297
219 297
263 297
290 297
440 297
372 298
419 298
97 299
120 299
222 299
268 299
320 299
196 300
232 300
236 300
265 300
284 300
406 300
141 301
317 301
370 301
209 302
213 302
281 302
160 303
262 303
287 303
309 303
409 303
175 304
229 304
306 304
311 304
377 304
383 304
407 304
279 305
314 305
432 305
231 306
450 306
250 307
282 307
425 307
431 307
234 308
362 308
433 308
236 309
287 309
363 309
412 309
90 310
113 310
252 310
388 310
477 310
59 311
227 311
414 311
236 312
277 312
390 312
411 312
234 313
255 313
270 313
280 313
370 313
398 314
229 315
249 315
268 315
270 315
281 315
298 315
304 315
412 315
438 315
151 316
208 316
273 316
303 316
375 316
130 317
300 317
331 317
400 317
419 317
460 317
313 318
375 318
181 319
229 319
251 319
404 319
437 319
79 320
266 320
324 320
353 320
163 321
182 321
191 321
252 321
352 321
402 321
404 321
294 322
357 322
384 322
176 323
205 323
219 323
243 323
245 323
307 323
309 323
354 323
225 324
227 324
263 324
324 324
207 325
244 325
286 325
306 325
99 326
318 326
321 326
360 326
440 326
443 326
324 327
364 327
160 328
265 328
268 328
405 328
426 328
203 329
247 329
339 329
342 329
139 330
189 330
225 330
407 330
472 330
118 331
342 331
448 331
427 332
172 333
175 333
287 333
300 333
334 333
340 333
431 333
187 334
279 334
307 334
350 334
344 335
170 336
188 336
202 336
203 336
236 336
254 336
335 336
376 336
218 337
265 337
295 337
327 337
475 337
215 338
218 338
258 338
311 338
313 338
409 338
417 338
199 339
262 339
306 339
431 339
453 339
217 340
350 340
185 341
187 341
221 341
263 341
276 341
326 341
410 341
419 341
150 342
302 342
341 342
83 343
221 343
253 343
322 343
328 343
411 343
416 343
232 344
272 344
368 344
165 345
169 345
339 345
107 346
165 346
300 346
322 346
337 346
340 346
436 346
440 346
131 347
233 347
257 347
317 347
169 348
215 348
216 348
162 349
286 349
101 350
233 350
399 350
422 350
183 351
297 351
75 352
250 352
270 352
336 352
435 352
215 353
255 353
319 353
384 353
166 354
183 354
300 354
317 354
441 354
162 355
199 355
202 355
370 355
405 355
144 356
177 356
251 356
252 356
292 356
339 356
353 356
179 357
295 357
297 357
423 357
72 358
196 358
252 358
349 358
165 359
293 359
313 359
120 360
232 360
352 360
385 360
437 360
160 361
185 361
309 361
333 361
351 361
196 362
263 362
276 362
67 363
307 363
309 363
369 363
288 364
405 364
95 365
273 365
290 365
312 365
423 365
174 367
179 367
198 367
212 367
350 367
197 368
142 369
195 369
244 369
261 369
311 369
161 370
254 370
386 370
446 370
243 371
302 371
368 371
110 372
281 372
320 373
325 373
174 374
285 374
129 375
420 375
447 375
157 376
195 376
196 376
249 376
272 376
276 376
300 376
302 376
306 376
429 376
193 377
242 377
367 377
217 378
298 378
424 378
270 379
265 380
141 382
274 382
318 382
384 382
83 383
124 383
195 383
260 383
254 384
271 384
341 384
407 384
296 385
319 385
363 385
447 385
103 386
262 386
403 386
181 388
196 388
255 388
282 388
308 388
310 388
244 389
337 389
138 390
420 390
201 391
248 391
287 391
307 391
78 392
170 392
199 392
225 392
250 392
290 392
357 392
403 392
155 393
281 393
304 394
408 394
275 395
282 395
402 395
429 395
450 395
186 397
378 397
96 398
138 398
155 398
171 398
268 398
409 398
186 399
240 399
243 399
298 399
318 399
331 399
420 399
474 399
186 400
233 400
265 400
406 400
427 400
117 401
121 401
142 401
270 401
357 401
408 401
132 402
297 402
260 403
407 403
409 403
157 404
250 404
312 405
430 405
158 406
409 406
395 407
221 408
289 408
430 408
139 409
175 409
155 411
372 411
421 411
426 411
475 411
194 412
450 413
319 414
133 416
283 416
344 416
99 417
243 417
257 417
114 418
404 418
420 418
181 419
233 419
265 419
284 419
392 419
142 420
160 420
314 420
368 420
405 420
139 422
134 423
157 423
250 423
423 423
143 424
163 424
301 424
477 424
145 425
308 425
404 425
415 425
428 425
143 426
208 426
288 427
190 428
143 429
302 429
397 429
416 429
439 430
326 431
424 431
102 432
149 432
224 432
357 432
389 432
414 432
121 433
292 433
320 433
420 433
235 434
438 435
422 436
133 437
242 437
437 437
130 438
176 438
202 438
456 438
135 439
257 439
349 439
326 441
384 441
397 441
309 442
317 442
351 442
414 444
476 444
95 445
341 446
344 446
360 446
376 446
197 447
230 447
297 447
335 447
161 448
333 448
397 448
236 449
330 449
243 450
374 450
377 450
247 451
250 451
262 452
271 452
265 454
394 454
473 454
120 455
279 455
182 456
280 456
326 456
334 456
386 456
460 456
140 457
355 457
388 458
265 459
325 459
438 459
327 460
371 460
353 461
251 462
314 462
205 463
249 463
242 464
347 464
380 464
382 464
161 465
298 466
471 466
386 467
128 468
266 468
407 468
330 469
434 469
261 470
267 470
345 470
398 470
271 471
188 472
278 472
237 473
243 473
254 473
274 473
329 473
404 473
450 473
148 474
250 474
257 474
361 474
369 474
332 475
359 476
255 477
264 477
428 477
330 479
388 479
396 479
400 479
167 480
214 480
315 480
385 480
389 480
123 481
422 483
180 484
297 486
354 487
196 488
259 488
274 488
241 489
256 489
235 490
264 490
217 491
376 493
439 493
333 494
165 495
413 496
181 500
318 501
211 502
365 503
277 504
274 505
271 506
300 506
146 507
260 507
265 507
286 507
238 508
242 508
268 508
197 509
253 509
260 509
397 509
159 511
271 511
212 515
330 515
417 517
175 518
224 518
312 518
358 518
239 519
384 519
243 520
192 524
298 525
280 526
375 526
270 527
339 528
366 528
211 529
258 530
251 531
237 533
308 537
353 538
343 542
274 543
