210 2
311 2
378 2
232 3
247 5
431 5
323 6
471 6
338 8
270 9
401 11
116 12
134 13
289 13
149 14
161 14
364 14
418 14
453 14
182 15
199 15
218 16
235 19
308 19
252 20
429 20
467 21
334 22
391 22
268 23
280 24
354 24
100 25
116 25
130 27
152 28
184 28
167 29
147 30
415 30
449 30
199 31
219 31
373 31
235 32
340 33
260 34
398 37
466 37
96 38
127 38
283 38
112 39
362 39
122 40
296 40
309 40
427 40
412 41
359 42
363 42
371 42
438 42
179 43
324 43
375 43
168 44
197 44
206 44
228 44
379 44
183 45
186 45
323 45
328 45
382 45
138 46
150 46
168 46
169 46
173 46
186 46
199 46
242 46
380 46
387 46
170 47
260 47
335 47
251 48
454 48
120 49
330 49
338 49
346 49
95 50
339 50
394 50
396 50
266 51
279 51
345 51
406 51
297 52
350 52
359 53
371 54
362 55
366 55
184 56
190 56
364 56
370 56
425 56
189 57
211 57
473 57
185 58
234 58
323 58
137 59
154 59
174 59
182 59
319 59
391 59
162 60
388 60
95 61
108 61
124 61
336 61
447 61
329 62
332 62
345 62
390 62
348 63
346 64
254 65
336 65
344 65
355 65
405 66
190 67
217 67
236 67
286 67
347 67
362 67
470 67
182 68
188 68
357 68
364 68
366 68
160 69
173 69
198 69
200 69
305 69
136 70
143 70
163 70
425 70
122 71
380 71
105 73
378 73
433 73
83 74
328 74
95 75
390 75
396 75
449 75
334 76
399 76
71 77
76 77
331 77
395 77
162 78
186 78
194 78
211 78
233 78
269 78
188 79
254 79
347 79
411 79
463 79
143 80
177 80
182 80
191 80
277 81
291 81
359 81
282 82
290 82
309 82
114 84
298 84
478 84
125 85
308 85
310 85
388 85
430 85
103 86
319 87
324 87
87 89
252 89
408 89
450 89
81 90
180 90
198 90
278 90
348 90
162 91
259 91
282 91
152 92
208 92
225 93
277 93
305 93
143 94
368 94
469 94
298 95
310 95
129 96
302 96
319 97
433 98
102 99
115 99
276 99
319 99
388 99
254 100
241 101
242 101
266 101
332 101
260 102
287 102
290 102
319 102
404 102
257 103
266 103
283 103
343 103
90 104
193 104
274 104
295 104
298 104
444 104
174 105
305 105
308 105
145 106
207 106
224 106
356 106
159 107
233 108
136 109
371 109
245 110
254 110
252 111
256 111
258 111
264 111
424 111
462 111
110 112
268 112
272 112
270 113
275 113
281 114
290 114
93 115
229 116
303 116
313 116
320 116
280 117
336 117
477 117
78 118
178 118
193 118
206 118
244 118
291 118
440 118
72 119
165 119
343 119
154 120
245 120
259 120
402 120
342 121
60 122
134 122
142 122
163 122
347 122
353 122
355 122
257 123
354 123
453 124
113 125
360 125
267 126
271 126
427 126
423 127
230 128
376 128
202 129
218 129
251 129
254 129
275 129
277 129
304 129
321 129
426 129
431 129
471 129
95 130
183 130
242 130
289 130
322 130
166 131
179 131
189 131
194 131
335 131
434 131
438 131
173 132
174 132
188 132
335 132
339 132
80 133
149 133
162 133
333 133
344 133
345 133
173 134
353 134
130 135
352 135
359 135
399 135
69 136
61 137
350 137
446 137
405 138
413 138
120 139
252 139
267 139
286 139
367 139
407 139
411 139
227 140
269 140
298 140
419 140
106 141
212 141
239 141
266 141
420 141
186 142
250 142
253 142
269 142
321 142
426 142
182 143
199 143
313 143
326 143
333 143
336 143
169 144
171 144
183 144
427 144
428 144
334 145
337 145
83 146
92 146
392 146
431 146
471 146
150 147
342 147
354 148
402 148
135 149
356 149
63 150
265 150
72 151
259 151
265 151
367 151
411 151
439 151
445 151
247 152
253 152
408 152
415 152
121 153
224 153
242 153
244 153
269 153
310 153
412 153
190 154
283 154
294 154
208 155
324 155
327 155
331 155
385 155
52 156
108 156
83 157
162 157
181 157
333 157
342 157
420 157
95 158
161 158
175 158
344 158
458 158
431 159
169 160
355 160
427 160
433 160
144 161
396 161
131 162
357 162
257 163
269 163
74 164
134 164
291 164
361 164
366 164
404 164
129 165
205 165
234 165
236 165
308 165
113 166
126 166
222 166
242 166
446 166
193 167
222 167
322 167
380 167
67 168
98 168
122 168
177 168
220 168
422 168
477 168
335 169
376 169
386 169
158 170
159 171
217 171
220 171
381 171
385 171
56 172
90 172
394 172
50 173
146 173
214 173
208 174
352 174
118 175
140 175
149 175
399 175
434 175
277 176
290 176
398 176
464 176
81 177
136 177
198 177
308 177
121 178
232 178
240 178
247 178
264 178
367 178
135 179
328 179
170 180
183 180
223 180
450 180
115 181
134 181
417 181
370 182
380 182
66 183
108 183
132 183
154 184
388 184
56 185
380 185
389 185
386 186
429 186
200 187
258 187
274 187
322 187
398 187
99 188
289 188
306 188
46 189
237 189
249 189
333 189
361 189
462 189
152 190
179 190
148 191
159 191
225 191
358 191
90 192
227 192
229 192
405 192
137 194
365 194
370 194
377 194
445 194
67 195
206 195
382 195
126 196
138 196
144 196
378 196
385 196
57 197
141 197
182 197
265 197
278 197
378 197
83 198
122 198
292 198
385 198
423 198
128 199
314 199
252 200
393 200
51 201
388 201
429 201
110 202
220 202
353 202
397 202
459 202
72 203
206 203
345 203
361 203
346 204
435 204
185 205
396 205
402 205
407 205
42 206
101 206
172 206
352 206
357 206
403 207
153 208
358 208
375 208
479 208
369 209
380 209
30 210
118 210
140 210
294 210
318 210
375 210
251 211
263 211
273 211
411 211
412 211
63 212
380 212
335 213
338 213
422 213
90 214
236 214
327 214
387 214
391 214
448 214
323 215
191 216
204 216
388 216
220 217
343 217
347 217
469 217
54 218
128 218
345 218
356 218
396 218
400 218
429 218
79 219
179 219
351 219
359 219
115 220
363 220
288 221
365 221
430 221
437 221
477 221
43 222
170 222
269 222
439 222
301 223
407 223
438 223
457 223
255 224
434 224
243 225
314 225
73 226
202 226
328 226
371 226
375 226
378 226
379 226
381 226
438 226
154 227
194 227
387 227
440 227
105 228
341 228
383 228
27 229
227 229
344 229
388 229
391 229
468 229
66 230
349 230
351 230
395 230
419 230
142 231
183 231
386 231
389 231
425 231
450 231
278 232
344 232
421 232
215 233
268 233
352 233
94 234
131 234
357 234
423 234
171 235
257 235
354 235
357 235
363 235
429 235
431 235
122 236
208 236
296 236
308 236
367 236
403 236
52 237
159 237
432 237
457 237
288 238
401 238
438 238
236 239
323 239
479 239
194 240
330 240
81 241
268 241
274 241
335 241
114 242
340 242
38 243
183 243
188 243
221 243
333 243
383 243
414 243
149 244
254 244
257 244
443 244
247 245
344 245
346 245
348 245
384 245
248 246
356 246
472 246
69 247
104 247
138 247
309 247
344 247
28 248
210 248
298 248
393 248
396 248
172 249
244 249
285 249
320 249
328 249
398 249
400 249
52 250
361 250
429 250
453 250
97 251
132 251
197 251
225 251
371 251
399 251
198 252
244 252
242 253
265 253
274 253
373 253
404 253
19 254
158 254
241 254
373 254
90 255
128 255
192 255
265 255
376 255
60 256
187 256
189 256
213 256
328 256
265 257
372 257
434 257
479 257
41 258
121 258
305 258
330 258
332 258
341 258
345 258
183 259
230 259
250 259
261 259
316 259
341 259
463 259
81 260
150 260
248 260
250 260
288 260
321 260
355 260
106 261
176 261
349 261
389 261
246 262
348 262
199 263
220 263
356 263
358 263
418 263
51 264
77 264
445 264
198 265
276 265
398 265
117 266
139 266
194 266
274 266
471 266
101 267
165 267
237 267
273 267
365 268
188 269
372 269
25 270
260 270
319 270
332 270
429 270
47 271
130 271
188 271
252 271
260 271
310 271
331 271
410 271
68 272
93 272
180 272
250 272
293 272
302 272
339 272
379 272
111 273
179 273
252 273
331 273
377 273
153 274
347 274
379 274
221 275
383 275
460 275
479 275
197 276
199 276
245 276
351 276
389 276
14 277
63 277
233 277
356 277
389 277
38 278
171 278
354 278
416 278
168 279
175 279
256 279
263 279
85 280
142 280
197 280
61 281
85 281
278 281
368 281
441 281
59 282
120 282
190 282
277 282
56 283
63 283
85 283
186 283
210 283
230 283
316 283
398 283
423 283
161 284
163 284
188 284
249 284
341 284
53 285
59 285
101 285
246 285
302 285
375 285
467 285
54 286
207 286
219 286
295 286
114 287
164 287
223 287
266 287
323 287
77 288
264 288
350 288
449 288
23 289
112 289
240 289
406 289
134 290
184 290
202 290
238 290
287 290
47 291
94 291
156 291
177 291
206 291
217 291
279 291
69 292
74 292
175 292
198 292
240 292
361 292
42 293
89 293
276 293
471 293
48 294
113 294
232 294
256 294
391 294
67 295
174 295
232 295
257 295
65 296
109 296
150 296
89 297
178 297
196 297
232 297
250 297
370 297
15 298
63 298
88 298
108 298
226 298
316 298
437 298
222 299
418 299
103 300
125 300
169 300
172 300
218 300
335 300
64 301
82 301
146 301
302 301
457 301
33 302
85 302
101 302
103 302
168 302
218 302
242 302
266 302
478 302
88 303
294 303
381 303
422 303
62 304
166 304
265 304
286 304
348 304
80 305
162 305
165 305
240 305
263 305
49 306
63 306
206 306
210 306
27 307
47 307
140 307
181 307
186 307
402 307
48 308
78 308
82 308
101 308
262 308
281 308
179 309
184 309
207 309
366 309
48 310
58 310
95 310
274 310
276 310
279 310
430 310
42 311
58 311
98 311
179 311
255 311
372 311
445 311
60 312
136 312
157 312
161 312
199 312
230 312
232 312
257 312
43 313
177 313
180 313
311 313
321 313
410 313
466 313
21 314
59 314
72 314
76 314
94 314
114 314
181 314
199 314
253 314
277 314
337 314
113 315
115 315
117 315
204 315
271 315
382 315
57 316
111 316
224 316
54 317
351 317
450 317
38 318
93 318
224 318
15 319
110 319
198 319
270 319
297 319
471 319
129 320
152 320
173 320
251 320
394 320
87 321
92 321
273 321
68 322
106 322
170 322
355 322
191 323
223 323
226 323
362 323
431 323
104 324
109 324
212 324
241 324
250 324
403 324
111 325
125 325
225 325
323 325
329 325
472 325
51 326
168 326
221 326
315 326
321 326
336 326
455 326
32 327
87 327
193 327
247 327
263 327
288 327
324 327
8 328
67 328
85 328
145 328
169 328
261 328
375 328
412 328
102 329
224 329
261 329
268 329
329 329
336 329
346 329
105 330
164 330
205 330
240 330
341 330
82 331
186 331
209 331
240 331
258 331
101 332
123 332
207 332
220 332
347 332
348 332
104 333
119 333
241 333
258 333
353 333
355 333
26 334
47 334
189 334
260 334
390 334
428 334
83 335
100 335
166 335
201 335
223 335
238 335
281 335
348 335
80 336
182 336
301 336
359 336
442 336
466 336
96 337
116 337
151 337
170 337
202 337
235 337
276 337
354 337
137 338
181 338
185 338
257 338
117 339
241 339
321 339
407 339
41 340
58 340
118 340
183 340
220 340
255 340
323 340
368 340
94 341
163 341
237 341
243 341
259 341
277 341
334 341
219 342
220 342
334 342
100 343
471 343
341 344
94 345
114 345
182 345
197 345
203 345
240 345
340 345
54 346
76 346
132 346
164 346
280 346
298 346
339 346
379 346
417 346
459 346
35 347
110 347
164 347
196 347
216 347
223 347
239 347
241 347
346 347
92 348
166 348
182 348
257 348
478 348
149 349
233 349
237 349
269 349
277 349
14 350
94 350
388 350
431 350
9 351
200 351
237 351
239 351
275 351
280 351
353 351
359 351
111 352
183 352
198 352
200 352
203 352
221 352
236 352
324 352
50 353
110 353
253 353
129 354
181 354
269 354
323 354
395 354
448 354
29 355
88 355
180 355
197 355
219 355
163 356
300 356
359 356
69 357
147 357
180 357
271 357
460 357
44 358
199 358
90 359
217 359
238 359
327 359
328 359
371 359
471 359
218 360
304 360
340 360
84 361
104 361
128 361
345 361
412 361
180 362
252 362
284 362
413 362
82 363
180 363
345 363
415 363
37 364
83 364
104 364
163 364
289 364
310 364
313 364
342 364
348 364
430 364
61 365
81 365
83 365
160 365
199 365
424 365
116 366
177 366
286 366
290 366
316 366
348 366
383 366
436 366
99 367
129 367
164 367
182 367
286 367
288 367
99 368
144 368
315 368
351 368
354 368
422 368
435 368
438 368
99 369
220 369
427 369
27 370
200 370
237 370
272 370
436 370
77 371
306 371
391 371
54 372
94 372
165 372
114 373
162 373
163 373
180 373
306 373
360 373
454 373
19 375
74 375
95 375
97 375
180 375
257 375
339 375
367 375
196 376
323 376
403 376
95 377
127 377
239 377
294 377
341 377
344 377
405 377
146 378
308 378
466 378
476 378
44 379
184 379
200 379
110 380
201 380
278 380
411 380
69 381
313 381
350 381
376 381
411 381
298 382
10 383
180 383
282 383
332 383
109 384
167 384
183 384
185 384
224 384
242 384
263 384
329 384
350 384
411 384
434 384
424 385
38 386
83 386
84 386
168 386
198 386
353 386
415 386
63 387
82 387
96 387
205 387
302 387
303 387
335 387
353 387
387 387
432 387
148 388
266 388
420 388
359 389
433 389
437 389
450 389
165 390
185 390
285 390
287 390
336 390
32 391
109 391
226 391
288 391
341 391
432 391
465 391
93 392
308 392
479 392
107 393
293 393
324 393
59 394
78 394
136 394
186 394
308 394
310 394
401 394
407 394
151 395
366 395
121 396
184 396
187 396
248 396
310 396
23 397
107 397
207 397
374 397
409 397
120 398
328 398
332 398
343 398
407 398
49 399
91 399
107 399
274 399
120 400
192 400
295 400
296 400
334 400
349 400
170 401
232 401
453 401
46 402
91 402
122 402
136 402
415 402
418 402
428 402
171 403
212 403
277 403
355 403
73 404
139 404
155 404
193 404
337 404
340 404
427 404
465 404
67 405
70 405
74 405
319 405
431 405
106 406
125 406
141 406
171 406
325 406
432 406
474 407
154 408
193 408
234 408
258 408
359 408
431 408
42 409
157 409
175 409
197 409
40 410
70 410
282 410
306 410
393 410
437 410
158 411
194 411
445 411
140 412
173 412
346 412
43 413
367 413
412 413
157 414
34 415
224 415
330 415
332 415
335 415
410 415
241 416
352 416
412 416
65 417
156 417
161 417
178 417
462 417
85 418
266 418
337 418
417 418
58 419
198 419
290 419
412 419
141 420
161 420
185 420
402 420
144 421
166 421
337 421
426 421
49 422
125 422
144 422
183 422
225 422
378 422
413 422
58 423
80 423
184 423
201 423
301 423
341 423
250 424
321 424
325 424
365 424
418 424
420 424
428 424
439 424
440 424
102 425
168 425
274 425
50 426
51 426
165 426
348 426
22 427
129 427
326 427
392 427
79 428
128 428
148 428
186 428
43 429
167 429
257 429
346 429
350 429
44 430
68 430
71 430
185 430
210 430
228 430
328 430
331 430
455 430
47 431
146 431
295 431
349 431
352 431
474 431
78 432
80 432
193 432
330 432
399 432
401 432
113 433
127 433
147 433
404 433
235 434
261 434
374 434
78 435
192 435
279 435
317 435
337 435
338 436
410 436
427 436
431 436
59 437
96 437
175 437
337 437
35 438
128 438
129 438
134 438
217 438
303 438
339 438
359 438
410 438
430 438
74 439
152 439
174 439
241 439
54 440
128 440
132 440
137 440
172 440
196 440
342 440
433 440
439 440
133 442
197 442
199 442
344 442
383 442
27 443
269 443
416 443
455 443
161 444
309 444
327 444
463 444
109 445
289 445
473 445
355 447
45 448
375 448
64 449
183 449
84 450
140 450
205 450
336 451
406 451
254 452
164 454
363 454
440 455
102 456
300 456
385 456
451 457
69 458
121 458
258 458
44 459
417 459
460 459
474 460
172 461
173 461
215 461
236 461
283 461
91 463
175 463
197 463
381 463
151 464
180 464
62 465
108 465
199 465
308 465
268 466
394 466
156 467
162 468
200 468
292 468
44 469
184 469
246 469
134 471
162 471
164 471
182 471
225 471
359 472
438 472
79 473
207 473
418 473
447 473
254 474
317 474
338 474
455 474
463 474
64 475
100 475
468 475
192 476
476 476
113 477
143 477
169 477
192 477
372 477
166 478
173 478
281 478
305 478
170 479
120 480
194 480
215 480
345 480
48 481
175 481
216 481
235 481
285 481
311 481
260 482
387 482
127 483
153 483
241 483
291 484
132 485
155 485
312 485
314 485
356 485
80 486
131 486
136 486
397 486
65 487
182 488
206 488
225 488
267 488
269 488
137 489
140 489
223 489
410 489
94 490
133 490
138 490
142 490
270 490
331 490
471 490
479 490
137 491
186 491
301 491
427 491
444 491
461 491
47 492
144 492
103 493
248 493
371 493
140 494
274 494
212 495
228 495
230 495
236 495
279 495
344 495
254 496
381 496
115 497
123 497
257 497
121 498
235 498
253 498
154 499
155 499
255 499
314 499
316 499
392 499
123 500
125 500
216 500
58 501
129 501
198 501
219 501
281 501
295 501
356 501
73 502
85 502
154 502
223 502
245 502
203 503
260 503
264 503
284 503
406 503
294 504
297 504
134 505
222 505
262 505
267 505
422 505
436 505
297 506
452 506
471 506
329 507
137 508
167 508
227 508
302 508
186 509
295 509
298 509
372 509
140 510
207 510
110 511
230 511
270 511
270 512
388 512
215 513
121 514
151 514
240 514
268 514
192 515
310 515
313 515
156 516
216 516
343 516
401 516
127 517
240 517
279 517
55 518
222 518
242 518
284 518
353 518
412 518
430 518
73 519
254 519
86 520
134 520
247 520
290 520
137 521
170 521
199 521
361 521
455 521
463 521
476 521
322 522
362 522
366 522
370 522
447 522
99 523
324 523
327 523
364 523
136 524
367 524
149 525
179 526
295 526
378 526
330 527
388 527
214 528
386 528
152 529
331 529
156 530
230 530
385 530
390 530
392 530
118 531
349 531
53 532
70 532
156 532
158 532
190 532
271 532
348 532
356 533
121 534
128 534
343 534
310 535
353 535
454 535
469 535
84 536
129 536
355 536
359 536
424 536
131 537
319 537
363 537
437 537
248 538
324 538
96 539
150 540
202 540
324 540
373 540
324 541
178 542
388 542
396 542
154 543
214 543
256 543
383 543
106 544
294 544
397 544
400 544
408 544
143 546
157 546
339 546
266 547
334 547
343 547
442 547
122 548
465 548
64 549
149 549
426 549
123 550
158 550
81 551
124 551
131 551
275 552
348 552
354 552
312 553
363 553
371 553
169 554
390 554
100 555
136 555
197 555
284 555
383 555
385 555
394 555
130 556
214 556
227 556
381 556
143 557
245 557
373 557
396 557
115 558
254 559
151 560
180 560
334 560
301 561
461 561
327 562
422 562
260 563
446 563
455 563
342 564
437 564
109 566
164 566
275 566
90 567
366 567
221 568
123 569
199 569
136 572
378 572
178 573
401 574
102 575
239 576
316 576
325 576
449 576
145 577
248 577
424 577
438 578
162 579
206 579
260 580
340 580
274 582
179 584
358 584
117 585
294 585
305 587
379 587
135 589
237 589
392 589
403 589
194 590
210 590
317 590
412 591
151 592
248 592
341 595
268 596
166 597
351 598
283 599
178 600
183 600
362 600
374 600
297 602
218 604
227 604
312 604
206 605
253 608
337 608
268 610
344 610
282 613
