424 2
312 3
372 5
407 6
245 7
335 7
381 7
262 8
233 9
387 9
465 9
276 10
293 10
353 10
219 11
439 11
190 12
309 12
419 12
364 14
400 14
171 15
323 17
449 17
477 17
241 20
378 20
436 20
277 21
226 22
256 22
340 22
204 23
298 24
416 24
183 25
308 25
157 26
168 26
444 26
324 27
463 27
357 29
397 29
434 31
474 31
273 32
233 33
259 33
287 33
248 34
338 34
222 35
298 35
408 35
177 36
191 36
206 36
347 36
371 36
160 38
316 39
452 39
145 40
355 41
329 42
335 42
388 42
422 42
464 43
252 44
275 44
231 45
247 45
254 45
433 45
264 46
267 46
270 46
278 46
359 46
397 46
434 46
438 46
269 47
280 47
431 47
284 48
436 48
208 49
300 49
316 49
406 49
409 49
188 50
433 50
473 50
322 51
407 51
440 51
169 52
442 52
377 53
420 53
415 54
133 55
332 55
335 55
148 56
248 56
342 56
350 56
388 56
245 57
272 57
453 57
248 58
352 58
357 58
423 58
428 58
232 59
246 59
253 59
257 59
271 59
351 59
243 60
346 60
395 60
427 60
348 61
360 61
216 62
289 62
303 62
356 62
404 62
185 63
203 63
401 63
463 63
309 64
322 64
407 64
410 64
170 65
365 65
405 65
438 65
440 66
156 68
244 68
248 68
252 68
340 68
413 68
142 69
236 69
255 69
330 69
375 69
216 70
261 70
273 70
328 70
253 71
258 71
345 71
414 71
421 71
418 72
451 72
201 73
277 73
285 73
342 73
351 73
386 73
421 73
476 73
123 74
342 74
425 75
428 75
458 75
181 76
295 76
357 76
431 76
310 78
360 78
402 78
405 78
430 78
433 78
246 79
256 79
400 79
242 80
263 80
405 80
162 81
210 81
226 81
259 81
370 82
200 83
215 83
326 83
467 83
203 84
381 84
412 84
153 85
337 85
445 85
169 86
271 86
143 87
269 87
188 88
276 88
347 88
393 88
259 89
386 89
388 89
132 90
227 90
240 90
246 90
251 90
258 90
261 90
286 90
425 90
478 90
220 91
225 91
304 91
391 91
212 92
458 92
116 93
209 93
212 93
216 93
360 93
204 94
223 94
397 94
319 95
401 95
367 96
371 96
373 96
182 97
374 98
400 98
249 99
329 99
371 99
378 99
438 99
169 100
255 100
260 100
269 100
152 101
232 101
245 101
413 101
469 101
236 102
243 102
250 102
282 102
340 102
387 102
225 103
277 103
449 103
131 104
378 104
383 104
384 104
423 104
207 105
210 105
295 106
387 106
115 107
191 107
395 107
351 108
307 109
390 109
362 110
176 111
398 111
461 111
239 112
244 112
271 112
274 112
318 112
361 112
433 112
223 113
231 113
237 113
254 113
283 113
408 113
161 114
224 114
229 114
256 114
328 114
365 114
149 115
213 115
371 115
136 116
210 116
223 116
374 116
473 116
203 117
207 117
197 118
211 118
342 118
188 119
447 119
376 120
385 120
265 121
291 121
349 121
415 121
287 122
420 122
116 123
177 123
254 123
302 123
311 123
390 123
393 123
418 123
422 123
424 123
429 123
163 124
242 124
284 124
299 124
312 124
359 124
426 124
104 125
165 125
228 125
299 126
312 126
397 126
423 126
460 126
154 127
161 127
212 127
306 127
318 127
429 127
434 127
138 128
312 128
324 128
374 128
400 128
337 129
400 129
433 129
194 130
374 130
431 130
185 131
191 131
196 131
377 131
412 132
184 133
379 133
412 133
172 134
178 134
346 134
175 135
181 135
280 135
412 135
417 135
421 135
439 135
129 136
238 136
253 136
388 136
118 137
169 137
269 137
281 137
286 137
297 137
302 137
420 137
295 138
388 138
392 138
449 138
474 138
155 139
309 139
104 140
229 140
301 140
311 140
366 140
214 141
365 141
398 141
140 142
322 142
405 142
430 142
197 143
202 143
192 144
330 144
374 144
379 144
200 145
432 145
461 145
180 146
181 146
410 146
120 147
170 147
194 147
259 147
343 147
381 147
186 148
236 148
277 148
287 148
383 148
281 149
296 149
301 149
390 149
153 150
168 150
442 150
294 151
307 151
360 151
420 151
298 152
301 152
305 152
314 152
364 152
470 152
222 153
314 153
391 153
400 154
101 155
199 155
212 155
425 155
431 155
137 156
315 156
325 156
190 157
194 157
233 157
371 157
404 157
431 157
197 158
256 158
401 158
433 158
435 158
335 159
406 159
126 160
183 160
269 160
350 161
380 161
169 162
291 162
383 162
385 162
407 162
305 163
111 164
314 165
153 166
362 166
364 166
441 166
460 166
373 167
395 167
219 168
250 168
370 168
375 168
396 168
399 168
420 168
143 169
206 169
237 169
322 169
377 169
397 169
453 170
135 171
267 171
356 171
380 171
286 172
383 172
192 173
337 173
437 174
178 175
344 175
410 175
474 175
120 176
300 176
166 177
309 178
373 178
390 178
229 179
246 179
259 179
395 179
394 180
102 181
153 181
216 181
268 181
452 181
204 182
283 182
355 182
140 183
198 183
329 183
364 184
297 185
403 185
386 186
185 187
339 187
368 187
388 187
426 187
126 188
310 188
373 188
461 188
347 189
373 189
172 190
232 191
256 191
274 191
412 191
240 192
379 192
438 192
107 193
156 193
248 193
469 193
285 194
379 194
217 195
332 195
361 195
363 195
206 196
297 196
97 197
140 197
448 197
195 198
387 198
179 199
309 199
124 200
347 200
367 200
427 201
165 202
323 202
245 203
271 203
377 203
395 203
163 204
169 204
264 204
413 204
433 204
454 204
190 205
223 205
234 205
236 205
256 205
280 205
334 205
226 206
227 206
112 207
221 207
293 207
209 208
216 208
225 208
228 208
363 208
345 209
406 209
177 210
210 210
223 210
389 210
140 211
310 211
100 212
197 212
351 212
466 212
130 213
318 213
167 214
169 214
445 214
171 215
275 215
377 215
122 216
163 216
254 216
424 216
195 217
265 217
238 218
287 218
329 218
113 219
184 219
185 220
227 220
234 220
299 220
341 220
385 220
148 221
223 221
230 221
367 221
404 221
430 221
217 222
453 222
477 222
216 223
224 223
203 224
102 225
170 225
203 225
311 225
412 225
167 226
372 226
205 227
207 227
351 227
166 228
196 228
261 228
396 228
128 229
189 229
202 229
418 229
439 229
462 229
95 230
191 230
192 230
244 231
269 231
277 231
379 231
184 232
230 232
234 232
286 232
327 232
335 232
192 233
118 234
151 234
222 234
292 234
213 235
217 235
301 235
177 236
214 236
405 236
426 236
209 237
345 237
203 238
204 238
217 238
367 238
389 238
450 238
142 239
213 239
372 241
392 241
164 242
171 242
198 242
319 242
373 242
475 242
103 243
248 243
256 243
326 243
411 243
127 244
161 244
201 244
264 244
273 244
435 244
232 245
284 245
286 245
398 245
413 245
163 246
188 246
225 246
357 246
380 246
416 246
187 247
218 247
291 247
377 247
91 248
151 248
181 248
335 248
383 248
399 248
216 249
304 249
177 250
211 250
309 250
383 250
461 250
117 251
182 251
304 251
407 251
307 252
363 252
402 252
423 252
440 252
182 253
210 253
213 253
313 253
422 253
344 254
382 254
173 255
204 255
314 255
390 255
425 255
141 256
207 256
239 256
262 256
440 256
276 257
287 257
350 257
391 257
405 257
429 257
449 257
109 258
194 258
224 258
226 258
228 258
229 258
285 258
324 258
197 259
293 259
320 259
370 259
394 259
407 259
412 259
430 259
163 260
197 260
221 260
252 260
284 260
371 260
470 260
299 261
186 262
219 262
294 262
393 262
123 263
164 263
292 263
296 263
397 263
414 263
96 264
188 264
193 264
216 264
333 264
374 264
442 264
211 265
308 265
178 266
189 266
310 266
359 266
362 266
431 266
149 267
302 267
304 267
305 267
377 267
413 267
415 267
207 268
210 268
236 268
271 268
461 268
90 269
177 269
180 269
207 269
233 269
283 269
304 269
365 269
382 269
418 269
174 270
230 270
263 270
311 270
400 270
420 270
433 270
435 270
448 270
202 271
282 271
383 271
403 272
404 272
420 272
114 273
170 273
200 273
253 273
291 273
294 273
314 273
342 273
365 273
367 273
387 273
405 273
137 274
224 274
422 274
174 275
200 275
436 275
107 277
189 277
322 277
387 277
390 277
157 278
171 278
197 278
219 278
248 278
370 278
440 278
276 279
320 279
407 279
471 279
216 280
241 280
371 280
388 280
453 280
167 281
354 281
392 281
124 282
188 282
268 282
352 282
410 282
148 283
205 283
236 283
292 283
330 283
98 284
427 284
350 286
354 286
439 286
458 286
253 287
336 287
397 287
90 288
114 288
143 288
178 288
356 288
479 289
226 290
338 290
379 290
418 290
158 291
310 291
342 291
355 291
195 292
242 292
211 293
321 293
339 293
342 293
362 293
171 295
401 295
126 296
342 296
346 296
445 296
102 297
268 297
283 297
187 298
232 298
345 298
385 298
206 299
322 299
343 299
467 299
260 300
328 300
366 300
144 301
342 301
426 301
164 302
295 302
325 302
351 302
407 302
117 303
244 304
429 305
327 306
372 306
452 306
326 307
199 308
218 308
348 308
352 308
471 308
135 309
176 309
304 309
411 309
392 310
109 311
258 311
349 311
354 311
478 311
231 312
269 312
278 312
332 312
357 312
376 312
149 313
337 314
436 315
212 316
312 316
336 317
353 317
357 317
458 317
123 318
168 318
416 318
144 319
189 319
295 319
333 319
341 319
250 320
357 320
144 321
170 321
247 321
334 321
398 321
139 322
186 322
316 322
340 322
418 322
189 323
246 323
356 323
380 323
136 324
205 324
337 324
361 324
419 324
441 324
265 325
401 325
406 325
109 326
141 327
155 327
181 327
276 327
153 328
223 328
241 328
263 328
300 328
341 328
402 328
159 329
182 329
262 329
322 329
326 329
467 329
157 330
265 330
321 331
329 331
423 331
126 332
265 332
270 332
364 332
406 332
425 332
104 333
154 333
170 333
253 333
347 333
430 333
127 334
200 334
219 334
286 334
150 335
167 335
307 335
348 335
449 335
128 336
184 336
346 336
386 336
408 336
428 336
145 337
150 337
182 337
236 337
251 337
405 337
179 338
122 339
193 339
272 339
434 339
120 340
262 340
475 340
142 341
146 341
275 341
278 341
330 341
354 341
371 341
429 341
435 341
262 342
312 342
413 342
137 343
145 343
162 343
262 343
291 343
332 343
411 343
434 343
176 344
252 344
265 344
391 344
415 344
437 344
277 345
337 345
411 345
417 345
431 345
175 346
190 346
214 346
230 346
250 346
279 346
135 347
160 347
354 347
396 347
434 347
187 348
263 348
298 348
315 348
352 348
457 348
352 349
152 350
189 350
334 350
438 350
107 351
174 351
266 351
338 351
414 351
461 351
171 352
335 352
358 352
416 352
418 352
174 353
251 353
439 353
199 354
215 354
267 354
378 354
417 354
168 355
355 355
360 355
149 356
233 356
321 356
325 356
418 356
438 356
171 357
185 357
186 357
247 357
267 357
301 357
320 357
421 357
167 358
198 358
269 358
323 358
341 358
342 358
401 358
443 358
126 359
253 359
468 359
126 360
145 360
166 360
169 360
185 360
323 360
361 360
400 360
418 360
321 361
288 362
421 362
427 362
425 363
360 364
199 365
327 365
428 365
164 366
214 366
403 366
430 366
106 367
259 367
305 367
345 367
182 368
323 368
350 368
385 368
403 368
428 368
451 368
121 369
345 369
408 369
143 370
235 370
404 370
294 371
327 371
352 371
407 371
213 372
325 372
350 372
409 372
476 372
276 373
329 373
332 373
348 373
414 373
250 374
368 374
407 374
410 374
438 374
353 375
114 376
330 376
350 376
430 376
460 376
162 377
313 377
335 377
413 377
135 378
196 378
351 378
216 379
265 379
440 379
334 380
391 380
239 381
417 381
438 381
332 382
373 382
417 382
178 384
302 384
335 384
356 384
358 384
128 385
150 385
257 385
418 385
438 385
215 386
287 386
322 386
197 387
340 387
416 387
421 387
467 387
335 388
268 389
357 389
422 389
399 390
423 390
159 391
323 391
144 392
219 392
380 392
402 392
115 393
198 393
337 393
450 393
426 394
341 395
344 395
406 395
430 395
245 396
292 396
343 396
426 396
177 397
261 397
409 397
432 397
137 399
275 399
361 399
315 400
343 400
413 400
434 400
183 401
433 402
457 402
198 403
200 403
176 404
225 404
229 404
341 404
347 404
387 404
153 405
200 405
226 405
281 405
343 405
345 405
410 405
131 406
207 406
250 407
300 407
202 408
206 408
210 408
229 408
232 408
351 408
331 409
437 409
124 410
350 410
467 410
232 411
329 411
207 412
210 412
353 412
418 412
275 413
285 413
355 413
444 413
163 414
164 414
228 414
350 414
368 414
186 415
230 415
350 415
396 415
167 416
214 416
238 416
332 416
145 417
357 417
170 418
172 418
183 418
188 418
331 418
206 419
350 419
401 419
186 420
307 420
213 421
214 421
236 421
238 421
333 422
356 422
453 422
212 423
218 423
235 423
237 423
291 423
186 424
189 424
240 425
282 425
191 426
222 426
315 426
462 426
158 427
225 427
336 427
239 428
220 429
267 429
321 429
380 429
220 430
245 430
361 430
409 430
435 430
162 431
172 431
388 431
175 432
198 433
219 433
227 433
177 434
196 434
320 434
172 435
180 435
229 435
325 435
416 435
178 436
250 436
323 436
341 436
344 436
348 436
472 436
206 437
225 437
174 438
232 438
184 439
298 439
328 439
395 439
445 439
202 440
227 440
234 440
181 441
207 441
155 442
205 442
232 442
233 442
326 442
210 443
231 443
281 443
422 443
255 444
259 444
373 444
237 445
213 446
454 447
214 449
333 450
431 450
166 451
217 451
312 451
463 451
220 452
243 452
265 452
289 452
221 453
246 453
262 453
264 453
410 453
438 453
223 454
361 454
185 455
471 455
201 456
273 456
243 457
247 457
337 457
388 457
271 458
447 458
152 459
202 459
226 460
225 461
256 462
278 462
297 462
228 463
232 463
253 463
198 464
272 464
206 465
368 465
398 465
208 466
256 466
258 466
323 466
202 467
237 467
261 467
211 468
239 468
276 468
279 468
459 468
203 469
205 469
209 469
232 469
234 469
207 470
177 471
239 471
279 471
432 471
306 473
378 473
215 475
243 475
262 475
269 475
408 475
335 477
189 478
223 479
267 479
272 479
363 479
389 479
314 480
444 480
197 482
419 482
271 483
396 486
207 487
297 487
321 487
346 488
181 489
278 489
302 489
428 489
239 490
373 490
383 492
408 493
265 495
219 496
388 499
196 500
365 500
416 502
232 503
341 503
271 507
297 507
373 507
400 507
213 509
438 510
323 511
280 512
256 513
306 513
387 514
225 515
364 516
266 519
400 519
341 522
318 524
273 525
355 525
377 526
335 532
314 534
322 536
354 537
