152 2
166 2
288 2
303 2
422 3
434 5
131 6
323 6
392 6
341 7
113 8
450 8
471 8
226 9
239 9
82 10
213 10
252 10
97 11
275 12
410 13
192 14
366 14
69 15
291 15
309 17
319 17
337 18
392 19
155 20
438 22
139 23
454 23
111 24
230 24
240 24
250 24
125 25
214 25
267 25
363 25
203 27
284 27
387 27
85 28
187 28
403 28
99 29
305 30
333 30
420 32
160 33
73 34
357 34
446 35
140 37
465 37
386 38
126 39
370 39
270 40
213 41
223 41
290 41
404 41
198 42
253 42
412 42
304 43
407 43
107 44
185 45
319 45
336 45
452 45
172 47
350 47
85 48
159 48
425 49
431 49
135 50
149 50
434 50
71 51
254 52
268 53
367 53
439 53
242 54
382 54
472 54
123 55
220 55
279 55
298 57
321 57
406 57
407 57
412 57
82 58
173 58
202 58
341 59
415 59
107 60
411 60
454 60
188 61
416 61
363 63
422 63
146 64
469 64
170 66
231 66
386 66
437 66
85 67
252 67
270 67
123 68
209 68
281 68
440 69
70 71
304 71
401 71
407 72
103 73
152 73
193 73
322 74
417 74
132 75
343 75
378 76
425 76
227 77
243 77
393 78
421 78
423 78
432 78
173 79
205 79
268 79
433 80
465 81
290 82
313 83
366 83
408 83
365 84
374 85
101 86
146 86
448 86
74 87
126 87
384 87
237 88
258 88
419 88
429 88
93 89
332 89
189 90
391 90
393 90
396 90
424 90
427 90
178 91
185 91
194 91
208 91
223 91
393 91
429 91
65 92
165 92
199 92
464 92
284 93
357 93
364 94
104 96
366 96
374 96
258 97
413 97
303 98
380 98
451 98
244 99
272 99
418 99
420 99
145 100
220 100
317 100
90 101
190 101
194 101
131 102
184 102
335 102
196 103
201 103
77 104
352 104
432 104
168 105
403 105
436 105
164 107
257 107
275 107
363 107
469 107
168 108
368 108
64 109
110 109
239 109
370 109
154 110
297 110
377 111
205 112
323 112
388 112
429 112
455 112
89 113
383 113
136 114
190 114
184 115
435 115
181 116
343 116
123 117
400 117
180 118
180 119
228 119
251 119
268 119
356 119
201 121
252 121
68 122
110 122
159 122
276 122
282 122
374 122
411 122
201 123
298 123
62 124
102 124
416 124
424 124
315 126
427 126
477 126
388 127
431 127
467 127
331 128
429 128
219 129
241 129
137 130
231 130
256 130
342 130
172 131
247 131
354 131
238 132
245 132
266 132
269 132
401 132
252 133
257 133
277 133
413 133
188 134
82 135
114 135
296 136
379 136
423 137
468 137
63 138
158 138
147 139
435 139
314 140
233 141
234 141
258 141
94 142
212 142
249 142
398 142
438 142
193 143
215 143
336 143
267 144
278 144
413 144
133 145
182 145
411 145
353 146
119 147
275 147
292 147
413 147
78 149
166 149
304 149
429 149
371 150
420 150
428 150
316 151
432 151
213 152
218 152
226 152
228 152
234 152
436 152
390 153
100 154
151 154
201 154
216 154
246 154
263 154
63 155
203 155
252 155
265 155
268 155
335 155
182 156
476 156
273 157
277 157
354 157
409 157
415 157
90 158
175 158
297 159
451 159
130 160
415 160
420 160
424 160
158 161
164 161
174 161
286 161
361 161
365 161
312 162
316 163
374 163
385 163
77 164
113 164
119 164
228 164
246 164
304 164
375 164
398 164
113 165
213 165
225 165
311 165
432 165
111 166
148 166
204 166
210 166
217 166
319 166
334 166
390 166
201 167
246 167
89 168
108 168
194 168
57 169
473 169
177 170
182 170
189 170
348 170
412 170
100 171
191 171
288 171
78 172
181 172
282 172
123 173
269 173
284 173
286 173
302 173
303 173
384 173
428 173
96 174
238 174
301 174
313 174
398 174
452 174
166 175
238 175
241 175
253 175
297 175
369 175
228 176
305 176
114 177
161 177
162 177
164 177
315 177
222 178
316 178
87 179
90 179
110 179
118 179
329 179
384 179
85 180
205 180
209 180
414 180
441 180
59 181
192 181
341 181
105 183
187 183
396 183
474 183
98 184
141 184
264 184
280 184
284 184
74 185
176 185
253 185
361 185
228 186
244 186
255 186
298 186
398 186
97 187
128 187
261 187
296 187
298 187
318 187
454 187
88 188
220 188
246 188
314 188
433 188
217 189
324 189
159 190
216 190
319 190
83 191
120 192
153 192
200 192
329 192
471 192
341 193
418 193
443 193
53 194
385 194
142 196
393 196
456 196
103 197
186 197
255 197
260 197
263 197
287 197
298 197
83 198
176 198
242 198
254 198
269 198
286 198
391 198
398 198
229 199
297 199
302 199
168 200
170 200
177 200
230 200
270 200
366 200
403 200
364 201
96 202
124 202
160 202
367 202
331 203
435 203
375 204
74 205
198 205
213 205
342 205
380 205
383 205
114 206
147 206
149 207
386 207
417 207
146 208
267 208
392 208
476 208
144 209
246 209
286 210
391 210
451 210
132 211
183 211
226 211
360 211
395 211
129 212
311 212
399 212
77 213
127 213
431 213
98 214
167 214
212 214
49 216
128 216
334 216
373 216
462 216
153 217
374 217
380 217
122 218
64 219
386 219
445 219
112 220
141 220
144 220
413 220
240 221
258 221
274 221
385 221
144 222
352 222
81 223
293 223
174 224
53 225
131 225
136 225
138 225
221 225
318 225
366 225
474 225
426 226
96 227
154 227
202 227
368 227
404 227
455 227
258 228
336 228
376 228
68 229
124 229
40 231
149 231
185 231
386 231
388 232
140 233
241 233
354 233
82 234
108 234
140 234
283 234
390 234
57 235
213 235
271 235
310 235
388 235
393 235
468 235
136 236
366 236
259 237
368 237
445 237
373 238
424 238
131 239
167 239
371 239
68 240
97 241
121 241
247 241
377 241
152 242
153 242
191 242
247 242
329 242
407 242
429 242
233 243
348 243
379 243
44 244
382 244
219 245
436 245
59 246
83 246
215 246
232 246
410 246
435 246
106 247
171 247
276 247
363 247
275 248
278 248
373 248
414 248
206 249
208 249
213 249
303 249
410 249
135 250
290 250
374 250
99 251
127 251
130 251
159 251
321 251
462 251
263 252
383 252
385 252
397 252
417 252
422 252
424 252
69 253
154 253
155 253
190 253
255 253
421 253
446 253
226 254
243 254
359 254
243 255
331 255
394 255
477 255
117 256
216 256
229 256
400 256
402 256
179 257
339 257
425 257
144 258
146 258
215 258
216 258
220 258
400 258
408 258
44 259
374 259
375 259
432 259
140 260
143 260
291 260
305 260
372 260
406 260
62 261
200 261
278 261
163 262
259 262
265 262
266 262
350 262
432 262
81 263
103 263
455 263
245 264
252 264
258 264
320 264
411 264
50 265
229 266
419 266
128 267
358 267
392 267
475 267
156 268
222 268
364 268
419 268
120 269
151 269
440 269
124 270
213 270
361 270
148 271
149 271
371 271
121 272
402 272
65 273
142 273
204 273
401 273
175 274
197 274
229 274
240 274
303 274
374 274
378 274
445 274
467 274
270 275
287 275
338 275
86 276
202 276
274 276
275 276
376 276
430 276
108 277
323 277
133 278
253 278
264 278
410 278
132 279
384 279
51 280
222 280
254 280
435 280
217 281
251 281
256 281
436 281
473 281
73 282
101 282
130 282
153 282
186 282
359 282
389 282
418 282
244 283
453 283
96 284
98 284
147 284
149 284
202 284
362 284
121 285
237 285
326 286
418 286
95 287
118 287
170 287
424 287
116 288
140 288
145 288
301 288
320 288
418 288
113 289
121 289
276 289
44 290
335 290
338 290
442 290
66 291
117 291
331 291
376 291
86 292
135 292
257 292
108 293
261 293
430 293
85 294
187 294
427 294
463 294
128 295
247 295
347 295
349 295
432 295
102 296
153 296
160 296
255 296
407 296
413 297
124 298
78 299
153 299
302 299
386 299
126 300
207 300
280 300
314 300
412 300
433 300
232 301
289 301
327 301
358 301
143 302
357 302
451 302
53 303
98 303
121 303
172 303
327 303
338 303
32 304
93 304
272 304
276 304
119 305
140 305
145 305
327 305
335 305
113 306
187 306
257 306
261 306
329 306
94 307
220 307
342 307
394 307
417 307
419 307
69 308
159 308
439 308
115 309
139 309
244 309
338 309
349 309
370 309
420 309
422 309
107 310
243 310
344 310
439 310
479 310
83 311
104 311
342 311
156 312
241 312
353 312
416 312
124 313
132 313
348 313
422 313
101 314
197 314
344 314
349 314
438 314
61 315
155 315
312 315
426 315
460 315
40 316
254 316
297 316
377 316
210 317
278 317
347 317
401 317
120 318
330 318
401 318
426 318
229 319
352 319
403 319
166 320
247 320
326 320
350 320
360 320
57 321
70 321
74 321
268 321
277 321
425 321
18 322
147 322
446 322
353 323
31 324
83 324
185 324
355 324
360 324
51 325
336 325
357 325
95 326
338 326
383 326
129 327
340 327
110 328
407 328
44 329
195 329
260 329
343 329
469 329
67 330
341 330
25 331
295 331
302 331
433 331
158 332
254 332
288 332
310 332
339 332
171 333
246 333
320 333
40 334
77 334
248 334
41 335
78 335
121 335
269 335
341 335
346 335
269 336
323 336
367 336
60 337
101 337
137 337
281 337
289 337
318 337
269 338
320 338
322 338
45 339
282 339
342 339
351 339
388 339
456 339
474 339
59 340
74 341
89 341
203 341
242 341
342 341
371 341
413 341
325 342
344 342
350 342
223 343
71 344
279 344
440 344
324 345
296 346
43 347
45 347
47 347
113 347
157 347
289 347
304 347
30 348
255 348
90 349
294 349
330 349
347 349
351 349
70 350
133 350
214 350
413 350
460 350
476 350
44 351
191 351
304 351
348 351
289 352
429 352
270 353
274 353
308 353
56 354
345 354
41 355
150 355
307 355
328 356
392 356
251 357
274 357
227 358
268 358
445 358
84 359
325 359
349 359
54 360
125 360
249 360
293 360
84 361
311 361
420 361
434 361
103 362
106 362
290 362
351 362
371 362
186 363
251 363
269 363
415 363
21 364
125 364
271 364
127 365
163 365
232 365
420 365
466 365
367 366
398 366
50 368
63 368
84 368
142 368
146 368
419 368
435 368
206 369
346 369
401 369
306 370
431 370
81 371
103 371
119 371
259 371
437 371
33 372
121 372
140 372
231 372
371 372
399 372
414 372
101 373
213 373
254 373
259 373
275 373
418 373
99 374
452 374
98 375
158 375
273 375
365 375
418 375
115 376
124 376
141 376
159 376
432 376
14 377
144 377
157 377
260 377
322 377
401 377
403 377
119 378
140 378
59 379
114 379
179 379
367 380
415 380
436 380
45 381
156 381
284 381
120 382
139 382
156 382
258 382
259 382
362 382
364 382
386 382
417 382
95 383
135 383
471 383
25 384
139 384
217 384
97 385
309 385
333 385
438 385
137 386
366 386
434 386
58 387
114 387
115 387
382 387
437 387
94 388
179 388
401 388
198 389
272 389
386 389
417 389
418 389
455 389
94 390
97 390
141 390
241 390
361 390
419 390
72 391
243 392
322 392
423 392
134 393
157 393
268 393
436 393
89 394
111 394
376 394
379 394
158 395
272 395
438 395
41 396
109 396
138 396
280 396
476 396
93 397
111 397
278 397
282 397
309 397
24 398
90 399
293 399
460 399
71 401
254 401
440 401
122 402
202 402
185 403
248 403
350 403
400 403
93 404
477 404
250 405
418 405
40 407
169 408
230 408
54 409
263 409
380 409
106 410
268 410
124 411
273 411
328 411
449 412
461 412
318 413
275 414
417 414
179 415
270 415
309 415
431 415
25 416
289 416
107 417
161 417
183 417
362 417
184 418
341 418
142 419
391 419
79 420
210 420
377 420
38 421
64 421
161 421
189 422
242 422
432 422
51 423
446 423
464 423
94 424
248 424
403 424
171 425
194 425
145 426
162 426
109 427
220 428
256 428
163 429
264 429
325 430
260 431
168 432
264 432
270 432
274 432
66 433
95 433
165 433
193 433
389 433
37 434
200 434
227 434
285 434
368 434
128 435
309 435
464 435
170 436
342 436
53 437
178 437
432 437
195 438
113 439
170 439
235 440
449 440
82 441
94 441
151 441
342 441
381 441
202 442
365 442
243 443
415 443
331 444
38 445
82 445
83 445
111 445
148 445
156 445
317 445
381 445
178 446
211 446
95 447
114 447
131 447
317 447
379 447
400 447
467 447
69 448
111 448
355 448
398 448
112 449
134 449
136 449
152 449
153 449
356 449
396 449
56 450
296 450
150 451
430 451
118 452
272 452
290 452
302 452
101 453
187 453
394 453
134 454
223 454
285 454
294 454
113 455
139 455
299 455
351 455
286 456
307 456
84 457
116 457
312 457
42 458
57 459
451 459
71 460
103 460
193 460
338 460
100 461
101 461
118 461
335 461
467 461
140 462
224 462
153 463
105 464
139 464
350 464
88 465
140 465
86 466
173 466
316 466
348 466
43 467
89 467
157 467
159 467
254 467
319 467
88 468
122 468
123 468
281 468
289 468
312 468
392 468
125 469
203 469
300 469
345 469
267 470
305 470
319 470
364 470
89 471
285 471
294 471
60 472
75 472
282 472
361 472
364 472
110 473
183 473
290 473
305 473
212 474
91 475
126 475
130 475
217 475
388 476
44 477
357 477
147 479
330 479
464 479
170 480
328 480
379 480
400 480
447 480
153 481
191 481
229 481
325 481
402 481
64 482
223 482
244 482
323 482
378 482
329 483
353 483
318 484
326 484
373 484
132 485
231 485
262 485
117 486
291 486
49 487
85 487
303 487
343 487
272 488
345 488
395 488
161 489
206 489
352 489
208 490
417 490
392 491
394 491
201 492
335 492
347 492
364 492
219 493
337 493
69 494
175 494
217 495
229 495
334 495
371 495
86 496
107 496
130 498
389 498
460 498
356 499
149 500
233 500
334 500
367 500
331 501
359 501
322 502
324 502
405 502
438 502
350 503
216 504
298 504
355 504
386 504
247 505
285 505
348 505
353 505
353 506
382 506
355 507
219 508
259 508
275 508
322 508
400 508
352 509
346 510
382 510
398 510
206 511
230 511
346 511
352 511
139 512
203 512
232 512
376 512
202 513
397 513
456 513
209 514
211 514
344 514
308 515
339 515
342 515
348 515
369 515
395 515
340 516
377 516
162 517
330 517
395 517
245 518
326 518
399 518
339 519
123 520
148 520
220 520
91 521
105 521
325 521
329 521
256 522
284 522
323 522
325 522
330 522
391 522
317 523
359 523
368 523
411 523
193 524
271 524
358 524
173 525
328 525
387 525
135 526
317 526
351 526
314 527
388 527
346 528
349 528
359 528
205 529
352 530
358 530
425 530
101 531
184 531
378 531
447 531
238 532
302 532
351 532
377 532
307 533
117 534
251 534
306 534
374 534
163 535
261 535
336 535
290 536
342 536
293 537
347 538
146 539
329 539
342 539
374 539
196 540
324 540
338 541
373 541
395 541
400 541
419 541
149 543
317 543
360 543
89 544
233 544
341 544
391 544
127 545
177 545
109 546
313 546
436 546
359 547
414 547
364 548
390 548
388 549
322 550
355 550
356 550
433 550
306 551
384 551
387 551
191 552
288 552
382 552
138 553
164 553
282 553
347 553
352 553
215 554
257 554
290 554
97 555
297 555
300 555
348 555
174 556
274 556
373 556
375 556
347 557
406 558
121 559
345 559
206 560
227 560
368 560
322 561
339 562
184 563
366 563
134 566
240 566
261 567
394 567
163 568
198 569
304 569
284 570
354 571
218 572
410 574
379 575
147 576
182 578
324 578
234 579
344 581
159 582
311 583
196 584
252 584
399 584
206 586
270 586
286 586
294 586
363 586
169 587
220 588
332 589
185 593
236 593
350 594
199 595
253 597
310 597
269 599
286 599
219 602
237 606
259 611
