282 2
302 2
386 4
407 4
255 5
264 5
274 5
363 5
374 5
394 6
343 7
419 7
433 8
310 10
327 10
293 14
362 15
271 16
370 16
398 16
420 16
382 17
413 17
350 18
391 18
431 18
336 19
254 20
235 21
451 22
317 23
458 23
219 25
301 25
286 27
398 27
474 27
373 29
387 29
418 29
428 29
343 30
359 30
407 30
204 31
266 31
326 31
441 31
447 33
253 34
316 35
239 36
228 38
304 38
463 38
349 39
285 40
370 40
378 40
472 40
358 41
390 41
412 41
417 41
426 41
208 42
404 42
421 42
271 43
336 43
428 43
270 44
437 44
440 44
251 45
263 45
266 45
448 45
322 48
233 49
244 49
304 49
385 49
459 49
465 49
183 50
341 50
373 50
398 50
412 50
293 51
360 51
406 51
220 52
410 52
430 52
471 52
275 53
278 53
277 55
432 55
444 55
200 56
453 56
266 57
252 58
266 58
333 58
253 59
324 59
344 59
353 59
467 59
182 60
257 60
384 60
312 61
364 61
402 61
236 62
242 62
374 62
397 62
419 62
421 62
276 63
291 63
407 63
419 63
427 63
220 64
413 64
165 65
428 66
430 66
268 67
273 67
443 69
387 70
456 70
200 71
258 71
290 71
336 71
260 72
309 72
355 72
396 72
469 72
274 73
323 73
348 73
409 73
267 74
270 74
364 74
414 74
420 74
188 75
248 75
235 76
243 77
374 78
177 79
437 80
213 81
387 81
400 82
454 82
463 84
297 85
329 85
356 85
358 85
154 86
268 86
313 86
325 86
334 86
347 86
408 86
474 86
255 87
266 87
330 87
361 87
418 87
194 88
247 88
369 88
264 89
378 89
435 90
440 91
141 92
234 92
385 92
172 93
215 93
397 94
283 96
312 96
325 96
329 96
412 96
458 96
297 97
266 98
271 98
327 98
152 99
199 99
264 99
469 99
252 100
258 100
343 100
348 100
349 100
357 100
423 100
179 102
253 102
371 102
245 103
478 103
167 104
430 104
228 105
387 105
439 105
215 107
397 107
447 108
313 109
327 109
134 110
268 110
279 110
286 110
299 110
336 110
342 110
352 110
354 110
202 111
325 111
415 112
459 112
250 113
273 113
466 113
371 114
119 115
163 115
243 117
430 117
187 118
387 118
477 118
228 119
297 120
305 120
396 120
444 120
147 121
213 121
218 121
221 121
216 122
219 122
285 122
322 122
343 122
353 122
211 123
270 123
360 123
172 124
209 124
254 124
335 124
207 125
128 126
371 126
457 126
158 127
242 127
412 127
197 128
422 128
112 129
235 129
179 131
226 131
388 131
471 131
309 132
217 133
295 133
340 133
431 133
479 133
211 134
214 134
280 134
321 134
207 135
351 135
401 135
441 135
136 136
166 136
202 136
206 136
259 136
368 137
251 138
413 138
239 139
241 139
450 139
156 140
192 140
379 140
419 141
428 142
118 143
464 143
214 144
301 144
394 144
282 145
209 146
217 146
260 146
271 146
310 146
318 146
327 146
473 146
174 147
338 147
439 147
102 148
245 148
134 149
347 149
359 149
406 149
205 150
226 151
191 152
370 152
417 152
448 152
156 153
280 155
116 156
214 156
259 156
290 156
383 156
205 157
207 157
307 157
334 157
462 157
470 157
143 158
171 158
236 158
321 158
399 158
434 158
242 159
235 160
351 160
131 161
226 161
356 161
411 161
225 162
478 162
213 163
217 163
221 163
362 163
413 163
203 164
208 164
255 164
265 164
276 164
279 164
374 164
446 164
120 165
157 165
210 165
275 165
287 165
382 165
256 166
259 166
338 166
389 166
94 167
190 167
241 167
299 167
316 167
385 167
420 167
424 167
455 167
397 168
430 168
393 169
426 169
83 170
109 170
176 170
363 170
397 170
136 171
168 171
230 171
433 171
467 171
439 172
210 173
214 173
207 174
284 174
414 174
259 175
297 175
381 175
128 176
383 176
422 176
192 177
308 177
325 177
338 177
382 177
149 178
238 178
422 178
449 178
89 179
236 179
231 180
396 180
114 181
349 181
397 181
458 181
169 182
214 182
215 182
363 183
408 183
359 184
365 184
407 184
130 185
406 185
436 185
470 185
162 186
260 186
288 186
301 186
408 186
447 186
192 187
247 187
311 187
414 187
242 188
261 188
441 188
150 189
247 189
238 190
330 190
384 190
114 191
213 192
214 192
341 192
424 192
171 193
457 193
291 194
202 195
264 195
268 195
278 195
302 195
315 195
323 195
394 195
246 196
274 196
353 196
404 196
252 197
259 197
464 197
88 198
119 198
249 198
437 198
151 199
188 199
366 199
407 199
217 200
178 201
471 201
108 202
137 202
375 202
447 202
78 203
201 203
318 203
412 203
295 204
338 204
383 204
422 204
254 205
263 205
283 205
346 205
159 206
392 206
457 206
478 206
162 207
224 207
432 207
94 208
125 208
181 208
234 208
357 208
144 210
174 210
176 210
215 210
303 210
402 210
199 211
317 211
366 211
166 212
170 212
330 214
108 215
129 215
187 215
277 215
293 215
337 215
391 215
79 216
183 216
244 216
256 216
347 216
376 216
419 216
447 216
178 217
472 217
231 218
304 218
149 219
405 219
455 219
120 220
218 220
207 221
385 221
433 221
317 222
361 222
68 223
89 224
187 224
109 225
136 225
183 225
270 225
335 225
420 225
276 226
284 226
293 226
345 226
471 226
153 227
401 227
174 228
254 228
446 228
59 229
79 229
124 229
229 229
240 229
408 229
101 230
168 230
214 230
376 230
157 231
392 231
316 232
417 232
196 233
432 233
67 234
188 234
458 234
140 235
180 235
330 235
90 236
114 236
182 237
281 237
295 237
369 237
233 238
267 238
341 238
409 238
244 239
258 239
306 239
466 239
131 240
222 240
394 240
444 240
79 241
354 241
156 242
198 242
209 242
100 243
148 243
315 243
420 243
193 244
324 244
184 245
190 245
330 245
362 245
474 245
48 246
68 246
275 246
281 246
406 246
372 247
453 247
225 248
290 248
432 248
141 249
168 249
342 249
84 250
171 250
243 250
256 250
396 250
41 251
166 251
169 251
301 251
380 251
460 251
56 252
157 252
164 252
206 252
214 252
381 252
161 253
441 253
273 254
317 254
130 255
189 255
390 255
360 256
421 256
466 256
238 257
283 257
335 257
96 258
119 258
180 258
252 258
367 258
69 259
210 259
220 259
262 259
374 259
429 259
48 260
298 260
395 260
82 261
170 261
198 261
348 261
372 261
451 261
140 262
165 262
418 262
159 263
385 263
318 264
326 265
404 265
479 265
132 266
191 266
441 266
38 267
253 267
264 267
275 267
335 267
360 267
106 268
235 268
52 269
69 269
85 269
176 269
178 270
180 270
216 270
341 270
383 270
463 270
223 271
316 271
396 271
400 271
430 271
143 272
203 272
291 272
370 272
384 272
446 272
119 274
193 274
300 274
421 274
390 275
405 275
41 276
78 276
184 276
326 276
352 276
390 276
436 276
455 276
59 277
164 277
185 277
394 277
474 277
246 278
260 278
271 278
132 279
168 279
225 279
232 279
397 279
429 279
93 280
110 280
379 280
158 281
202 281
209 281
214 281
313 281
336 281
341 281
128 282
154 282
217 282
285 282
462 282
189 283
104 284
127 284
148 284
30 285
234 285
295 285
421 285
70 286
352 286
370 286
46 287
177 287
246 287
406 287
80 288
350 288
354 288
448 288
141 289
304 289
331 289
390 289
121 290
170 290
262 290
337 290
376 290
92 291
136 291
211 292
217 292
223 292
276 292
360 292
455 292
113 293
135 293
225 293
339 293
430 293
60 294
203 294
233 294
312 294
476 294
35 295
210 295
217 295
225 295
227 295
287 295
326 295
362 295
129 296
195 296
326 296
103 297
151 297
203 297
249 297
345 297
346 297
418 297
435 297
464 297
132 298
148 298
295 298
331 298
347 298
351 298
52 299
256 299
124 300
129 300
183 300
389 300
77 301
269 301
338 301
407 301
121 302
444 302
95 303
305 303
322 303
358 303
28 304
172 304
341 304
141 305
226 305
232 305
277 305
449 305
45 306
163 306
430 306
345 307
360 307
88 308
132 308
134 308
242 308
415 308
111 309
209 309
215 309
285 309
331 309
397 309
252 310
315 310
365 310
62 311
156 311
158 311
189 311
259 311
295 311
332 311
421 311
471 311
195 312
202 312
40 313
150 313
382 313
402 313
439 313
355 314
102 315
333 315
388 315
456 315
478 315
81 316
273 316
337 316
122 317
183 317
229 317
174 318
217 318
219 318
226 318
303 318
444 318
56 319
123 319
146 319
281 319
409 319
428 319
34 320
247 320
341 320
374 320
120 322
141 322
325 322
363 322
430 322
463 322
330 323
343 323
71 324
92 324
201 324
260 324
394 324
27 325
209 325
418 325
46 326
205 326
211 326
314 326
434 326
436 326
451 326
161 327
195 327
209 327
220 327
293 327
330 327
351 327
380 327
86 328
89 328
113 328
223 328
271 328
65 329
224 329
333 329
109 330
222 330
233 330
241 330
352 330
403 330
410 330
83 331
86 331
128 331
151 331
81 332
103 332
339 332
368 332
387 332
60 333
99 333
179 333
240 333
301 333
334 333
38 334
252 334
469 334
15 335
102 335
355 335
429 335
172 336
292 336
403 336
457 336
142 337
278 337
373 337
444 337
116 338
206 338
259 338
327 339
343 339
418 339
167 340
329 340
421 340
115 341
116 341
199 341
217 341
309 341
474 341
222 342
266 342
111 343
135 343
159 343
204 343
25 344
47 344
86 344
329 344
394 344
409 344
69 345
110 345
116 345
382 345
86 346
190 346
282 346
330 346
89 347
105 347
331 347
367 347
411 347
462 347
82 348
179 348
248 348
350 348
102 349
127 349
149 350
303 350
334 350
103 351
337 351
448 351
19 352
100 352
318 352
431 352
221 353
405 353
467 353
40 354
101 354
144 354
336 354
372 354
58 355
79 355
207 355
209 355
274 355
349 355
360 355
117 356
170 356
404 356
433 356
201 357
203 357
232 357
258 357
289 357
321 357
420 357
451 357
118 358
139 358
216 358
322 358
323 358
389 358
408 358
200 359
212 359
235 359
239 359
337 359
423 359
72 360
94 360
96 360
119 360
326 360
137 361
308 361
377 361
380 361
394 361
422 361
454 361
32 362
273 362
262 363
278 363
381 363
112 364
133 364
155 364
197 364
258 364
276 364
369 364
474 364
9 365
130 365
133 365
156 366
189 366
294 366
326 366
370 366
426 366
440 366
153 367
261 367
310 367
339 367
355 367
396 367
48 368
85 368
134 368
158 368
179 368
249 368
370 368
399 368
148 369
154 369
216 369
264 369
385 369
150 370
174 370
185 370
227 370
278 370
459 370
66 371
179 371
182 371
209 371
399 371
446 371
154 372
279 372
369 372
431 372
99 373
26 374
169 374
199 374
205 374
238 374
247 374
251 374
328 374
359 374
384 374
414 374
78 375
463 375
281 376
344 376
95 377
122 377
147 377
18 378
279 378
298 378
375 378
137 379
162 379
189 379
251 379
268 380
280 380
313 380
362 381
390 381
418 381
448 381
35 382
189 382
231 382
283 382
361 382
392 382
405 382
71 383
115 383
133 383
137 383
53 384
181 384
183 384
191 384
391 384
467 384
132 385
161 385
225 385
271 385
331 385
141 386
158 386
160 386
215 386
251 386
255 386
136 387
163 387
190 387
301 387
318 387
348 387
361 387
454 387
134 388
153 388
241 388
9 389
83 389
157 389
182 389
208 389
236 389
25 390
125 390
127 390
176 390
188 390
251 390
396 390
406 390
425 390
173 391
273 391
472 391
131 392
136 392
286 392
334 392
368 392
381 392
439 392
178 393
184 393
269 393
366 393
393 393
104 394
146 394
149 394
395 394
61 395
133 395
169 395
45 396
203 396
123 397
198 397
236 397
250 397
255 397
269 397
274 397
306 397
443 397
124 398
349 398
460 398
74 399
97 399
476 399
128 400
224 400
254 400
427 400
287 401
381 401
17 402
70 402
147 402
191 402
253 402
336 402
382 402
72 403
91 403
167 403
195 403
200 403
322 403
372 403
36 404
171 404
397 404
411 404
70 405
187 405
399 405
184 406
466 406
114 407
137 407
351 407
372 407
385 407
61 408
232 408
361 408
450 408
60 409
304 409
399 409
431 409
80 410
161 410
61 411
83 411
189 411
268 411
338 411
362 411
212 412
400 412
190 413
287 413
363 413
106 414
253 414
387 414
401 414
208 415
314 415
325 415
389 415
79 416
183 416
191 416
363 416
416 416
470 416
72 417
75 417
244 417
48 418
126 418
190 418
23 419
46 419
99 419
435 419
151 420
204 420
180 421
187 421
227 421
269 421
375 421
460 421
185 422
404 422
448 422
377 423
387 423
388 423
422 423
74 424
327 424
42 425
44 425
377 425
169 426
172 426
225 426
367 426
393 426
439 426
474 426
342 427
464 427
117 428
167 428
181 428
194 428
266 428
285 428
313 428
367 428
169 429
200 429
239 429
300 429
13 430
90 430
143 430
354 430
424 430
170 431
174 432
220 432
31 433
57 433
169 433
392 433
410 433
56 434
112 434
57 435
75 435
82 435
176 435
366 435
394 435
441 435
468 435
478 435
53 436
248 436
301 436
407 436
456 436
50 437
328 437
367 437
76 438
357 438
392 438
22 439
50 439
54 439
133 439
190 439
237 439
263 439
428 439
52 440
164 440
368 440
383 440
70 441
74 441
78 441
46 442
72 442
212 442
213 442
218 442
230 442
284 442
343 442
69 443
99 443
243 443
406 443
79 444
190 444
207 444
316 444
368 444
416 444
447 444
46 445
73 445
233 445
257 445
383 445
153 446
228 446
230 446
39 447
71 447
94 447
211 447
461 447
358 448
392 448
123 449
228 449
282 449
57 450
163 450
208 450
211 450
206 451
448 451
91 452
185 452
203 452
212 452
421 452
208 453
315 453
370 453
295 454
342 454
466 454
326 455
25 456
114 456
141 456
205 456
264 456
396 456
409 456
203 457
224 457
434 457
220 458
235 458
251 458
279 458
359 458
179 459
385 459
77 460
220 460
453 461
44 462
220 462
16 463
67 463
74 463
108 464
423 464
438 464
67 465
131 465
234 465
314 465
371 465
398 465
214 466
410 466
60 467
468 467
35 468
77 468
169 468
196 468
230 468
244 468
259 468
331 468
383 468
74 469
341 469
361 469
148 470
225 470
209 471
276 471
439 471
311 472
350 472
457 472
224 473
58 474
92 474
208 474
224 475
374 475
400 475
474 475
54 476
296 476
362 476
387 476
425 476
120 477
163 477
185 477
204 477
206 477
238 477
24 478
80 478
441 478
54 479
78 479
140 479
206 479
49 480
79 480
308 480
46 481
89 481
109 481
154 481
206 481
236 481
75 482
84 482
200 482
218 482
252 482
268 482
362 482
387 482
235 483
340 483
427 483
433 483
16 484
48 484
75 484
201 484
219 484
325 484
402 484
51 485
110 485
114 485
350 485
436 485
460 485
81 486
109 486
338 486
45 487
111 487
235 487
402 487
102 488
128 488
233 488
288 488
447 488
336 489
351 489
403 489
413 489
436 489
478 489
34 490
42 490
70 490
232 490
321 490
68 491
75 491
228 491
244 491
415 491
62 492
101 492
171 492
264 492
60 493
189 493
303 493
322 493
336 493
340 493
414 493
90 494
321 494
391 494
64 495
102 495
375 495
400 495
453 495
27 496
56 496
141 496
336 496
364 496
440 496
53 497
85 497
104 497
391 497
65 498
283 498
351 498
387 498
389 498
390 498
466 498
85 499
335 499
364 499
377 499
400 499
90 500
350 500
391 500
404 500
416 500
427 500
431 500
81 501
205 501
259 501
321 501
158 502
202 502
375 502
388 502
74 503
96 503
124 503
200 503
240 503
47 504
84 504
119 504
183 504
298 504
321 504
52 505
88 505
93 505
235 505
333 505
406 505
43 506
74 506
85 506
108 506
316 506
349 506
360 506
365 506
119 507
214 507
217 507
220 507
274 507
332 507
456 507
72 508
76 508
234 508
237 508
393 508
431 508
444 508
42 509
78 509
150 509
196 509
254 509
363 509
376 509
335 510
375 510
71 511
109 511
174 511
364 511
376 511
19 512
32 512
118 512
231 512
234 512
416 512
429 512
433 512
71 513
215 513
404 513
405 513
65 514
270 514
362 514
420 514
63 515
144 515
100 516
291 516
446 516
463 516
404 517
408 517
97 518
100 518
102 518
246 518
350 518
363 518
96 519
392 519
432 519
433 519
60 520
92 520
97 520
419 520
130 521
165 521
224 521
265 521
409 521
51 522
182 522
263 522
419 522
87 523
270 523
327 523
360 523
470 523
83 524
220 524
421 524
123 525
243 525
258 525
286 525
433 525
83 526
90 526
153 526
260 526
263 526
279 526
342 526
421 526
35 527
80 527
115 527
265 527
307 527
110 528
191 528
368 528
85 529
215 529
256 529
379 529
81 530
169 530
231 530
70 531
101 531
255 531
108 532
110 532
146 533
232 533
279 533
472 533
207 534
279 534
302 534
322 534
412 534
455 534
100 535
103 535
205 535
231 535
254 535
55 536
181 536
223 536
233 536
272 536
355 536
97 538
99 538
202 538
205 538
231 538
252 538
367 538
396 538
410 538
88 539
106 539
248 539
273 539
82 540
86 540
93 540
96 540
135 540
336 540
381 540
88 541
249 541
479 541
90 542
173 542
213 542
272 542
295 542
439 542
37 543
223 543
226 543
75 544
189 544
244 544
272 544
242 545
250 545
458 545
120 546
212 546
226 546
238 546
265 546
316 546
411 546
424 546
65 548
122 548
155 548
225 548
243 548
291 548
353 548
367 548
112 549
116 549
236 549
105 550
242 550
260 550
397 550
108 551
119 551
238 551
333 551
426 551
445 551
107 552
51 553
96 553
234 553
414 553
432 553
114 554
173 554
203 554
221 554
401 554
89 555
145 555
238 555
259 555
264 555
307 555
431 555
111 556
349 556
82 557
92 557
104 557
256 557
366 557
415 557
433 557
463 557
91 558
232 558
252 559
328 559
87 560
92 560
302 561
450 561
75 562
191 562
280 562
377 562
53 563
155 563
436 563
131 564
247 564
117 565
362 565
419 565
470 565
221 566
297 566
123 567
343 567
114 568
184 568
270 568
321 568
389 568
97 569
242 569
100 570
176 570
404 570
444 571
457 572
88 573
371 573
235 574
289 574
164 575
314 575
53 576
71 576
206 576
354 576
407 576
331 578
426 578
257 579
279 579
307 579
151 580
364 580
379 580
119 581
138 581
113 582
127 582
228 582
101 583
103 583
106 583
115 583
182 583
190 583
452 583
120 584
412 584
91 585
100 585
115 585
251 585
437 585
467 585
270 586
86 587
97 587
100 587
213 587
348 587
358 587
377 587
418 587
78 588
319 588
400 588
458 588
297 589
64 590
170 590
239 592
425 592
162 593
150 594
136 596
200 596
361 596
388 596
88 597
90 597
101 597
116 597
232 597
264 597
290 597
336 597
436 597
468 597
94 598
453 598
108 599
185 599
398 599
83 600
105 600
222 600
311 600
255 601
378 601
414 602
329 603
347 604
368 604
174 605
447 605
473 605
279 606
299 606
426 606
161 609
205 609
317 609
79 610
237 610
71 611
271 611
98 612
190 612
459 612
112 613
124 613
136 613
151 613
357 613
435 613
339 614
403 614
379 615
410 615
306 616
256 617
368 618
220 619
422 619
445 619
210 620
297 620
468 620
240 621
284 622
326 622
358 622
146 623
186 623
164 624
347 626
267 627
315 627
99 628
457 628
400 629
413 630
304 631
372 631
423 631
116 632
130 632
387 632
255 633
431 633
235 634
332 634
206 635
289 635
360 635
145 636
218 636
438 636
157 637
346 637
164 638
172 638
195 638
182 639
277 639
