235 12
249 12
207 13
219 13
263 13
278 13
290 13
195 14
306 14
324 15
335 17
349 20
206 26
218 26
228 26
241 26
251 26
263 26
295 26
280 27
190 28
310 29
174 30
321 31
337 32
159 33
354 33
367 34
219 38
234 38
250 38
267 38
283 39
199 41
207 41
304 41
180 43
192 43
300 44
303 44
319 44
312 45
330 45
322 46
163 47
342 47
242 48
254 48
352 48
362 48
155 49
266 49
273 50
374 50
223 51
384 51
143 52
211 54
129 55
290 56
181 57
240 57
295 57
198 58
251 58
287 58
280 59
311 59
314 59
266 60
170 61
296 61
337 61
356 62
378 64
155 65
226 66
143 67
241 67
218 68
254 69
269 69
396 70
131 71
203 71
284 71
308 71
292 73
297 73
299 73
363 73
184 74
316 74
308 75
334 75
376 75
174 76
252 76
117 77
164 77
349 79
387 79
223 80
235 80
215 81
357 81
199 82
204 82
206 82
225 82
361 82
365 82
401 83
149 84
195 84
197 84
185 85
205 85
284 85
287 85
369 85
370 85
187 86
286 86
294 87
372 87
182 88
274 88
281 88
300 88
303 88
304 88
380 88
385 88
417 88
165 89
243 89
257 89
139 90
331 90
345 90
381 90
387 90
426 91
214 92
386 92
397 92
212 93
216 93
220 93
222 93
158 94
212 94
203 95
127 96
363 96
365 96
397 96
408 96
113 97
148 98
287 98
261 100
268 100
284 100
300 100
308 100
311 100
376 100
172 101
324 101
380 101
102 102
237 102
316 102
389 102
341 104
389 104
424 104
162 105
392 105
205 106
219 106
355 106
394 106
129 107
162 107
94 108
196 108
372 109
251 110
275 110
155 111
189 111
263 111
283 111
302 111
306 111
405 111
120 112
240 112
305 112
184 113
287 113
293 113
307 113
317 113
83 114
181 114
233 114
386 114
178 115
328 115
389 115
390 115
391 115
111 116
178 116
216 116
235 116
339 116
141 118
166 118
170 118
210 118
174 119
209 119
215 119
162 120
203 120
352 120
423 120
196 121
360 121
367 122
100 123
260 123
271 123
295 123
193 124
283 124
305 124
126 125
187 125
191 125
247 125
380 125
184 126
319 126
148 127
390 127
180 128
229 128
321 128
326 128
331 128
333 128
437 128
86 129
177 130
220 130
174 131
211 131
344 131
345 131
406 131
114 132
171 132
137 133
354 133
262 134
274 134
287 134
414 134
199 135
361 135
369 135
295 136
307 136
378 136
419 136
104 137
245 137
319 138
233 139
70 140
125 140
156 140
184 140
389 140
185 141
432 141
97 142
181 142
222 142
332 142
397 142
341 143
336 144
212 145
284 145
303 145
320 145
145 146
180 146
268 146
275 146
292 146
336 146
345 146
408 146
114 147
170 147
177 147
208 147
446 147
255 149
364 149
243 150
370 151
418 151
135 152
231 152
379 152
84 153
194 153
197 153
387 153
163 154
154 155
426 155
394 156
76 157
106 157
215 157
305 157
317 157
346 157
352 157
125 158
176 158
178 158
186 158
278 158
286 158
326 158
334 158
461 158
182 159
270 159
259 160
352 160
121 161
147 161
360 161
246 162
406 162
68 163
123 163
144 163
147 163
447 163
199 164
235 164
238 164
378 164
95 165
376 165
417 165
139 166
163 166
89 167
194 167
166 168
185 168
311 168
382 168
58 170
112 170
131 170
157 170
215 170
217 170
278 170
308 170
319 170
332 170
343 170
138 171
264 171
296 171
428 171
205 172
209 172
351 172
106 173
177 173
108 174
153 174
155 174
174 174
179 174
208 174
254 174
404 174
105 175
151 175
399 175
52 176
153 176
171 176
241 176
439 176
461 176
81 177
104 178
126 178
148 178
196 179
224 179
371 179
374 179
72 180
123 180
191 180
194 180
303 180
315 180
161 181
289 181
307 181
315 181
141 182
214 182
385 182
392 182
157 183
213 183
224 183
302 183
309 183
317 183
325 183
375 183
471 183
157 184
181 184
215 184
272 184
341 184
90 185
114 185
257 185
283 185
424 185
95 186
250 187
355 187
400 187
451 187
115 188
404 188
65 189
84 190
169 190
239 190
365 190
433 190
144 191
239 191
386 191
192 192
199 192
319 192
332 192
389 192
127 193
240 193
305 193
163 194
288 194
54 195
81 195
128 195
170 195
392 195
415 195
295 196
344 196
372 196
373 196
191 197
215 197
217 197
221 197
128 198
267 198
105 199
362 199
447 199
96 200
155 200
208 200
120 201
254 201
319 202
427 202
429 202
124 203
382 203
472 203
69 204
116 204
252 204
146 205
174 205
200 205
236 205
306 205
335 205
432 205
120 206
295 206
433 207
224 208
278 208
390 208
457 208
92 209
94 209
281 209
349 209
62 210
140 210
165 210
265 210
433 210
83 211
274 211
358 211
412 211
213 212
215 212
260 212
398 212
439 212
159 213
189 213
219 213
417 213
421 213
109 214
309 214
318 214
328 214
401 214
82 215
369 215
56 216
83 216
112 216
180 216
257 216
339 216
443 216
466 216
207 217
375 217
82 218
129 218
150 218
226 218
291 218
301 218
406 218
244 219
351 219
411 219
101 220
226 220
242 220
75 221
202 221
246 221
97 222
384 222
414 222
452 222
410 223
435 223
49 224
167 224
196 224
215 225
310 225
334 225
141 226
263 226
296 226
319 226
396 226
179 227
345 227
414 227
418 227
69 228
118 228
288 228
419 228
475 228
93 229
354 229
421 229
160 230
399 230
454 230
136 231
249 231
88 232
252 232
364 232
426 233
206 234
250 234
422 234
271 235
442 235
84 236
170 236
389 236
222 237
240 237
309 237
322 237
430 237
464 237
126 238
150 238
270 238
375 238
81 239
299 239
337 239
216 240
240 240
260 240
287 241
55 242
79 242
347 242
415 242
433 242
449 242
258 243
159 244
235 244
257 244
356 244
401 244
420 244
437 244
102 245
123 245
142 245
179 245
198 245
197 246
174 247
210 247
255 247
455 247
363 248
421 248
95 249
155 249
229 249
424 249
472 249
46 250
191 250
205 250
310 250
391 250
247 251
117 252
253 252
297 252
371 252
170 253
70 254
186 254
330 254
398 254
414 254
245 255
250 255
268 255
342 255
462 255
40 256
133 256
286 256
378 257
145 258
214 258
245 258
320 258
264 259
357 260
429 260
447 260
88 261
111 261
310 261
402 261
467 261
231 262
303 262
387 262
429 263
433 263
154 264
409 265
429 265
191 266
255 266
365 266
292 267
335 267
58 268
139 268
254 268
412 268
433 268
102 269
275 269
276 269
345 269
392 269
454 269
120 270
237 270
326 270
166 271
437 271
476 271
206 272
273 272
375 272
221 273
275 273
399 273
419 273
435 273
134 274
165 274
184 274
186 274
307 274
247 275
319 275
354 275
51 276
268 276
402 276
96 277
146 277
200 277
230 278
286 278
440 278
176 279
337 279
383 279
402 279
129 280
407 280
255 281
301 281
71 282
92 282
215 282
328 282
342 282
382 282
242 283
365 283
389 283
465 283
444 284
93 285
154 285
172 285
188 286
200 286
408 286
42 287
105 287
253 287
351 287
374 287
88 288
109 288
123 288
137 288
224 288
262 288
294 288
371 288
103 289
391 289
87 290
238 290
252 290
397 290
280 291
359 291
375 291
430 292
56 293
75 293
100 293
150 293
263 293
335 293
451 293
102 294
117 294
292 294
179 295
306 295
377 295
413 295
84 296
162 296
193 296
206 296
381 296
475 296
143 298
220 298
318 298
341 298
385 298
233 299
245 299
247 299
261 299
417 299
127 300
402 300
99 301
244 301
274 301
386 301
456 301
82 302
84 302
188 303
289 303
371 303
384 303
388 303
438 303
95 304
201 304
258 304
274 304
350 304
388 306
420 306
461 306
107 307
155 307
118 308
171 308
320 308
405 308
272 309
335 309
374 309
106 310
355 311
392 311
149 312
444 312
116 313
131 313
226 313
282 313
325 313
395 313
212 314
256 314
258 314
309 314
464 314
181 315
195 315
253 315
339 315
377 315
426 315
237 316
74 317
410 317
58 318
113 318
164 318
222 318
380 319
145 320
267 320
105 321
311 321
358 321
398 321
87 322
177 323
299 323
346 323
467 323
125 324
207 324
248 325
329 325
365 325
412 325
140 326
192 326
222 326
298 326
428 326
101 327
312 327
314 327
348 327
386 327
448 328
64 329
427 329
232 330
268 330
432 330
80 331
471 331
157 332
299 332
429 332
44 333
205 333
317 334
429 334
118 335
218 335
257 335
281 335
388 335
416 335
432 335
96 336
404 336
188 337
266 337
316 337
373 337
430 337
75 338
408 338
434 338
353 339
407 339
474 339
58 340
167 340
335 340
434 340
202 341
315 341
409 341
452 341
129 342
419 342
298 343
417 343
149 344
216 344
267 344
303 344
315 344
395 344
91 345
109 345
317 345
287 346
420 346
68 347
182 347
357 347
440 347
163 348
288 348
456 348
254 349
284 349
242 350
402 350
415 350
437 350
228 351
417 351
381 352
415 352
177 353
359 353
423 353
42 354
63 354
211 354
338 354
399 354
125 355
289 355
417 355
194 357
284 357
424 357
140 358
321 358
462 358
266 359
290 359
100 360
305 360
157 361
160 361
225 361
423 361
79 362
226 362
368 362
386 362
325 363
357 363
447 363
208 364
384 364
407 364
429 364
172 365
322 365
114 366
136 366
252 366
325 366
343 366
367 366
410 366
51 367
192 367
266 367
361 367
406 367
427 367
154 368
271 368
402 368
424 368
426 368
431 368
289 369
240 370
268 370
366 370
390 370
407 370
133 371
254 371
271 371
309 371
387 371
429 371
69 372
93 372
209 372
128 373
346 373
365 373
427 373
413 374
204 375
237 375
324 375
346 375
385 375
472 375
202 376
329 376
347 376
428 376
365 377
411 377
290 378
328 378
370 378
152 379
202 379
234 379
352 379
407 379
452 379
149 380
165 380
327 380
375 380
434 380
60 381
254 381
395 381
128 382
269 382
412 382
414 382
125 383
147 383
348 383
433 383
100 384
232 384
254 384
256 384
328 384
410 384
330 385
352 385
144 386
293 386
122 387
243 387
272 387
274 387
348 387
400 387
415 387
311 388
328 388
369 388
395 388
196 389
243 389
255 389
181 390
375 390
78 391
233 391
376 391
400 391
435 391
243 392
336 392
378 392
438 392
142 393
354 393
440 393
461 393
155 394
160 394
258 394
270 394
298 395
417 395
115 396
138 396
204 396
255 396
441 396
155 397
228 397
257 397
336 397
374 397
400 397
172 398
318 398
424 398
89 399
406 399
149 400
217 400
258 400
424 400
307 402
364 402
190 403
287 403
326 403
400 403
106 404
170 404
229 404
308 404
361 404
366 404
148 405
407 405
202 406
336 406
308 407
124 409
288 411
364 411
451 411
231 412
242 412
291 412
312 412
342 412
411 412
58 413
167 413
374 413
433 413
79 414
293 414
308 414
160 415
390 415
392 415
141 416
291 416
293 416
397 416
185 417
212 417
95 418
197 418
276 418
297 418
259 419
294 419
371 419
110 420
398 420
400 420
417 420
317 422
461 422
152 423
372 423
383 423
369 424
379 425
106 426
134 426
382 426
440 426
70 427
245 428
305 428
279 429
383 429
425 429
171 430
355 430
125 431
330 431
144 432
407 432
298 433
117 434
265 436
364 436
383 436
213 437
362 437
138 438
184 438
382 438
450 439
86 440
110 440
198 440
336 440
131 441
252 441
390 441
160 442
249 442
234 443
286 443
366 443
415 443
457 443
180 444
208 444
252 444
211 445
226 445
156 446
270 446
153 447
252 447
254 447
70 448
273 448
313 448
129 449
148 449
191 449
253 449
276 449
344 449
425 449
124 450
235 450
394 450
237 451
256 451
436 451
94 452
118 452
206 452
222 452
261 453
278 453
260 454
165 456
206 456
184 457
297 459
110 460
411 460
83 461
266 461
330 461
132 462
136 462
263 462
381 462
228 463
271 463
212 464
360 464
103 465
451 465
153 466
231 466
307 466
128 467
177 467
249 467
272 467
274 467
212 468
228 468
336 468
68 469
98 469
421 469
149 470
196 470
216 470
369 470
142 472
429 472
88 473
209 473
277 473
280 473
282 473
315 473
121 474
398 475
136 476
140 477
440 478
221 479
241 479
130 480
200 480
377 480
108 481
241 481
345 481
351 482
267 484
296 484
324 485
328 485
354 485
224 487
359 487
390 487
418 487
120 489
278 489
140 490
234 490
329 490
247 491
341 491
93 492
334 492
365 492
156 493
308 493
193 495
210 495
258 495
345 495
399 495
184 496
189 496
333 497
376 497
221 498
126 499
143 499
350 499
179 500
289 501
318 501
349 502
408 502
239 503
387 503
110 505
423 505
166 507
169 507
359 507
162 509
361 509
254 510
303 510
329 510
190 511
404 511
153 512
216 513
334 513
143 514
339 514
183 515
338 515
198 516
281 517
132 519
181 519
242 519
376 519
161 520
291 520
323 520
321 521
150 522
354 522
118 523
259 523
364 527
181 529
212 529
271 530
171 531
195 531
219 531
311 532
377 532
283 533
156 534
244 536
262 537
275 540
388 540
333 541
294 542
302 543
193 544
216 546
221 546
155 547
168 547
178 547
239 548
313 550
260 552
326 556
336 556
352 556
297 557
216 561
170 562
159 564
183 564
192 564
271 570
290 572
320 573
299 574
234 577
193 578
212 578
261 582
