290 10
336 14
307 19
352 20
239 21
268 21
320 23
285 26
262 28
299 29
337 29
241 32
397 33
310 34
382 35
254 36
213 39
325 39
275 40
365 41
418 41
394 42
235 43
295 44
343 45
255 47
267 48
316 48
436 48
384 49
221 50
281 51
357 51
417 51
179 52
329 53
164 54
298 54
395 54
198 55
242 55
373 57
344 58
434 58
316 59
215 60
257 60
456 60
269 61
410 61
228 63
287 63
363 63
197 64
174 65
144 66
156 66
239 66
450 67
385 68
418 68
262 70
427 70
325 72
352 72
210 73
281 73
401 74
161 75
461 75
151 76
179 76
191 76
235 77
302 77
340 77
364 77
417 77
246 78
139 79
450 79
317 80
316 81
324 82
327 82
358 82
382 82
262 83
215 84
398 84
273 85
435 85
157 86
187 86
285 86
462 86
173 87
294 87
440 87
205 88
144 89
296 89
223 90
246 90
309 90
380 90
351 91
316 93
321 93
364 93
265 95
453 95
280 96
285 96
399 96
281 98
431 98
182 99
404 99
139 100
153 100
291 100
297 100
129 101
170 101
201 101
224 101
383 101
315 102
353 102
354 102
420 103
444 103
240 104
334 105
116 106
255 106
371 107
423 107
477 107
269 108
192 111
290 111
385 111
160 112
203 112
220 112
330 112
459 112
135 113
182 113
323 113
143 114
235 114
296 114
299 114
442 114
419 115
422 115
370 116
311 117
258 118
313 118
274 119
103 120
315 120
347 120
410 121
438 122
473 122
183 123
225 123
297 123
414 123
236 124
139 125
153 125
168 126
309 126
336 126
447 126
255 127
126 128
272 128
373 128
345 129
423 129
379 130
382 131
406 131
431 131
433 131
214 132
293 132
110 133
143 133
359 133
200 134
206 134
314 134
410 134
416 134
469 134
388 135
442 135
192 136
232 136
245 137
98 138
180 138
260 138
337 138
372 138
165 139
215 139
277 139
375 140
454 140
287 141
346 141
401 141
409 143
139 144
412 144
312 145
358 145
362 145
390 146
468 146
225 147
239 147
247 147
415 147
194 148
211 148
327 148
365 148
174 149
267 149
416 149
106 150
161 151
282 151
345 151
423 151
450 151
118 152
297 152
404 153
95 154
403 155
431 156
311 157
143 158
221 158
235 158
325 158
366 158
194 159
208 159
254 159
267 159
386 159
441 160
466 160
287 161
396 161
128 162
343 162
159 164
424 164
116 165
450 165
193 166
300 166
90 167
196 167
201 167
311 167
354 167
378 167
144 168
187 168
104 169
231 169
258 169
267 169
81 170
138 170
226 170
248 170
211 171
222 171
413 171
461 171
234 172
331 172
206 173
222 173
226 173
292 173
365 173
397 174
442 175
125 176
163 176
198 176
309 176
92 177
376 177
187 178
195 178
353 178
173 179
179 179
110 180
171 180
232 181
326 181
475 181
147 182
253 182
276 182
385 182
243 183
214 184
233 184
410 184
456 184
76 185
102 185
138 185
198 186
204 186
205 186
289 186
311 186
343 186
370 186
188 187
131 188
200 188
419 188
192 189
324 189
351 189
175 191
303 191
401 191
443 191
159 192
153 193
238 193
385 193
89 194
232 194
271 194
406 194
215 195
249 195
255 195
261 195
277 195
317 195
474 195
203 196
230 196
338 196
367 196
428 196
112 197
208 198
79 199
140 199
188 199
204 199
394 199
453 199
196 200
175 201
296 201
359 201
101 202
340 203
358 203
422 203
437 203
132 204
316 204
334 204
165 205
340 205
439 205
67 206
120 206
229 206
386 206
252 207
264 207
271 207
350 207
423 207
202 208
321 208
374 208
406 208
216 209
86 210
144 210
285 210
358 210
426 210
429 210
111 211
298 211
410 211
136 212
413 212
431 213
434 213
336 214
413 214
249 215
132 216
260 216
70 217
390 217
433 217
123 218
238 218
251 218
277 218
312 218
352 218
100 219
192 219
255 219
354 219
215 220
261 220
327 220
224 221
278 221
120 222
291 222
398 222
425 223
336 224
381 224
423 224
426 224
140 225
203 225
345 225
448 225
304 226
168 227
470 227
348 228
371 228
431 228
191 229
242 229
318 229
78 230
323 230
411 230
239 231
250 231
354 231
437 231
149 232
176 232
271 232
358 232
417 232
432 233
457 233
102 234
217 234
290 234
333 234
359 234
394 234
124 236
203 236
299 236
437 236
120 237
127 237
385 238
67 239
343 239
421 239
90 240
155 240
313 240
182 241
258 241
312 241
115 242
117 242
146 242
190 242
315 242
445 242
328 243
108 244
245 244
277 244
290 244
373 244
469 244
105 245
230 245
292 245
408 245
297 246
167 247
388 247
211 248
297 248
75 249
166 249
202 249
364 249
428 249
99 250
121 252
314 252
345 252
119 253
311 253
458 253
250 254
262 254
272 254
399 254
62 255
93 255
114 255
149 255
186 255
187 255
237 255
283 255
176 256
442 256
284 257
286 257
420 257
220 258
327 258
112 259
171 259
378 259
78 260
140 260
361 260
204 261
196 262
466 262
164 263
166 263
386 263
108 264
253 264
101 265
105 265
239 265
282 265
429 265
123 267
157 267
298 268
321 268
219 269
416 269
67 270
350 270
175 271
210 271
380 271
117 272
399 272
456 272
56 274
202 274
339 274
439 274
141 275
256 275
270 275
364 275
81 276
243 276
85 277
293 277
297 277
200 278
77 279
303 279
318 279
408 279
427 279
130 280
307 280
158 281
191 281
314 281
348 281
408 281
223 282
425 282
101 283
127 283
156 283
312 283
414 283
180 284
378 284
395 284
409 284
411 284
207 285
121 286
433 286
449 286
470 286
265 287
267 287
269 287
326 287
122 288
149 288
253 288
255 288
434 288
88 289
287 289
362 289
436 289
61 290
252 290
273 290
416 290
136 291
139 291
144 291
240 291
263 291
289 291
303 291
337 291
241 292
403 292
434 292
190 293
107 294
135 294
163 294
423 294
129 295
226 295
318 295
387 295
439 295
478 295
154 296
159 296
346 297
409 297
460 297
157 298
314 298
75 299
128 299
182 299
409 299
424 299
149 300
154 300
215 300
253 300
324 300
425 300
123 301
147 301
257 301
258 301
274 301
286 301
145 302
296 302
396 302
424 302
45 303
261 303
270 303
119 304
170 304
295 304
355 304
144 305
241 305
447 305
142 306
198 306
233 306
294 306
90 307
297 307
306 307
338 307
429 307
382 308
133 309
158 309
317 309
62 310
312 310
471 310
160 311
318 312
186 313
216 313
258 313
266 313
366 313
418 313
103 314
126 315
256 315
261 315
455 315
128 316
145 316
323 316
402 316
405 316
54 317
78 317
280 317
349 317
405 317
178 318
421 318
229 319
303 319
440 319
119 320
332 320
405 320
422 320
438 320
116 321
119 321
121 322
196 322
376 322
394 322
91 323
118 323
154 323
115 324
442 324
43 326
91 326
171 326
266 326
218 327
258 327
313 327
341 327
288 328
363 328
112 330
239 330
109 331
322 331
399 331
183 332
207 332
383 332
432 332
467 332
109 333
348 333
86 334
57 335
82 335
142 335
159 335
300 335
366 335
105 336
202 336
156 337
227 337
261 337
70 338
118 338
331 338
137 339
309 341
404 341
82 342
134 342
244 342
454 342
95 343
133 343
275 343
337 343
420 343
474 343
113 344
371 344
437 344
317 345
112 346
190 346
288 346
107 347
211 347
234 347
40 348
166 348
76 349
263 349
290 349
339 350
392 350
479 350
127 351
93 352
105 352
257 352
463 352
119 353
297 353
359 353
426 353
55 354
226 354
251 354
323 354
378 354
88 356
113 357
159 357
178 357
86 358
118 358
84 359
344 359
448 359
88 360
199 360
219 360
278 360
363 360
413 360
138 361
45 362
396 362
66 363
132 364
238 364
364 364
310 365
329 365
398 365
285 366
454 366
82 367
149 367
151 367
170 367
312 367
99 368
130 368
265 368
381 369
417 369
38 370
144 370
213 370
347 370
188 371
365 371
437 371
125 372
150 372
232 372
367 372
399 372
476 372
108 373
143 373
289 373
368 373
254 374
310 375
317 375
333 375
274 376
381 376
402 376
460 376
291 377
297 377
53 378
138 378
364 378
163 379
229 379
291 379
73 380
447 380
400 381
87 382
203 382
247 382
277 382
293 382
314 382
366 382
388 382
124 383
154 383
182 383
353 383
404 383
316 385
367 385
138 386
117 387
133 387
136 387
319 387
43 388
134 388
156 388
336 388
422 388
440 388
100 389
294 389
385 389
278 390
389 390
200 391
262 391
296 391
367 391
385 391
59 393
148 393
367 393
471 393
78 394
354 394
246 395
456 395
175 396
369 396
374 396
144 397
93 398
110 398
262 398
231 399
293 399
297 399
337 399
214 400
318 400
319 400
427 400
90 401
110 401
195 402
196 402
277 402
110 403
173 403
123 404
159 404
411 405
443 405
457 405
193 406
52 407
339 407
475 407
172 408
246 408
71 409
357 409
139 410
278 410
176 411
196 411
398 411
192 412
211 412
228 412
155 413
296 413
313 414
340 414
86 415
89 415
195 415
106 416
326 416
429 416
172 417
261 417
276 417
48 419
245 419
448 419
462 419
64 420
358 420
374 420
389 420
417 420
168 421
103 422
117 422
229 422
262 422
276 422
81 423
84 423
173 423
211 423
292 423
97 424
168 425
311 425
84 426
120 426
134 426
434 426
117 427
194 427
193 428
195 428
152 429
246 429
341 429
98 430
119 430
291 430
98 431
326 431
449 431
172 432
175 432
374 432
403 433
416 433
77 434
210 434
58 435
272 435
308 437
464 437
232 438
98 439
112 439
435 439
132 440
171 440
95 441
195 441
187 442
189 442
198 442
306 442
358 442
128 443
151 443
193 443
257 443
265 443
283 443
55 444
169 444
74 445
148 445
149 445
282 445
319 445
450 445
131 446
145 446
177 446
303 446
372 446
189 447
211 447
308 447
168 448
242 448
301 448
127 449
153 449
175 449
247 449
296 449
304 449
324 449
370 449
401 449
112 450
133 450
150 450
239 450
272 450
252 451
275 451
274 452
317 452
300 453
437 453
252 454
255 454
267 454
302 454
372 454
127 455
131 455
167 455
294 455
314 455
146 456
174 456
300 456
336 456
151 457
216 457
297 457
387 457
400 457
197 458
248 458
271 458
312 458
354 458
137 459
248 459
258 459
367 459
70 460
95 461
146 461
248 461
315 461
372 461
253 462
310 462
418 462
168 463
283 463
158 464
80 465
280 465
366 465
168 466
256 466
386 466
439 466
111 467
131 467
133 467
148 467
260 467
402 467
138 468
227 468
330 468
429 468
129 469
154 469
177 469
253 469
305 469
64 470
283 470
303 470
367 470
308 471
129 472
149 472
171 472
173 473
196 473
203 473
135 474
273 474
309 474
352 474
173 475
236 475
300 475
341 475
96 476
159 476
242 476
265 476
273 476
386 476
155 477
115 478
180 478
271 478
79 479
383 479
386 479
139 480
340 481
351 481
156 482
213 482
400 482
141 483
190 483
318 483
353 483
416 483
163 484
115 486
176 486
179 486
185 486
293 487
427 487
165 488
144 489
181 489
329 489
333 489
347 489
162 490
183 490
272 490
310 490
267 491
286 491
289 491
381 491
226 492
326 492
168 493
198 493
263 493
306 493
360 493
79 494
121 494
301 494
401 494
136 495
284 495
146 496
361 496
97 497
121 497
141 497
359 497
145 498
161 498
326 498
126 499
171 499
299 499
123 500
168 500
240 500
298 500
148 501
343 501
274 503
311 503
352 503
184 504
335 504
338 504
355 504
415 504
173 505
310 505
121 506
215 506
170 507
289 507
295 507
370 507
386 507
146 508
169 508
103 509
124 509
143 509
288 509
309 509
334 509
351 510
147 511
173 511
260 511
326 511
144 512
307 512
352 512
130 513
197 513
226 513
126 515
151 515
173 515
202 515
345 515
147 516
180 516
342 516
109 517
260 517
345 517
182 518
291 518
317 518
315 519
339 519
342 519
237 520
253 520
310 521
379 521
160 524
133 525
218 525
333 525
356 525
190 526
293 526
118 528
319 529
274 530
165 531
287 531
305 533
143 534
261 536
368 536
176 538
340 538
211 539
228 542
242 543
322 544
236 545
255 545
331 545
355 545
190 546
312 547
142 548
209 548
242 548
306 548
119 549
218 549
347 550
291 551
246 552
274 553
182 556
204 556
159 557
329 558
225 559
136 561
292 563
310 563
257 565
187 566
273 566
152 567
223 567
200 570
168 572
284 577
