335 1
364 2
159 3
180 3
262 3
324 3
479 3
307 5
221 6
145 7
174 8
296 8
410 10
139 11
246 12
277 12
235 14
367 14
385 14
428 14
200 15
269 15
440 15
336 16
354 16
378 16
394 17
408 17
453 18
329 19
319 20
467 20
250 21
478 21
186 22
306 23
296 24
147 25
236 26
178 28
224 28
278 28
141 29
267 29
348 29
366 29
388 30
334 31
380 31
419 31
130 33
340 33
361 33
395 33
410 33
436 33
168 34
252 34
205 35
319 35
451 36
304 38
468 38
119 39
155 39
293 40
188 41
234 41
147 44
228 44
279 44
370 46
397 46
354 47
135 48
174 48
221 48
262 48
332 48
345 48
365 48
386 48
392 48
408 48
423 48
377 49
394 49
366 50
407 50
411 50
431 50
454 51
207 52
315 52
372 52
401 52
122 53
248 53
467 54
292 56
195 57
154 58
233 58
113 59
281 59
184 60
413 61
421 61
105 62
219 62
264 62
418 62
353 63
382 63
365 64
438 64
133 65
425 65
342 66
452 66
325 67
391 67
437 67
168 68
206 69
308 70
159 72
238 72
124 73
197 73
288 73
473 73
230 74
147 76
418 76
108 77
269 77
424 78
219 79
255 79
392 79
347 80
358 80
433 80
364 81
382 81
171 82
329 82
333 82
395 82
134 83
212 83
453 83
308 84
350 84
201 85
207 85
243 85
404 86
470 86
202 87
207 87
292 87
190 89
234 89
479 89
415 90
154 91
276 91
112 92
223 93
250 93
332 93
342 94
359 94
433 94
354 95
362 95
136 96
379 96
444 96
205 97
303 97
356 97
127 98
173 98
372 98
101 99
211 99
235 99
163 100
392 100
285 101
405 101
204 102
464 102
260 103
116 104
192 104
478 105
152 106
220 106
250 106
418 106
187 107
334 107
346 107
222 108
356 108
105 109
343 109
97 110
309 110
316 110
333 110
430 110
138 111
240 111
329 111
352 111
362 111
208 112
240 112
378 112
444 112
236 113
291 113
204 114
207 114
277 114
168 115
388 115
452 115
123 116
265 116
400 117
467 118
195 119
462 119
473 119
158 120
250 120
415 121
75 122
149 122
185 122
108 124
305 124
306 124
350 124
427 124
320 125
332 125
362 125
188 126
192 126
232 126
446 126
102 127
139 127
284 127
317 127
374 127
284 128
292 128
305 128
180 129
224 129
270 129
167 130
132 131
259 131
387 131
460 131
214 132
242 133
403 134
91 136
165 136
119 137
190 137
335 137
474 137
84 138
295 138
307 138
420 138
153 139
197 139
237 139
291 139
318 139
350 139
287 140
303 140
182 141
230 141
291 141
356 141
181 142
270 142
283 142
440 142
112 143
146 143
366 143
73 145
259 145
375 145
383 145
398 145
454 145
166 147
174 147
180 147
470 147
104 149
131 149
213 149
241 149
343 150
417 150
62 152
169 152
201 152
299 152
160 153
291 153
97 154
292 154
320 154
285 155
288 155
332 155
363 155
436 155
266 156
275 156
382 156
393 157
147 158
220 158
91 160
406 160
399 161
110 162
241 162
179 163
350 163
411 163
421 163
65 164
87 164
320 164
356 164
452 164
107 165
303 165
337 165
368 165
465 165
88 166
286 166
310 166
318 166
81 167
129 167
206 168
368 168
263 169
274 169
377 169
101 170
195 170
75 171
154 171
193 171
245 172
412 172
101 173
238 174
178 175
191 175
311 175
412 175
90 176
438 176
440 176
94 177
221 177
312 177
352 177
144 178
175 178
279 178
315 178
337 178
46 179
86 179
116 179
178 179
181 179
324 179
365 179
69 180
366 180
453 180
89 181
109 181
378 181
384 181
170 182
261 182
461 182
83 183
168 183
210 183
388 183
80 184
111 184
165 184
245 184
401 184
402 184
107 185
478 185
159 186
190 186
193 187
410 187
98 188
126 188
423 188
300 189
413 189
418 189
99 190
340 190
429 190
434 190
436 190
225 191
293 191
356 191
445 191
47 192
296 192
435 192
438 192
300 193
361 193
374 193
272 194
310 194
315 194
386 194
114 195
145 195
261 195
312 195
461 195
68 196
89 196
174 196
213 196
255 196
380 197
84 198
247 198
407 198
109 199
117 199
333 199
55 200
403 200
473 200
166 201
203 201
236 201
134 202
412 202
430 202
348 203
50 204
79 204
364 205
158 206
450 206
187 207
308 207
287 208
128 209
256 209
274 209
381 209
97 210
215 210
320 210
329 210
67 211
424 211
143 212
145 212
177 212
434 213
339 214
464 214
117 215
453 215
204 216
400 216
230 217
406 217
350 218
88 219
156 219
364 219
191 220
309 220
151 221
279 221
415 221
473 221
127 222
379 222
268 223
218 224
290 224
314 224
51 225
77 225
104 225
324 225
34 226
187 226
208 226
251 226
436 226
445 226
123 227
163 227
430 227
395 228
119 229
179 229
141 230
350 230
236 231
456 232
154 233
138 234
409 234
115 235
135 235
91 236
132 236
194 236
275 236
365 236
471 236
228 237
265 237
291 237
19 238
60 238
170 238
218 238
302 238
378 238
422 238
258 239
311 239
36 240
82 241
132 241
324 241
88 242
209 242
247 242
340 242
437 242
184 243
215 243
399 243
141 244
78 245
81 245
122 245
207 246
354 246
121 247
239 247
274 247
407 247
450 247
53 248
123 248
234 248
239 248
287 248
50 249
98 249
197 249
50 250
70 250
192 250
201 250
259 250
372 250
463 250
93 251
138 251
234 251
419 251
312 252
48 253
170 253
223 253
303 253
471 253
20 254
94 254
151 254
330 254
378 254
479 254
320 255
48 257
392 257
394 257
432 257
66 258
68 258
84 258
285 258
342 258
88 259
183 259
210 259
443 259
64 260
67 260
107 260
148 260
204 260
211 260
254 260
270 260
357 261
39 262
80 262
126 262
245 262
372 262
408 262
199 263
57 264
141 264
371 264
76 265
82 265
455 265
55 266
325 266
372 266
79 267
157 267
190 267
418 267
30 268
57 268
61 268
100 269
216 269
220 269
337 269
463 269
49 270
52 270
170 270
345 271
133 272
214 272
258 272
291 273
430 273
475 273
117 274
270 274
282 274
358 274
397 274
94 275
134 275
151 275
209 275
368 275
47 276
90 276
303 276
441 276
70 277
116 277
130 277
207 277
374 277
377 277
18 278
233 278
237 278
314 278
70 279
88 279
181 279
91 280
132 280
240 280
379 280
411 280
204 281
235 281
327 281
414 281
67 282
68 282
109 282
200 282
452 282
91 283
228 283
388 283
65 284
67 284
85 284
125 284
127 284
156 284
158 284
221 284
38 285
364 285
220 286
423 286
60 287
84 287
102 287
156 287
195 287
213 287
259 287
283 287
60 288
169 288
296 288
350 288
461 288
6 289
272 289
402 289
102 290
121 290
138 290
156 290
170 290
191 290
213 290
312 290
373 290
431 290
136 291
319 292
474 292
78 293
82 293
133 293
136 293
171 293
239 293
410 293
359 294
410 294
415 294
435 294
70 295
137 295
166 295
203 295
324 295
23 296
45 296
206 296
226 296
329 296
71 297
79 297
234 297
68 298
113 298
131 298
182 298
222 298
339 298
367 298
418 298
42 299
71 299
132 299
162 299
459 299
89 300
145 300
392 300
44 301
130 301
199 301
200 301
266 301
280 301
290 301
308 301
146 302
197 302
258 302
299 302
447 302
17 303
87 303
162 303
178 303
219 303
347 303
467 303
65 304
177 304
201 304
248 304
403 304
427 304
12 305
109 305
215 305
405 305
424 305
433 305
473 305
107 306
144 306
160 306
198 306
320 306
377 306
42 307
238 307
86 308
124 308
190 308
198 308
406 308
456 308
138 309
435 309
282 310
414 310
57 311
61 311
86 311
269 311
335 311
30 312
76 312
80 312
82 313
365 313
439 313
60 314
137 314
208 314
224 314
290 314
415 314
416 314
152 315
390 315
444 315
229 316
319 316
370 316
117 317
250 317
346 317
21 318
101 318
166 318
260 318
468 318
99 319
300 319
224 320
327 320
48 322
99 322
353 322
379 322
478 322
239 323
309 323
115 324
452 324
266 325
277 325
406 325
413 325
114 326
148 326
176 326
182 326
278 326
333 326
234 327
314 327
361 327
394 327
438 327
115 328
144 328
194 328
270 328
276 328
464 328
144 329
298 329
418 329
145 330
282 330
440 330
129 331
176 331
193 331
212 331
302 331
340 331
366 331
383 331
82 332
106 332
157 332
163 332
196 332
35 333
405 333
3 334
127 334
162 334
474 334
59 335
64 335
226 335
303 335
345 335
82 336
141 336
177 336
208 336
302 336
321 336
420 336
450 336
56 337
83 337
106 337
284 337
370 337
77 338
104 338
287 338
308 338
320 338
240 339
124 340
159 340
187 340
391 340
424 340
459 340
119 341
287 341
348 341
24 342
231 342
411 342
72 343
157 343
186 343
225 343
263 343
270 343
171 344
307 344
51 345
81 345
99 345
157 345
292 345
375 345
415 345
466 345
95 346
289 346
306 346
446 346
99 347
112 347
400 347
50 348
52 348
77 348
131 348
184 348
256 348
308 348
43 349
154 349
168 349
359 349
415 349
432 349
475 349
73 350
112 350
114 350
129 350
248 350
293 350
327 350
452 350
15 351
203 351
237 352
248 352
292 352
111 353
187 353
276 353
342 353
379 353
65 354
184 354
292 354
393 354
408 354
93 355
423 355
439 355
69 356
91 356
125 356
188 356
191 356
294 356
405 356
460 356
5 357
34 357
65 357
105 357
263 357
265 357
288 357
327 357
423 357
426 357
437 357
479 357
61 358
84 358
364 358
409 358
312 359
346 359
128 360
439 360
125 361
314 361
466 361
187 362
311 362
383 362
386 362
446 362
127 363
310 363
52 364
82 364
141 364
185 364
211 364
238 364
417 364
46 365
285 365
331 365
23 366
170 366
244 366
401 366
271 367
315 367
470 367
187 368
284 368
432 368
452 368
193 369
234 369
325 369
348 369
371 369
198 370
123 371
136 371
141 371
158 371
226 371
267 371
282 371
289 371
303 371
373 371
392 371
97 372
118 372
137 372
205 372
211 372
422 372
157 373
173 373
175 373
364 373
370 373
387 373
389 373
454 373
11 374
56 374
263 374
291 375
56 376
79 376
34 377
55 377
74 377
287 377
7 378
69 378
113 378
174 378
304 378
330 378
389 378
392 378
460 378
183 379
254 379
262 379
443 379
479 379
159 380
207 380
345 380
48 381
132 381
155 381
285 381
365 382
425 382
243 383
332 383
351 383
354 383
66 384
68 384
91 384
151 384
189 384
198 384
346 384
365 385
69 386
192 386
230 386
352 386
391 386
49 387
190 387
365 387
448 387
466 387
310 388
342 388
348 388
106 389
121 389
138 389
194 389
262 389
324 389
363 389
122 390
160 390
209 390
295 390
311 390
378 390
324 391
412 391
295 392
14 393
42 393
58 393
323 393
328 393
450 393
472 393
361 394
34 395
247 395
290 395
380 395
393 395
396 395
135 396
176 396
341 396
363 396
56 397
237 397
75 399
129 399
220 399
98 400
148 400
281 400
344 400
366 400
398 400
73 401
150 401
263 401
380 401
419 401
127 402
207 402
279 402
282 402
322 402
338 402
363 402
478 402
130 403
258 403
458 403
3 404
148 404
154 405
169 405
438 405
22 406
41 406
62 406
68 406
161 406
243 406
65 407
132 407
231 407
293 407
408 407
87 408
128 408
173 408
240 408
174 409
232 409
234 409
266 409
363 409
16 410
216 410
449 410
465 410
36 411
58 411
80 411
206 411
287 411
422 411
199 412
211 412
267 412
342 412
189 413
261 413
145 414
362 414
439 414
45 415
77 415
104 415
279 415
314 415
328 415
7 416
41 416
144 416
233 416
70 417
141 417
407 417
28 418
161 419
221 419
277 419
72 420
159 420
259 420
375 420
149 421
164 421
222 421
250 421
394 421
159 422
166 422
208 422
266 422
321 422
357 422
424 422
472 422
181 423
189 423
335 423
92 424
174 424
177 424
199 424
50 425
124 425
438 425
18 426
370 426
13 428
44 428
112 428
127 428
407 428
457 428
42 429
139 429
391 429
310 430
7 431
272 431
294 431
40 432
143 432
67 433
154 433
263 433
266 433
422 433
69 434
74 434
139 434
214 434
153 435
158 435
163 435
445 435
66 436
251 436
161 437
195 437
204 437
215 437
308 437
59 438
101 438
251 438
282 438
339 438
70 439
179 439
187 439
331 439
31 440
184 440
46 441
115 441
339 441
468 441
54 442
116 442
239 442
380 442
126 443
340 443
333 444
359 444
44 445
266 445
336 445
355 445
421 445
315 446
317 446
137 447
223 447
332 447
356 448
377 448
203 449
286 449
400 449
73 450
76 450
149 450
162 450
255 450
307 450
86 451
89 451
350 451
451 451
460 451
72 452
106 452
172 452
278 452
284 452
330 452
86 453
190 453
240 453
304 454
325 454
348 454
368 454
413 454
52 455
65 455
75 455
90 455
96 455
346 455
436 455
271 456
56 457
111 457
348 457
467 457
124 458
320 458
39 459
137 459
227 459
261 459
390 459
27 460
315 460
341 460
344 460
433 460
409 461
474 461
216 462
357 462
18 463
205 463
315 463
449 463
313 464
355 464
429 464
6 465
179 465
190 466
244 466
104 467
106 467
379 467
56 468
74 468
91 468
332 468
402 468
99 469
100 469
109 469
351 469
443 469
51 470
102 470
234 470
322 470
325 470
422 470
95 471
327 471
116 472
120 472
268 472
415 473
455 473
469 473
41 474
372 474
210 475
288 475
320 475
140 476
153 476
220 476
389 476
24 477
256 477
283 477
340 477
14 478
169 478
180 478
190 478
413 478
201 479
249 479
280 479
431 479
461 480
74 481
242 481
308 481
333 481
383 481
7 482
67 482
278 482
427 482
265 483
116 484
447 484
264 485
125 486
231 487
286 487
290 487
317 488
292 489
16 490
115 490
126 490
170 490
219 490
250 490
252 490
292 490
314 490
476 490
38 491
52 491
193 491
282 491
340 491
207 492
276 492
279 492
309 492
182 493
243 493
274 493
364 493
421 493
463 493
64 494
389 494
425 494
433 494
70 495
241 495
274 495
303 495
309 496
89 497
152 497
103 498
214 498
232 498
269 498
304 498
380 498
385 498
403 498
446 498
86 499
94 499
300 499
329 499
406 499
437 499
155 501
162 501
352 501
379 501
95 502
107 502
116 502
287 503
422 503
427 503
177 504
285 504
315 504
468 504
22 505
189 505
367 505
36 506
199 506
239 506
249 506
377 506
51 507
57 507
313 507
30 508
313 508
413 508
67 509
228 509
332 509
145 510
155 510
276 510
363 510
367 510
77 511
361 511
90 512
155 512
161 512
274 512
440 512
458 512
476 512
98 513
266 513
82 514
185 514
254 515
321 515
346 515
107 516
424 516
246 517
268 517
136 518
192 518
226 519
414 519
120 520
125 520
137 520
207 520
338 520
367 520
413 521
147 522
371 522
39 523
153 523
301 523
461 523
52 524
64 524
362 524
450 524
73 525
163 525
403 525
445 525
180 526
278 526
350 526
81 527
170 527
394 527
432 527
188 529
338 529
385 529
422 529
89 530
117 530
221 530
230 530
248 530
254 530
281 530
317 530
100 531
197 531
214 531
324 531
131 534
138 534
143 534
151 534
206 534
364 534
467 536
414 538
424 538
432 538
439 538
450 538
245 539
250 539
346 539
32 540
233 540
240 540
256 540
45 541
73 541
84 541
171 541
178 541
272 541
274 541
387 541
402 541
57 542
92 542
189 542
377 542
380 542
391 543
104 544
373 545
326 546
116 547
200 547
316 547
475 547
363 548
466 548
297 549
345 549
351 549
359 549
457 549
131 550
145 550
307 550
245 551
289 551
411 551
439 551
448 551
225 552
276 552
424 552
158 553
172 553
189 554
261 554
267 554
272 554
181 555
254 555
197 556
398 556
41 557
377 557
470 557
58 558
372 558
75 559
86 559
454 559
95 560
357 560
366 560
109 561
342 561
103 562
138 563
286 563
294 563
325 563
130 564
145 564
157 564
264 564
310 564
197 565
206 565
231 565
145 566
172 566
176 566
169 567
187 567
217 567
258 567
260 567
434 567
382 568
422 568
447 568
160 569
249 569
372 569
399 569
464 569
295 574
337 574
48 575
69 575
123 575
286 575
80 576
110 576
349 576
121 577
310 577
330 577
136 579
180 579
138 580
169 580
186 580
189 580
211 580
219 580
367 580
151 581
160 581
175 581
183 581
249 581
367 581
394 581
471 581
227 582
238 582
364 582
389 582
428 582
158 583
165 583
172 583
255 583
375 583
441 583
454 583
191 584
264 584
398 584
285 587
298 588
309 588
70 589
319 590
85 591
130 591
105 592
119 592
124 592
326 592
150 593
185 593
363 593
139 594
174 595
181 595
184 595
197 595
203 595
402 595
187 596
194 596
220 596
463 596
381 597
417 597
434 597
185 598
244 598
452 598
194 599
250 599
260 599
262 599
278 603
298 603
85 605
98 605
330 605
128 607
373 607
114 608
347 608
152 609
386 609
161 610
419 610
186 611
220 611
233 611
195 612
208 612
245 612
410 612
267 615
277 618
285 619
301 620
313 621
350 621
338 622
146 623
375 623
137 624
216 624
231 624
238 624
169 625
186 627
260 627
273 630
204 634
233 636
357 636
302 637
317 639
