210 2
311 2
378 2
232 3
247 5
431 5
323 6
471 6
338 8
270 9
401 11
116 12
134 13
289 13
149 14
161 14
364 14
418 14
453 14
182 15
199 15
218 16
235 19
308 19
252 20
429 20
467 21
334 22
391 22
268 23
280 24
354 24
100 25
116 25
130 27
152 28
184 28
167 29
147 30
415 30
449 30
199 31
219 31
373 31
235 32
340 33
260 34
398 37
466 37
96 38
127 38
283 38
112 39
362 39
122 40
296 40
309 40
427 40
412 41
324 43
414 43
428 43
145 44
206 44
210 44
222 44
226 44
228 44
379 44
138 46
150 46
169 46
186 46
213 46
228 46
242 46
244 46
144 47
454 48
120 49
254 49
260 49
338 49
95 50
271 50
406 51
262 52
297 52
350 52
410 52
371 54
403 54
415 54
430 54
225 56
189 57
206 57
211 57
424 57
473 57
138 58
141 58
232 58
238 58
125 59
131 59
147 59
174 59
319 59
391 59
153 60
95 61
108 61
139 61
336 61
447 61
253 63
256 64
408 64
254 65
355 65
210 66
258 66
411 66
236 67
266 67
277 67
286 67
413 67
470 67
182 68
202 68
223 68
160 69
200 69
212 69
305 69
128 70
136 70
425 70
133 71
137 71
143 71
156 71
380 71
105 73
83 74
95 75
449 75
334 76
399 76
71 77
76 77
228 77
271 77
407 77
410 77
162 78
211 78
216 78
233 78
269 78
275 78
412 78
188 79
213 79
254 79
347 79
411 79
418 79
463 79
243 80
215 81
291 81
354 81
359 81
207 82
358 82
114 84
379 84
384 84
478 84
125 85
308 85
430 85
103 86
396 86
328 88
87 89
335 89
338 89
408 89
450 89
81 90
180 90
198 90
278 90
348 90
162 91
213 91
234 91
243 91
259 91
400 91
152 92
208 92
345 92
225 93
227 93
305 93
143 94
362 94
368 94
469 94
129 96
369 96
319 97
376 98
380 98
433 98
102 99
115 99
276 99
373 99
254 100
242 101
332 101
290 102
327 102
395 102
404 102
266 103
90 104
193 104
201 104
298 104
328 104
444 104
174 105
305 105
334 105
337 105
145 106
207 106
211 106
224 106
356 106
159 107
232 107
211 108
136 109
371 109
258 111
424 111
462 111
110 112
363 112
270 113
375 113
387 113
290 114
391 114
93 115
222 116
303 116
320 116
201 117
204 117
339 117
477 117
78 118
178 118
193 118
206 118
226 118
244 118
400 118
440 118
72 119
165 119
216 119
329 119
154 120
210 120
259 120
331 120
402 120
169 121
60 122
134 122
142 122
347 123
360 123
416 123
453 124
113 125
412 125
425 125
230 128
236 128
376 128
193 129
202 129
203 129
214 129
218 129
222 129
251 129
275 129
304 129
424 129
471 129
95 130
289 130
180 131
240 131
198 132
212 132
335 132
80 133
149 133
162 133
183 133
334 134
349 134
130 135
352 135
358 135
399 135
69 136
61 137
356 137
446 137
120 139
252 139
286 139
367 139
408 139
227 140
237 140
298 140
411 140
106 141
214 141
266 141
190 142
322 142
199 143
313 143
324 143
169 144
185 144
187 144
229 144
321 144
426 144
172 145
83 146
92 146
184 146
392 146
471 146
150 147
347 148
354 148
359 148
438 148
135 149
353 149
436 149
63 150
265 150
72 151
356 151
367 151
445 151
121 153
224 153
244 153
310 153
408 153
221 154
224 154
283 154
294 154
208 155
324 155
385 155
52 156
108 156
212 156
329 156
83 157
167 157
181 157
339 157
423 157
95 158
342 158
458 158
168 159
435 159
341 160
354 160
144 161
408 162
257 163
363 163
365 163
397 163
74 164
291 164
404 164
440 164
129 165
205 165
254 165
308 165
369 165
411 165
413 165
113 166
222 166
242 166
244 166
247 166
268 166
446 166
193 167
322 167
67 168
98 168
177 168
373 168
422 168
477 168
338 170
159 171
344 171
431 171
56 172
90 172
389 172
50 173
345 173
429 173
208 174
118 175
140 175
278 175
351 175
434 175
290 176
464 176
81 177
198 177
243 177
261 177
280 177
308 177
405 177
240 178
247 178
367 178
412 178
246 179
328 179
373 179
170 180
183 180
223 180
335 180
450 180
115 181
381 181
410 182
66 183
108 183
132 183
154 184
56 185
389 185
421 186
429 186
200 187
258 187
322 187
99 188
274 188
289 188
306 188
322 188
324 188
326 188
46 189
237 189
249 189
328 189
333 189
435 189
462 189
179 190
148 191
159 191
225 191
241 191
330 191
358 191
367 191
90 192
374 193
137 194
445 194
67 195
206 195
385 196
416 196
57 197
182 197
265 197
420 197
83 198
122 198
292 198
378 198
388 198
415 198
314 199
251 200
51 201
291 201
316 201
334 201
110 202
220 202
459 202
72 203
108 203
206 203
361 203
100 204
166 204
346 204
429 204
168 205
185 205
42 206
191 206
105 207
178 207
405 207
408 207
99 208
126 208
153 208
479 208
30 210
90 210
118 210
140 210
143 210
304 210
312 210
318 210
375 210
251 211
263 211
273 211
281 211
285 211
310 211
63 212
148 212
150 212
291 212
137 213
142 213
310 213
319 213
335 213
236 214
391 214
448 214
138 215
191 216
204 216
135 217
220 217
347 217
469 217
54 218
84 218
189 218
79 219
179 219
115 220
120 220
180 220
186 220
365 221
477 221
43 222
158 222
170 222
176 222
269 222
457 223
113 224
255 224
432 224
435 224
243 225
73 226
114 226
202 226
305 226
328 226
379 226
108 227
156 227
194 227
319 227
411 227
337 228
414 228
27 229
104 229
227 229
468 229
66 230
349 230
98 231
133 231
185 231
190 231
192 231
389 231
450 231
177 232
278 232
421 232
132 233
215 233
268 233
426 233
128 234
131 234
357 234
430 234
170 235
171 235
174 235
257 235
93 236
122 236
208 236
296 236
308 236
367 236
403 236
52 237
126 237
159 237
169 237
457 237
83 238
86 238
289 238
303 238
154 239
236 239
323 239
411 239
479 239
194 240
415 240
123 241
158 241
230 241
437 241
439 241
114 242
150 242
277 242
378 242
38 243
81 243
152 243
183 243
266 243
333 243
414 243
110 244
117 244
149 244
379 244
387 244
443 244
215 245
247 245
346 245
112 246
149 246
251 246
389 246
472 246
69 247
138 247
242 247
309 247
395 247
28 248
104 248
298 248
363 248
172 249
240 249
285 249
320 249
52 250
93 250
138 250
361 250
396 250
453 250
132 251
140 251
230 251
238 251
95 252
102 252
130 252
198 252
202 252
275 252
363 252
406 252
243 253
265 253
270 253
274 253
400 253
19 254
89 254
97 254
222 254
368 254
157 255
159 255
215 255
60 256
90 256
121 256
187 256
328 256
379 256
412 256
438 256
479 257
41 258
262 258
305 258
378 258
151 259
230 259
250 259
316 259
341 259
388 259
463 259
81 260
288 260
413 260
176 261
349 261
86 262
386 262
122 263
139 263
199 263
202 263
415 263
418 263
51 264
77 264
149 264
445 264
279 265
105 266
139 266
274 266
367 266
395 266
423 266
471 266
165 267
267 267
271 267
98 268
365 268
263 269
405 269
25 270
211 270
260 270
319 270
403 270
429 270
432 270
47 271
96 271
157 271
310 271
331 271
68 272
180 272
293 272
302 272
92 273
159 273
205 273
226 274
347 274
221 275
222 275
387 275
416 275
439 275
460 275
479 275
110 276
199 276
14 277
63 277
153 277
233 277
240 277
356 277
409 277
38 278
87 278
104 278
171 278
276 278
278 278
85 279
256 279
150 280
261 280
368 281
441 281
60 282
64 282
277 282
118 283
186 283
210 283
398 283
418 283
101 284
161 284
249 284
309 284
326 284
302 285
375 285
467 285
219 286
53 287
297 287
323 287
97 288
264 288
403 288
449 288
23 289
49 289
116 289
240 289
340 289
343 289
406 289
134 290
202 290
287 290
355 290
94 291
111 291
156 291
177 291
279 291
290 291
69 292
96 292
351 292
361 292
72 293
471 293
232 294
391 294
257 295
45 296
72 296
150 296
67 297
173 297
196 297
370 297
415 297
15 298
65 298
88 298
312 298
316 298
437 298
439 298
62 299
306 299
435 299
109 300
125 300
218 300
303 300
315 300
342 300
82 301
89 301
146 301
457 301
33 302
62 302
266 302
299 302
307 302
350 302
478 302
83 303
188 303
294 303
339 303
381 303
51 304
282 304
292 304
437 304
84 305
165 305
240 305
287 305
402 305
405 305
62 306
210 306
293 306
295 306
27 307
140 307
290 307
402 307
80 308
84 308
118 308
360 308
48 309
97 309
366 309
98 311
288 311
312 311
372 311
406 311
445 311
42 312
75 312
100 312
136 312
157 312
230 312
320 312
432 312
92 313
177 313
316 313
321 313
410 313
466 313
21 314
99 314
199 314
253 314
277 314
75 315
303 315
382 315
56 316
307 316
348 316
431 316
434 317
450 317
38 318
114 318
224 318
294 318
305 318
345 318
358 318
15 319
270 319
297 319
471 319
129 320
152 320
173 320
293 320
352 320
394 320
68 322
191 323
211 323
229 323
362 323
431 323
109 324
403 324
125 325
324 325
472 325
51 326
168 326
315 326
329 326
455 326
32 327
288 327
8 328
67 328
85 328
145 328
261 328
322 328
332 328
375 328
412 328
340 329
105 330
186 331
240 331
123 332
346 333
26 334
47 334
390 334
428 334
100 335
166 335
223 335
281 335
80 336
301 336
442 336
466 336
151 337
137 338
181 338
257 338
219 339
407 339
41 340
58 340
118 340
321 340
368 340
94 341
163 341
202 341
277 341
335 342
220 343
222 343
471 343
341 344
204 345
238 345
54 346
76 346
132 346
298 346
379 346
417 346
459 346
35 347
164 347
344 347
92 348
182 348
237 348
478 348
149 349
217 349
240 349
14 350
388 350
431 350
9 351
200 351
254 351
353 351
236 352
349 352
50 353
110 353
129 354
240 354
269 354
395 354
448 354
29 355
88 355
180 355
163 356
222 356
235 356
300 356
333 356
69 357
147 357
218 357
233 357
323 357
330 357
460 357
44 358
199 358
338 358
330 359
371 359
471 359
218 360
304 360
336 360
341 360
62 361
104 361
128 361
415 361
419 361
67 362
180 362
252 362
312 362
410 362
308 363
37 364
66 364
83 364
348 364
56 365
61 365
160 365
423 365
424 365
433 365
116 366
383 366
129 367
286 367
287 367
316 367
99 368
144 368
58 369
220 369
27 370
56 370
200 370
237 370
272 370
76 371
306 371
391 371
50 372
54 372
288 372
114 373
163 373
180 373
360 373
454 373
320 374
19 375
74 375
257 375
294 375
339 375
367 375
402 375
310 376
323 376
403 376
95 377
127 377
239 377
344 377
404 377
411 377
42 378
48 378
146 378
308 378
466 378
476 378
44 379
44 380
49 380
110 380
201 380
278 380
407 380
71 381
376 381
403 381
410 381
73 382
295 382
298 382
10 383
46 383
66 383
163 383
281 383
183 384
224 384
242 384
263 384
316 385
414 385
424 385
428 385
38 386
83 386
353 386
205 387
301 387
335 387
387 387
148 388
266 388
62 389
450 389
165 390
32 391
226 391
465 391
64 392
479 392
107 393
57 394
78 394
136 394
401 394
151 395
366 395
121 396
187 396
248 396
296 396
313 396
23 397
207 397
374 397
52 398
56 398
79 398
343 398
107 399
274 399
232 401
453 401
47 402
91 402
122 402
136 402
175 402
415 402
212 403
277 403
355 403
337 404
465 404
74 405
319 405
106 406
432 406
46 407
474 407
154 408
234 408
258 408
175 409
40 410
63 410
197 410
282 410
306 410
393 410
42 411
173 411
445 411
140 412
175 412
177 412
367 413
42 414
34 415
62 415
224 415
330 415
410 415
64 416
241 416
352 416
59 417
162 417
179 417
462 417
85 418
266 418
290 419
161 420
181 420
402 420
144 421
164 421
178 421
337 421
426 421
125 422
225 422
378 422
53 423
184 423
201 423
301 423
45 424
50 424
250 424
321 424
365 424
418 424
440 424
102 425
274 425
50 426
72 426
186 426
22 427
392 427
71 428
79 428
128 428
188 429
257 429
346 429
169 430
210 430
228 430
331 430
455 430
45 431
146 431
167 431
188 431
295 431
474 431
78 432
399 432
113 433
235 434
261 434
374 434
41 435
58 435
63 435
192 435
279 435
317 435
338 436
427 436
96 437
35 438
60 438
129 438
217 438
303 438
359 438
410 438
56 439
74 439
152 439
174 439
241 439
172 440
439 440
411 441
440 441
133 442
197 442
246 442
344 442
391 442
27 443
112 443
218 443
241 443
244 443
363 443
365 443
386 443
455 443
309 444
327 444
419 444
463 444
87 445
109 445
289 445
473 445
111 446
206 447
355 447
395 447
421 447
425 447
45 448
106 448
64 449
81 449
183 449
231 449
252 449
254 449
84 450
140 450
205 450
103 451
336 451
83 452
254 452
85 453
164 454
363 454
402 454
417 455
440 455
98 456
259 456
300 456
415 457
438 457
451 457
69 458
121 458
258 458
44 459
263 459
390 459
417 459
460 459
474 460
173 461
216 461
236 461
283 461
92 462
213 462
197 463
262 463
151 464
394 464
62 465
108 465
308 465
238 466
394 466
399 466
156 467
241 468
272 468
292 468
44 469
184 469
246 469
206 470
134 471
162 471
225 471
246 471
81 472
230 472
359 472
427 472
79 473
275 473
447 473
207 474
254 474
317 474
338 474
411 474
455 474
463 474
64 475
100 475
418 475
429 475
431 475
468 475
90 476
95 476
100 476
212 476
375 476
434 476
476 476
102 477
143 477
169 477
192 477
234 477
372 477
281 478
305 478
374 479
120 480
234 480
345 480
48 481
175 481
235 481
171 482
260 482
395 482
153 483
291 484
394 484
356 485
80 486
131 486
396 486
397 486
65 487
206 488
225 488
269 488
90 489
362 489
410 489
82 490
138 490
181 490
331 490
471 490
479 490
90 491
93 491
301 491
427 491
444 491
461 491
47 492
99 492
144 492
279 495
344 495
115 497
120 497
257 497
176 498
154 499
173 499
316 499
392 499
176 500
179 500
58 501
129 501
219 501
356 501
73 502
181 502
245 502
406 503
183 504
86 505
262 505
422 505
436 505
452 506
471 506
329 507
167 508
302 508
184 509
186 509
111 510
187 510
207 510
173 511
270 512
121 514
151 514
240 514
192 515
310 515
216 516
343 516
401 516
55 518
284 518
353 518
412 518
430 518
73 519
162 519
83 520
96 520
134 520
247 520
202 521
455 521
463 521
476 521
447 522
99 523
167 523
324 523
149 525
172 526
179 526
291 526
179 527
203 527
214 528
212 529
337 529
156 530
181 530
229 530
230 530
118 531
189 531
191 531
309 531
53 532
70 532
271 532
348 532
162 533
307 533
309 533
193 535
238 535
454 535
469 535
84 536
190 536
359 536
424 536
131 537
437 537
248 538
96 539
291 539
202 540
286 540
293 540
317 540
324 540
177 541
178 542
288 542
178 543
204 543
223 543
256 543
106 544
294 544
408 544
302 545
182 546
227 546
339 546
266 547
442 547
465 548
64 549
149 549
426 549
123 550
192 550
81 551
275 552
354 552
372 552
174 553
189 553
318 553
371 553
383 553
168 554
169 554
197 554
213 554
283 554
385 554
100 555
136 555
197 555
284 555
320 555
376 555
381 555
214 556
221 556
245 557
379 557
396 557
115 558
283 558
288 558
176 559
226 559
254 559
151 560
180 560
301 561
461 561
327 562
422 562
260 563
446 563
455 563
342 564
437 564
109 566
164 566
275 566
90 567
366 567
221 568
123 569
199 569
136 572
378 572
178 573
401 574
102 575
239 576
316 576
325 576
449 576
145 577
248 577
424 577
438 578
162 579
206 579
260 580
340 580
274 582
179 584
358 584
117 585
294 585
305 587
379 587
135 589
237 589
392 589
403 589
194 590
210 590
317 590
412 591
151 592
248 592
341 595
268 596
166 597
351 598
283 599
178 600
183 600
362 600
374 600
297 602
218 604
227 604
312 604
206 605
253 608
337 608
268 610
344 610
282 613
