377 1
438 2
313 3
335 3
392 3
326 4
400 4
452 4
282 5
298 5
343 5
263 6
354 7
412 7
464 8
420 9
369 10
381 11
439 13
388 14
477 14
318 15
351 15
402 15
448 15
289 16
303 16
331 16
457 17
251 18
274 18
341 18
359 18
367 20
418 20
468 20
424 21
381 23
396 26
477 26
289 27
305 27
321 27
442 27
341 28
260 29
274 29
331 29
248 30
352 30
408 30
455 31
415 33
235 34
371 34
424 34
465 35
381 36
430 37
478 38
220 39
293 40
317 40
399 40
278 41
281 41
306 41
317 41
336 41
367 41
443 41
200 42
265 42
288 42
355 42
372 42
241 43
393 43
452 43
269 44
391 44
384 45
229 46
372 46
415 46
382 48
463 48
380 49
386 49
428 49
288 50
344 50
219 51
277 51
290 51
305 51
326 51
338 51
385 51
471 52
265 53
281 53
283 53
361 53
383 53
204 54
248 54
290 54
312 54
319 54
365 54
386 54
251 55
268 55
356 55
397 55
443 55
408 56
191 57
299 57
232 58
372 58
293 59
309 59
457 60
218 61
244 61
291 61
303 61
366 61
279 62
289 62
315 62
324 62
418 62
464 62
336 63
387 63
361 64
427 64
259 65
275 65
277 65
287 65
398 65
259 66
354 66
383 66
197 67
364 67
382 68
436 68
238 69
376 69
405 69
414 69
476 69
294 70
184 71
228 71
260 71
217 72
311 72
451 72
268 73
361 73
381 73
256 74
302 74
312 74
261 75
284 75
293 75
333 75
362 75
392 75
394 75
426 75
322 76
345 76
460 76
170 77
264 77
299 77
239 78
251 78
356 78
285 79
315 79
405 79
468 79
224 80
381 80
434 80
187 81
211 81
221 81
245 81
273 82
370 82
214 84
204 85
209 85
260 85
278 85
319 85
387 85
422 85
450 85
477 85
258 86
272 86
305 86
211 87
215 87
290 87
459 87
204 88
239 88
256 88
260 88
278 88
341 88
166 89
360 89
396 89
221 91
246 91
253 91
262 91
435 92
467 92
180 93
247 93
203 94
237 94
268 94
281 94
323 94
371 94
412 94
311 95
336 95
212 96
237 96
239 96
256 96
299 96
382 96
444 96
276 97
278 97
224 98
226 98
349 98
479 98
189 99
231 99
274 99
426 99
165 100
222 100
237 100
397 100
455 100
178 101
207 101
363 101
244 102
249 102
281 103
295 103
409 103
230 104
263 104
267 104
310 104
371 104
221 105
253 105
151 106
240 106
254 106
324 106
438 106
468 106
207 107
224 107
229 107
336 107
420 107
189 108
253 109
261 109
348 109
388 109
448 109
209 110
397 110
253 111
270 111
214 112
270 113
296 113
363 113
407 113
194 114
254 114
285 114
434 114
459 114
230 115
235 115
271 115
370 115
233 116
317 116
211 117
229 117
242 117
414 117
327 118
146 119
182 119
269 119
469 119
204 120
218 120
226 120
254 120
264 120
302 120
381 120
368 121
423 121
428 121
447 121
138 122
167 122
183 122
205 122
248 122
276 122
288 122
300 122
310 122
317 122
342 122
392 122
261 123
314 123
354 123
453 123
191 124
206 124
286 124
396 124
410 124
294 125
434 125
201 126
229 126
305 126
326 126
357 126
397 126
286 127
324 127
363 127
461 127
478 127
145 128
196 128
206 128
216 128
240 128
284 128
360 128
382 128
403 128
179 129
180 129
303 129
324 129
372 129
438 129
213 130
222 130
372 130
406 130
413 130
194 131
205 131
209 131
215 131
278 131
295 131
312 131
325 131
334 131
402 131
195 132
268 132
345 132
396 132
431 132
165 133
176 133
246 133
288 133
333 133
382 133
440 133
469 133
182 134
200 134
232 134
236 134
291 134
320 134
372 134
391 134
423 134
448 134
325 135
177 136
190 136
233 136
297 136
335 136
354 136
355 136
217 137
304 137
197 138
285 138
309 138
410 138
420 138
287 139
318 139
319 139
353 139
363 139
402 139
204 140
233 140
325 140
382 140
410 140
478 140
261 141
278 141
332 141
336 141
404 141
136 142
158 142
194 142
204 142
231 142
354 142
396 142
437 142
174 143
208 143
223 143
357 143
395 143
288 144
314 144
330 144
394 144
438 144
461 144
176 145
186 145
239 145
290 145
332 145
418 145
428 145
228 146
445 146
197 147
211 147
215 147
304 147
351 147
375 147
423 147
321 148
348 148
143 149
199 149
332 149
158 150
209 150
232 150
268 150
316 150
409 150
412 150
303 151
318 151
332 151
379 151
391 151
184 152
186 152
239 152
263 152
297 152
300 152
308 152
336 152
366 152
431 152
474 152
254 153
278 153
459 153
126 154
234 154
339 154
347 154
372 154
395 154
397 154
438 154
143 155
172 155
228 155
304 155
345 155
418 155
237 156
352 156
384 156
423 156
465 156
158 157
177 157
195 157
361 157
408 157
167 158
209 158
217 158
221 158
237 159
297 159
317 159
377 159
113 160
234 160
358 160
405 160
449 160
193 161
328 161
317 162
426 162
263 163
282 163
319 163
144 164
252 164
293 164
343 164
383 164
414 164
171 165
226 165
435 165
457 165
241 166
301 166
302 166
373 166
408 166
132 167
201 167
202 167
203 167
215 167
314 167
353 167
215 168
283 168
398 168
157 169
330 169
411 169
437 170
116 171
187 171
268 171
445 171
464 171
205 172
236 172
260 172
276 172
144 173
287 173
294 173
311 173
384 173
423 173
171 175
226 175
372 175
420 175
103 176
239 176
242 176
286 176
306 176
430 176
453 176
133 177
208 177
283 177
425 177
125 178
350 178
413 178
417 178
434 178
209 179
424 179
155 180
185 180
217 180
259 180
476 180
195 181
205 181
324 181
360 181
385 181
270 182
419 182
457 182
90 183
116 183
248 183
144 184
283 184
404 184
408 184
424 184
167 185
234 185
339 185
443 185
133 186
201 186
205 186
221 186
293 187
380 187
398 187
404 187
192 188
285 188
418 188
159 189
325 189
352 189
104 190
433 190
228 191
298 191
146 192
179 192
248 192
296 192
333 192
470 192
94 193
237 193
263 193
305 193
389 193
174 194
218 194
408 194
453 194
140 195
239 195
274 195
362 195
376 195
115 196
228 196
413 196
441 196
135 197
164 197
204 197
284 197
289 197
299 197
342 197
478 197
281 198
428 198
290 199
314 199
399 199
107 200
222 200
308 200
436 200
174 201
184 201
195 201
200 201
231 201
372 201
381 201
448 201
258 202
354 202
209 203
247 203
327 203
388 203
423 203
215 204
216 204
80 205
188 205
228 205
271 205
302 205
119 206
164 206
208 206
337 206
454 206
92 207
132 207
141 208
192 208
283 208
362 208
371 208
398 208
415 208
183 209
474 209
123 211
132 211
170 211
219 211
224 211
226 211
232 211
293 211
323 211
383 211
129 212
173 212
188 212
219 212
369 212
440 212
168 213
250 213
84 214
106 214
133 214
135 214
64 215
185 215
265 215
125 216
303 216
350 216
380 216
156 217
275 217
76 218
212 218
337 218
408 218
428 218
447 218
194 219
195 219
219 219
239 219
97 220
282 220
321 220
468 220
148 221
181 221
185 221
235 221
360 221
381 221
116 223
130 223
146 223
245 223
364 223
396 223
399 223
455 223
178 224
191 224
215 224
346 224
156 225
181 225
195 225
257 225
311 225
330 225
363 225
65 226
86 226
123 226
135 226
172 226
295 226
438 226
109 227
144 227
220 227
370 227
136 228
164 228
265 228
365 228
422 228
144 229
159 229
212 229
443 229
122 230
146 230
173 230
181 230
390 230
408 230
208 231
228 231
272 231
356 231
152 232
201 232
237 232
76 233
98 233
124 233
173 233
193 233
240 233
338 233
462 233
128 234
207 234
216 234
246 234
285 234
304 234
375 234
167 235
176 235
186 235
191 235
392 235
415 235
159 236
201 236
232 236
394 236
431 236
126 237
178 237
325 237
387 237
69 238
155 238
196 238
311 238
379 238
134 239
172 239
261 239
399 239
140 240
333 240
347 240
395 240
469 240
219 241
256 241
270 241
292 241
366 241
108 242
141 242
167 242
215 242
225 242
359 242
435 242
130 243
164 243
323 243
436 243
60 244
84 244
203 244
234 244
243 244
353 244
138 245
161 245
248 245
275 245
279 245
357 245
386 245
434 245
454 245
143 246
147 246
157 246
240 246
263 246
266 246
302 246
409 246
278 247
296 247
363 247
417 247
430 247
132 248
205 248
237 248
406 248
475 248
282 249
372 249
403 249
52 250
75 250
99 250
203 250
258 250
442 250
135 251
137 251
179 251
208 251
229 251
257 251
304 251
334 251
350 251
368 251
402 251
413 251
118 252
195 252
206 252
222 252
252 252
293 252
323 252
360 252
430 252
230 253
245 253
273 253
342 253
368 253
398 253
469 253
142 254
143 254
213 254
277 254
291 254
332 254
342 254
379 254
275 255
363 255
368 255
395 255
278 256
293 256
131 257
143 257
233 257
238 257
329 257
420 257
87 258
154 258
163 258
164 258
198 258
268 258
365 258
397 258
460 258
130 259
292 259
295 259
334 259
364 259
386 259
437 259
447 259
64 260
197 260
266 260
270 260
282 260
300 260
314 260
380 260
411 260
436 260
42 261
176 261
211 261
250 261
322 261
104 262
231 262
240 262
247 262
299 262
123 263
154 263
157 263
227 263
276 263
300 263
351 263
399 263
475 263
168 264
211 264
238 264
353 264
38 265
197 265
337 265
54 266
216 266
220 266
287 266
293 266
372 266
387 266
464 266
149 267
150 267
185 267
202 267
207 267
223 267
262 267
320 267
331 267
421 267
72 268
120 268
216 268
254 268
357 268
406 268
418 268
432 268
143 269
158 269
271 269
415 269
430 269
317 270
327 270
452 270
141 271
161 271
173 271
235 271
238 271
357 271
373 271
430 271
190 272
213 272
318 272
367 272
394 272
112 273
152 273
193 273
249 273
440 273
90 274
290 274
308 274
362 274
170 275
256 275
327 275
361 275
437 275
470 275
164 276
207 276
244 276
274 276
369 276
418 276
425 276
164 277
201 277
258 277
60 278
84 278
143 278
151 278
154 278
211 278
261 278
326 278
349 278
428 278
41 279
129 279
269 279
342 279
382 279
397 279
458 279
181 280
192 280
196 280
219 280
246 280
259 280
280 280
288 280
381 280
425 280
102 281
278 281
311 281
405 281
414 281
88 282
186 282
369 282
370 282
445 282
115 283
125 283
152 283
200 283
229 283
297 283
324 283
405 283
419 283
212 284
233 284
409 284
111 285
291 285
299 285
401 285
152 286
230 286
360 286
387 286
399 286
402 286
75 287
227 287
262 287
265 287
280 287
290 287
321 287
327 287
343 287
477 287
89 288
175 288
182 288
235 288
345 288
346 288
355 288
418 288
428 288
91 289
96 289
103 289
117 289
219 289
272 289
282 289
316 289
361 289
51 290
212 290
227 290
251 290
283 290
299 290
302 290
329 290
331 290
419 290
94 291
119 291
141 291
280 291
298 291
374 291
439 291
81 292
202 292
327 292
352 292
392 292
214 293
350 293
435 293
465 293
69 294
121 294
159 294
212 294
261 294
334 294
406 294
109 295
172 295
174 295
190 295
207 295
277 295
283 295
318 295
393 295
422 295
46 296
86 296
114 296
166 296
194 296
222 296
291 296
335 296
350 296
370 296
120 297
142 297
251 297
365 297
378 297
419 297
93 298
131 298
135 298
269 298
285 298
335 298
397 298
98 299
104 299
121 299
139 299
197 299
260 299
386 299
402 299
406 299
164 300
180 300
185 300
364 300
429 300
453 300
59 301
206 301
135 302
229 302
410 302
428 302
124 303
152 303
205 303
214 303
238 303
256 303
266 303
304 303
312 303
353 303
470 303
304 304
309 304
382 304
383 304
392 304
96 305
101 305
257 305
291 305
354 305
356 305
397 305
124 306
177 306
274 306
403 306
435 306
39 307
76 307
141 307
148 307
219 307
268 307
391 307
398 307
424 307
321 308
338 308
349 308
374 308
53 309
141 309
154 309
159 309
203 309
211 309
292 309
304 309
456 309
69 310
228 310
445 310
94 311
195 311
210 311
248 311
282 311
309 311
415 311
144 312
353 312
398 312
118 313
135 313
141 313
224 313
325 313
345 313
395 313
475 313
89 314
166 314
171 314
201 314
230 314
259 314
285 314
323 314
339 314
373 314
178 315
266 315
274 315
461 315
144 316
207 316
279 316
294 316
362 316
155 317
219 317
243 317
44 318
121 318
216 318
251 318
266 318
439 318
154 319
158 319
160 319
212 319
232 319
286 319
318 319
341 319
398 319
129 320
187 320
222 320
225 320
230 320
260 320
277 320
283 320
294 320
308 320
316 320
433 320
27 321
291 321
372 321
477 321
131 322
256 322
274 322
59 323
207 323
318 323
326 323
358 323
108 324
312 324
389 324
449 324
372 325
402 325
465 325
79 326
272 327
341 327
127 328
150 328
102 329
203 329
279 329
453 329
34 330
181 330
362 330
419 330
243 331
274 331
292 331
363 331
375 331
439 331
72 332
220 332
353 332
257 333
292 333
313 333
319 333
381 333
47 334
173 334
328 334
466 334
197 335
276 335
377 335
388 335
406 335
67 336
117 336
292 336
301 336
94 337
147 337
240 337
280 337
389 337
391 337
314 338
370 338
231 339
374 339
194 340
242 340
422 340
457 340
168 341
291 341
342 341
388 341
396 341
392 342
254 343
291 343
365 343
373 343
381 343
435 343
33 344
59 344
257 344
410 344
470 344
213 345
248 345
318 345
355 345
365 345
379 345
384 345
446 345
82 346
266 346
314 346
134 347
165 347
190 347
309 347
386 347
397 347
106 348
373 348
379 348
239 349
299 349
426 349
274 350
288 350
300 350
331 350
210 351
291 351
367 351
384 351
390 351
413 351
450 351
225 352
253 352
342 352
458 352
48 353
264 353
388 353
391 353
76 354
242 354
294 354
370 354
399 354
160 355
184 355
265 355
383 355
22 356
357 356
394 356
123 357
266 357
278 357
395 357
95 358
281 358
284 358
289 358
316 358
205 359
235 359
291 359
361 359
415 359
442 359
473 359
39 360
252 360
346 360
383 360
47 361
249 361
353 362
403 362
418 362
454 362
463 362
46 363
104 363
146 363
350 363
410 363
50 364
58 364
67 364
92 364
132 364
251 364
277 364
330 364
394 364
90 365
113 365
271 365
417 365
41 366
231 366
268 366
288 366
333 366
433 366
174 367
198 367
357 367
384 367
433 367
112 368
257 368
302 368
324 368
327 368
370 368
404 368
405 368
127 369
133 369
356 369
363 369
368 369
58 370
62 370
114 370
244 370
346 370
445 370
219 371
247 371
273 371
265 372
269 372
278 372
385 372
393 372
418 372
63 373
78 373
110 373
123 373
137 373
147 373
247 373
427 373
462 373
82 374
190 374
275 374
358 374
407 374
416 374
432 374
146 375
301 375
354 375
365 375
376 375
273 376
280 376
331 376
259 377
283 377
41 378
50 378
59 378
103 378
280 378
312 378
364 378
380 378
384 378
421 378
62 379
87 379
108 379
252 379
262 379
345 379
361 379
397 379
431 379
450 379
367 380
371 380
68 381
348 381
358 381
375 381
402 381
44 382
83 382
123 382
144 382
208 382
237 382
255 382
336 382
361 382
372 382
405 382
122 383
165 383
244 383
409 383
70 384
187 384
221 384
393 384
401 384
144 385
323 385
360 385
398 385
423 385
436 385
300 386
437 386
48 387
146 387
340 387
351 387
464 387
52 388
98 388
106 388
111 388
262 388
384 388
385 388
409 388
450 388
34 389
103 389
108 389
121 389
141 389
260 389
364 389
398 389
202 390
316 390
340 390
349 390
433 390
151 391
282 391
429 391
55 392
93 392
153 392
181 392
230 392
244 392
327 392
354 392
86 393
246 393
247 393
262 393
352 393
386 393
425 393
80 394
111 394
211 394
270 394
73 395
77 395
297 395
330 395
386 395
411 395
415 395
65 396
110 396
130 396
197 396
123 397
361 397
374 397
439 397
468 397
280 398
350 398
385 398
410 398
426 398
62 399
100 399
226 399
387 399
47 400
21 401
366 401
381 401
439 401
85 402
110 402
146 402
282 402
310 402
351 402
289 403
295 403
353 403
170 404
315 404
346 404
372 404
403 404
454 404
101 405
222 405
254 405
325 405
362 405
386 405
399 405
71 406
116 406
122 406
236 406
291 406
332 406
337 406
397 406
82 407
137 407
204 407
40 408
97 408
185 408
375 408
426 408
439 409
99 410
116 410
118 410
348 410
386 410
410 410
426 410
432 410
442 410
472 410
273 411
287 411
305 411
387 411
412 411
317 412
103 413
342 413
358 413
405 413
286 414
308 414
362 414
382 414
384 414
416 414
106 415
230 415
250 415
307 415
413 415
458 415
58 416
91 416
109 416
290 416
356 416
363 416
380 416
399 416
408 416
85 417
284 417
292 417
155 418
194 418
322 418
336 418
369 418
374 418
475 418
30 419
92 419
124 420
173 420
299 420
385 420
432 420
110 421
294 421
296 421
339 421
416 421
335 422
411 422
209 423
304 423
307 423
396 423
445 423
49 424
80 424
421 424
429 424
81 425
113 425
264 425
346 425
464 425
284 426
299 426
330 426
401 426
318 427
327 427
385 427
404 427
412 427
424 427
143 428
407 428
284 429
359 429
376 429
413 429
167 430
220 430
334 430
349 430
185 431
376 431
413 431
436 431
38 432
72 432
108 432
119 432
239 432
301 432
106 433
287 433
332 433
355 433
424 433
298 434
357 434
411 434
438 434
65 435
91 435
98 435
105 435
135 435
352 435
111 436
116 436
159 436
200 436
386 436
416 436
98 437
276 437
282 437
410 437
86 438
94 438
103 438
256 438
394 438
435 438
215 439
368 439
406 439
424 439
115 440
285 440
330 440
408 440
472 440
363 441
93 442
128 442
252 442
400 442
459 442
220 443
387 443
188 444
250 444
255 444
313 444
343 444
227 445
265 445
413 445
151 446
325 446
393 446
166 447
271 447
292 447
428 447
48 448
116 448
362 448
376 448
396 449
243 450
256 450
421 450
447 450
79 451
201 451
247 451
364 451
381 451
429 451
204 452
213 452
223 452
272 452
423 452
460 452
243 453
429 453
139 454
176 454
207 454
228 454
266 454
269 454
392 454
106 455
216 455
243 455
288 456
310 456
323 456
340 456
35 457
154 457
377 457
349 458
431 458
218 459
403 459
65 460
320 460
390 460
97 461
131 461
167 461
192 461
246 461
379 461
416 461
449 461
216 462
227 462
258 462
283 462
365 462
209 463
262 463
422 463
438 463
53 465
236 465
249 465
391 465
227 466
370 466
418 466
89 467
242 467
271 467
303 467
382 467
387 467
157 468
210 468
253 468
391 468
404 468
453 468
210 469
336 469
376 469
430 469
122 470
202 470
234 470
253 470
272 470
293 470
350 470
360 470
42 471
197 471
210 471
261 471
317 471
434 471
176 472
253 472
276 472
471 472
252 473
72 474
143 474
229 474
213 475
417 475
434 475
110 476
215 476
258 476
266 476
275 476
394 476
419 476
63 477
233 477
420 477
241 478
250 478
349 478
385 478
390 478
396 478
243 479
330 480
383 480
476 480
162 481
289 481
314 481
386 481
395 481
166 482
219 482
372 482
408 482
436 482
461 482
52 483
94 483
147 483
169 483
266 483
359 483
198 484
368 484
156 485
344 485
357 485
126 486
129 486
185 486
379 486
306 487
368 487
396 487
180 488
283 488
325 488
418 488
235 489
79 490
208 490
382 490
385 490
428 490
455 490
258 491
364 491
413 491
445 491
121 492
143 492
370 492
389 492
416 492
432 492
119 493
127 493
137 493
194 493
363 493
130 494
172 494
230 494
320 494
352 494
469 494
64 495
200 495
277 495
55 496
163 496
176 496
299 496
350 496
402 496
404 496
145 497
337 497
387 497
109 498
125 498
189 498
417 498
159 499
224 499
432 499
315 500
360 500
409 500
97 501
178 501
195 501
459 501
244 502
293 502
355 502
386 502
435 502
122 503
372 503
406 503
89 504
152 504
378 504
436 504
141 505
332 505
342 505
391 505
424 505
199 506
266 506
372 506
407 506
419 506
76 507
157 507
176 507
216 507
340 507
365 507
200 508
330 508
404 508
357 509
425 509
139 510
144 510
146 510
161 510
182 510
194 510
257 510
304 510
329 510
347 510
401 510
440 510
467 510
60 511
126 511
238 511
379 511
392 511
413 511
122 512
137 512
169 512
336 512
371 512
396 512
161 513
283 513
355 513
436 513
145 514
175 514
434 514
115 515
126 515
178 515
204 515
321 515
323 515
332 515
381 515
189 516
330 516
370 516
427 516
456 516
92 517
226 517
420 517
341 518
376 518
174 519
181 519
253 519
385 519
403 519
136 520
165 520
197 520
295 520
391 520
189 521
246 521
276 521
369 521
440 521
218 522
238 522
66 523
151 523
155 523
255 523
358 524
380 524
414 524
133 525
312 525
140 526
206 526
243 526
392 526
470 526
149 527
237 527
263 527
226 528
330 528
347 528
210 529
286 529
448 529
175 530
240 530
250 530
327 530
359 530
423 530
109 531
266 531
272 531
353 531
401 531
93 532
157 532
260 532
300 532
263 533
164 534
218 534
337 534
353 534
477 534
240 535
275 535
453 535
126 536
242 536
154 537
195 537
225 537
234 537
258 537
267 537
271 537
322 537
141 538
152 538
258 538
410 538
436 538
122 539
322 539
331 539
343 539
367 539
182 540
251 540
290 540
357 540
461 540
140 541
156 541
209 541
217 541
381 541
272 542
348 542
356 542
86 543
125 543
141 543
389 543
470 543
203 544
215 544
243 544
268 544
282 544
70 545
101 545
419 545
112 546
132 546
217 546
339 546
398 546
443 546
123 547
201 547
237 547
217 548
221 548
229 548
268 548
312 548
360 548
215 550
229 550
237 550
133 551
146 551
219 551
330 551
448 551
223 552
233 552
254 552
301 552
328 552
350 552
176 553
378 553
429 553
475 553
156 554
258 554
355 554
122 555
165 555
274 555
322 555
398 555
140 556
142 556
286 556
341 556
388 556
129 557
325 557
344 557
347 557
350 557
220 558
229 558
259 558
407 558
439 558
203 559
246 559
327 559
364 559
459 559
210 560
338 560
359 560
415 560
312 561
314 561
71 562
90 562
118 562
239 562
250 562
259 562
208 563
273 563
106 564
231 564
276 564
325 564
380 564
243 565
260 565
297 565
325 565
470 565
127 566
423 566
183 567
203 567
229 567
260 567
261 567
301 567
447 567
135 568
267 568
336 568
342 568
354 568
371 568
384 568
154 569
170 569
203 569
147 570
215 570
259 570
289 570
399 570
231 571
247 571
279 571
290 571
357 571
433 571
325 572
336 572
356 572
236 573
306 573
410 573
344 574
377 574
394 574
459 574
264 575
278 575
308 575
317 575
475 575
202 576
266 576
237 577
420 577
261 578
285 578
321 578
383 578
438 578
91 579
201 579
221 579
333 579
374 579
115 580
364 580
200 581
230 581
252 581
279 581
307 581
313 581
147 582
249 582
258 582
317 582
354 582
131 583
139 583
164 583
298 583
361 583
446 583
468 583
180 584
215 584
221 586
337 586
387 586
282 587
372 587
381 587
455 587
259 588
283 588
381 588
206 589
213 589
313 589
355 589
310 590
401 590
414 590
254 591
256 591
342 591
312 592
363 592
429 592
476 592
232 593
273 593
330 593
197 594
228 594
315 594
317 594
319 594
354 594
210 595
240 595
395 595
204 596
293 596
306 596
349 596
439 596
462 596
231 597
270 597
388 597
120 598
138 599
292 600
300 600
378 600
381 600
153 601
275 601
358 601
445 601
473 601
164 602
371 602
401 602
389 603
176 604
415 605
187 607
206 608
336 608
463 609
240 610
298 610
321 610
222 611
232 611
352 611
313 612
435 613
468 613
364 614
376 614
262 615
166 617
387 617
442 617
476 617
186 618
275 618
395 618
285 619
454 620
199 621
215 622
296 623
307 623
405 623
233 625
322 625
418 626
332 627
340 627
245 628
429 629
181 631
257 631
352 631
440 631
192 632
366 632
376 632
271 634
385 635
283 636
408 636
222 637
397 637
