164 2
249 2
312 2
116 3
300 3
200 4
284 8
236 9
141 10
408 10
355 11
422 11
456 11
467 11
102 12
182 12
227 12
269 13
375 13
389 13
440 13
346 14
171 15
318 16
332 16
215 17
254 18
307 18
82 22
113 23
199 23
241 23
291 24
150 25
453 25
464 26
439 28
226 29
351 29
391 29
406 29
475 29
99 30
271 30
371 30
414 30
177 31
335 31
213 32
259 32
319 32
427 32
137 33
308 34
438 34
81 35
246 36
282 38
455 38
118 39
202 39
292 39
160 40
141 41
159 41
362 41
378 41
473 41
121 42
133 42
227 42
147 43
357 43
223 44
369 44
383 44
106 45
231 45
242 45
268 45
403 45
185 46
421 46
228 47
236 47
348 47
352 47
142 48
206 48
212 48
230 48
233 48
249 48
321 48
391 48
438 48
337 49
368 49
395 49
314 50
329 50
333 50
354 50
207 51
218 51
331 51
349 51
168 52
326 52
446 52
460 52
131 53
273 53
296 53
305 53
322 53
123 54
236 54
282 54
136 55
255 55
276 55
383 55
83 56
201 56
261 56
474 56
150 57
153 57
188 57
388 57
361 58
366 58
373 59
406 59
129 60
159 60
207 60
237 60
254 60
217 61
335 61
351 61
414 61
108 62
143 62
266 63
350 63
433 63
203 64
237 64
170 65
323 65
343 65
398 65
96 66
199 66
226 66
335 66
134 67
312 67
371 67
289 69
387 69
452 69
359 70
149 71
150 71
240 71
272 71
370 71
389 71
463 71
234 72
326 72
408 72
131 73
215 73
224 73
255 73
273 73
331 73
397 73
473 73
208 74
261 74
339 74
354 74
395 74
115 75
343 75
75 76
171 76
261 76
325 76
358 76
380 76
420 76
233 77
329 77
269 78
295 78
335 78
372 78
136 79
203 79
347 79
137 80
185 80
257 80
288 80
432 80
218 82
288 82
399 82
445 82
453 82
126 83
171 83
275 83
297 83
94 84
217 84
356 84
144 85
219 85
257 85
334 85
347 85
373 85
461 85
60 86
117 86
157 86
168 86
282 86
308 86
396 86
430 86
157 87
199 87
235 87
285 87
324 87
397 87
130 88
183 88
410 88
117 89
122 89
290 89
132 90
163 90
313 90
424 91
106 92
192 92
198 92
289 92
296 92
384 92
473 92
92 93
113 93
219 93
266 93
393 93
141 94
146 94
316 94
436 94
78 95
105 95
165 95
305 95
376 95
439 95
108 96
204 96
283 96
293 96
359 96
174 97
233 97
308 97
343 97
94 98
191 98
202 98
327 98
334 98
388 99
436 99
235 100
392 100
399 100
424 100
83 101
164 101
167 101
198 101
300 101
373 101
399 101
65 102
178 102
304 102
307 102
459 102
90 103
121 103
191 103
213 103
361 103
383 103
399 103
223 104
280 104
391 104
56 105
95 105
158 105
402 105
421 105
149 106
261 106
315 106
85 107
111 107
211 107
230 107
389 107
330 108
367 108
475 108
149 109
156 109
172 109
305 109
323 109
347 109
400 109
438 109
247 110
302 110
317 110
83 111
135 111
174 111
387 111
405 111
129 112
159 112
197 112
203 112
114 113
139 113
197 113
232 113
102 114
197 114
290 114
357 114
167 115
214 115
289 115
374 115
409 115
431 115
456 115
98 116
130 116
148 116
225 116
279 116
303 116
369 116
384 116
413 116
262 117
294 117
372 117
384 117
225 118
300 118
464 118
129 119
176 119
304 119
331 119
346 119
428 119
105 120
207 120
319 120
400 120
428 120
438 120
162 121
248 121
272 121
308 121
317 121
151 122
243 122
259 122
296 122
306 122
400 122
201 123
80 124
108 124
112 124
360 124
413 124
442 124
164 125
270 125
101 126
228 126
292 126
129 127
156 127
275 127
386 127
189 128
286 128
101 129
132 129
148 129
317 129
460 129
175 130
177 130
214 130
250 130
259 130
300 130
334 130
123 131
181 131
260 131
113 132
143 132
255 132
398 132
64 133
122 133
132 133
191 133
251 133
343 133
469 133
92 134
170 134
280 134
434 134
116 135
140 135
159 135
166 135
245 135
253 135
355 135
202 136
301 136
312 136
319 136
368 136
84 137
163 137
278 137
189 138
198 138
264 138
92 139
253 139
282 139
383 139
421 139
186 140
101 141
134 141
150 141
217 141
285 141
445 141
125 142
240 142
311 142
398 142
46 143
153 143
111 144
268 144
314 144
354 144
407 144
91 145
153 145
158 145
188 145
337 145
167 146
177 146
200 146
234 146
361 146
373 146
458 146
60 147
157 147
161 147
171 147
252 147
259 147
275 147
315 147
324 147
101 148
152 148
86 149
299 149
302 149
424 149
86 150
118 150
191 150
280 150
308 150
470 150
127 151
154 151
184 151
218 151
285 151
391 151
124 152
160 152
439 152
165 153
187 153
290 153
404 153
132 154
247 154
131 155
150 155
185 155
264 155
274 155
326 155
334 155
351 155
412 155
46 156
115 156
76 157
105 157
112 157
233 157
449 157
202 158
253 158
289 158
371 158
312 159
318 159
383 159
149 160
160 160
423 160
298 161
375 161
247 162
297 162
355 162
281 163
285 163
307 163
387 163
395 163
412 163
466 163
61 164
116 164
168 164
214 164
244 164
268 164
342 164
394 164
435 164
265 165
314 165
409 165
422 165
137 166
155 166
188 166
324 166
368 166
265 167
271 167
366 167
405 167
259 168
274 168
353 168
361 168
393 168
478 168
86 169
230 169
296 169
312 169
344 169
260 170
343 170
415 170
450 170
128 171
242 171
300 171
307 171
314 171
349 171
385 171
195 172
253 172
342 172
374 172
248 173
287 173
328 173
338 173
404 173
47 174
427 174
213 175
299 175
317 175
330 175
353 175
70 176
231 176
265 176
273 176
296 176
339 176
350 176
361 176
407 176
94 177
182 177
374 177
464 177
41 178
144 178
329 178
358 178
388 178
434 178
115 179
166 179
249 179
262 179
402 179
422 179
474 179
197 180
369 180
381 180
62 181
282 181
221 182
253 182
256 182
271 182
342 182
83 183
294 183
307 183
322 183
424 183
283 184
299 184
312 184
320 184
333 184
399 184
105 185
284 185
302 185
386 185
397 185
417 185
452 185
242 186
51 187
323 187
343 187
349 187
402 187
416 187
148 188
344 188
405 188
74 189
225 189
122 190
184 190
269 190
337 190
343 190
355 190
397 190
407 190
255 191
351 191
370 191
463 191
201 192
429 192
255 193
282 193
312 193
160 194
305 194
328 194
419 194
65 195
175 195
212 195
248 195
312 195
320 195
374 195
393 195
85 196
270 196
304 196
341 196
386 196
388 196
293 197
321 197
347 197
436 197
445 197
134 198
274 198
282 198
286 198
355 198
424 198
57 199
115 199
340 199
348 199
404 199
96 200
358 200
371 200
408 200
438 200
232 201
329 201
333 201
357 201
371 201
142 202
275 202
286 202
348 202
421 202
460 202
254 203
330 203
251 204
263 204
352 204
380 204
432 204
109 205
144 205
335 205
393 205
161 206
179 206
218 206
252 206
257 206
303 206
310 206
328 206
466 206
68 207
320 207
347 208
192 209
282 209
284 209
295 209
305 209
329 209
401 209
236 210
257 210
273 210
275 210
364 210
44 211
263 211
350 211
447 211
88 212
132 212
207 212
409 212
251 213
268 213
423 213
281 214
302 214
318 214
357 215
56 216
260 216
275 216
327 216
354 216
113 217
146 217
152 217
344 217
384 217
355 218
194 219
246 219
355 219
394 219
71 220
273 220
352 220
433 220
458 220
142 221
150 221
168 221
211 221
271 221
310 221
366 221
406 221
87 222
124 222
141 222
292 222
306 222
103 223
160 223
272 223
320 223
230 224
301 224
303 224
416 224
347 225
444 225
467 225
181 226
295 226
378 226
335 227
426 227
157 228
201 228
347 228
391 228
475 228
220 229
285 229
336 229
347 229
155 230
260 230
329 230
455 230
34 231
350 231
356 231
52 232
75 232
111 232
172 232
252 232
271 232
333 232
91 233
142 233
153 233
212 233
305 233
306 233
135 234
159 234
237 234
278 234
292 234
314 234
365 234
189 235
124 236
150 236
152 236
251 236
321 236
349 236
418 236
140 237
166 237
227 237
265 237
323 237
333 237
375 237
404 237
26 238
105 238
143 238
202 238
305 238
348 238
423 238
81 239
316 239
324 239
429 239
445 239
70 241
146 241
250 241
294 241
383 241
410 241
45 242
179 242
274 242
375 242
407 242
58 243
59 243
115 243
151 243
155 243
302 243
350 243
414 243
214 244
365 244
392 244
426 244
458 244
90 245
146 245
254 245
278 245
308 245
359 245
408 245
98 246
139 246
231 246
295 246
426 246
38 247
67 247
119 247
319 247
371 247
19 248
88 248
205 248
257 248
284 248
369 248
402 248
43 249
48 249
68 249
129 249
187 249
262 249
370 249
425 249
445 249
465 249
128 250
168 250
224 250
247 250
332 250
385 250
68 251
253 251
262 251
369 251
390 251
413 251
301 252
435 252
98 253
141 253
177 253
283 253
343 253
68 254
137 254
218 254
371 254
380 254
405 254
52 255
102 255
158 255
283 255
294 255
320 255
435 255
474 255
191 256
352 256
365 256
390 256
394 256
416 256
244 257
309 257
359 257
387 257
54 258
147 258
230 258
274 258
278 258
309 258
314 258
326 258
419 258
460 258
27 259
41 259
83 259
111 259
133 259
266 259
297 259
434 259
42 260
46 260
113 260
154 260
204 260
285 260
58 261
75 261
131 261
148 261
165 261
258 261
289 261
361 261
383 261
397 261
446 261
134 262
371 262
401 262
419 262
430 262
195 263
284 263
306 263
407 263
127 264
131 264
145 264
219 264
270 264
313 264
87 265
128 265
178 265
228 265
339 265
371 265
422 265
429 265
242 266
261 266
308 266
354 266
383 266
17 267
147 267
413 267
439 267
469 267
65 268
91 268
262 268
76 269
97 269
102 269
123 269
276 269
311 269
121 270
242 270
249 270
263 270
265 270
387 270
395 270
436 270
36 271
127 271
188 271
306 271
360 271
84 272
229 272
244 272
295 272
477 272
53 273
136 273
140 273
207 273
256 273
286 273
326 273
337 273
456 273
164 274
182 274
281 274
298 274
302 274
400 274
427 274
42 275
51 275
296 275
372 275
405 276
407 276
70 277
103 277
127 277
140 277
242 277
354 277
369 277
384 277
5 278
74 278
133 278
311 278
375 278
385 278
432 278
51 279
85 279
88 279
96 279
116 279
119 279
233 279
246 279
127 280
376 280
380 280
389 280
401 280
463 280
24 281
194 281
344 281
322 282
323 282
41 283
154 283
225 283
235 283
332 283
441 283
111 284
281 284
362 284
382 284
386 284
396 284
170 285
186 285
213 285
263 285
288 285
298 285
471 285
135 286
222 286
231 286
258 286
384 286
420 286
340 287
383 287
395 287
186 288
308 288
327 288
388 288
119 289
244 289
251 289
275 289
318 289
369 289
372 289
35 290
395 290
407 290
427 290
477 290
65 291
206 291
234 291
342 291
355 291
373 291
451 291
8 292
198 292
146 293
182 293
326 293
370 293
130 294
163 294
184 294
382 294
436 294
26 295
46 295
223 295
263 295
272 295
275 295
84 296
216 296
272 296
279 296
344 296
366 296
255 297
345 297
390 297
459 297
98 298
205 298
234 298
326 298
351 298
395 298
418 298
111 299
188 299
195 299
246 299
264 299
268 299
306 299
383 299
398 299
259 300
337 300
365 300
58 301
172 301
186 301
286 301
354 301
359 301
376 301
243 302
344 302
377 302
397 302
467 302
139 303
176 303
197 303
211 303
155 304
164 304
179 304
248 304
321 304
400 304
446 304
18 305
220 305
37 306
189 306
299 306
362 306
266 307
331 307
396 307
121 308
213 308
230 308
276 308
432 308
475 308
170 309
308 309
365 309
71 310
183 310
251 310
329 310
350 310
362 310
406 310
8 311
165 311
180 311
270 311
369 311
90 312
191 312
280 312
164 313
224 313
320 313
354 313
360 313
414 313
49 314
130 314
202 314
286 314
327 314
333 314
365 314
457 314
148 315
344 315
114 316
185 316
273 316
280 316
360 316
440 316
378 317
400 317
216 318
243 318
270 318
294 318
331 318
421 318
174 319
185 319
202 319
231 319
372 319
392 319
216 320
218 320
259 320
301 320
387 320
96 321
398 321
64 322
88 322
465 322
209 323
238 323
339 323
392 323
313 324
20 325
125 325
220 325
367 325
449 325
104 326
232 326
434 326
80 327
98 327
207 327
229 327
277 327
373 327
116 328
153 328
260 328
395 328
213 329
284 329
416 329
90 330
97 330
104 330
217 330
228 330
293 330
325 330
11 331
108 332
111 332
164 332
256 332
472 332
35 333
137 333
202 333
204 333
405 333
54 334
96 334
110 334
222 334
300 334
398 334
106 335
229 335
246 335
384 335
427 335
445 335
459 335
94 336
178 336
387 336
392 336
395 336
211 337
348 337
382 337
94 338
215 338
217 338
314 338
239 339
279 339
369 339
386 339
390 339
103 340
114 340
132 340
269 340
413 340
26 341
84 341
88 341
93 341
387 341
44 342
90 342
285 342
357 342
433 342
65 343
115 343
142 343
193 343
262 343
321 343
89 344
96 344
211 344
214 344
375 344
95 345
342 345
469 345
118 346
210 346
230 346
421 346
399 347
156 348
209 348
298 348
455 348
227 349
307 349
381 349
97 350
127 350
170 350
217 350
252 350
438 350
19 351
82 351
188 351
347 351
364 351
426 351
231 352
405 352
93 353
96 353
112 353
238 353
331 353
394 353
37 354
56 354
108 354
137 354
375 354
476 354
210 356
226 356
92 357
162 357
203 357
318 357
370 357
387 357
394 357
199 358
283 358
361 358
70 359
114 359
356 359
88 360
336 360
393 360
11 361
33 361
104 361
116 361
292 361
451 361
465 361
158 362
264 362
336 362
412 362
298 363
307 363
82 364
196 364
322 364
382 364
416 364
436 364
86 365
221 365
241 365
299 365
360 365
51 366
182 366
169 367
324 367
395 367
474 367
113 368
119 368
396 368
455 368
131 369
264 369
344 369
369 369
380 369
143 370
287 370
359 370
296 371
440 371
7 372
240 372
306 372
327 373
346 373
365 373
80 374
180 374
220 374
261 374
307 374
401 374
111 375
425 375
48 376
318 376
207 377
385 377
462 377
24 378
166 378
286 378
411 378
96 379
115 379
195 379
258 379
312 379
446 379
81 380
299 380
322 380
332 380
153 381
219 381
301 381
358 381
110 382
180 382
325 382
332 382
81 383
83 383
239 383
320 383
374 383
467 383
77 384
116 384
140 384
274 384
384 384
387 384
450 384
58 385
390 385
433 385
110 386
119 386
125 386
192 386
255 386
322 386
347 386
296 387
315 387
335 387
38 388
111 388
298 388
375 388
163 389
291 389
410 389
89 390
176 390
256 390
274 390
328 390
398 390
423 390
439 390
455 390
16 391
85 391
208 391
379 391
399 391
474 391
333 392
364 392
118 393
135 393
241 393
302 393
314 393
346 393
221 394
366 394
120 395
402 395
94 396
152 396
357 396
367 396
86 398
88 398
105 398
379 398
285 399
300 399
336 399
419 399
443 399
176 400
192 400
67 401
127 401
130 401
134 401
323 401
354 401
433 401
70 402
122 402
224 402
245 402
275 402
336 402
391 402
89 403
135 403
143 403
162 403
205 403
379 403
463 403
207 404
225 404
438 404
46 405
52 405
70 405
254 405
335 405
389 405
431 405
448 405
7 406
66 406
132 406
221 406
242 406
331 406
350 406
394 406
23 407
99 407
146 407
263 407
329 407
357 407
410 407
423 407
81 408
96 408
192 408
304 408
114 409
152 409
168 409
224 409
244 409
343 409
369 409
380 409
389 409
42 410
57 410
160 410
192 410
231 410
237 410
249 410
325 410
153 411
229 411
379 411
453 411
46 412
177 412
204 412
235 412
314 412
333 412
347 412
53 413
132 413
172 413
76 414
270 414
276 414
279 414
289 414
327 414
348 414
370 414
418 414
117 415
140 415
145 415
164 415
258 415
321 415
182 416
213 416
239 416
275 416
372 416
441 416
42 417
67 417
384 417
401 417
458 417
65 418
98 418
108 418
154 418
235 418
236 418
274 418
310 418
415 418
431 418
72 419
90 419
102 419
113 419
123 419
167 419
335 419
366 419
385 419
48 420
200 420
204 420
224 420
265 420
359 420
411 420
66 421
358 421
272 422
279 422
323 422
431 422
461 422
86 423
177 423
196 423
298 423
385 423
423 423
440 423
88 424
111 424
180 424
210 424
221 424
344 424
351 424
408 424
145 425
216 425
247 425
249 425
321 425
323 425
328 425
373 425
432 425
11 426
85 426
97 426
154 426
332 426
405 426
417 426
447 426
29 427
63 427
79 427
376 427
400 427
70 428
98 428
128 428
141 428
265 428
411 428
46 429
125 429
160 429
162 429
348 429
364 429
78 430
220 430
268 430
289 430
112 431
113 431
168 431
263 431
335 431
388 431
416 431
42 432
91 432
145 432
45 433
80 433
83 433
138 433
159 433
275 433
321 433
405 433
410 433
429 433
96 434
125 434
209 434
227 434
255 434
339 434
395 434
451 434
370 435
383 435
73 436
116 436
156 436
172 436
202 436
432 436
256 437
303 437
369 437
395 437
437 437
472 437
182 438
382 438
156 439
164 439
190 439
223 439
323 439
367 439
39 440
61 440
65 440
127 440
149 440
211 440
230 440
239 440
251 440
348 440
366 440
393 440
97 441
113 441
131 441
163 441
186 441
268 441
334 441
3 442
179 442
221 442
250 442
425 442
21 443
415 443
456 443
318 444
400 444
79 445
256 445
332 445
443 445
247 446
291 446
478 446
150 447
206 447
251 447
270 447
384 447
203 448
214 448
280 448
282 448
37 449
60 449
186 449
187 449
253 449
353 449
220 450
238 450
321 450
56 451
128 451
167 451
171 451
344 451
349 451
359 451
374 451
431 451
312 452
342 452
349 452
354 452
211 453
231 453
335 453
17 454
114 454
246 454
277 454
328 454
362 454
418 454
449 454
467 454
97 455
139 455
323 455
71 456
219 456
341 456
348 456
59 457
224 457
239 457
340 457
192 458
305 458
345 458
216 459
217 459
421 459
452 459
234 460
282 460
327 460
359 460
254 461
274 461
391 461
76 462
253 462
269 462
270 462
297 462
330 462
197 463
207 463
235 463
334 463
340 463
437 463
473 463
46 464
68 464
227 464
322 464
346 464
351 464
17 465
175 465
267 465
407 465
49 466
51 466
116 466
157 466
377 466
228 467
277 467
131 468
457 468
99 469
145 469
206 469
274 469
281 469
49 470
57 470
60 470
64 470
174 470
182 470
211 470
426 470
60 471
82 471
167 471
321 471
351 471
55 472
252 472
261 472
324 472
38 473
177 473
239 473
264 473
66 474
366 474
16 475
184 475
307 475
214 476
396 476
443 476
63 477
462 477
168 478
218 478
229 478
49 479
298 479
78 480
121 480
168 480
245 480
212 481
225 481
384 481
432 481
54 482
258 482
260 482
288 482
415 482
447 482
43 483
76 483
137 483
152 483
212 483
340 483
382 483
399 483
315 484
359 484
60 485
103 485
239 485
256 485
273 485
325 485
337 485
470 485
188 486
196 486
238 486
275 486
18 487
124 487
132 487
154 487
338 487
451 487
86 488
144 488
275 488
353 488
394 488
126 489
161 489
372 489
388 489
141 490
327 490
47 491
205 491
327 491
50 492
171 492
217 492
252 492
273 492
306 492
434 492
176 493
179 493
388 493
110 494
261 494
418 494
456 494
47 495
68 495
216 495
298 495
69 496
132 496
160 496
243 496
258 496
322 496
477 496
127 497
142 497
290 497
392 497
192 498
200 498
368 498
377 498
24 499
50 499
132 499
215 499
222 499
231 499
238 499
265 499
274 499
316 500
373 500
392 500
441 500
93 501
199 501
144 502
197 502
234 502
274 502
348 502
349 502
352 502
372 502
376 502
398 502
423 502
169 503
173 503
205 503
246 503
263 503
306 503
346 503
369 503
384 503
200 504
364 504
379 504
64 505
181 505
350 505
123 506
248 506
258 506
446 506
29 507
69 507
161 507
219 507
245 507
264 507
276 507
374 507
396 507
430 507
467 507
248 508
296 508
340 508
362 508
386 508
412 508
50 509
157 509
256 509
329 509
373 509
398 509
150 510
325 510
369 510
77 511
139 511
153 511
222 511
319 511
343 511
379 511
185 512
213 512
395 512
65 513
108 513
173 513
216 513
240 513
384 513
63 514
207 514
221 514
231 514
279 514
308 514
345 514
217 515
357 515
380 515
436 515
454 515
48 516
65 516
161 516
347 516
419 516
134 517
135 517
208 517
224 517
225 517
237 517
278 517
344 517
380 517
199 518
221 518
303 518
327 518
345 518
371 518
383 518
161 519
214 519
253 519
273 519
32 520
60 520
89 520
170 520
208 520
235 520
238 520
120 521
180 521
295 521
405 521
444 521
132 522
213 522
282 522
301 522
390 522
392 522
432 522
135 523
143 523
162 523
171 523
219 523
241 523
267 523
416 523
437 523
123 524
209 524
328 524
428 524
87 525
121 525
161 525
363 525
396 525
435 525
41 526
104 526
259 526
290 526
72 527
138 527
174 527
206 527
220 527
247 527
275 527
278 527
319 527
361 527
434 527
464 527
132 528
398 528
146 529
155 529
191 529
198 529
208 529
243 529
285 529
297 529
368 529
395 529
419 529
98 530
155 530
187 530
251 530
312 530
385 530
414 530
449 530
131 531
264 531
379 531
435 531
94 532
108 532
129 532
161 532
223 532
249 532
252 532
281 532
410 532
472 532
46 533
154 533
243 533
269 533
287 533
368 533
413 533
149 534
220 534
277 534
283 534
347 534
420 534
437 534
455 534
141 535
202 535
288 535
302 535
319 535
342 535
90 536
260 536
334 536
287 537
294 537
394 537
439 537
115 538
139 538
169 538
463 538
68 539
87 539
115 539
197 539
212 539
230 539
286 539
368 539
104 540
117 540
239 540
391 540
267 541
327 541
422 541
166 542
247 542
319 542
371 542
415 542
181 543
210 543
213 543
89 544
151 544
231 544
257 544
278 544
402 544
430 544
440 544
102 545
207 545
290 545
355 545
372 545
452 545
471 545
221 546
233 546
280 546
343 546
364 546
412 546
199 547
211 547
270 547
307 547
308 547
389 547
153 548
181 548
247 548
273 548
87 549
125 549
195 549
239 549
372 549
84 550
220 550
224 550
275 550
381 550
130 551
171 551
236 551
294 551
295 551
299 551
424 551
435 551
456 551
189 552
206 552
275 552
362 552
379 552
30 553
100 553
162 553
207 553
211 553
250 553
272 553
282 553
416 553
429 553
61 554
314 554
361 554
396 554
433 554
142 555
298 555
331 555
400 555
81 556
137 556
254 556
387 556
127 557
250 557
315 557
277 558
399 558
41 559
72 559
92 559
105 559
180 559
189 559
219 559
236 559
321 559
387 559
425 559
265 560
307 561
446 561
152 562
370 562
427 562
350 563
362 563
365 563
81 564
175 564
374 564
392 564
455 564
193 565
341 565
365 565
381 565
161 566
279 566
331 566
53 567
91 567
125 567
377 567
410 567
187 568
179 569
229 569
265 569
436 569
181 570
241 570
254 570
265 570
391 570
166 571
176 571
469 571
65 572
262 572
314 572
248 573
376 573
72 574
101 574
174 574
447 575
163 576
190 576
268 576
403 576
175 578
354 578
420 578
193 579
251 579
297 579
343 579
151 580
172 580
328 580
361 580
261 581
373 581
88 582
284 582
319 582
364 582
53 583
122 583
173 583
225 583
161 584
269 584
371 584
460 584
174 585
193 585
241 585
392 585
310 586
377 586
257 587
386 587
395 587
398 587
183 588
248 588
439 588
470 588
71 589
364 590
140 592
198 592
418 592
341 593
356 593
82 594
171 594
205 594
246 594
267 594
291 595
300 595
321 595
398 595
91 596
219 596
242 596
267 596
270 596
429 596
150 597
187 597
199 597
105 598
167 599
192 599
404 599
378 601
120 603
168 604
274 604
181 605
252 605
351 605
387 605
301 606
319 607
331 607
366 607
416 607
136 608
406 611
94 612
432 612
262 615
109 616
166 616
245 617
297 617
121 618
221 618
308 619
336 619
400 619
389 620
455 620
182 621
413 621
435 621
137 623
195 623
224 626
255 626
317 629
330 629
334 629
109 631
120 634
422 634
411 635
436 635
285 636
400 637
