205 3
153 4
247 4
423 5
96 6
477 6
141 9
190 9
304 11
398 11
279 13
457 13
357 15
345 17
174 18
117 19
263 19
337 21
325 22
253 23
472 23
204 24
158 25
102 26
232 28
308 28
454 28
378 29
291 30
366 30
424 30
443 30
189 31
391 31
143 32
87 33
343 33
135 34
268 34
130 37
80 38
251 38
329 38
72 39
475 39
287 41
412 41
68 42
116 42
212 42
308 42
416 42
200 43
238 43
431 43
450 43
466 43
223 44
290 44
382 44
405 44
348 45
402 45
62 46
331 46
418 46
313 48
355 48
236 49
97 50
338 50
214 51
155 52
165 53
224 53
233 53
258 53
336 53
410 53
237 55
475 55
138 56
214 56
294 56
314 56
437 56
454 56
203 57
228 58
230 58
292 58
356 58
359 58
404 58
416 58
341 59
389 59
435 59
231 60
297 60
70 61
79 61
121 61
216 61
228 62
428 62
278 63
335 64
61 65
110 65
167 65
202 65
228 65
233 65
320 65
415 65
200 66
235 66
407 66
474 66
213 68
267 68
441 68
460 68
405 69
430 69
373 70
389 70
146 71
239 71
345 71
405 71
412 71
312 72
337 72
90 73
231 73
292 73
283 74
285 74
351 74
353 74
180 75
293 75
304 75
322 75
207 77
220 77
306 77
307 77
338 77
445 77
132 78
221 78
236 78
314 78
205 79
288 79
75 80
415 80
471 80
90 81
375 81
389 81
115 82
162 82
272 82
349 82
399 82
402 82
363 83
158 84
258 84
267 84
154 85
213 85
235 85
246 86
156 87
331 87
346 87
231 88
420 88
130 89
261 89
297 89
311 89
322 89
359 89
416 89
429 89
178 90
229 90
51 91
89 91
155 91
194 91
237 91
246 91
336 91
450 91
207 92
216 92
243 92
438 92
456 92
89 93
91 93
323 93
429 93
223 94
412 94
213 95
283 95
163 96
222 96
248 96
263 96
269 96
386 96
476 96
231 97
261 97
273 97
209 98
219 98
365 98
347 99
160 100
211 100
232 100
345 100
153 101
264 101
309 101
333 101
89 102
119 102
253 102
423 102
194 103
228 103
294 103
355 103
97 104
118 104
140 104
258 104
105 105
127 105
94 106
123 106
267 106
272 106
408 106
417 106
133 107
236 107
245 107
60 108
115 108
122 108
175 108
420 108
442 108
390 109
401 109
426 109
83 110
229 110
371 110
55 111
464 111
156 112
163 112
339 112
49 113
93 113
245 113
323 113
341 113
349 113
355 113
217 114
238 114
265 114
296 114
219 115
271 115
278 115
310 115
325 115
433 115
472 115
251 117
266 117
100 118
143 118
216 118
257 118
439 118
197 119
436 119
77 120
222 120
244 120
432 120
147 121
218 121
243 121
126 122
366 122
375 122
99 123
124 123
180 123
302 123
387 123
290 124
303 124
399 124
401 124
112 125
212 125
328 125
353 125
373 125
430 125
254 126
275 126
293 126
419 126
278 127
61 128
119 128
124 128
158 128
157 129
205 129
303 129
51 130
143 130
392 130
461 130
95 131
299 131
447 131
272 132
139 133
149 133
262 133
146 134
295 134
391 134
477 134
232 135
247 135
309 136
328 136
384 136
79 137
174 137
237 137
315 137
378 137
39 138
253 138
271 138
276 138
343 138
356 138
283 139
391 139
118 140
160 140
226 140
377 140
103 141
155 141
210 141
373 142
377 142
385 142
428 142
153 143
222 143
277 143
285 143
151 144
62 145
107 145
112 145
119 145
366 145
445 145
104 146
194 146
298 146
393 146
120 147
130 147
153 147
226 147
266 147
282 147
305 147
146 148
258 148
282 148
365 148
370 148
456 148
463 148
474 148
107 149
179 149
271 149
90 150
201 150
291 150
49 151
103 151
242 151
243 151
294 151
320 151
334 151
353 151
128 152
368 152
386 152
86 154
132 154
169 154
225 154
316 154
319 154
402 154
245 155
139 156
159 156
411 156
157 157
400 157
146 158
200 158
208 158
211 158
229 158
425 158
92 159
238 159
262 159
113 160
100 161
253 161
143 162
258 162
285 162
300 162
312 162
345 162
391 162
441 162
64 163
83 163
186 163
264 163
431 163
380 164
248 165
325 165
329 165
366 165
411 165
453 165
207 166
94 167
129 167
144 167
255 167
279 167
391 167
131 168
231 168
361 168
401 168
350 169
415 169
430 169
472 169
44 170
165 170
335 170
358 170
386 170
88 171
130 171
434 171
150 172
215 172
249 172
347 172
369 172
201 173
204 173
417 173
409 174
111 175
192 175
262 175
271 175
285 175
396 175
72 176
95 176
268 176
300 176
315 176
420 176
429 176
86 177
224 177
109 178
248 178
327 178
439 178
63 179
142 179
272 179
390 179
391 179
410 179
442 179
82 180
101 180
124 180
388 180
231 181
378 181
398 181
452 181
107 182
222 182
254 182
341 182
169 183
251 183
90 184
112 185
145 185
389 185
405 185
48 186
92 186
118 186
214 186
360 186
238 187
249 187
465 187
203 188
227 188
267 188
346 188
77 189
152 189
196 189
224 189
256 189
274 189
290 189
370 189
371 189
420 189
43 190
240 190
385 190
478 190
102 191
117 191
303 191
310 191
370 191
421 191
184 192
318 192
324 192
114 193
138 193
205 193
239 193
264 193
365 193
383 193
435 193
123 194
339 194
86 195
99 195
331 195
334 195
438 195
128 196
223 196
398 196
94 197
123 197
243 197
165 198
217 198
229 198
250 198
259 198
400 198
453 198
210 199
411 199
56 200
206 200
342 200
350 200
422 200
114 201
231 201
247 201
100 202
104 202
153 202
359 202
277 203
416 203
436 203
189 204
274 204
276 204
294 204
356 204
474 204
81 205
98 205
141 205
229 205
264 205
371 205
81 206
109 206
246 206
307 206
432 206
339 207
45 208
236 208
239 208
318 208
223 209
385 209
93 210
132 210
334 210
335 210
248 211
262 211
343 211
428 211
447 211
70 212
210 212
345 212
413 212
119 213
225 213
244 213
426 213
195 214
343 214
415 214
432 214
89 215
117 215
201 215
349 215
461 215
112 216
149 216
216 216
244 216
259 216
260 216
394 216
425 217
184 218
247 218
303 218
138 219
234 219
255 219
263 219
327 219
362 219
472 219
108 220
204 220
339 220
55 221
202 221
273 221
102 222
244 222
165 223
321 223
374 223
439 223
48 224
97 224
241 224
264 224
343 224
415 224
261 225
331 225
411 225
201 226
278 226
104 227
108 227
121 227
153 227
189 227
279 227
348 228
355 228
358 228
428 228
456 228
69 229
388 229
38 230
88 230
228 230
241 230
266 230
344 230
426 230
94 231
176 232
241 232
336 232
33 233
114 233
138 233
111 234
217 234
313 234
361 234
397 234
91 235
205 235
96 236
254 236
258 236
322 236
341 236
404 236
406 236
470 236
59 237
422 237
442 237
267 238
349 238
372 238
94 239
252 239
334 240
412 240
439 240
116 241
278 241
118 242
151 242
205 242
218 242
226 242
245 242
369 242
377 242
177 243
295 243
241 244
135 245
199 245
348 245
430 245
459 245
45 246
106 246
170 246
389 246
51 247
98 247
278 247
373 247
76 248
312 248
397 248
100 249
127 249
154 250
216 250
252 250
257 250
363 250
438 250
208 251
245 251
88 252
210 252
266 252
325 252
366 252
379 252
407 252
474 252
41 253
214 253
276 253
286 254
87 255
112 255
178 255
378 255
447 255
45 256
95 256
114 256
363 256
371 256
384 256
387 256
200 257
110 258
134 258
342 258
54 259
66 259
302 259
388 259
400 259
424 259
459 259
375 260
380 260
43 261
46 261
73 261
162 261
242 261
272 261
100 262
187 262
228 262
261 262
64 263
112 263
246 263
467 263
106 264
119 264
150 264
210 264
262 264
359 264
124 265
371 265
438 265
175 266
326 266
366 266
380 266
402 266
65 267
70 267
84 267
203 267
240 267
277 267
287 267
413 268
192 269
106 270
380 270
81 271
136 271
261 271
235 272
255 272
343 272
454 272
52 273
161 273
237 274
73 275
270 275
305 275
393 275
428 275
120 276
224 276
392 276
47 277
147 277
207 277
262 277
273 277
323 277
93 278
95 278
225 278
268 278
466 278
48 279
89 279
193 279
273 279
362 279
379 279
439 280
47 281
91 281
137 281
234 281
284 281
407 281
141 282
175 282
237 282
341 282
167 283
375 283
479 283
41 284
112 284
194 284
294 284
106 285
174 285
298 285
44 286
57 286
94 286
452 286
79 287
107 287
129 287
158 287
170 287
228 287
233 287
307 287
312 287
419 287
206 288
392 288
76 289
140 289
212 289
231 289
122 290
224 290
238 290
290 290
310 290
169 291
183 291
264 291
265 291
314 291
363 291
430 291
96 292
205 292
225 292
466 292
45 293
89 293
94 293
151 293
200 293
282 293
42 294
67 294
115 294
121 294
144 294
277 294
312 294
340 294
407 294
43 295
114 295
182 295
21 296
60 296
173 296
278 296
289 296
376 296
438 296
253 297
65 298
168 298
207 298
301 298
353 298
115 299
148 299
216 299
333 299
92 300
180 300
220 300
232 300
242 300
294 300
389 300
71 301
80 301
213 301
256 302
304 302
422 302
449 302
279 303
301 303
342 303
151 304
285 305
368 305
460 305
52 306
98 306
103 306
234 306
249 306
308 306
29 307
72 307
119 307
179 307
288 307
306 307
403 307
429 307
58 308
63 308
241 308
72 309
175 309
189 309
134 310
195 310
274 310
280 310
286 310
312 310
122 311
201 311
211 311
309 311
383 311
438 311
187 312
311 312
330 312
107 313
210 313
235 313
243 313
269 313
285 313
356 313
62 314
150 314
216 314
302 314
413 314
471 314
85 315
163 315
204 315
272 315
276 315
54 316
123 316
195 316
220 316
73 317
270 317
310 317
15 318
61 318
131 318
135 318
396 318
419 318
154 319
241 319
371 319
424 319
36 320
84 320
122 320
268 320
292 320
346 320
352 321
174 322
54 323
72 323
94 323
173 323
221 323
309 323
458 324
66 325
221 325
236 325
280 325
328 325
386 325
433 325
127 326
136 326
205 326
208 326
320 326
137 327
304 327
307 327
413 327
466 327
73 328
249 328
365 328
429 328
63 329
109 329
183 329
287 329
299 329
41 330
147 330
155 330
191 330
237 330
283 330
343 330
63 331
81 331
83 331
166 331
200 331
222 331
298 331
60 332
156 332
239 332
262 332
293 332
400 332
415 332
293 333
375 333
446 333
180 334
424 334
473 334
54 335
123 335
174 335
202 335
325 335
48 336
176 336
211 336
274 336
15 337
142 337
213 337
229 337
301 337
313 337
62 338
94 338
319 338
357 338
69 339
73 339
128 339
170 339
172 339
386 339
440 339
114 340
408 340
34 341
51 341
104 341
130 341
136 341
228 341
335 341
412 341
437 341
458 341
114 342
192 343
224 343
256 343
159 344
169 344
292 344
371 344
394 344
67 345
74 345
420 345
107 346
150 346
197 346
207 346
217 346
220 346
469 346
59 347
109 347
173 347
205 347
270 347
320 347
401 347
430 347
83 348
186 348
197 348
402 348
103 349
135 349
151 349
214 349
233 349
237 349
284 349
350 349
123 350
233 350
407 350
42 351
61 351
178 351
246 351
304 351
448 351
475 351
59 352
117 352
162 352
172 352
219 352
300 352
302 352
431 352
17 353
128 353
194 353
320 353
51 354
97 354
171 354
188 354
191 354
283 354
412 354
142 355
231 355
58 356
219 356
338 356
362 356
47 357
130 357
151 357
196 357
313 357
413 357
200 358
211 358
238 358
297 358
318 358
394 358
458 358
136 359
161 359
412 359
73 360
180 360
187 360
267 360
296 360
371 360
71 361
229 361
321 361
352 361
48 362
334 362
46 363
240 363
282 363
26 364
60 364
102 364
310 364
426 364
466 364
83 365
234 365
349 365
364 365
381 365
402 365
251 366
323 366
42 367
150 367
219 367
306 367
380 367
332 368
369 368
98 369
118 369
227 369
284 369
285 369
340 369
374 369
398 369
400 369
63 370
267 370
285 370
309 370
310 370
358 370
359 370
434 370
330 371
361 371
412 371
41 372
113 372
143 372
182 372
222 372
211 373
325 373
339 373
391 373
478 373
230 374
370 374
167 375
227 375
78 376
298 376
439 376
462 376
233 377
253 377
278 377
309 377
319 377
320 377
355 377
30 378
54 378
75 378
104 378
225 378
298 378
299 378
339 378
349 378
368 378
400 378
133 379
375 379
397 379
446 379
66 380
203 380
237 380
160 381
71 382
199 382
240 382
282 382
308 382
206 383
328 383
426 383
470 383
265 384
383 384
46 385
80 385
289 385
357 385
374 385
383 385
406 385
207 386
213 386
311 386
20 387
119 387
191 387
318 387
345 387
375 387
53 388
65 388
148 388
249 388
42 389
200 389
226 389
274 389
332 389
89 390
217 390
367 390
461 390
50 391
332 391
394 391
414 391
436 391
229 392
364 392
66 393
71 393
182 393
278 393
318 393
352 393
80 394
299 394
324 394
356 394
366 394
372 394
14 395
81 395
76 396
176 396
258 396
289 396
328 396
56 397
59 397
163 397
235 397
323 397
353 397
422 397
71 398
105 398
400 398
455 398
134 399
283 399
350 399
379 399
388 399
473 399
31 400
206 400
209 400
325 400
347 400
376 400
441 400
158 401
168 401
306 401
343 401
70 402
241 402
307 402
350 402
206 403
267 403
301 403
323 403
364 403
376 403
293 404
347 404
408 404
243 405
152 406
172 406
194 406
465 406
70 407
124 407
238 407
431 407
449 407
202 408
223 408
227 408
290 408
321 408
350 409
369 409
43 410
282 410
285 410
311 410
331 410
20 411
74 411
92 411
212 411
293 411
332 411
65 412
263 412
364 412
274 413
282 413
294 413
421 413
87 414
115 414
203 414
220 414
252 414
319 414
354 414
365 414
383 414
385 414
57 415
164 415
316 415
457 415
15 416
48 417
66 417
138 417
181 417
293 417
298 417
301 417
314 417
340 417
405 417
441 417
474 417
60 418
364 418
376 418
225 419
255 419
298 419
348 419
393 419
398 419
82 420
109 420
134 420
253 420
358 420
11 421
34 421
207 421
322 421
347 421
158 422
165 422
299 422
382 422
192 423
264 423
325 423
341 423
358 423
104 424
466 424
192 425
196 425
222 425
283 425
431 425
176 426
187 426
257 426
323 426
381 426
76 427
127 427
204 427
265 427
279 427
448 427
100 428
169 428
189 428
240 428
263 428
302 428
303 428
76 429
197 429
249 429
271 429
316 429
417 429
211 430
215 430
230 430
278 430
319 430
338 430
48 431
313 431
334 431
355 431
358 431
366 431
395 431
44 432
70 432
171 432
173 432
200 432
69 433
73 433
220 433
333 433
440 433
146 434
365 434
378 434
64 435
238 435
288 435
374 435
474 435
164 436
196 436
238 436
259 436
298 436
458 436
312 437
358 437
361 437
365 437
39 438
71 438
113 438
219 438
371 438
372 438
386 438
409 438
205 439
219 439
165 440
186 440
257 440
307 440
353 440
427 440
58 441
193 441
273 441
326 441
82 442
119 442
136 442
160 442
383 442
422 442
445 442
377 443
435 443
76 444
105 444
106 444
128 444
161 444
349 444
467 444
30 445
325 445
130 446
161 446
190 446
215 446
237 446
256 446
371 446
400 446
114 447
206 447
338 447
416 447
432 447
74 448
80 448
120 448
288 448
353 448
451 448
155 450
218 450
356 450
389 450
44 451
101 451
157 451
186 451
227 451
361 451
390 451
80 452
354 452
425 452
36 453
112 453
141 453
149 453
234 453
328 453
420 453
253 454
426 454
438 454
68 455
111 455
170 455
435 455
459 455
24 456
119 456
154 456
340 456
343 456
406 456
477 456
88 457
290 457
358 457
369 457
394 457
425 457
428 457
127 458
189 458
140 459
177 459
206 459
307 459
387 459
411 459
107 460
336 460
414 460
48 461
113 461
142 461
184 461
325 461
392 461
433 461
80 462
153 462
271 462
413 462
385 463
127 464
131 464
172 464
229 464
342 464
366 464
409 464
138 465
223 465
439 465
52 466
227 466
420 466
48 467
105 467
144 467
167 467
171 467
240 467
425 467
457 467
113 468
121 468
359 468
377 468
102 469
191 469
209 469
305 469
394 469
397 469
135 470
345 470
418 470
442 470
47 471
123 471
126 471
284 471
23 472
164 472
263 472
414 472
161 473
238 473
243 473
337 473
396 473
457 473
158 474
66 475
93 475
100 475
113 475
121 475
193 475
220 475
324 475
426 475
475 475
42 476
345 476
349 476
359 476
362 476
214 477
305 477
378 477
64 478
91 478
212 478
431 478
101 479
176 479
343 479
361 479
120 480
395 480
35 481
406 481
419 481
96 482
149 482
238 482
279 482
409 482
86 483
87 483
157 483
415 483
446 483
463 483
478 483
147 484
212 484
257 484
343 484
353 484
359 484
409 484
178 485
112 486
129 486
300 486
379 486
208 487
322 487
323 487
342 487
139 488
359 488
433 488
112 489
131 489
225 489
50 490
108 490
288 490
315 491
417 491
433 491
95 492
273 492
402 492
467 492
120 493
168 493
228 493
287 493
318 493
321 493
347 493
352 493
136 494
235 494
342 494
427 494
450 494
88 495
201 495
295 495
419 495
64 496
236 496
300 496
321 496
360 496
398 496
419 496
124 498
246 498
270 498
317 498
416 498
435 498
323 499
331 499
337 499
157 500
207 500
192 501
210 501
240 501
293 501
340 501
377 501
470 501
140 502
159 502
56 503
265 503
308 503
452 503
113 504
235 504
313 504
83 505
114 505
346 505
404 505
409 505
115 506
117 506
340 506
147 507
336 507
350 507
395 507
437 507
49 508
110 508
144 508
146 508
422 508
76 509
105 509
181 509
287 509
313 509
318 509
336 509
419 509
262 510
41 511
149 511
215 511
344 511
355 511
469 511
68 512
177 512
230 512
236 512
289 512
302 512
100 513
259 513
454 513
140 514
150 514
374 514
433 514
84 515
131 515
310 515
411 515
92 516
215 516
351 516
402 516
427 516
101 517
160 517
224 517
167 518
281 518
285 518
328 518
392 518
58 519
88 519
136 519
306 519
326 520
85 521
121 521
370 521
372 522
162 523
219 523
454 523
116 524
187 524
243 524
410 524
426 524
470 524
272 525
288 525
111 526
177 526
323 526
188 527
391 527
414 527
40 528
176 528
188 528
329 528
384 528
95 529
105 529
114 529
377 529
70 530
152 530
167 530
315 530
367 530
403 530
83 531
182 531
306 531
390 531
407 531
188 532
294 532
330 532
96 533
257 533
388 533
397 533
438 533
84 534
144 534
173 534
405 534
305 535
92 536
166 536
202 536
228 536
322 536
336 536
417 536
126 537
170 537
177 537
288 537
300 537
404 537
455 537
470 537
351 538
362 538
93 539
120 539
141 539
180 539
267 539
287 539
405 539
167 540
169 540
164 541
339 541
346 541
422 541
427 541
432 541
245 542
397 542
81 543
112 543
118 543
358 543
379 543
411 543
88 544
371 544
473 544
158 545
283 545
327 545
437 545
72 546
194 546
377 546
409 546
414 546
438 546
188 547
191 547
287 547
320 547
353 547
214 548
303 548
306 548
340 548
400 548
411 548
426 548
95 549
101 549
105 549
115 549
329 549
334 549
387 549
129 550
236 551
476 551
170 552
195 552
199 552
324 552
370 552
145 553
273 553
320 553
350 553
370 553
406 553
416 553
175 554
303 555
294 556
169 557
479 557
108 558
116 558
252 558
341 558
420 558
283 559
312 559
427 559
199 560
227 560
317 560
364 560
412 560
465 560
152 564
132 565
266 565
385 565
284 566
173 568
382 568
191 569
214 569
305 569
322 569
346 569
355 569
240 570
333 570
479 570
121 571
355 571
405 571
257 572
463 572
164 573
154 575
424 575
346 576
398 577
109 578
205 578
349 578
347 579
144 580
178 580
227 580
270 580
294 580
316 582
93 583
130 583
367 583
388 584
416 584
440 584
339 585
244 586
329 586
322 587
339 587
215 590
282 590
409 590
457 590
346 591
348 591
357 591
112 592
184 592
257 592
306 592
478 592
379 594
205 596
328 596
404 596
95 597
135 597
174 597
399 598
347 599
268 601
243 602
289 602
446 602
118 603
160 603
367 603
420 603
315 604
468 605
259 607
389 607
212 608
233 608
337 608
175 610
459 610
141 611
208 611
353 612
407 612
200 615
377 615
159 617
321 617
450 617
241 618
426 619
395 620
288 621
343 622
364 622
218 623
388 623
145 624
313 624
132 625
171 627
250 627
282 627
334 627
382 627
411 627
207 628
308 628
161 630
273 630
328 631
268 633
298 634
345 634
186 635
261 637
392 638
