156 142
141 143
175 143
195 145
205 146
215 147
233 151
254 153
157 155
140 156
109 157
122 157
179 157
197 157
276 157
291 159
213 162
227 162
308 164
243 165
255 166
327 168
162 169
126 170
146 170
188 170
269 170
174 171
108 173
285 173
207 175
354 175
88 176
225 176
76 177
306 177
253 180
376 183
277 184
181 185
130 186
152 186
162 186
110 187
196 187
209 187
339 187
96 189
354 189
229 190
245 192
253 192
76 193
307 194
59 195
277 196
45 197
327 198
380 198
165 199
178 199
191 200
125 201
145 201
164 201
248 201
263 201
340 201
103 202
135 202
161 202
189 202
195 202
202 202
218 202
245 202
335 202
169 203
257 203
398 203
234 204
303 204
349 204
278 205
84 206
245 206
250 206
98 207
103 207
136 208
412 208
30 209
69 209
158 209
262 209
361 209
102 211
252 211
277 211
84 212
117 212
17 213
81 213
266 214
269 214
296 214
48 215
142 215
182 215
206 215
377 215
154 216
197 216
217 216
310 216
171 217
424 217
10 218
89 218
128 218
138 218
148 218
242 219
94 220
109 220
333 220
434 220
104 221
109 221
250 221
32 222
394 222
92 223
121 224
348 224
274 225
406 226
116 227
293 227
268 228
447 228
73 229
365 229
17 230
92 230
107 230
197 230
213 230
453 230
137 231
144 231
163 231
312 231
54 232
139 232
180 232
229 232
419 232
89 233
156 233
265 233
136 234
146 234
379 234
125 235
153 235
186 235
243 235
42 236
116 236
252 236
338 237
242 238
252 238
273 238
102 239
165 239
170 239
244 239
256 239
394 239
83 240
99 240
266 240
131 241
168 241
172 241
435 241
26 242
90 242
196 242
166 243
287 243
358 243
14 244
189 245
309 245
143 246
212 246
176 247
230 247
408 247
72 248
158 248
372 248
126 249
54 250
139 250
168 250
324 250
245 251
123 252
144 252
45 253
123 253
453 253
124 254
156 254
264 254
422 254
122 255
147 255
149 255
157 256
185 256
285 256
346 256
107 257
187 257
195 257
392 257
25 258
124 258
140 258
89 259
154 259
215 259
169 260
186 260
227 261
77 262
247 262
305 262
435 262
8 263
179 263
368 263
463 263
146 264
129 266
408 266
39 267
262 267
345 267
324 268
107 269
137 269
142 269
191 269
27 270
60 270
445 270
165 271
179 271
199 271
356 271
217 272
283 272
90 273
171 273
190 273
201 273
145 274
157 274
193 274
367 274
388 274
12 275
172 275
184 275
190 275
422 275
478 275
148 276
237 276
75 277
248 277
302 277
346 278
116 279
132 279
136 279
454 279
330 281
402 281
424 281
92 282
266 282
315 282
98 283
270 283
403 283
405 283
88 284
433 284
105 285
244 285
248 285
332 285
462 285
26 286
188 286
204 286
370 286
92 287
154 287
410 287
61 288
89 288
225 288
286 288
322 288
100 289
105 289
134 289
412 289
413 289
86 290
186 290
243 290
245 290
162 291
179 291
254 291
269 291
273 291
307 291
100 292
113 292
183 292
247 292
14 293
90 293
258 293
338 293
349 293
100 294
171 294
323 294
434 294
438 294
106 295
119 295
423 295
449 295
185 296
271 296
476 296
6 297
113 297
171 297
392 297
404 297
41 298
106 298
111 298
196 298
272 298
347 298
120 299
174 299
217 299
417 299
91 300
268 300
294 300
335 300
371 300
159 301
330 301
346 301
360 301
117 302
144 302
253 302
271 302
324 302
407 302
78 303
110 303
256 303
328 303
28 304
231 304
310 305
331 305
349 305
353 305
438 305
70 306
128 306
339 306
413 306
270 307
464 307
17 308
185 308
107 309
424 310
55 311
176 311
187 311
204 311
266 311
274 311
292 311
340 311
422 311
195 312
219 312
357 312
368 312
393 312
448 312
106 313
159 313
175 313
237 313
336 313
7 314
250 314
427 314
92 315
96 315
257 315
263 315
306 315
428 315
472 315
270 316
411 316
40 317
79 317
349 317
140 318
172 318
408 318
479 318
28 319
245 319
253 319
344 319
117 320
276 320
408 320
121 321
155 321
214 321
284 321
322 321
68 322
119 322
384 322
394 322
104 323
185 323
199 323
228 323
295 323
298 323
115 324
169 324
355 324
438 324
384 325
57 326
116 326
123 326
247 326
414 326
420 326
460 326
21 327
81 327
101 327
128 327
152 327
284 327
433 327
57 328
307 328
351 328
417 328
75 329
79 329
135 329
138 329
154 329
265 329
342 329
367 329
131 330
145 330
104 331
401 331
433 331
42 332
44 332
84 332
328 332
378 332
380 333
411 333
6 334
50 334
78 334
327 334
350 334
451 334
83 335
214 335
227 335
293 335
432 335
472 335
31 336
44 336
178 336
200 336
238 336
68 337
85 337
114 337
370 337
395 337
436 337
42 338
157 338
165 338
358 338
254 339
296 339
350 339
369 339
103 340
111 340
121 340
322 340
78 341
108 341
271 341
310 341
393 341
476 341
22 342
61 342
148 342
303 342
345 342
354 342
74 343
101 343
373 343
50 344
210 344
81 345
135 345
389 345
51 346
87 346
199 346
290 346
92 347
104 347
123 347
187 347
226 347
239 347
292 347
294 347
349 347
354 347
449 347
155 348
173 348
288 348
426 348
53 349
86 349
339 349
359 349
372 349
376 349
35 350
158 350
343 350
357 350
382 350
407 350
412 350
429 350
82 351
110 351
161 351
256 351
332 351
70 352
373 352
62 353
69 353
79 353
147 353
304 353
375 353
430 353
295 354
125 355
207 355
271 355
314 355
349 355
358 355
396 355
418 355
435 355
334 356
401 356
41 357
54 357
65 357
82 357
96 357
141 357
147 357
195 357
228 357
282 357
312 357
421 357
422 357
467 357
142 358
306 358
388 358
398 358
79 359
120 359
151 359
174 359
407 359
19 360
54 360
124 360
126 360
245 360
349 360
358 360
367 360
444 360
197 361
336 361
252 362
300 362
404 362
43 363
87 363
115 363
154 363
475 363
97 364
192 364
212 364
190 365
222 365
265 365
368 365
374 365
439 365
453 365
67 366
203 366
222 366
265 366
312 366
5 367
97 367
105 367
191 367
367 367
141 368
363 368
194 369
274 369
283 369
387 369
420 369
28 370
78 370
190 370
201 370
321 370
354 370
161 371
170 371
438 371
124 372
220 372
276 372
94 373
46 374
152 374
207 374
385 374
435 374
210 375
224 375
229 375
239 375
332 375
362 375
424 375
86 376
161 376
402 376
16 377
69 377
181 377
195 377
304 377
374 377
394 377
411 377
102 378
341 378
261 379
429 379
36 380
82 380
95 380
115 380
277 380
436 380
470 380
104 381
280 381
135 382
163 382
92 383
316 383
372 383
388 383
2 384
54 384
212 384
348 384
367 384
371 384
177 385
218 385
236 385
405 385
416 385
476 386
75 387
224 387
403 387
408 387
449 387
21 388
147 388
206 388
119 389
218 389
388 389
397 389
87 390
97 390
110 390
259 390
278 390
329 390
398 390
453 390
62 391
168 391
181 391
217 391
267 391
297 391
357 391
364 391
424 391
38 392
172 392
383 392
457 392
106 393
244 393
370 393
136 394
166 394
265 394
435 394
337 395
461 395
164 396
212 396
398 396
413 396
46 397
227 397
311 397
366 397
10 398
150 398
216 398
343 398
376 398
189 399
205 399
228 399
245 399
282 399
408 399
437 399
27 400
66 400
124 400
177 400
224 400
263 400
83 401
165 401
170 401
199 401
222 401
290 401
466 401
161 402
167 402
235 402
114 403
144 403
221 403
351 403
141 404
165 404
255 404
325 404
376 404
414 404
415 404
440 404
82 405
97 405
118 405
133 405
241 405
268 407
356 407
421 407
85 408
146 408
446 408
181 409
202 409
207 409
413 409
419 409
425 409
11 410
99 410
124 410
194 410
333 410
435 410
438 410
477 410
48 411
151 411
182 411
251 411
427 411
24 412
71 412
124 412
362 412
192 413
217 413
428 413
116 414
165 414
169 414
291 414
368 414
455 414
103 415
206 415
38 417
85 417
117 417
223 417
306 417
417 417
230 418
237 418
410 418
59 419
136 419
147 419
181 419
233 419
249 419
401 419
430 419
108 420
114 420
156 420
205 420
15 421
171 421
193 421
379 421
135 422
219 422
227 422
229 422
349 422
159 423
190 423
239 423
271 423
408 423
93 424
96 424
174 424
432 424
50 425
182 425
217 425
316 425
408 425
169 426
187 426
198 426
202 426
215 426
227 426
466 426
121 427
125 427
24 428
198 428
423 428
68 429
163 429
230 429
287 429
384 429
419 429
428 430
93 431
161 431
167 431
212 431
442 431
85 432
134 432
217 432
357 432
206 433
406 433
472 433
14 434
37 434
60 434
237 434
330 434
112 435
209 435
229 435
292 435
416 435
433 435
165 436
182 436
192 436
216 436
448 436
97 437
255 437
393 437
422 437
91 438
111 438
129 438
362 438
401 438
99 439
147 439
161 439
28 440
114 440
167 440
263 440
68 441
301 441
370 441
454 441
74 442
84 442
218 442
348 442
4 443
54 443
68 443
110 443
174 443
270 443
341 443
479 443
120 444
143 444
394 444
108 445
216 445
237 445
344 445
56 446
120 446
325 446
85 447
86 447
205 447
264 447
369 447
18 448
35 448
63 448
119 448
123 448
347 448
431 448
75 449
100 449
109 449
163 449
406 449
135 450
208 450
282 450
315 450
389 450
68 451
129 451
184 451
250 451
355 451
378 451
462 451
65 452
86 452
201 452
261 452
271 452
367 452
205 453
239 453
386 453
6 454
112 454
155 454
159 454
221 454
43 455
227 455
242 455
255 455
356 455
410 455
59 456
116 456
294 456
440 456
66 457
104 457
174 457
264 457
76 458
152 458
233 458
361 458
231 459
347 459
415 459
92 460
153 460
249 460
267 460
351 460
23 461
189 461
216 461
279 461
330 461
388 461
470 461
145 462
42 463
201 463
251 463
321 463
102 464
104 464
132 464
355 464
366 464
84 465
109 465
123 465
143 466
326 466
134 467
163 467
207 467
213 467
273 467
310 467
339 467
349 467
34 468
50 468
51 468
97 468
137 468
149 468
237 468
341 468
449 468
15 469
100 469
204 469
395 469
397 469
29 470
65 470
68 470
81 470
85 470
249 470
269 470
277 470
363 470
58 471
138 471
152 471
204 471
236 471
10 472
182 472
207 472
246 472
272 472
367 472
372 472
158 473
227 473
234 473
344 473
382 473
401 473
427 473
80 474
117 474
229 474
82 475
90 475
121 475
134 475
154 475
318 475
325 475
88 476
95 476
292 476
116 477
176 477
270 477
372 477
102 478
133 478
199 478
234 478
353 478
24 479
58 479
61 479
376 479
459 479
108 480
219 480
159 481
288 481
291 481
300 481
320 481
324 481
379 481
414 481
155 482
242 482
430 482
47 483
51 483
150 483
245 483
38 484
80 484
99 484
101 484
117 484
171 484
278 484
52 485
128 485
152 485
18 486
60 486
72 486
122 486
192 486
218 486
298 486
331 486
45 487
142 487
273 487
358 487
412 487
74 488
110 488
153 488
160 488
259 488
292 488
437 488
442 488
468 488
218 489
237 489
390 489
90 490
141 490
403 490
54 491
61 491
265 491
308 491
316 491
48 492
135 492
256 492
276 492
439 492
59 493
166 493
282 493
76 494
284 494
340 494
71 495
74 495
128 495
186 495
220 495
240 495
269 495
281 495
368 495
56 496
104 496
202 496
241 496
253 496
425 496
11 497
68 497
261 498
306 498
318 498
422 498
7 499
86 499
144 499
44 500
90 500
224 500
261 500
266 500
280 500
310 500
428 500
27 501
73 501
78 501
155 501
290 501
374 501
397 501
95 502
104 502
165 502
265 502
266 502
271 502
318 502
460 502
101 503
203 503
245 503
282 504
309 504
311 504
412 504
38 505
77 505
224 505
257 505
285 505
305 505
41 506
57 506
141 506
293 506
350 506
377 506
415 506
2 507
74 507
45 508
53 508
84 508
89 508
137 508
324 508
41 509
144 509
186 509
355 509
403 509
432 509
434 509
292 510
295 510
121 511
383 511
34 512
46 512
71 512
79 512
97 512
257 512
284 512
330 512
17 513
62 513
120 513
152 513
300 513
410 513
413 513
84 514
124 514
165 514
252 514
285 514
298 514
437 514
208 515
312 515
143 516
278 516
280 516
316 516
334 516
386 516
423 516
479 516
71 517
97 517
99 517
244 517
307 517
413 517
264 518
285 518
424 518
431 518
81 519
82 519
165 519
363 519
419 519
448 519
50 520
108 520
146 520
187 520
284 520
31 521
233 521
256 521
124 522
309 522
198 523
284 523
10 524
262 524
312 524
200 525
315 525
344 525
398 525
427 525
463 525
45 526
188 526
212 526
96 528
143 528
165 528
53 529
172 530
240 530
351 530
358 530
360 530
375 530
3 531
58 531
382 531
66 532
184 532
242 532
265 532
322 532
353 532
126 533
246 533
351 533
305 534
26 535
41 535
96 535
273 535
347 535
446 535
171 536
298 536
310 536
325 537
353 537
250 538
296 538
383 538
393 538
412 538
194 539
398 539
182 540
368 540
218 541
97 542
161 542
349 542
355 542
36 543
465 543
66 544
78 544
333 544
392 544
423 544
172 545
194 545
251 545
371 545
174 546
393 546
50 547
149 547
278 547
328 547
366 547
376 547
22 548
187 548
282 548
165 549
255 549
400 550
119 551
131 551
187 551
277 551
284 551
309 551
437 551
290 552
8 554
203 554
230 554
251 554
272 554
309 554
445 554
34 555
165 555
344 555
356 555
252 556
291 556
373 556
410 556
194 557
279 557
377 557
453 557
95 558
319 558
381 558
152 559
179 559
308 559
461 559
168 560
235 560
257 560
352 560
49 561
64 561
267 561
298 561
370 561
35 562
98 562
183 562
211 562
390 562
112 563
121 563
141 563
260 563
467 563
207 564
241 564
246 564
247 564
346 564
389 564
19 565
96 565
202 565
327 565
344 565
381 565
430 565
85 566
348 566
350 566
134 567
145 567
217 567
372 567
399 567
128 568
275 568
362 568
396 568
211 569
253 569
354 569
400 569
79 570
104 570
155 570
189 570
222 570
236 570
33 571
146 571
160 571
257 571
274 571
375 571
109 572
370 572
49 573
66 573
153 573
213 573
223 573
262 573
130 574
249 574
388 574
458 574
281 575
370 575
16 576
166 576
374 576
127 577
194 577
241 577
314 577
343 577
129 578
222 578
250 578
415 578
84 579
152 579
320 579
135 580
204 580
370 580
380 580
83 581
131 581
221 581
372 581
424 581
256 582
321 582
324 583
345 583
97 584
114 584
202 584
209 584
434 584
112 585
265 585
355 585
386 585
93 586
141 586
224 586
296 586
346 586
237 587
303 587
395 587
441 587
53 588
87 588
151 588
160 588
229 588
351 588
25 589
115 589
270 589
106 590
183 590
207 590
363 590
371 590
447 590
93 591
109 591
277 591
334 591
369 591
152 592
326 592
374 592
459 592
71 593
159 593
343 593
6 594
96 594
100 594
142 594
217 594
408 594
244 595
371 595
40 596
81 596
133 596
156 596
165 596
247 596
259 596
282 596
362 596
367 596
143 597
251 597
272 597
141 598
217 598
268 598
377 598
392 598
113 599
234 599
78 600
144 600
193 600
214 600
226 600
253 600
322 600
152 601
290 601
352 601
430 602
386 603
203 607
16 608
134 608
306 608
451 608
178 609
107 610
269 610
400 610
465 610
86 611
230 611
344 611
66 613
313 614
7 615
354 616
30 617
169 617
281 617
423 617
116 618
50 619
194 619
75 621
97 621
121 621
373 621
441 621
248 622
130 623
149 623
335 624
462 625
22 626
302 626
154 627
387 627
58 628
231 628
265 628
8 630
85 630
133 630
401 630
41 631
188 631
109 632
352 632
161 633
414 633
213 635
281 635
322 635
163 637
373 637
424 637
433 637
144 638
289 638
458 639
