335 1
364 2
159 3
180 3
262 3
324 3
479 3
307 5
221 6
145 7
174 8
296 8
410 10
139 11
246 12
277 12
235 14
367 14
385 14
428 14
200 15
269 15
440 15
336 16
354 16
378 16
394 17
408 17
453 18
329 19
319 20
467 20
250 21
478 21
186 22
306 23
296 24
147 25
236 26
178 28
224 28
278 28
141 29
267 29
348 29
366 29
388 30
334 31
380 31
419 31
130 33
340 33
361 33
395 33
410 33
436 33
168 34
252 34
205 35
319 35
451 36
304 38
468 38
119 39
155 39
293 40
174 41
188 41
234 41
283 41
352 41
225 42
423 42
223 43
251 43
260 43
312 43
408 43
147 44
163 44
190 44
221 44
228 44
279 44
170 45
261 45
295 45
354 46
407 46
161 47
354 47
365 47
135 48
167 48
174 48
221 48
262 48
329 48
332 48
345 48
401 48
423 48
215 49
270 49
380 49
394 49
440 49
431 50
161 51
181 51
317 51
454 51
207 52
315 52
416 52
122 53
220 53
248 53
294 53
198 54
271 54
328 54
337 54
467 54
201 56
204 56
282 56
292 56
314 56
195 57
351 57
154 58
187 58
251 58
263 58
113 59
274 59
281 59
282 59
184 60
318 60
426 60
210 61
246 61
289 61
411 61
421 61
105 62
219 62
227 62
264 62
432 62
234 63
353 63
348 64
438 64
133 65
167 65
170 65
262 65
300 65
363 65
379 65
242 66
311 66
342 66
404 66
452 66
168 67
325 67
352 67
391 67
168 68
308 68
405 68
206 69
226 70
308 70
268 71
302 71
311 71
159 72
238 72
244 72
124 73
197 73
261 73
280 73
288 73
473 73
230 74
401 74
165 75
147 76
303 76
418 76
108 77
162 77
269 77
417 77
164 78
252 78
271 78
300 78
219 79
255 79
276 79
330 79
426 79
344 80
347 80
358 80
416 80
433 80
262 81
314 81
364 81
382 81
404 81
171 82
329 82
395 82
131 83
134 83
154 83
217 83
269 83
322 83
414 83
418 83
453 83
308 84
176 85
243 85
284 85
317 85
125 86
282 86
404 86
438 86
470 86
202 87
292 87
194 88
233 88
326 88
428 88
147 89
190 89
263 89
273 89
394 89
479 89
405 90
414 90
415 90
128 91
154 91
276 91
328 91
348 91
361 91
407 91
112 92
393 92
137 93
178 93
250 93
286 93
322 93
332 93
346 93
122 94
169 94
172 94
409 94
433 94
208 95
250 95
354 95
362 95
136 96
154 96
348 96
379 96
405 96
412 96
418 96
444 96
205 97
277 97
303 97
127 98
173 98
349 98
372 98
101 99
173 99
177 99
238 99
363 99
408 99
154 100
157 100
163 100
199 100
392 100
414 100
440 100
169 101
285 101
394 101
405 101
410 101
464 102
260 103
382 103
116 104
154 104
192 104
257 104
131 105
217 105
478 105
137 106
152 106
173 106
220 106
250 106
373 106
418 106
162 107
187 107
346 107
352 107
126 108
265 108
284 108
105 109
435 109
97 110
309 110
316 110
336 110
426 110
430 110
138 111
236 111
240 111
329 111
362 111
180 112
306 112
318 112
378 112
444 112
148 113
291 113
416 113
439 113
203 114
277 114
367 114
388 114
168 115
388 115
421 115
452 115
123 116
218 116
265 116
328 116
407 116
220 117
225 117
356 117
400 117
138 118
361 118
419 118
467 118
195 119
211 119
383 119
394 119
462 119
473 119
139 120
158 120
250 120
186 121
372 121
415 121
75 122
121 122
149 122
212 122
178 123
108 124
305 124
350 124
368 124
427 124
182 125
222 125
316 125
320 125
332 125
362 125
232 126
318 126
446 126
102 127
139 127
155 127
167 127
179 127
223 127
284 127
293 127
374 127
207 128
312 128
122 129
187 129
224 129
270 129
296 129
145 130
173 130
385 130
132 131
259 131
387 131
460 131
214 132
286 132
307 132
124 133
203 133
242 133
371 133
146 134
172 134
213 134
294 134
310 134
403 134
193 135
216 135
361 135
91 136
168 136
119 137
138 137
287 137
335 137
366 137
474 137
84 138
298 138
420 138
149 139
153 139
197 139
237 139
318 139
350 139
209 140
235 140
287 140
391 140
398 140
182 141
230 141
319 141
356 141
138 142
270 142
393 142
440 142
112 143
146 143
151 143
366 143
122 144
73 145
259 145
373 145
375 145
383 145
398 145
454 145
369 146
387 146
131 147
232 147
470 147
170 148
104 149
121 149
131 149
213 149
241 149
343 150
417 150
184 151
316 151
62 152
157 152
201 152
209 152
234 152
299 152
315 152
362 152
160 153
227 153
231 153
286 153
291 153
97 154
285 154
173 155
225 155
332 155
363 155
396 155
436 155
235 156
266 156
275 156
382 156
390 156
283 157
393 157
145 158
147 158
186 158
220 158
379 159
91 160
156 160
173 160
202 160
307 160
309 160
406 160
113 161
264 161
241 162
293 162
316 162
405 162
163 163
308 163
320 163
350 163
423 163
440 163
65 164
181 164
356 164
452 164
96 165
169 165
249 165
303 165
337 165
362 165
368 165
465 165
182 166
257 166
264 166
416 166
438 166
129 167
172 167
284 167
419 167
206 168
290 168
88 169
162 169
263 169
274 169
303 169
419 169
101 170
171 170
229 170
311 170
75 171
154 171
193 171
242 171
305 171
390 171
403 171
431 171
220 172
245 172
277 172
316 172
89 173
228 173
254 173
271 173
287 173
415 173
238 174
241 174
245 174
311 175
416 175
438 175
235 176
433 176
440 176
203 177
221 177
352 177
412 177
144 178
218 178
279 178
294 178
301 178
337 178
46 179
119 179
170 179
226 179
250 179
258 179
324 179
69 180
114 180
216 180
275 180
314 180
366 180
417 180
434 180
453 180
237 181
88 182
101 182
178 182
261 182
298 182
384 182
461 182
210 183
80 184
89 184
189 184
245 184
401 184
411 184
84 185
228 185
433 185
478 185
159 186
174 186
247 186
222 187
318 187
411 187
126 188
315 188
411 188
436 188
98 189
167 189
173 189
99 190
100 190
340 190
426 190
181 191
183 191
225 191
286 191
312 191
356 191
445 191
47 192
296 192
435 192
85 193
164 193
170 193
423 193
272 194
320 194
370 194
145 195
261 195
262 195
389 195
461 195
68 196
174 196
213 196
244 196
255 196
403 196
116 197
201 197
380 197
416 197
109 198
114 198
247 198
212 199
333 199
55 200
96 200
163 200
320 200
403 200
473 200
166 201
203 201
236 201
429 201
134 202
211 202
251 202
265 202
430 202
215 203
348 203
410 203
50 204
79 204
110 204
160 204
129 205
364 205
214 206
235 206
284 206
332 206
450 206
99 207
127 207
180 207
187 207
203 207
308 207
358 207
287 208
316 208
152 209
166 209
256 209
272 209
274 209
303 209
325 209
347 209
381 209
388 209
97 210
113 210
215 210
287 210
291 210
320 210
329 210
67 211
162 211
184 211
236 211
261 211
282 211
424 211
87 212
143 212
177 212
259 212
375 212
380 212
352 213
409 213
434 213
85 214
233 214
339 214
396 214
464 214
117 215
366 215
425 215
453 215
92 216
204 216
235 216
290 216
400 216
118 217
156 217
159 217
230 217
245 217
281 217
314 217
382 217
406 217
121 218
350 218
402 218
88 219
212 219
364 219
390 219
101 220
191 220
204 220
270 220
309 220
318 220
341 220
351 220
190 221
279 221
303 221
401 221
415 221
473 221
152 222
254 222
329 222
379 222
417 222
421 222
423 222
221 223
223 223
226 223
268 223
191 224
218 224
290 224
314 224
51 225
77 225
104 225
146 225
324 225
34 226
169 226
187 226
208 226
251 226
350 226
419 226
436 226
445 226
141 227
163 227
308 227
326 227
430 227
395 228
119 229
152 229
179 229
218 229
250 229
350 230
420 230
144 231
160 231
236 231
312 231
171 232
233 232
279 232
306 232
456 232
263 233
170 234
261 234
291 234
351 234
409 234
93 235
115 235
133 235
157 235
182 235
191 235
301 235
398 235
438 235
83 236
91 236
194 236
275 236
320 236
365 236
471 236
100 237
110 237
181 237
228 237
265 237
291 237
435 237
19 238
60 238
170 238
218 238
302 238
378 238
380 238
422 238
430 238
107 239
121 239
148 239
176 239
240 239
258 239
311 239
36 240
149 240
166 240
84 241
324 241
68 242
106 242
209 242
247 242
276 242
340 242
393 242
437 242
184 243
77 244
227 244
392 244
207 245
214 245
373 245
122 246
354 246
102 247
239 247
274 247
407 247
450 247
76 248
140 248
202 248
287 248
50 249
197 249
233 249
378 249
192 250
259 250
366 250
394 250
463 250
419 251
312 252
385 252
72 253
170 253
223 253
303 253
382 253
471 253
20 254
74 254
94 254
151 254
224 254
226 254
330 254
398 254
479 254
112 255
320 255
43 256
279 257
394 257
432 257
63 258
66 258
285 258
342 258
78 259
88 259
183 259
210 259
443 259
69 260
254 260
270 260
393 260
73 261
126 261
267 261
357 261
39 262
245 262
408 262
199 263
374 263
54 264
107 264
212 264
364 264
371 264
391 264
57 265
142 265
230 265
238 265
455 265
325 266
67 267
157 267
190 267
390 267
418 267
30 268
77 268
221 268
385 268
59 269
220 269
337 269
463 269
43 270
52 270
170 270
239 270
134 271
345 271
214 272
258 272
259 272
390 272
95 273
291 273
430 273
475 273
48 274
270 274
282 274
358 274
397 274
114 275
373 275
303 276
441 276
205 277
269 277
374 277
18 278
75 278
80 278
222 278
251 278
314 278
376 278
147 279
181 279
212 279
238 279
216 280
371 280
411 280
60 281
130 281
281 281
327 281
67 282
193 282
200 282
202 282
229 282
405 282
452 282
106 283
237 283
283 283
388 283
85 284
125 284
127 284
156 284
173 284
376 284
395 284
403 284
38 285
158 285
177 285
364 285
47 286
220 286
284 286
291 286
102 287
139 287
172 287
190 287
259 287
283 287
419 287
427 287
439 287
60 288
132 288
159 288
216 288
296 288
311 288
350 288
461 288
6 289
272 289
302 289
402 289
54 290
73 290
80 290
170 290
213 290
312 290
373 290
387 290
407 290
49 291
78 291
104 291
136 291
145 291
229 291
290 291
401 291
129 292
198 292
319 292
474 292
50 293
147 293
238 293
239 293
437 293
439 293
72 294
118 294
359 294
410 294
91 295
94 295
150 295
293 295
324 295
23 296
213 296
329 296
62 297
127 297
140 297
146 297
232 297
367 297
113 298
131 298
218 298
227 298
339 298
367 298
418 298
71 299
239 299
365 299
459 299
67 300
229 300
237 300
302 300
392 300
407 300
424 300
44 301
162 301
177 301
200 301
266 301
280 301
290 301
308 301
404 301
146 302
204 302
216 302
258 302
299 302
391 302
420 302
431 302
447 302
17 303
136 303
219 303
347 303
386 303
467 303
91 304
139 304
177 304
248 304
403 304
427 304
12 305
43 305
64 305
156 305
237 305
315 305
473 305
320 306
377 306
404 306
86 307
416 307
85 308
101 308
105 308
124 308
131 308
168 308
190 308
281 308
456 308
234 309
424 309
434 309
435 309
98 310
282 310
399 310
440 310
57 311
138 311
142 311
201 311
221 311
234 311
269 311
335 311
30 312
209 312
373 312
80 313
85 313
117 313
361 313
365 313
369 313
122 314
136 314
213 314
290 314
416 314
109 315
152 315
312 315
390 315
426 315
444 315
176 316
184 316
193 316
317 316
319 316
370 316
402 316
413 316
77 317
85 317
117 317
238 317
250 317
346 317
21 318
203 318
221 318
260 318
415 318
468 318
49 319
83 319
143 319
162 319
218 319
228 319
300 319
403 319
76 320
327 320
150 321
426 321
45 322
194 322
353 322
379 322
412 322
478 322
62 323
239 323
309 323
440 323
215 324
273 324
431 324
452 324
52 325
95 325
433 325
132 326
161 326
176 326
278 326
333 326
52 327
234 327
361 327
394 327
413 328
414 328
464 328
111 329
144 329
206 329
297 329
88 330
204 330
246 330
405 330
440 330
193 331
196 331
212 331
253 331
340 331
366 331
383 331
432 331
65 332
170 332
35 333
231 333
253 333
405 333
421 333
426 333
3 334
127 334
474 334
48 335
173 335
179 335
226 335
265 335
345 335
434 335
436 335
82 336
208 336
302 336
321 336
450 336
370 337
65 338
172 338
184 338
105 339
154 339
240 339
138 340
200 340
210 340
259 340
265 340
391 340
418 340
459 340
58 341
79 341
119 341
189 341
202 341
212 341
218 341
265 341
348 341
429 341
24 342
64 342
231 342
273 342
411 342
52 343
169 343
209 343
225 343
271 343
307 344
424 344
439 344
63 345
99 345
252 345
375 345
466 345
257 346
431 346
446 346
45 347
55 347
187 347
261 347
400 347
176 348
210 348
291 348
414 348
213 349
264 349
359 349
475 349
44 350
68 350
114 350
197 350
248 350
327 350
452 350
15 351
94 351
170 351
201 351
203 351
228 351
311 351
419 351
69 352
155 352
189 352
237 352
60 353
182 353
220 353
342 353
379 353
419 353
128 354
170 354
171 354
184 354
205 354
393 354
189 355
196 355
274 355
408 355
439 355
51 356
179 356
204 356
240 356
425 356
460 356
5 357
34 357
141 357
265 357
272 357
327 357
479 357
364 358
106 359
227 359
272 359
346 359
171 360
261 360
113 361
466 361
140 362
446 362
102 363
310 363
329 363
345 363
82 364
170 364
211 364
238 364
382 364
417 364
46 365
123 365
154 365
23 366
244 366
335 366
401 366
194 367
271 367
368 367
470 367
103 368
141 368
349 368
432 368
452 368
234 369
327 369
348 369
93 370
329 370
95 371
159 371
226 371
267 371
289 371
329 371
97 372
118 372
137 372
205 372
211 372
422 372
304 373
370 373
387 373
454 373
11 374
104 374
263 374
330 374
337 374
77 375
93 375
323 375
356 375
56 376
375 376
34 377
287 377
7 378
113 378
460 378
131 379
173 379
183 379
254 379
262 379
365 379
443 379
479 379
155 380
207 380
51 381
73 381
132 381
321 382
425 382
89 383
243 383
91 384
189 384
281 384
301 384
379 385
69 386
101 386
230 386
395 386
87 387
92 387
198 387
345 387
448 387
466 387
96 388
105 388
141 388
310 388
106 389
262 389
41 390
121 390
122 390
209 390
366 390
378 390
163 391
349 391
412 391
14 393
128 393
344 393
450 393
472 393
93 394
346 394
34 395
139 395
247 395
290 395
58 396
80 396
81 396
176 396
345 396
237 397
305 398
321 398
123 399
220 399
98 400
115 400
146 400
149 400
193 400
200 400
331 400
344 400
50 401
73 401
154 401
263 401
380 401
419 401
207 402
282 402
322 402
338 402
363 402
478 402
89 403
145 403
156 403
214 403
276 403
430 403
458 403
3 404
74 404
119 404
199 404
44 405
136 405
270 405
438 405
22 406
59 406
62 406
159 406
188 406
90 407
167 407
231 407
293 407
408 407
87 408
128 408
174 409
243 409
272 409
363 409
16 410
98 410
449 410
465 410
36 411
206 411
246 411
287 411
410 411
422 411
172 412
177 412
258 412
342 412
50 413
77 413
189 413
118 414
156 414
200 414
237 414
260 414
276 414
362 414
439 414
77 415
104 415
142 415
221 415
279 415
314 415
328 415
7 416
41 416
233 416
266 416
53 417
70 417
120 417
154 417
187 417
407 417
28 418
111 418
116 418
148 418
426 418
429 418
221 419
259 419
73 420
128 420
188 420
259 420
375 420
250 421
394 421
75 422
113 422
159 422
207 422
215 422
321 422
357 422
424 422
472 422
123 423
172 423
195 423
236 423
335 423
87 424
92 424
174 424
199 424
202 424
58 425
185 425
204 425
425 425
438 425
18 426
48 426
75 426
87 426
127 426
209 426
243 426
370 426
437 426
194 427
13 428
87 428
112 428
153 428
205 428
405 428
407 428
426 428
457 428
73 429
230 429
391 429
105 430
250 430
310 430
7 431
67 431
116 431
204 431
294 431
40 432
137 432
148 432
173 432
207 432
138 433
210 433
263 433
422 433
426 433
74 434
431 434
437 434
87 435
278 435
445 435
48 436
66 436
210 436
217 436
235 436
96 437
100 437
161 437
238 437
308 437
430 437
101 438
158 438
175 438
185 438
193 438
246 438
251 438
282 438
339 438
151 439
331 439
412 439
31 440
96 440
385 441
468 441
103 442
116 442
160 442
239 442
297 442
325 442
360 442
366 442
380 442
398 442
126 443
238 443
156 444
307 444
333 444
44 445
61 445
266 445
421 445
317 446
351 446
356 446
380 446
41 447
137 447
223 447
234 447
47 448
61 448
366 448
377 448
80 449
203 449
205 449
286 449
400 449
68 450
149 450
162 450
225 450
255 450
291 450
322 450
436 450
312 451
380 451
396 451
451 451
460 451
47 452
75 452
94 452
135 452
172 452
227 452
278 452
307 452
320 452
86 453
102 453
103 453
190 453
240 453
384 453
417 453
429 453
110 454
299 454
304 454
312 454
317 454
325 454
348 454
368 454
388 454
413 454
46 455
54 455
65 455
82 455
341 455
358 455
436 455
55 456
86 456
271 456
337 456
48 457
204 457
342 457
467 457
124 458
129 458
207 458
344 458
353 458
399 458
39 459
137 459
227 459
228 459
261 459
285 459
288 459
307 459
370 459
390 459
396 459
27 460
87 460
295 460
341 460
433 460
92 461
316 461
409 461
474 461
95 462
206 462
216 462
221 462
327 462
356 462
18 463
68 463
205 463
223 463
351 463
376 463
449 463
123 464
228 464
335 464
383 464
429 464
6 465
84 465
111 465
179 465
281 465
310 465
330 465
397 465
84 466
128 466
152 466
190 466
217 466
244 466
350 466
427 466
430 466
63 467
201 467
308 467
355 467
358 467
379 467
74 468
91 468
125 468
222 468
308 468
402 468
425 468
100 469
283 469
330 469
435 469
443 469
52 470
61 470
77 470
234 470
422 470
107 471
122 471
145 471
156 471
365 471
405 471
116 472
268 472
295 472
101 473
233 473
284 473
302 473
415 473
425 473
455 473
469 473
137 474
372 474
388 474
77 475
105 475
210 475
320 475
344 475
345 475
140 476
153 476
220 476
288 476
311 476
383 476
389 476
419 476
24 477
54 477
83 477
256 477
345 477
14 478
44 478
169 478
180 478
190 478
413 478
133 479
201 479
249 479
280 479
290 479
431 479
62 480
109 480
294 480
461 480
74 481
151 481
186 481
202 481
333 481
7 482
67 482
107 482
350 482
420 482
97 483
193 483
198 483
203 483
319 483
440 483
124 484
210 484
447 484
95 485
188 485
303 485
317 485
106 486
150 486
172 486
260 486
123 487
156 487
162 487
231 487
234 487
112 488
117 488
141 488
192 488
275 488
398 488
292 489
351 489
360 489
370 489
16 490
115 490
133 490
138 490
170 490
218 490
219 490
285 490
314 490
324 490
346 490
420 490
476 490
38 491
52 491
167 491
193 491
281 491
340 491
394 491
86 492
174 492
207 492
292 492
342 492
106 493
117 493
141 493
182 493
247 493
407 493
421 493
463 493
64 494
162 494
232 494
280 494
299 494
342 494
381 494
70 495
119 495
181 495
197 495
199 495
313 495
362 495
91 496
139 496
295 496
89 497
100 497
120 497
178 497
190 497
220 497
228 497
288 497
323 497
384 497
95 498
165 498
214 498
232 498
238 498
269 498
304 498
361 498
436 498
446 498
127 499
131 499
133 499
297 499
308 499
329 499
406 499
415 499
96 500
151 500
211 500
347 500
388 500
88 501
155 501
162 501
181 501
352 501
366 501
379 501
404 501
433 501
105 502
161 502
171 502
262 502
361 502
381 502
92 503
117 503
193 503
319 503
416 503
132 504
177 504
241 504
276 504
287 504
290 504
292 504
468 504
22 505
189 505
305 505
372 505
423 505
36 506
85 506
199 506
239 506
249 506
253 506
269 506
392 506
408 506
51 507
57 507
313 507
30 508
199 508
317 508
413 508
67 509
108 509
144 509
228 509
321 509
327 509
332 509
419 509
130 510
276 510
345 510
77 511
167 511
188 511
273 511
303 511
361 511
397 511
161 512
440 512
458 512
476 512
98 513
129 513
154 513
266 513
326 513
112 514
139 514
151 514
185 514
368 514
397 514
108 515
131 515
160 515
254 515
321 515
346 515
357 515
105 516
116 516
318 516
432 516
92 517
198 517
365 517
371 517
128 518
145 518
184 518
192 518
344 518
354 518
396 518
426 518
198 519
226 519
243 519
296 519
332 519
378 519
392 519
139 520
144 520
190 520
207 520
246 520
315 520
338 520
362 520
369 520
394 520
180 521
413 521
417 521
431 521
147 522
218 522
391 522
39 523
153 523
301 523
383 523
403 523
433 523
461 523
52 524
64 524
116 524
362 524
450 524
73 525
120 525
163 525
182 525
390 525
403 525
445 525
180 526
350 526
369 526
393 526
81 527
108 527
170 527
364 527
432 527
136 528
162 528
268 528
81 529
188 529
338 529
422 529
436 529
89 530
110 530
117 530
220 530
221 530
230 530
281 530
317 530
373 530
389 530
430 530
89 531
100 531
197 531
213 531
214 531
324 531
414 531
158 532
97 533
108 533
366 533
89 534
131 534
138 534
143 534
151 534
206 534
115 535
188 535
224 536
467 536
101 537
166 537
414 537
414 538
424 538
432 538
439 538
450 538
83 539
198 539
346 539
32 540
189 540
233 540
240 540
251 540
45 541
73 541
84 541
171 541
178 541
186 541
261 541
274 541
402 541
57 542
92 542
189 542
383 543
391 543
104 544
133 544
150 544
174 544
219 544
377 544
186 545
197 545
373 545
387 545
88 546
136 546
326 546
116 547
191 547
200 547
228 547
316 547
409 547
475 547
439 548
466 548
297 549
345 549
351 549
359 549
457 549
106 550
131 550
145 550
307 550
362 550
376 550
133 551
277 551
289 551
411 551
413 551
439 551
448 551
162 552
215 552
225 552
242 552
424 552
158 553
172 553
211 553
256 553
383 553
140 554
183 554
189 554
267 554
394 554
422 554
181 555
171 556
197 556
41 557
108 557
128 557
231 557
377 557
470 557
58 558
82 558
105 558
111 558
208 558
75 559
86 559
368 559
454 559
95 560
165 560
201 560
357 560
366 560
109 561
278 561
342 561
103 562
209 562
276 562
395 562
123 563
138 563
162 563
211 563
286 563
294 563
325 563
345 563
355 563
374 563
131 564
157 564
264 564
280 564
310 564
197 565
206 565
231 565
254 565
184 566
250 566
217 567
267 567
277 567
395 567
434 567
180 568
246 568
261 568
344 568
370 568
382 568
422 568
447 568
171 569
191 569
372 569
464 569
280 570
333 570
341 570
362 570
166 571
161 572
352 572
203 574
272 574
295 574
333 574
336 574
337 574
48 575
69 575
123 575
286 575
373 575
80 576
110 576
254 576
277 576
349 576
310 577
330 577
378 577
387 577
193 578
249 578
356 578
367 578
136 579
165 579
197 579
334 579
398 579
169 580
211 580
219 580
367 580
151 581
180 581
183 581
341 581
471 581
197 582
227 582
238 582
428 582
255 583
375 583
441 583
454 583
176 584
222 584
234 584
264 584
272 586
338 586
348 586
285 587
196 588
298 588
309 588
70 589
344 589
319 590
85 591
245 591
339 591
380 591
105 592
119 592
326 592
386 592
129 593
150 593
185 593
261 593
188 594
201 594
159 595
203 595
277 595
363 595
377 595
402 595
168 596
175 596
220 596
228 596
351 596
463 596
250 597
381 597
417 597
434 597
237 598
241 598
244 598
362 598
452 598
166 599
170 599
261 599
396 599
336 600
278 603
298 603
85 605
98 605
330 605
128 607
373 607
114 608
347 608
152 609
386 609
161 610
419 610
186 611
220 611
233 611
195 612
208 612
245 612
410 612
267 615
277 618
285 619
301 620
313 621
350 621
338 622
146 623
375 623
137 624
216 624
231 624
238 624
169 625
186 627
260 627
273 630
204 634
233 636
357 636
302 637
317 639
